https://cqpweb.lancs.ac.uk/eebov3/concordance.php?pp=1&theData=%7Bwhore%2FN%7D&qmode=sq_nocase&del=begin%26t%3D-%7Cyear%7E1601%26t%3D-%7Cyear%7E1602%26t%3D-%7Cyear%7E1603%26t%3D-%7Cyear%7E1604%26t%3D-%7Cyear%7E1605%26t%3D-%7Cyear%7E1606%26t%3D-%7Cyear%7E1607%26t%3D-%7Cyear%7E1608%26t%3D-%7Cyear%7E1609%26t%3D-%7Cyear%7E1610&del=end&uT=yThere are 2,135 different words in your collocation database for "[lemma="(whore)_SUBST"%c]". (Your query "{whore/N}", restricted to texts meeting criteria "<em>year</em>: <em>1601</em> or <em>1602</em> or <em>1603</em> or <em>1604</em> or <em>1605</em> or <em>1606</em> or <em>1607</em> or <em>1608</em> or <em>1609</em> or <em>1610</em>",  returned 1,192 matches in 294 different texts)  
__________________

No.	Word	Total no. in whole corpus	Expected collocate frequency	Observed collocate frequency	In no. of texts	Mutual information value

1	Strumpett	8	0	2	2	14.288
2	dedle	6	0	2	1	14.288
3	brodell	12	0	1	1	13.288
4	huir	7	0	1	1	13.288
5	Mezell	13	0	1	1	13.288
6	Padars	6	0	1	1	13.288
7	swoundes	7	0	1	1	13.288
8	randy	6	0	1	1	13.288
9	Bablyon	6	0	1	1	13.288
10	Baylon	15	0	1	1	13.288
11	dewell	14	0	1	1	13.288
12	Turnbull-street	15	0	1	1	13.288
13	runke	8	0	1	1	13.288
14	sniueling	11	0	1	1	13.288
15	skerry	15	0	1	1	13.288
16	estreme	7	0	1	1	13.288
17	Shpheards	6	0	1	1	13.288
18	frsake	7	0	1	1	13.288
19	successon	13	0	1	1	13.288
20	panderly	13	0	1	1	13.288
21	plaisure	6	0	1	1	13.288
22	make-shift	15	0	1	1	13.288
23	haunt'st	9	0	1	1	13.288
24	runk	13	0	1	1	13.288
25	wil-worships	14	0	1	1	13.288
26	Bobylon	7	0	1	1	13.288
27	seauen-headed	11	0	1	1	13.288
28	plude	9	0	1	1	13.288
29	Empoysoner	14	0	1	1	13.288
30	Serberus	6	0	1	1	13.288
31	cunnin	8	0	1	1	13.288
32	blaspheamously	11	0	1	1	13.288
33	ale-house-haunter	7	0	1	1	13.288
34	permane	14	0	1	1	13.288
35	rose-coloured	26	0	2	1	12.703
36	Babilons	136	0.001	7	6	12.395
37	Quintum.	25	0	1	1	12.288
38	mulieris.	19	0	1	1	12.288
39	coulered	41	0	2	1	12.288
40	Suppositarie	22	0	1	1	12.288
41	weekelie	20	0	1	1	12.288
42	daned	16	0	1	1	12.288
43	peregr.	22	0	1	1	12.288
44	madidos	23	0	1	1	12.288
45	hackster	40	0	2	1	12.288
46	Pellices	23	0	1	1	12.288
47	federacie	22	0	1	1	12.288
48	gtten	18	0	1	1	12.288
49	Youl'	22	0	1	1	12.288
50	Kiges	23	0	1	1	12.288
51	iudicijs.	25	0	1	1	12.288
52	45000.	17	0	1	1	12.288
53	Slud	21	0	1	1	12.288
54	Fleire	52	0.001	2	1	11.966
55	aperne	26	0	1	1	11.703
56	exlent	34	0	1	1	11.703
57	maisterfull	34	0	1	1	11.703
58	purple-coloured	28	0	1	1	11.703
59	fithy	27	0	1	1	11.703
60	Anai	30	0	1	1	11.703
61	Burdello	27	0	1	1	11.703
62	aisse	30	0	1	1	11.703
63	feing	27	0	1	1	11.703
64	strumpettes	35	0	1	1	11.703
65	incentius	33	0	1	1	11.703
66	Lupae	33	0	1	1	11.703
67	mising	26	0	1	1	11.703
68	disases	34	0	1	1	11.703
69	Apocalyp.	145	0.001	4	2	11.48
70	Selene	73	0.001	2	2	11.48
71	puncke	73	0.001	2	1	11.48
72	wheer	41	0	1	1	11.288
73	gong	44	0	1	1	11.288
74	Dekker	41	0	1	1	11.288
75	Puncks	37	0	1	1	11.288
76	pope-holy	43	0	1	1	11.288
77	arant	43	0	1	1	11.288
78	bordell	79	0.001	2	2	11.288
79	esily	48	0.001	1	1	10.966
80	S'hart	52	0.001	1	1	10.966
81	Ansbertus	47	0.001	1	1	10.966
82	Apocalips.	48	0.001	1	1	10.966
83	bannings	51	0.001	1	1	10.966
84	Madianite	47	0.001	1	1	10.966
85	Sisse	54	0.001	1	1	10.966
86	plaing	46	0.001	1	1	10.966
87	Babyl	270	0.003	5	4	10.855
88	petter	108	0.001	2	1	10.828
89	bavin	65	0.001	1	1	10.703
90	counterset	62	0.001	1	1	10.703
91	Barrowists	59	0.001	1	1	10.703
92	ealous	61	0.001	1	1	10.703
93	Pandors	62	0.001	1	1	10.703
94	buggerer	62	0.001	1	1	10.703
95	baggages	131	0.001	2	1	10.587
96	Th'appointed	73	0.001	1	1	10.48
97	buggerie	67	0.001	1	1	10.48
98	catil.	69	0.001	1	1	10.48
99	hugger-mugger	73	0.001	1	1	10.48
100	yeerelie	68	0.001	1	1	10.48
101	Babylons	987	0.01	13	6	10.373
102	cullers	76	0.001	1	1	10.288
103	boozing	83	0.001	1	1	10.288
104	siteth	85	0.001	1	1	10.288
105	sered	78	0.001	1	1	10.288
106	fino	91	0.001	1	1	10.118
107	saes	92	0.001	1	1	10.118
108	Massepriests	86	0.001	1	1	10.118
109	wel-willers	90	0.001	1	1	10.118
110	ill-fauoured	95	0.001	1	1	10.118
111	aureas	95	0.001	1	1	10.118
112	scullery	86	0.001	1	1	10.118
113	PRIMVS	93	0.001	1	1	10.118
114	Geneura	88	0.001	1	1	10.118
115	thalamos	100	0.001	1	1	9.966
116	Pursn	98	0.001	1	1	9.966
117	VVhores	100	0.001	1	1	9.966
118	Sthenelus	96	0.001	1	1	9.966
119	Canckred	98	0.001	1	1	9.966
120	opprobrie	115	0.001	1	1	9.828
121	Ballio	113	0.001	1	1	9.828
122	uae	113	0.001	1	1	9.828
123	Marozia	115	0.001	1	1	9.828
124	Panders	464	0.005	4	3	9.764
125	sayre	123	0.001	1	1	9.703
126	punck	117	0.001	1	1	9.703
127	Vlis	125	0.001	1	1	9.703
128	17.16.	255	0.003	2	2	9.644
129	vildest	131	0.001	1	1	9.587
130	atis.	130	0.001	1	1	9.587
131	Circean	135	0.001	1	1	9.587
132	likt	135	0.001	1	1	9.587
133	thed	132	0.001	1	1	9.587
134	eitheir	127	0.001	1	1	9.587
135	Roderike	133	0.001	1	1	9.587
136	dicer	142	0.001	1	1	9.48
137	Babil	279	0.003	2	2	9.48
138	mugger	142	0.001	1	1	9.48
139	bawdery	144	0.001	1	1	9.48
140	buggerers	139	0.001	1	1	9.48
141	sordide	146	0.001	1	1	9.48
142	hugger	141	0.001	1	1	9.48
143	Histriones	138	0.001	1	1	9.48
144	fornications	1721	0.017	12	6	9.455
145	Babilon	5325	0.053	37	26	9.453
146	Bue	150	0.002	1	1	9.381
147	pandars	149	0.002	1	1	9.381
148	sevennight	154	0.002	1	1	9.381
149	Lausanna	154	0.002	1	1	9.381
150	arrant	1596	0.016	10	9	9.306
151	Niem	160	0.002	1	1	9.288
152	witche	162	0.002	1	1	9.288
153	17.4.	323	0.003	2	2	9.288
154	contributary	166	0.002	1	1	9.288
155	approbatione	168	0.002	1	1	9.2
156	yare	338	0.003	2	1	9.2
157	Gond	175	0.002	1	1	9.2
158	ounds	171	0.002	1	1	9.2
159	Ede	538	0.005	3	1	9.145
160	bloodthirsty	180	0.002	1	1	9.118
161	forheads	179	0.002	1	1	9.118
162	Acca	183	0.002	1	1	9.118
163	Pree	182	0.002	1	1	9.118
164	Puritanicall	191	0.002	1	1	9.04
165	Apocal	191	0.002	1	1	9.04
166	963	193	0.002	1	1	9.04
167	nick-named	196	0.002	1	1	9.04
168	merce	201	0.002	1	1	8.966
169	purpled	209	0.002	1	1	8.895
170	mongers	208	0.002	1	1	8.895
171	clips	211	0.002	1	1	8.895
172	Babylon	38888	0.386	182	52	8.883
173	Ilf	430	0.004	2	1	8.861
174	foeminine	226	0.002	1	1	8.828
175	adulterio	230	0.002	1	1	8.764
176	Wolfish	230	0.002	1	1	8.764
177	strumpet	3285	0.033	14	14	8.746
178	stews	2587	0.026	11	5	8.742
179	Agrip.	243	0.002	1	1	8.703
180	nick-names	242	0.002	1	1	8.703
181	drabs	244	0.002	1	1	8.703
182	Grauesend	248	0.003	1	1	8.644
183	noone-day	249	0.003	1	1	8.644
184	queans	255	0.003	1	1	8.644
185	Gentle-woman	254	0.003	1	1	8.644
186	23.27	248	0.003	1	1	8.644
187	faythlesse	263	0.003	1	1	8.587
188	drab	524	0.005	2	2	8.587
189	fale	263	0.003	1	1	8.587
190	Coronas	265	0.003	1	1	8.587
191	Innkeeper	262	0.003	1	1	8.587
192	shauelings	260	0.003	1	1	8.587
193	Pander	805	0.008	3	3	8.551
194	citato.	269	0.003	1	1	8.533
195	Babylone	276	0.003	1	1	8.533
196	abhore	271	0.003	1	1	8.533
197	subtler	285	0.003	1	1	8.48
198	overworn	297	0.003	1	1	8.43
199	fornicati	293	0.003	1	1	8.43
200	haie	303	0.003	1	1	8.381
201	Scolds	299	0.003	1	1	8.381
202	abuser	302	0.003	1	1	8.381
203	Lecher	616	0.006	2	2	8.357
204	Laz	311	0.003	1	1	8.334
205	sated	311	0.003	1	1	8.334
206	Wisbich	316	0.003	1	1	8.334
207	VVhore	326	0.003	1	1	8.288
208	annates	336	0.003	1	1	8.243
209	harlotry	335	0.003	1	1	8.243
210	whoremaster	337	0.003	1	1	8.243
211	vncleanesse	345	0.003	1	1	8.2
212	Oli	338	0.003	1	1	8.2
213	ACTVS	338	0.003	1	1	8.2
214	701	350	0.004	1	1	8.158
215	Kni	350	0.004	1	1	8.158
216	Lactant	358	0.004	1	1	8.158
217	Ganimede	349	0.004	1	1	8.158
218	sheele	357	0.004	1	1	8.158
219	censureth	361	0.004	1	1	8.118
220	Iuppiter	364	0.004	1	1	8.118
221	bawds	1844	0.018	5	4	8.094
222	besot	372	0.004	1	1	8.078
223	675	388	0.004	1	1	8.04
224	Baud	767	0.008	2	2	8.04
225	Sophy	771	0.008	2	2	8.04
226	Sabboths	392	0.004	1	1	8.002
227	Salust.	395	0.004	1	1	8.002
228	cut-throat	392	0.004	1	1	8.002
229	naue	401	0.004	1	1	7.966
230	courtesans	1216	0.012	3	3	7.954
231	Doncaster	418	0.004	1	1	7.93
232	Ganymede	424	0.004	1	1	7.895
233	323.	419	0.004	1	1	7.895
234	Roane	421	0.004	1	1	7.895
235	bedecked	435	0.004	1	1	7.861
236	ither	440	0.004	1	1	7.828
237	Cyp	449	0.005	1	1	7.796
238	15.10.	453	0.005	1	1	7.796
239	Theodora	1369	0.014	3	1	7.785
240	Apoc	918	0.009	2	2	7.78
241	Tib	942	0.009	2	1	7.749
242	Dall	479	0.005	1	1	7.733
243	al'	479	0.005	1	1	7.733
244	harlots	5276	0.052	11	8	7.716
245	Electra	486	0.005	1	1	7.703
246	Marcella	488	0.005	1	1	7.703
247	serving-men	493	0.005	1	1	7.673
248	practiser	504	0.005	1	1	7.644
249	Curi	502	0.005	1	1	7.644
250	bereaving	503	0.005	1	1	7.644
251	vniuersality	511	0.005	1	1	7.615
252	Quic	517	0.005	1	1	7.615
253	domes	510	0.005	1	1	7.615
254	Faemina	515	0.005	1	1	7.615
255	Dol	1048	0.01	2	1	7.587
256	Benno	531	0.005	1	1	7.56
257	laud.	534	0.005	1	1	7.56
258	chalked	530	0.005	1	1	7.56
259	Tinkers	545	0.005	1	1	7.533
260	fiddlers	1087	0.011	2	2	7.533
261	Enchanters	544	0.005	1	1	7.533
262	courtesan	1103	0.011	2	2	7.52
263	dome	3321	0.033	6	4	7.511
264	Shameless	6711	0.067	12	10	7.495
265	Apocalypse	3947	0.039	7	6	7.484
266	Madonna	571	0.006	1	1	7.455
267	alls	577	0.006	1	1	7.455
268	strumpets	1159	0.012	2	2	7.442
269	17.5.	581	0.006	1	1	7.43
270	pollutes	588	0.006	1	1	7.43
271	whore	20634	0.205	35	12	7.418
272	quaerunt	592	0.006	1	1	7.405
273	Sist	594	0.006	1	1	7.405
274	Theodoric	591	0.006	1	1	7.405
275	scolding	1186	0.012	2	1	7.405
276	decoct	1196	0.012	2	1	7.393
277	ve.	603	0.006	1	1	7.381
278	purple	18224	0.181	30	15	7.375
279	scarlet	9179	0.091	15	14	7.365
280	hound	2485	0.025	4	3	7.345
281	Apocalips	623	0.006	1	1	7.334
282	alack	1260	0.013	2	2	7.322
283	Apocal.	1266	0.013	2	2	7.31
284	Antichrist.	637	0.006	1	1	7.31
285	17.2	642	0.006	1	1	7.288
286	knaves	5254	0.052	8	7	7.263
287	ruffians	1326	0.013	2	2	7.254
288	bastards	3979	0.04	6	5	7.247
289	luke-warme	664	0.007	1	1	7.243
290	ruffle	669	0.007	1	1	7.243
291	soldiars	672	0.007	1	1	7.222
292	concubine	3397	0.034	5	5	7.213
293	besprinkled	683	0.007	1	1	7.2
294	droves	682	0.007	1	1	7.2
295	victualling	695	0.007	1	1	7.179
296	SCAENA	695	0.007	1	1	7.179
297	varlets	709	0.007	1	1	7.158
298	quaff	710	0.007	1	1	7.158
299	Wooers	705	0.007	1	1	7.158
300	licentiously	713	0.007	1	1	7.138
301	bawd	2878	0.029	4	4	7.133
302	18.20	725	0.007	1	1	7.118
303	rioting	728	0.007	1	1	7.118
304	Jesters	728	0.007	1	1	7.118
305	Babylonish	2911	0.029	4	3	7.113
306	nr	733	0.007	1	1	7.098
307	malapert	737	0.007	1	1	7.098
308	ruffian	735	0.007	1	1	7.098
309	Martia	752	0.008	1	1	7.059
310	occupying	791	0.008	1	1	7.002
311	tea	793	0.008	1	1	6.984
312	syrupe	1596	0.016	2	1	6.984
313	Gis	801	0.008	1	1	6.984
314	bawdy	1610	0.016	2	2	6.966
315	Ione	804	0.008	1	1	6.966
316	concubines	4078	0.04	5	4	6.951
317	husb	1665	0.017	2	2	6.921
318	Tinker	835	0.008	1	1	6.913
319	geld	842	0.008	1	1	6.913
320	intoxicated	850	0.008	1	1	6.895
321	Petrarch	846	0.008	1	1	6.895
322	ale-houses	856	0.009	1	1	6.878
323	Flo	2645	0.026	3	1	6.839
324	exacts	1776	0.018	2	1	6.828
325	Cuckold	2667	0.026	3	3	6.828
326	Iulia	1778	0.018	2	1	6.828
327	Flu	1796	0.018	2	1	6.812
328	Jester	911	0.009	1	1	6.796
329	surmounting	904	0.009	1	1	6.796
330	shll	914	0.009	1	1	6.78
331	Omn	927	0.009	1	1	6.764
332	forehead	12159	0.121	13	11	6.752
333	slily	934	0.009	1	1	6.749
334	Hobson	938	0.009	1	1	6.749
335	Epitaphs	937	0.009	1	1	6.749
336	ext	952	0.009	1	1	6.733
337	adulteress	1919	0.019	2	2	6.718
338	badges	1924	0.019	2	2	6.71
339	Bus	1951	0.019	2	1	6.695
340	hire	8785	0.087	9	7	6.691
341	Babel	9790	0.097	10	5	6.686
342	Babylonian	2956	0.029	3	3	6.678
343	screen	989	0.01	1	1	6.673
344	Distaff	1002	0.01	1	1	6.658
345	tinue	999	0.01	1	1	6.658
346	Iudaea	2003	0.02	2	1	6.651
347	9.2	1023	0.01	1	1	6.63
348	hunter	3051	0.03	3	2	6.63
349	reeling	1029	0.01	1	1	6.615
350	PANDORA	1027	0.01	1	1	6.615
351	destructi	1043	0.01	1	1	6.601
352	dismounted	1039	0.01	1	1	6.601
353	Serving-man	1040	0.01	1	1	6.601
354	17.1	1045	0.01	1	1	6.587
355	laps	1058	0.011	1	1	6.573
356	rides	4321	0.043	4	3	6.546
357	Jade	2169	0.022	2	2	6.54
358	Nan	1085	0.011	1	1	6.533
359	gallantly	2181	0.022	2	2	6.533
360	fornication	14235	0.141	13	12	6.526
361	Apoc.	11083	0.11	10	8	6.508
362	Griffin	1114	0.011	1	1	6.506
363	heinously	1105	0.011	1	1	6.506
364	Apologists	1113	0.011	1	1	6.506
365	cuckolds	1131	0.011	1	1	6.48
366	barbers	1134	0.011	1	1	6.48
367	crabbed	1153	0.011	1	1	6.455
368	Parasite	1198	0.012	1	1	6.393
369	spouses	1203	0.012	1	1	6.393
370	sits	23190	0.23	19	10	6.369
371	LEECH	1220	0.012	1	1	6.369
372	Susan	1225	0.012	1	1	6.369
373	foemina	1220	0.012	1	1	6.369
374	execrations	1230	0.012	1	1	6.357
375	Bitch	1244	0.012	1	1	6.345
376	Pis	1247	0.012	1	1	6.334
377	prostitute	2508	0.025	2	2	6.328
378	ight	2517	0.025	2	1	6.322
379	Gog	2533	0.025	2	2	6.316
380	desolate	12933	0.128	10	9	6.285
381	ridden	1300	0.013	1	1	6.276
382	Oyster	1314	0.013	1	1	6.265
383	Ambo	1335	0.013	1	1	6.243
384	imitates	1329	0.013	1	1	6.243
385	smock	1342	0.013	1	1	6.232
386	Iezabel	1348	0.013	1	1	6.222
387	paints	1352	0.013	1	1	6.222
388	Francesco	1362	0.014	1	1	6.211
389	Sodomites	2734	0.027	2	1	6.206
390	haunts	1373	0.014	1	1	6.2
391	Apish	1388	0.014	1	1	6.179
392	selfe	1407	0.014	1	1	6.158
393	hounds	5657	0.056	4	2	6.156
394	Lear	1424	0.014	1	1	6.148
395	mew	1430	0.014	1	1	6.138
396	hyre	1435	0.014	1	1	6.138
397	denounces	1453	0.014	1	1	6.118
398	monopoly	1459	0.015	1	1	6.108
399	knave	8870	0.088	6	6	6.093
400	hysop	1507	0.015	1	1	6.069
401	cudgel	1509	0.015	1	1	6.059
402	pestiferous	1511	0.015	1	1	6.059
403	Huntingdon	1546	0.015	1	1	6.03
404	dice	6226	0.062	4	4	6.019
405	bearers	1608	0.016	1	1	5.975
406	Eightly	1599	0.016	1	1	5.975
407	diminishes	1616	0.016	1	1	5.966
408	played	11334	0.112	7	7	5.961
409	perjuries	1632	0.016	1	1	5.948
410	fee-simple	1643	0.016	1	1	5.939
411	riots	1679	0.017	1	1	5.913
412	happier	3359	0.033	2	2	5.908
413	Romes	5130	0.051	3	3	5.881
414	1.13.	1717	0.017	1	1	5.878
415	Henricus	3438	0.034	2	2	5.874
416	coloured	10332	0.102	6	5	5.873
417	Fabian	1735	0.017	1	1	5.861
418	3.3.	1739	0.017	1	1	5.861
419	Angeli	1746	0.017	1	1	5.853
420	adulterous	3504	0.035	2	2	5.849
421	fleeting	1757	0.017	1	1	5.845
422	gentlewomen	3546	0.035	2	1	5.828
423	whoremongers	1796	0.018	1	1	5.812
424	agone	1792	0.018	1	1	5.812
425	yon	1802	0.018	1	1	5.804
426	filthines	1803	0.018	1	1	5.804
427	peerless	1823	0.018	1	1	5.788
428	adulterate	1837	0.018	1	1	5.78
429	1.7.	1837	0.018	1	1	5.78
430	whores	5508	0.055	3	2	5.78
431	waxen	1850	0.018	1	1	5.772
432	whorish	1842	0.018	1	1	5.772
433	Ambrosius	1842	0.018	1	1	5.772
434	frost	7484	0.074	4	4	5.752
435	surfeiting	1890	0.019	1	1	5.741
436	Barge	1903	0.019	1	1	5.725
437	shunning	1916	0.019	1	1	5.718
438	Tut	1924	0.019	1	1	5.71
439	prefigured	1929	0.019	1	1	5.71
440	Lambeth	1928	0.019	1	1	5.71
441	Dews	1939	0.019	1	1	5.703
442	infects	1948	0.019	1	1	5.695
443	Bristow	1967	0.02	1	1	5.68
444	incestuous	3954	0.039	2	2	5.673
445	defiling	2018	0.02	1	1	5.644
446	histor.	2034	0.02	1	1	5.63
447	TAllow	2068	0.021	1	1	5.608
448	Flora	2078	0.021	1	1	5.601
449	Trojan	4173	0.041	2	2	5.594
450	dregs	6317	0.063	3	3	5.583
451	sleeve	2112	0.021	1	1	5.58
452	Adulterer	4237	0.042	2	1	5.573
453	betrothed	2127	0.021	1	1	5.567
454	Sophia	2152	0.021	1	1	5.553
455	scratch	2144	0.021	1	1	5.553
456	Hah	2157	0.021	1	1	5.546
457	deformities	2167	0.022	1	1	5.54
458	Cooper	2193	0.022	1	1	5.526
459	Bed-chamber	2195	0.022	1	1	5.52
460	pestered	2227	0.022	1	1	5.5
461	EPIG.	2233	0.022	1	1	5.5
462	Apo.	2232	0.022	1	1	5.5
463	listening	2243	0.022	1	1	5.493
464	i'	2248	0.022	1	1	5.487
465	wenches	2248	0.022	1	1	5.487
466	mocks	2314	0.023	1	1	5.449
467	laments	2326	0.023	1	1	5.436
468	exacted	4701	0.047	2	2	5.424
469	Hue	4842	0.048	2	1	5.381
470	wallow	2438	0.024	1	1	5.369
471	whereon	19704	0.195	8	1	5.355
472	rogues	5001	0.05	2	1	5.334
473	Lu	2514	0.025	1	1	5.328
474	Sparrow	2524	0.025	1	1	5.322
475	hate	65701	0.651	26	14	5.319
476	Faustus	2536	0.025	1	1	5.316
477	Ioane	2539	0.025	1	1	5.31
478	customers	2545	0.025	1	1	5.31
479	robber	2551	0.025	1	1	5.305
480	1.21	2575	0.026	1	1	5.293
481	3.16.	2653	0.026	1	1	5.249
482	envies	2650	0.026	1	1	5.249
483	marred	2667	0.026	1	1	5.243
484	abominations	10678	0.106	4	4	5.239
485	toad	2683	0.027	1	1	5.232
486	Parlour	2678	0.027	1	1	5.232
487	cup	48330	0.479	18	11	5.231
488	tolerated	5375	0.053	2	2	5.23
489	Tush	2736	0.027	1	1	5.206
490	lascivious	5471	0.054	2	2	5.206
491	troth	5489	0.054	2	2	5.2
492	worser	2821	0.028	1	1	5.158
493	Nuns	5658	0.056	2	1	5.156
494	luxurious	2832	0.028	1	1	5.153
495	riotous	2846	0.028	1	1	5.148
496	Hieron	2852	0.028	1	1	5.143
497	Sergius	2869	0.028	1	1	5.138
498	prate	2866	0.028	1	1	5.138
499	skirts	2878	0.029	1	1	5.133
500	Greke	2929	0.029	1	1	5.108
501	disagreement	2924	0.029	1	1	5.108
502	breaths	2938	0.029	1	1	5.103
503	faced	2948	0.029	1	1	5.098
504	drunken	11882	0.118	4	4	5.086
505	wouldest	2973	0.03	1	1	5.083
506	Crust	2975	0.03	1	1	5.083
507	pond	2995	0.03	1	1	5.073
508	else-where	3016	0.03	1	1	5.064
509	impudent	12093	0.12	4	4	5.06
510	enchantments	3037	0.03	1	1	5.054
511	dreaming	3042	0.03	1	1	5.049
512	Harlot	9167	0.091	3	3	5.045
513	lash	3070	0.03	1	1	5.04
514	laughs	3075	0.031	1	1	5.035
515	ist	3090	0.031	1	1	5.03
516	Hip	3106	0.031	1	1	5.021
517	Armenians	3103	0.031	1	1	5.021
518	lace	3116	0.031	1	1	5.016
519	Grecian	9382	0.093	3	2	5.012
520	Fugitive	3133	0.031	1	1	5.007
521	Upholding	3149	0.031	1	1	5.002
522	Porters	3183	0.032	1	1	4.984
523	cocks	3239	0.032	1	1	4.961
524	118.	3248	0.032	1	1	4.957
525	descry	3254	0.032	1	1	4.952
526	drunkard	6511	0.065	2	2	4.952
527	slaying	3280	0.033	1	1	4.943
528	Agamemnon	3283	0.033	1	1	4.939
529	swept	3288	0.033	1	1	4.939
530	attired	3308	0.033	1	1	4.93
531	fiftly	6621	0.066	2	2	4.93
532	Defame	3314	0.033	1	1	4.926
533	foreheads	3324	0.033	1	1	4.921
534	3.3	3339	0.033	1	1	4.917
535	strip	3365	0.033	1	1	4.904
536	impugn	3394	0.034	1	1	4.891
537	graceless	3413	0.034	1	1	4.887
538	Geneua	3422	0.034	1	1	4.883
539	playing	10275	0.102	3	3	4.88
540	unwholesome	3465	0.034	1	1	4.861
541	villainous	3467	0.034	1	1	4.861
542	swayed	3487	0.035	1	1	4.853
543	figured	7080	0.07	2	2	4.832
544	drunk	35533	0.352	10	7	4.827
545	enchanted	3569	0.035	1	1	4.82
546	pulling	7151	0.071	2	2	4.818
547	vault	3595	0.036	1	1	4.812
548	mistresses	3604	0.036	1	1	4.808
549	maintains	7229	0.072	2	1	4.802
550	tolerate	3668	0.036	1	1	4.78
551	infamous	11020	0.109	3	3	4.779
552	buying	7410	0.074	2	2	4.766
553	whoredom	7526	0.075	2	2	4.745
554	Babylonians	3760	0.037	1	1	4.745
555	Helena	3775	0.037	1	1	4.741
556	PAP	3784	0.038	1	1	4.737
557	rascal	3785	0.038	1	1	4.737
558	Drag	3808	0.038	1	1	4.725
559	arrayed	3816	0.038	1	1	4.725
560	bellies	7635	0.076	2	2	4.724
561	stratagems	3824	0.038	1	1	4.722
562	Thief	23047	0.229	6	6	4.715
563	sixtly	3856	0.038	1	1	4.71
564	tempts	3862	0.038	1	1	4.707
565	cards	7740	0.077	2	2	4.705
566	wastes	3876	0.038	1	1	4.703
567	seventeenth	3885	0.039	1	1	4.699
568	cleaves	3899	0.039	1	1	4.692
569	ming	3912	0.039	1	1	4.688
570	usurped	11791	0.117	3	3	4.682
571	Inns	3946	0.039	1	1	4.677
572	painted	23662	0.235	6	6	4.677
573	Fl	3957	0.039	1	1	4.673
574	Pluto	3953	0.039	1	1	4.673
575	plaid	4003	0.04	1	1	4.655
576	puritan	4033	0.04	1	1	4.644
577	marries	4061	0.04	1	1	4.633
578	attire	8194	0.081	2	2	4.622
579	herds	4094	0.041	1	1	4.622
580	keeper	16401	0.163	4	3	4.621
581	dirty	4102	0.041	1	1	4.619
582	fits	16510	0.164	4	4	4.611
583	desolation	12402	0.123	3	3	4.608
584	enamoured	4135	0.041	1	1	4.608
585	sacramentum	4142	0.041	1	1	4.605
586	Mil	4158	0.041	1	1	4.601
587	yeres	4158	0.041	1	1	4.601
588	players	4154	0.041	1	1	4.601
589	Aries	4164	0.041	1	1	4.598
590	ay	4212	0.042	1	1	4.58
591	patrem	4237	0.042	1	1	4.573
592	crew	8469	0.084	2	2	4.573
593	adventured	4242	0.042	1	1	4.57
594	entice	4278	0.042	1	1	4.56
595	foil	4299	0.043	1	1	4.553
596	basest	4331	0.043	1	1	4.543
597	deck	4329	0.043	1	1	4.543
598	spends	4330	0.043	1	1	4.543
599	stale	4338	0.043	1	1	4.54
600	plays	17593	0.174	4	4	4.52
601	affinity	8856	0.088	2	2	4.51
602	nourishes	4444	0.044	1	1	4.503
603	beggar	8945	0.089	2	2	4.495
604	peevish	4508	0.045	1	1	4.484
605	decked	4505	0.045	1	1	4.484
606	Rome	271183	2.689	60	30	4.48
607	Beast	81566	0.809	18	11	4.476
608	recreations	4538	0.045	1	1	4.474
609	hatched	4584	0.046	1	1	4.458
610	Signor	9231	0.092	2	2	4.45
611	17.	83120	0.824	18	12	4.449
612	effeminate	4666	0.046	1	1	4.433
613	kepe	9336	0.093	2	2	4.433
614	Bre	4669	0.046	1	1	4.433
615	mercenary	4683	0.046	1	1	4.43
616	wolves	14045	0.139	3	2	4.429
617	legitimate	4705	0.047	1	1	4.42
618	profaned	4710	0.047	1	1	4.42
619	craving	4719	0.047	1	1	4.417
620	Lactantius	4730	0.047	1	1	4.414
621	Sixtus	4735	0.047	1	1	4.414
622	villainies	4813	0.048	1	1	4.39
623	Idolatrous	14523	0.144	3	3	4.381
624	Mask	4856	0.048	1	1	4.378
625	masculine	4862	0.048	1	1	4.375
626	deposition	4899	0.049	1	1	4.363
627	Luc	4952	0.049	1	1	4.348
628	overtaken	5002	0.05	1	1	4.334
629	filthy	30299	0.3	6	6	4.32
630	Nag	5057	0.05	1	1	4.319
631	Antichrist	50530	0.501	10	7	4.319
632	deceiving	5099	0.051	1	1	4.305
633	conspiracies	5114	0.051	1	1	4.302
634	glories	10254	0.102	2	2	4.298
635	spotted	5160	0.051	1	1	4.288
636	lusty	10354	0.103	2	1	4.283
637	Synagogue	10391	0.103	2	2	4.279
638	tribute	20800	0.206	4	2	4.278
639	purer	5259	0.052	1	1	4.263
640	filthiness	10515	0.104	2	2	4.261
641	Revel	21061	0.209	4	4	4.26
642	familiarly	5276	0.052	1	1	4.257
643	talks	5297	0.053	1	1	4.252
644	manuscript	5313	0.053	1	1	4.246
645	tavern	5354	0.053	1	1	4.235
646	calais	10880	0.108	2	2	4.212
647	earths	5493	0.055	1	1	4.198
648	triple	5531	0.055	1	1	4.19
649	marry	38694	0.384	7	6	4.189
650	beats	5554	0.055	1	1	4.182
651	Caves	5567	0.055	1	1	4.179
652	flatterers	5582	0.055	1	1	4.177
653	purses	5641	0.056	1	1	4.161
654	spouse	22595	0.224	4	4	4.158
655	Murderers	11345	0.113	2	2	4.152
656	extol	5693	0.056	1	1	4.148
657	seat	51212	0.508	9	8	4.148
658	venit	5733	0.057	1	1	4.138
659	Magus	5737	0.057	1	1	4.135
660	amounts	5818	0.058	1	1	4.115
661	permits	5856	0.058	1	1	4.105
662	abomination	11757	0.117	2	2	4.1
663	hark	5947	0.059	1	1	4.083
664	compact	5958	0.059	1	1	4.081
665	hunt	12065	0.12	2	2	4.064
666	spending	6036	0.06	1	1	4.064
667	deem	6043	0.06	1	1	4.061
668	marie	12146	0.12	2	2	4.054
669	infect	6100	0.061	1	1	4.047
670	smiles	6115	0.061	1	1	4.045
671	tempting	6108	0.061	1	1	4.045
672	maiden	6187	0.061	1	1	4.028
673	unfaithful	6230	0.062	1	1	4.016
674	prostrate	6239	0.062	1	1	4.014
675	livings	6392	0.063	1	1	3.979
676	sway	12829	0.127	2	1	3.975
677	bewitched	6431	0.064	1	1	3.97
678	neat	6464	0.064	1	1	3.964
679	allows	12955	0.128	2	2	3.961
680	blush	13133	0.13	2	2	3.941
681	daughters	40010	0.397	6	6	3.919
682	Englishmen	6677	0.066	1	1	3.917
683	renounced	6702	0.067	1	1	3.911
684	wears	6709	0.067	1	1	3.911
685	lovers	26913	0.267	4	4	3.906
686	sleeps	6751	0.067	1	1	3.902
687	attendants	6755	0.067	1	1	3.9
688	nere	20350	0.202	3	3	3.894
689	solace	6791	0.067	1	1	3.893
690	wench	6793	0.067	1	1	3.891
691	Dares	13753	0.136	2	1	3.874
692	chaste	20646	0.205	3	3	3.873
693	tha	6903	0.068	1	1	3.87
694	Liber	6904	0.069	1	1	3.868
695	Emblem	6983	0.069	1	1	3.853
696	Rogue	6990	0.069	1	1	3.851
697	heathenish	7043	0.07	1	1	3.841
698	slave	21201	0.21	3	2	3.835
699	golden	49785	0.494	7	6	3.826
700	boys	14311	0.142	2	2	3.817
701	described	42932	0.426	6	6	3.817
702	rabble	7160	0.071	1	1	3.816
703	gets	14332	0.142	2	2	3.815
704	thirteenth	7168	0.071	1	1	3.814
705	resembling	7309	0.073	1	1	3.786
706	laity	7349	0.073	1	1	3.778
707	shifts	7422	0.074	1	1	3.764
708	Hunting	14846	0.147	2	2	3.764
709	scorned	7420	0.074	1	1	3.764
710	Papacy	7431	0.074	1	1	3.762
711	commits	7541	0.075	1	1	3.741
712	vile	37856	0.375	5	5	3.736
713	swears	7600	0.075	1	1	3.729
714	reversion	7647	0.076	1	1	3.722
715	arrogance	7646	0.076	1	1	3.722
716	unusual	7667	0.076	1	1	3.718
717	wife	214853	2.13	28	19	3.716
718	murdering	7679	0.076	1	1	3.716
719	coats	7749	0.077	1	1	3.703
720	start	7796	0.077	1	1	3.693
721	remorse	7838	0.078	1	1	3.686
722	thirsty	7834	0.078	1	1	3.686
723	tract.	7894	0.078	1	1	3.675
724	mocked	7900	0.078	1	1	3.675
725	nu	7900	0.078	1	1	3.675
726	Aeneas	7910	0.078	1	1	3.673
727	habent	7959	0.079	1	1	3.664
728	befall	16025	0.159	2	2	3.654
729	beggars	8051	0.08	1	1	3.647
730	rods	8051	0.08	1	1	3.647
731	bountiful	8102	0.08	1	1	3.638
732	hostess	8115	0.081	1	1	3.635
733	55.	8173	0.081	1	1	3.626
734	sale	16370	0.162	2	2	3.623
735	Christopher	8248	0.082	1	1	3.612
736	riot	8272	0.082	1	1	3.608
737	openly	41440	0.411	5	4	3.605
738	reached	8424	0.084	1	1	3.582
739	undo	8485	0.084	1	1	3.572
740	dross	8493	0.084	1	1	3.57
741	aboard	8546	0.085	1	1	3.561
742	damned	34243	0.34	4	4	3.559
743	hospital	8600	0.085	1	1	3.551
744	ornaments	17222	0.171	2	2	3.55
745	sisters	17302	0.172	2	2	3.544
746	allowing	8667	0.086	1	1	3.541
747	Jewel	17353	0.172	2	2	3.539
748	blaspheme	8684	0.086	1	1	3.538
749	Apostate	8710	0.086	1	1	3.533
750	wealthy	8741	0.087	1	1	3.528
751	bells	8768	0.087	1	1	3.525
752	diseased	8769	0.087	1	1	3.525
753	arising	17551	0.174	2	2	3.523
754	wore	8942	0.089	1	1	3.495
755	Maximus	8951	0.089	1	1	3.495
756	villain	8957	0.089	1	1	3.493
757	enrich	9011	0.089	1	1	3.485
758	fashions	9013	0.089	1	1	3.484
759	powered	9056	0.09	1	1	3.477
760	cursing	9071	0.09	1	1	3.476
761	begun	45469	0.451	5	3	3.471
762	ensigns	9131	0.091	1	1	3.466
763	leading	18263	0.181	2	2	3.465
764	boy	27639	0.274	3	2	3.453
765	quoth	36867	0.366	4	3	3.452
766	hanged	27832	0.276	3	3	3.442
767	honest	83801	0.831	9	5	3.437
768	stays	9340	0.093	1	1	3.433
769	impure	9368	0.093	1	1	3.428
770	mother	150593	1.493	16	13	3.422
771	Gentlewoman	9432	0.094	1	1	3.419
772	disposing	9453	0.094	1	1	3.416
773	dr	9464	0.094	1	1	3.414
774	Laughter	9517	0.094	1	1	3.405
775	discontented	9557	0.095	1	1	3.399
776	nakedness	9651	0.096	1	1	3.385
777	consume	19326	0.192	2	2	3.384
778	censured	9756	0.097	1	1	3.37
779	Hierom	9779	0.097	1	1	3.366
780	fewer	9844	0.098	1	1	3.357
781	FAMOUS	88824	0.881	9	5	3.353
782	snow	19897	0.197	2	2	3.342
783	servile	9971	0.099	1	1	3.338
784	yesterday	10000	0.099	1	1	3.334
785	ruling	10062	0.1	1	1	3.325
786	wanton	20242	0.201	2	2	3.317
787	sack	10141	0.101	1	1	3.315
788	permitted	30542	0.303	3	1	3.309
789	play	61168	0.607	6	6	3.306
790	Tragedy	10196	0.101	1	1	3.306
791	witches	10286	0.102	1	1	3.293
792	seduced	10324	0.102	1	1	3.288
793	husbands	30992	0.307	3	3	3.287
794	match	20690	0.205	2	1	3.286
795	dancing	10351	0.103	1	1	3.285
796	presumptuous	10383	0.103	1	1	3.281
797	bag	10396	0.103	1	1	3.278
798	brazen	10407	0.103	1	1	3.276
799	beautiful	31363	0.311	3	3	3.27
800	yearly	31375	0.311	3	2	3.27
801	ditch	10469	0.104	1	1	3.268
802	Revelation	41988	0.416	4	4	3.264
803	asks	10519	0.104	1	1	3.261
804	corrupt	63197	0.627	6	6	3.259
805	68	10551	0.105	1	1	3.257
806	Mistress	42310	0.42	4	4	3.253
807	guise	10673	0.106	1	1	3.241
808	rent	42785	0.424	4	2	3.237
809	detestable	10704	0.106	1	1	3.237
810	numbered	10774	0.107	1	1	3.227
811	obstinacy	10790	0.107	1	1	3.224
812	bears	54088	0.536	5	3	3.221
813	perdition	10866	0.108	1	1	3.215
814	Pox	10902	0.108	1	1	3.21
815	expenses	10928	0.108	1	1	3.206
816	afternoon	11049	0.11	1	1	3.19
817	Mars	22203	0.22	2	2	3.184
818	virgins	22219	0.22	2	2	3.182
819	Jest	11120	0.11	1	1	3.18
820	thieves	22285	0.221	2	2	3.178
821	destruction	89423	0.887	8	7	3.174
822	costly	11277	0.112	1	1	3.161
823	ed	11308	0.112	1	1	3.157
824	aspect	11323	0.112	1	1	3.155
825	supported	11364	0.113	1	1	3.149
826	afflict	11385	0.113	1	1	3.147
827	PRIMA	11491	0.114	1	1	3.134
828	corners	11488	0.114	1	1	3.134
829	Abominable	22990	0.228	2	2	3.134
830	Ice	11552	0.115	1	1	3.127
831	Jer	23150	0.23	2	2	3.123
832	committing	11606	0.115	1	1	3.119
833	Horses	58059	0.576	5	4	3.119
834	twelfth	11669	0.116	1	1	3.112
835	Bees	11695	0.116	1	1	3.108
836	Devils	59091	0.586	5	4	3.093
837	bleeding	11828	0.117	1	1	3.092
838	uphold	11837	0.117	1	1	3.09
839	filth	11883	0.118	1	1	3.086
840	falsehood	23853	0.237	2	2	3.08
841	Pr	11953	0.119	1	1	3.077
842	bona	12019	0.119	1	1	3.069
843	corrupted	36122	0.358	3	3	3.066
844	testified	12038	0.119	1	1	3.066
845	describes	12069	0.12	1	1	3.063
846	Fox	24216	0.24	2	2	3.058
847	window	12154	0.121	1	1	3.053
848	pull	24362	0.242	2	1	3.049
849	polluted	12233	0.121	1	1	3.043
850	subtle	36810	0.365	3	3	3.039
851	pagan	12292	0.122	1	1	3.036
852	mounted	12305	0.122	1	1	3.035
853	merchants	36943	0.366	3	2	3.034
854	fetch	24696	0.245	2	2	3.03
855	adultery	24714	0.245	2	2	3.029
856	Malignant	12436	0.123	1	1	3.02
857	potent	12467	0.124	1	1	3.016
858	marshall	12582	0.125	1	1	3.002
859	Israell	12654	0.126	1	1	2.994
860	Joshua	12677	0.126	1	1	2.992
861	friars	12673	0.126	1	1	2.992
862	brave	38044	0.377	3	3	2.992
863	lamentable	12732	0.126	1	1	2.986
864	stamp	12866	0.128	1	1	2.97
865	nurse	12919	0.128	1	1	2.965
866	Tables	25837	0.256	2	1	2.965
867	Heretical	12934	0.128	1	1	2.964
868	Traffic	12930	0.128	1	1	2.964
869	forsooth	12960	0.129	1	1	2.96
870	Gent	12956	0.129	1	1	2.96
871	revenue	12958	0.129	1	1	2.96
872	husband	105631	1.047	8	7	2.933
873	offerings	13224	0.131	1	1	2.931
874	Dame	13246	0.131	1	1	2.929
875	eleven	13249	0.131	1	1	2.928
876	prophesied	13251	0.131	1	1	2.928
877	Flow	26569	0.263	2	1	2.925
878	rents	13329	0.132	1	1	2.919
879	keeps	40024	0.397	3	3	2.918
880	Mal	13346	0.132	1	1	2.918
881	Athanasius	13378	0.133	1	1	2.915
882	despite	13448	0.133	1	1	2.907
883	burn	40670	0.403	3	3	2.895
884	nulla	13552	0.134	1	1	2.895
885	flatter	13665	0.136	1	1	2.884
886	secretary	13724	0.136	1	1	2.877
887	path	13728	0.136	1	1	2.877
888	harbour	13726	0.136	1	1	2.877
889	sung	13767	0.137	1	1	2.873
890	gloss	13765	0.137	1	1	2.873
891	Antichristian	13777	0.137	1	1	2.872
892	Temples	27639	0.274	2	2	2.868
893	steward	13843	0.137	1	1	2.865
894	handful	13872	0.138	1	1	2.862
895	sometime	55884	0.554	4	4	2.852
896	rewarded	14017	0.139	1	1	2.847
897	Arthur	14033	0.139	1	1	2.846
898	tending	14059	0.139	1	1	2.843
899	mad	42332	0.42	3	3	2.838
900	spleen	14135	0.14	1	1	2.835
901	tokens	14150	0.14	1	1	2.833
902	parable	14171	0.141	1	1	2.831
903	compare	28481	0.282	2	2	2.824
904	affirming	14264	0.141	1	1	2.822
905	houses	114523	1.136	8	5	2.817
906	task	14342	0.142	1	1	2.814
907	price	57392	0.569	4	4	2.813
908	wives	57399	0.569	4	4	2.813
909	crowned	28810	0.286	2	2	2.807
910	hardened	14614	0.145	1	1	2.787
911	Simon	29226	0.29	2	2	2.787
912	bay	14718	0.146	1	1	2.777
913	fairest	14727	0.146	1	1	2.776
914	proud	73660	0.73	5	4	2.775
915	nourish	14827	0.147	1	1	2.766
916	Jove	14895	0.148	1	1	2.759
917	dove	14921	0.148	1	1	2.757
918	permit	29877	0.296	2	1	2.755
919	shoot	14986	0.149	1	1	2.75
920	doors	29993	0.297	2	1	2.75
921	dissolution	14997	0.149	1	1	2.75
922	merry	30040	0.298	2	1	2.748
923	common	346098	3.432	23	16	2.745
924	Hac	15097	0.15	1	1	2.74
925	blew	15173	0.15	1	1	2.733
926	loco	15190	0.151	1	1	2.731
927	foe	15213	0.151	1	1	2.729
928	unnatural	15260	0.151	1	1	2.725
929	woman	183598	1.82	12	9	2.721
930	virg	15382	0.153	1	1	2.713
931	ruins	15379	0.153	1	1	2.713
932	spiritually	15423	0.153	1	1	2.709
933	tail	30912	0.307	2	2	2.706
934	tear	15500	0.154	1	1	2.702
935	Hos.	15549	0.154	1	1	2.697
936	reigns	15787	0.157	1	1	2.676
937	fr	63238	0.627	4	4	2.673
938	hairs	15863	0.157	1	1	2.668
939	dost	31931	0.317	2	2	2.659
940	cries	32046	0.318	2	2	2.654
941	damnation	32064	0.318	2	2	2.653
942	happily	32065	0.318	2	2	2.653
943	fie	32306	0.32	2	1	2.643
944	inventions	16255	0.161	1	1	2.633
945	purse	16277	0.161	1	1	2.631
946	worshipped	32660	0.324	2	1	2.627
947	silly	16358	0.162	1	1	2.624
948	Bar	32896	0.326	2	2	2.616
949	penny	16458	0.163	1	1	2.615
950	maid	33079	0.328	2	2	2.608
951	iniquities	16575	0.164	1	1	2.606
952	waters	83222	0.825	5	5	2.599
953	complained	16882	0.167	1	1	2.579
954	hates	16898	0.168	1	1	2.578
955	committee	16987	0.168	1	1	2.57
956	soil	16992	0.169	1	1	2.569
957	admired	17008	0.169	1	1	2.568
958	Infidels	17053	0.169	1	1	2.564
959	visit	34153	0.339	2	2	2.562
960	usury	17086	0.169	1	1	2.561
961	rid	17118	0.17	1	1	2.559
962	banks	17161	0.17	1	1	2.555
963	contracted	17181	0.17	1	1	2.553
964	Peters	17256	0.171	1	1	2.547
965	deceitful	17392	0.172	1	1	2.536
966	accursed	17442	0.173	1	1	2.532
967	bands	17458	0.173	1	1	2.53
968	regiment	17461	0.173	1	1	2.53
969	fraud	17533	0.174	1	1	2.525
970	damnable	17583	0.174	1	1	2.52
971	fools	35223	0.349	2	2	2.518
972	grain	17694	0.175	1	1	2.511
973	spent	53460	0.53	3	3	2.501
974	meddle	17894	0.177	1	1	2.495
975	stage	17895	0.177	1	1	2.495
976	captains	35824	0.355	2	1	2.493
977	reproved	17945	0.178	1	1	2.491
978	Cui	17993	0.178	1	1	2.487
979	Dragon	18054	0.179	1	1	2.482
980	Israel	162651	1.613	9	7	2.48
981	defiled	18090	0.179	1	1	2.479
982	comprehended	18167	0.18	1	1	2.473
983	cheer	18188	0.18	1	1	2.472
984	fol.	54629	0.542	3	2	2.47
985	condemned	91164	0.904	5	5	2.468
986	stately	18235	0.181	1	1	2.468
987	Priests	145909	1.447	8	6	2.467
988	enters	18257	0.181	1	1	2.466
989	call	328774	3.26	18	17	2.465
990	keep	313074	3.104	17	11	2.453
991	Room	55576	0.551	3	3	2.445
992	Jewels	18528	0.184	1	1	2.445
993	turn	167524	1.661	9	8	2.438
994	she	1006738	9.982	54	37	2.436
995	fat	37322	0.37	2	1	2.434
996	diverse	37369	0.371	2	2	2.432
997	judged	56237	0.558	3	3	2.428
998	undoubtedly	18754	0.186	1	1	2.427
999	meant	112513	1.116	6	5	2.427
1000	hist.	18785	0.186	1	1	2.424
1001	commodity	18888	0.187	1	1	2.417
1002	adorned	18908	0.188	1	1	2.415
1003	loves	76043	0.754	4	4	2.407
1004	humbled	19062	0.189	1	1	2.404
1005	Rises	19110	0.19	1	1	2.4
1006	Popes	76677	0.76	4	4	2.395
1007	maintained	38390	0.381	2	2	2.394
1008	become	172873	1.714	9	8	2.393
1009	FINIS	38468	0.381	2	2	2.391
1010	streams	19229	0.191	1	1	2.391
1011	impiety	19301	0.191	1	1	2.385
1012	throat	19344	0.192	1	1	2.382
1013	worse	96916	0.961	5	5	2.379
1014	mingled	19412	0.193	1	1	2.377
1015	Exit	19436	0.193	1	1	2.376
1016	forbidden	38907	0.386	2	1	2.374
1017	fourthly	38947	0.386	2	2	2.373
1018	her	1811491	17.961	93	63	2.372
1019	intelligence	19523	0.194	1	1	2.369
1020	habitation	19587	0.194	1	1	2.364
1021	approbation	19693	0.195	1	1	2.356
1022	lo	39596	0.393	2	2	2.349
1023	jealous	19806	0.196	1	1	2.348
1024	nice	19841	0.197	1	1	2.346
1025	wool	19852	0.197	1	1	2.345
1026	hollow	19871	0.197	1	1	2.344
1027	23.	59639	0.591	3	3	2.343
1028	ti	19951	0.198	1	1	2.338
1029	fashion	39934	0.396	2	2	2.337
1030	Pope	240165	2.381	12	12	2.333
1031	kept	180349	1.788	9	7	2.331
1032	Uncle	20076	0.199	1	1	2.328
1033	careless	20099	0.199	1	1	2.327
1034	constable	20148	0.2	1	1	2.323
1035	calls	121932	1.209	6	5	2.311
1036	converted	40728	0.404	2	1	2.308
1037	relieve	20413	0.202	1	1	2.305
1038	kindred	20409	0.202	1	1	2.305
1039	vp	20410	0.202	1	1	2.305
1040	notable	40823	0.405	2	1	2.305
1041	tie	20437	0.203	1	1	2.303
1042	burned	20536	0.204	1	1	2.296
1043	base	61654	0.611	3	3	2.295
1044	wear	20558	0.204	1	1	2.295
1045	wine	164447	1.631	8	7	2.295
1046	fool	41266	0.409	2	2	2.289
1047	thrice	20696	0.205	1	1	2.285
1048	fond	20744	0.206	1	1	2.281
1049	rewards	20903	0.207	1	1	2.27
1050	rot	20942	0.208	1	1	2.268
1051	Lewis	20972	0.208	1	1	2.266
1052	superstitious	21092	0.209	1	1	2.258
1053	discovered	63467	0.629	3	3	2.253
1054	politic	21242	0.211	1	1	2.247
1055	nearest	21311	0.211	1	1	2.243
1056	Tale	21357	0.212	1	1	2.239
1057	Grand	42729	0.424	2	2	2.239
1058	Deuteronomy	64271	0.637	3	3	2.235
1059	pence	21465	0.213	1	1	2.232
1060	train	21461	0.213	1	1	2.232
1061	description	42949	0.426	2	2	2.232
1062	encourage	21511	0.213	1	1	2.229
1063	widow	21540	0.214	1	1	2.227
1064	apart	21640	0.215	1	1	2.22
1065	daughter	108707	1.078	5	5	2.214
1066	sit	131502	1.304	6	5	2.202
1067	busy	21920	0.217	1	1	2.202
1068	rise	87880	0.871	4	4	2.199
1069	human	22158	0.22	1	1	2.186
1070	horns	22193	0.22	1	1	2.184
1071	poison	44407	0.44	2	2	2.183
1072	17	133873	1.327	6	6	2.176
1073	notorious	22363	0.222	1	1	2.173
1074	great	1790493	17.753	80	41	2.172
1075	Beat	45020	0.446	2	2	2.164
1076	retired	22517	0.223	1	1	2.163
1077	weeping	22605	0.224	1	1	2.158
1078	alas	67915	0.673	3	2	2.155
1079	submit	45284	0.449	2	1	2.155
1080	entertainment	22650	0.225	1	1	2.155
1081	deserves	22832	0.226	1	1	2.143
1082	committed	115180	1.142	5	3	2.13
1083	naked	46459	0.461	2	2	2.118
1084	stroke	23344	0.232	1	1	2.111
1085	merchant	23511	0.233	1	1	2.101
1086	Shame	94222	0.934	4	4	2.098
1087	Roman	141472	1.403	6	6	2.097
1088	ego	23639	0.234	1	1	2.093
1089	street	23649	0.235	1	1	2.092
1090	rich	142318	1.411	6	5	2.088
1091	Jew	23762	0.236	1	1	2.086
1092	hears	23785	0.236	1	1	2.084
1093	absent	24129	0.239	1	1	2.064
1094	exposed	24132	0.239	1	1	2.063
1095	ante	24167	0.24	1	1	2.061
1096	farewell	24180	0.24	1	1	2.061
1097	Enter	145726	1.445	6	6	2.054
1098	younger	24318	0.241	1	1	2.052
1099	clock	24334	0.241	1	1	2.051
1100	coat	24384	0.242	1	1	2.048
1101	glorified	24388	0.242	1	1	2.048
1102	seeks	24462	0.243	1	1	2.044
1103	forthwith	24481	0.243	1	1	2.043
1104	mourning	24529	0.243	1	1	2.04
1105	bed	73593	0.73	3	3	2.04
1106	garment	24609	0.244	1	1	2.035
1107	col.	49217	0.488	2	1	2.035
1108	allege	24686	0.245	1	1	2.03
1109	hatred	49444	0.49	2	2	2.029
1110	lights	24751	0.245	1	1	2.027
1111	bones	50056	0.496	2	2	2.011
1112	treasure	50519	0.501	2	2	1.997
1113	nose	25309	0.251	1	1	1.995
1114	smell	25352	0.251	1	1	1.992
1115	hated	25471	0.253	1	1	1.986
1116	commit	51155	0.507	2	2	1.979
1117	sister	51618	0.512	2	2	1.966
1118	Salomon	25808	0.256	1	1	1.966
1119	Re	25840	0.256	1	1	1.965
1120	suspected	25911	0.257	1	1	1.961
1121	partakers	25934	0.257	1	1	1.96
1122	twenty	103869	1.03	4	4	1.957
1123	Lover	26112	0.259	1	1	1.95
1124	streets	26115	0.259	1	1	1.95
1125	forsake	52263	0.518	2	2	1.948
1126	company	157530	1.562	6	4	1.942
1127	&#x14d;	499329	4.951	19	14	1.94
1128	Pan	26291	0.261	1	1	1.94
1129	Monks	26369	0.261	1	1	1.936
1130	disgrace	26379	0.262	1	1	1.935
1131	ass	26382	0.262	1	1	1.935
1132	'll	158479	1.571	6	5	1.933
1133	Lays	26622	0.264	1	1	1.921
1134	pay	106691	1.058	4	3	1.919
1135	Britain	26773	0.266	1	1	1.913
1136	bloody	53730	0.533	2	2	1.909
1137	setting	53750	0.533	2	2	1.908
1138	Venus	26929	0.267	1	1	1.905
1139	communicate	27013	0.268	1	1	1.901
1140	apparel	27082	0.269	1	1	1.897
1141	retain	27251	0.27	1	1	1.888
1142	mystery	54678	0.542	2	2	1.883
1143	defended	27388	0.272	1	1	1.88
1144	hereby	55021	0.546	2	2	1.874
1145	humours	55201	0.547	2	2	1.87
1146	dispose	27603	0.274	1	1	1.869
1147	observations	27622	0.274	1	1	1.868
1148	undertake	27793	0.276	1	1	1.859
1149	forsaken	27796	0.276	1	1	1.859
1150	sold	55694	0.552	2	2	1.857
1151	lie	168129	1.667	6	6	1.848
1152	slaves	28066	0.278	1	1	1.845
1153	Ecclesiae	28090	0.279	1	1	1.844
1154	woe	28149	0.279	1	1	1.841
1155	Followers	28164	0.279	1	1	1.841
1156	tyrant	28325	0.281	1	1	1.832
1157	idolatry	57073	0.566	2	1	1.821
1158	torment	28570	0.283	1	1	1.82
1159	Showed	142959	1.417	5	4	1.819
1160	touch	57247	0.568	2	2	1.817
1161	cunning	28670	0.284	1	1	1.815
1162	vision	28960	0.287	1	1	1.8
1163	ah	29075	0.288	1	1	1.794
1164	hills	29127	0.289	1	1	1.792
1165	favours	29174	0.289	1	1	1.789
1166	begotten	29211	0.29	1	1	1.788
1167	season	58435	0.579	2	2	1.787
1168	spoken	147126	1.459	5	5	1.777
1169	Cardinal	58899	0.584	2	1	1.776
1170	faces	29653	0.294	1	1	1.766
1171	Got	88984	0.882	3	3	1.766
1172	sober	29705	0.295	1	1	1.764
1173	reports	29748	0.295	1	1	1.761
1174	descended	29883	0.296	1	1	1.755
1175	fellows	29880	0.296	1	1	1.755
1176	entertain	30000	0.298	1	1	1.749
1177	gentlemen	60495	0.6	2	2	1.737
1178	Jupiter	30367	0.301	1	1	1.732
1179	contain	30528	0.303	1	1	1.724
1180	commend	30571	0.303	1	1	1.722
1181	ere	61209	0.607	2	2	1.72
1182	wretched	30683	0.304	1	1	1.717
1183	bought	30717	0.305	1	1	1.715
1184	absence	30716	0.305	1	1	1.715
1185	join	61462	0.609	2	2	1.715
1186	called	768363	7.618	25	15	1.714
1187	opposed	30763	0.305	1	1	1.713
1188	arise	61558	0.61	2	2	1.712
1189	wild	61696	0.612	2	2	1.709
1190	discretion	30869	0.306	1	1	1.708
1191	dream	30913	0.307	1	1	1.706
1192	Italy	62147	0.616	2	2	1.699
1193	Mr	31112	0.309	1	1	1.697
1194	night	217853	2.16	7	7	1.696
1195	monarchy	31153	0.309	1	1	1.695
1196	'm	31244	0.31	1	1	1.691
1197	16.	93810	0.93	3	3	1.69
1198	inhabitants	62803	0.623	2	2	1.683
1199	pleasures	62853	0.623	2	2	1.682
1200	abused	31590	0.313	1	1	1.675
1201	branch	31608	0.313	1	1	1.674
1202	Bad	95210	0.944	3	1	1.668
1203	later	31782	0.315	1	1	1.666
1204	admirable	31909	0.316	1	1	1.66
1205	dogs	32101	0.318	1	1	1.652
1206	eaten	32125	0.319	1	1	1.651
1207	doubtless	32131	0.319	1	1	1.65
1208	beg	32168	0.319	1	1	1.649
1209	fine	96522	0.957	3	3	1.648
1210	consequently	64502	0.64	2	2	1.645
1211	upper	32317	0.32	1	1	1.642
1212	bosom	32336	0.321	1	1	1.641
1213	purchase	32356	0.321	1	1	1.64
1214	signified	32415	0.321	1	1	1.638
1215	ungodly	32439	0.322	1	1	1.637
1216	maintenance	32482	0.322	1	1	1.634
1217	diligent	32533	0.323	1	1	1.632
1218	remaining	32552	0.323	1	1	1.631
1219	withal	98276	0.974	3	2	1.622
1220	torments	32888	0.326	1	1	1.617
1221	Why	394748	3.914	12	9	1.616
1222	grounded	32919	0.326	1	1	1.615
1223	ashes	32944	0.327	1	1	1.614
1224	peoples	33008	0.327	1	1	1.611
1225	executed	33017	0.327	1	1	1.611
1226	Kings	363629	3.605	11	7	1.609
1227	Image	99324	0.985	3	2	1.607
1228	married	66560	0.66	2	2	1.6
1229	bestow	33438	0.332	1	1	1.593
1230	goes	100413	0.996	3	3	1.591
1231	summer	33500	0.332	1	1	1.59
1232	growing	33517	0.332	1	1	1.589
1233	Hen	33893	0.336	1	1	1.573
1234	soldiers	136167	1.35	4	2	1.567
1235	elsewhere	34197	0.339	1	1	1.56
1236	professed	34256	0.34	1	1	1.558
1237	Like	1070087	10.61	31	24	1.547
1238	scorn	34703	0.344	1	1	1.539
1239	learn	104113	1.032	3	3	1.539
1240	bare	69451	0.689	2	1	1.538
1241	cut	140466	1.393	4	4	1.522
1242	calling	105619	1.047	3	3	1.518
1243	sends	35230	0.349	1	1	1.517
1244	delights	35263	0.35	1	1	1.516
1245	sitting	35270	0.35	1	1	1.516
1246	habit	35431	0.351	1	1	1.509
1247	wrong	71272	0.707	2	2	1.501
1248	utterly	71440	0.708	2	2	1.498
1249	stock	35766	0.355	1	1	1.496
1250	exact	35980	0.357	1	1	1.487
1251	moreover	72198	0.716	2	2	1.482
1252	afterward	72483	0.719	2	2	1.477
1253	desirous	36305	0.36	1	1	1.474
1254	advance	36366	0.361	1	1	1.472
1255	antiquity	36439	0.361	1	1	1.469
1256	30.	36501	0.362	1	1	1.466
1257	turned	109846	1.089	3	3	1.462
1258	translated	36635	0.363	1	1	1.461
1259	noble	146938	1.457	4	4	1.457
1260	overthrow	36900	0.366	1	1	1.45
1261	bright	36946	0.366	1	1	1.449
1262	clothes	36950	0.366	1	1	1.449
1263	Jesuits	37256	0.369	1	1	1.437
1264	wilderness	37400	0.371	1	1	1.431
1265	numbers	37529	0.372	1	1	1.426
1266	head	338290	3.354	9	9	1.424
1267	succession	37662	0.373	1	1	1.421
1268	separate	37702	0.374	1	1	1.42
1269	SHine	37727	0.374	1	1	1.419
1270	masters	75576	0.749	2	2	1.416
1271	vengeance	37813	0.375	1	1	1.415
1272	punishment	113533	1.126	3	3	1.414
1273	separated	37858	0.375	1	1	1.413
1274	stranger	38063	0.377	1	1	1.406
1275	women	152987	1.517	4	4	1.399
1276	practise	76565	0.759	2	2	1.398
1277	a	14471665	143.487	378	144	1.397
1278	tyranny	38301	0.38	1	1	1.397
1279	drew	38764	0.384	1	1	1.38
1280	hide	38812	0.385	1	1	1.378
1281	families	38924	0.386	1	1	1.374
1282	27	77948	0.773	2	2	1.372
1283	maintain	78757	0.781	2	2	1.357
1284	turns	39404	0.391	1	1	1.356
1285	proved	118293	1.173	3	3	1.355
1286	art	315875	3.132	8	5	1.353
1287	valiant	39573	0.392	1	1	1.35
1288	nought	39966	0.396	1	1	1.335
1289	confessed	40109	0.398	1	1	1.33
1290	yea	321813	3.191	8	8	1.326
1291	seven	120863	1.198	3	3	1.324
1292	deceive	40456	0.401	1	1	1.318
1293	comparison	40468	0.401	1	1	1.318
1294	provide	40597	0.403	1	1	1.313
1295	substance	122160	1.211	3	3	1.309
1296	pounds	40756	0.404	1	1	1.307
1297	12.	122418	1.214	3	2	1.305
1298	ladies	41212	0.409	1	1	1.291
1299	proves	41434	0.411	1	1	1.283
1300	colours	41565	0.412	1	1	1.279
1301	altogether	83475	0.828	2	2	1.273
1302	understood	125485	1.244	3	1	1.27
1303	divided	84122	0.834	2	1	1.262
1304	fly	84799	0.841	2	2	1.25
1305	rose	42445	0.421	1	1	1.249
1306	nine	42485	0.421	1	1	1.247
1307	stands	85073	0.844	2	1	1.246
1308	fact	42577	0.422	1	1	1.244
1309	adds	42811	0.425	1	1	1.236
1310	borne	86876	0.861	2	2	1.215
1311	resist	43474	0.431	1	1	1.214
1312	28.	43571	0.432	1	1	1.211
1313	spread	43759	0.434	1	1	1.205
1314	compared	43800	0.434	1	1	1.203
1315	Bringing	44028	0.437	1	1	1.196
1316	yours	44031	0.437	1	1	1.196
1317	nations	132713	1.316	3	3	1.189
1318	bring	310345	3.077	7	7	1.186
1319	Captain	88772	0.88	2	2	1.184
1320	fall	267911	2.656	6	6	1.176
1321	gotten	44665	0.443	1	1	1.175
1322	di	44811	0.444	1	1	1.17
1323	defence	89679	0.889	2	2	1.169
1324	White	134914	1.338	3	2	1.165
1325	enough	225014	2.231	5	5	1.164
1326	th	180132	1.786	4	4	1.163
1327	highly	45059	0.447	1	1	1.162
1328	thou	1398203	13.863	31	22	1.161
1329	?	2527462	25.06	56	39	1.16
1330	34	45179	0.448	1	1	1.158
1331	an	2497908	24.767	55	38	1.151
1332	begins	45496	0.451	1	1	1.148
1333	guard	45684	0.453	1	1	1.142
1334	jurisdiction	45854	0.455	1	1	1.137
1335	stay	91988	0.912	2	2	1.133
1336	old	414305	4.108	9	8	1.132
1337	Town	184940	1.834	4	4	1.125
1338	seeing	231216	2.293	5	5	1.125
1339	whereof	279030	2.767	6	3	1.117
1340	holds	46539	0.461	1	1	1.116
1341	written	186305	1.847	4	4	1.115
1342	gate	46617	0.462	1	1	1.113
1343	showing	46685	0.463	1	1	1.111
1344	T	186780	1.852	4	4	1.111
1345	open	187653	1.861	4	4	1.104
1346	madam	46920	0.465	1	1	1.104
1347	drink	140890	1.397	3	3	1.103
1348	judgements	47124	0.467	1	1	1.098
1349	City	377406	3.742	8	6	1.096
1350	mixed	47413	0.47	1	1	1.089
1351	sat	47715	0.473	1	1	1.08
1352	beauty	95667	0.949	2	2	1.076
1353	warrant	48147	0.477	1	1	1.067
1354	ashamed	48199	0.478	1	1	1.065
1355	earnest	48238	0.478	1	1	1.064
1356	begin	97196	0.964	2	1	1.053
1357	Cruelty	49468	0.491	1	1	1.028
1358	news	49502	0.491	1	1	1.027
1359	belong	49750	0.493	1	1	1.019
1360	hell	149518	1.483	3	3	1.017
1361	servants	149996	1.487	3	3	1.012
1362	Lamb	50063	0.496	1	1	1.01
1363	burnt	50113	0.497	1	1	1.009
1364	continue	100553	0.997	2	2	1.004
1365	hair	50335	0.499	1	1	1.003
1366	fell	151275	1.5	3	3	1
1367	make	1313915	13.028	26	21	0.997
1368	7.	151741	1.505	3	2	0.996
1369	name	607418	6.023	12	12	0.995
1370	putting	50647	0.502	1	1	0.994
1371	instruments	50653	0.502	1	1	0.994
1372	comes	255457	2.533	5	5	0.981
1373	prophecy	51210	0.508	1	1	0.978
1374	fellow	51208	0.508	1	1	0.978
1375	magistrate	51237	0.508	1	1	0.977
1376	Rev.	51328	0.509	1	1	0.975
1377	commandments	51345	0.509	1	1	0.974
1378	fill	51476	0.51	1	1	0.97
1379	speech	103090	1.022	2	2	0.968
1380	careful	51701	0.513	1	1	0.964
1381	sweet	155475	1.542	3	2	0.961
1382	thousand	207672	2.059	4	4	0.958
1383	peculiar	51984	0.515	1	1	0.956
1384	bless	52076	0.516	1	1	0.954
1385	whose	468798	4.648	9	9	0.953
1386	poor	313465	3.108	6	5	0.949
1387	offices	52567	0.521	1	1	0.94
1388	hid	52578	0.521	1	1	0.94
1389	estate	157763	1.564	3	3	0.94
1390	excuse	52632	0.522	1	1	0.938
1391	pride	105444	1.046	2	2	0.936
1392	cap	211323	2.095	4	3	0.933
1393	faithful	159195	1.578	3	3	0.926
1394	Secondly	160056	1.587	3	3	0.919
1395	usually	53352	0.529	1	1	0.919
1396	falls	53591	0.531	1	1	0.912
1397	hath	1823449	18.08	34	27	0.911
1398	break	107397	1.065	2	2	0.909
1399	live	322774	3.2	6	6	0.907
1400	manifest	107661	1.068	2	2	0.906
1401	conversation	53957	0.535	1	1	0.902
1402	Heir	53990	0.535	1	1	0.902
1403	virgin	54072	0.536	1	1	0.899
1404	O	541781	5.372	10	8	0.897
1405	sheweth	54422	0.54	1	1	0.89
1406	dear	109293	1.084	2	2	0.884
1407	Paris	54729	0.543	1	1	0.882
1408	lust	54865	0.544	1	1	0.878
1409	willingly	54908	0.544	1	1	0.877
1410	prove	220093	2.182	4	4	0.874
1411	meaning	110075	1.091	2	2	0.874
1412	whereby	220196	2.183	4	3	0.873
1413	better	443737	4.4	8	6	0.863
1414	Once	277740	2.754	5	5	0.861
1415	ordinance	55547	0.551	1	1	0.86
1416	departed	55560	0.551	1	1	0.86
1417	walk	111166	1.102	2	2	0.86
1418	sore	55646	0.552	1	1	0.858
1419	void	55647	0.552	1	1	0.858
1420	singular	56003	0.555	1	1	0.849
1421	troubles	56110	0.556	1	1	0.846
1422	gone	112323	1.114	2	2	0.845
1423	now	1519152	15.062	27	19	0.842
1424	iniquity	56296	0.558	1	1	0.841
1425	mountains	56383	0.559	1	1	0.839
1426	hard	169293	1.679	3	3	0.838
1427	earth	451529	4.477	8	7	0.837
1428	caused	113016	1.121	2	2	0.836
1429	Mass	56555	0.561	1	1	0.835
1430	whatsoever	170245	1.688	3	3	0.83
1431	lived	113584	1.126	2	2	0.829
1432	swear	56939	0.565	1	1	0.825
1433	&	2737777	27.145	48	35	0.822
1434	master	228418	2.265	4	4	0.821
1435	humour	57193	0.567	1	1	0.818
1436	apply	57357	0.569	1	1	0.814
1437	folly	57369	0.569	1	1	0.814
1438	convenient	57866	0.574	1	1	0.802
1439	members	116122	1.151	2	2	0.797
1440	sudden	58065	0.576	1	1	0.797
1441	house	407406	4.039	7	6	0.793
1442	Queen	174640	1.732	3	3	0.793
1443	keeping	58223	0.577	1	1	0.793
1444	remember	116819	1.158	2	2	0.788
1445	giving	117136	1.161	2	2	0.784
1446	paid	58812	0.583	1	1	0.778
1447	judgment	235552	2.336	4	4	0.776
1448	wait	59233	0.587	1	1	0.768
1449	down	533657	5.291	9	7	0.766
1450	condemn	59378	0.589	1	1	0.764
1451	John	415725	4.122	7	5	0.764
1452	ben	59507	0.59	1	1	0.761
1453	daily	119047	1.18	2	2	0.761
1454	term	59683	0.592	1	1	0.757
1455	allowed	59743	0.592	1	1	0.755
1456	2.	358494	3.555	6	4	0.755
1457	signify	59908	0.594	1	1	0.751
1458	supper	60000	0.595	1	1	0.749
1459	:	8018849	79.507	133	76	0.742
1460	indeed	301803	2.992	5	5	0.741
1461	hardly	60401	0.599	1	1	0.74
1462	mortal	60563	0.601	1	1	0.736
1463	breath	60807	0.603	1	1	0.73
1464	hold	243646	2.416	4	4	0.727
1465	change	122021	1.21	2	2	0.725
1466	wicked	246712	2.446	4	4	0.709
1467	With	6743369	66.861	109	64	0.705
1468	want	185706	1.841	3	3	0.704
1469	understand	185715	1.841	3	2	0.704
1470	changed	62232	0.617	1	1	0.697
1471	except	124877	1.238	2	2	0.692
1472	Repent	62610	0.621	1	1	0.688
1473	value	62647	0.621	1	1	0.687
1474	deed	62715	0.622	1	1	0.685
1475	amongst	251926	2.498	4	4	0.679
1476	away	504942	5.007	8	5	0.676
1477	trust	126242	1.252	2	2	0.676
1478	baptised	63273	0.627	1	1	0.673
1479	youth	63555	0.63	1	1	0.666
1480	Nor	1146191	11.365	18	13	0.663
1481	clean	63893	0.634	1	1	0.659
1482	Alexander	64017	0.635	1	1	0.656
1483	gives	192161	1.905	3	3	0.655
1484	taught	128541	1.275	2	2	0.65
1485	Then	2700348	26.774	42	28	0.65
1486	door	64326	0.638	1	1	0.649
1487	g	64551	0.64	1	1	0.644
1488	haste	258415	2.562	4	4	0.643
1489	truly	193999	1.924	3	3	0.641
1490	confirmed	64726	0.642	1	1	0.64
1491	avoid	65191	0.646	1	1	0.63
1492	seed	130549	1.294	2	2	0.628
1493	standing	65368	0.648	1	1	0.626
1494	innocent	65570	0.65	1	1	0.621
1495	affirm	65605	0.651	1	1	0.62
1496	Gentleman	66021	0.655	1	1	0.611
1497	errors	66120	0.656	1	1	0.609
1498	went	264770	2.625	4	4	0.608
1499	of	39170514	388.377	591	152	0.606
1500	gathered	66412	0.659	1	1	0.603
1501	simple	66612	0.661	1	1	0.598
1502	applied	67388	0.668	1	1	0.582
1503	Clergy	67422	0.669	1	1	0.581
1504	miserable	67471	0.669	1	1	0.58
1505	age	202681	2.01	3	3	0.578
1506	observe	135204	1.341	2	2	0.577
1507	chap	271060	2.688	4	3	0.574
1508	satisfied	67883	0.673	1	1	0.571
1509	is	12301699	121.972	181	68	0.569
1510	twelve	68218	0.676	1	1	0.564
1511	remedy	68365	0.678	1	1	0.561
1512	throne	68392	0.678	1	1	0.56
1513	mary	68927	0.683	1	1	0.549
1514	six	138046	1.369	2	2	0.547
1515	partly	69033	0.685	1	1	0.547
1516	lawful	138238	1.371	2	2	0.545
1517	church	1175787	11.658	17	11	0.544
1518	appeared	69228	0.686	1	1	0.543
1519	friend	138523	1.374	2	1	0.542
1520	tender	69450	0.689	1	1	0.538
1521	)	3126749	31.002	45	33	0.538
1522	sons	139530	1.383	2	2	0.532
1523	5.	210462	2.087	3	2	0.524
1524	's	1833403	18.178	26	20	0.516
1525	stones	70601	0.7	1	1	0.515
1526	created	70624	0.7	1	1	0.514
1527	hundred	212307	2.105	3	2	0.511
1528	thy	1346327	13.349	19	10	0.509
1529	thinks	71088	0.705	1	1	0.505
1530	following	142882	1.417	2	2	0.497
1531	the	59190422	586.875	828	190	0.497
1532	d	143450	1.422	2	1	0.492
1533	wickedness	71915	0.713	1	1	0.488
1534	upon	2522161	25.007	35	27	0.485
1535	Free	216340	2.145	3	2	0.484
1536	toward	72140	0.715	1	1	0.483
1537	forward	72541	0.719	1	1	0.476
1538	met	72645	0.72	1	1	0.473
1539	shall	2624249	26.02	36	24	0.468
1540	behind	73039	0.724	1	1	0.466
1541	c	292350	2.899	4	3	0.465
1542	kingdoms	73313	0.727	1	1	0.46
1543	became	73544	0.729	1	1	0.456
1544	Albeit	73943	0.733	1	1	0.448
1545	wilt	74391	0.738	1	1	0.439
1546	!	371996	3.688	5	2	0.439
1547	require	74426	0.738	1	1	0.439
1548	performed	74489	0.739	1	1	0.437
1549	ruin	74606	0.74	1	1	0.435
1550	up	1119358	11.099	15	12	0.435
1551	Angel	74694	0.741	1	1	0.433
1552	false	224466	2.226	3	3	0.431
1553	get	149760	1.485	2	1	0.43
1554	Commands	74993	0.744	1	1	0.427
1555	matters	150676	1.494	2	2	0.421
1556	many	1356675	13.452	18	13	0.42
1557	deep	75511	0.749	1	1	0.418
1558	impossible	75536	0.749	1	1	0.417
1559	quality	75538	0.749	1	1	0.417
1560	even	607522	6.024	8	7	0.409
1561	hereafter	76216	0.756	1	1	0.404
1562	figure	76261	0.756	1	1	0.403
1563	wish	76763	0.761	1	1	0.394
1564	(	3147389	31.207	41	27	0.394
1565	because	1157094	11.473	15	12	0.387
1566	besides	231481	2.295	3	3	0.386
1567	plain	154580	1.533	2	2	0.384
1568	8.	154636	1.533	2	2	0.383
1569	28	77934	0.773	1	1	0.372
1570	memory	78094	0.774	1	1	0.369
1571	birth	78181	0.775	1	1	0.367
1572	gain	78199	0.775	1	1	0.367
1573	whom	782727	7.761	10	8	0.366
1574	loved	78391	0.777	1	1	0.364
1575	Peter	156920	1.556	2	2	0.362
1576	brought	394377	3.91	5	4	0.355
1577	whereupon	78977	0.783	1	1	0.353
1578	self	948089	9.4	12	12	0.352
1579	Nay	158341	1.57	2	2	0.349
1580	until	158797	1.575	2	2	0.345
1581	signifies	79472	0.788	1	1	0.344
1582	lay	238823	2.368	3	3	0.341
1583	your	2073026	20.554	26	19	0.339
1584	spiritual	239256	2.372	3	3	0.339
1585	taken	481305	4.772	6	6	0.33
1586	castle	80430	0.798	1	1	0.326
1587	defend	80482	0.798	1	1	0.326
1588	let	968524	9.603	12	12	0.321
1589	S.	403850	4.004	5	5	0.32
1590	that	17465266	173.169	216	110	0.319
1591	profession	81244	0.806	1	1	0.312
1592	knew	162531	1.612	2	2	0.312
1593	late	162556	1.612	2	2	0.311
1594	mean	244094	2.42	3	3	0.31
1595	Knight	81427	0.807	1	1	0.309
1596	son	570683	5.658	7	6	0.307
1597	thither	82005	0.813	1	1	0.298
1598	lost	164242	1.629	2	2	0.296
1599	4.	246979	2.449	3	3	0.293
1600	living	166437	1.65	2	2	0.277
1601	ministry	83246	0.825	1	1	0.277
1602	lead	83367	0.827	1	1	0.275
1603	made	1503973	14.912	18	15	0.272
1604	Each	252025	2.499	3	3	0.264
1605	worthy	168026	1.666	2	2	0.264
1606	grief	84127	0.834	1	1	0.262
1607	Realm	84195	0.835	1	1	0.26
1608	did	1515759	15.029	18	16	0.26
1609	Verse	254782	2.526	3	2	0.248
1610	III	85132	0.844	1	1	0.245
1611	yield	85483	0.848	1	1	0.239
1612	deal	85541	0.848	1	1	0.238
1613	known	257669	2.555	3	3	0.232
1614	destroy	86113	0.854	1	1	0.228
1615	joined	86338	0.856	1	1	0.224
1616	,	97296499	964.698	1124	251	0.22
1617	though	1040761	10.319	12	9	0.218
1618	named	86879	0.861	1	1	0.215
1619	under	696455	6.905	8	5	0.212
1620	Disciples	87362	0.866	1	1	0.207
1621	terms	88303	0.876	1	1	0.192
1622	return	177443	1.759	2	2	0.185
1623	must	1333555	13.222	15	12	0.182
1624	and	37698224	373.779	424	164	0.182
1625	original	88923	0.882	1	1	0.182
1626	go	533648	5.291	6	5	0.181
1627	therein	178975	1.775	2	2	0.173
1628	There	2595192	25.731	29	25	0.173
1629	also	1433690	14.215	16	14	0.171
1630	wrought	89617	0.889	1	1	0.17
1631	number	269531	2.672	3	2	0.167
1632	Empire	90491	0.897	1	1	0.156
1633	sayeth	633645	6.283	7	7	0.156
1634	where	1086411	10.772	12	10	0.156
1635	lib.	181181	1.796	2	2	0.155
1636	you	3714542	36.83	41	29	0.155
1637	face	181454	1.799	2	2	0.153
1638	thirdly	90751	0.9	1	1	0.152
1639	say	1089806	10.806	12	11	0.151
1640	black	90820	0.901	1	1	0.151
1641	sum	91719	0.909	1	1	0.137
1642	surely	92689	0.919	1	1	0.122
1643	sir	371184	3.68	4	4	0.12
1644	lands	92853	0.921	1	1	0.119
1645	Heads	93035	0.922	1	1	0.117
1646	love	838220	8.311	9	6	0.115
1647	still	373001	3.698	4	4	0.113
1648	Saint	186918	1.853	2	2	0.11
1649	Duke	187759	1.862	2	2	0.103
1650	money	188212	1.866	2	1	0.1
1651	marriage	94195	0.934	1	1	0.099
1652	had	2740575	27.173	29	21	0.094
1653	hot	94567	0.938	1	1	0.093
1654	said	1514302	15.014	16	15	0.092
1655	Object	94992	0.942	1	1	0.087
1656	devil	190658	1.89	2	2	0.081
1657	suffer	191145	1.895	2	2	0.078
1658	were	2871299	28.469	30	21	0.076
1659	none	383245	3.8	4	4	0.074
1660	&c	479189	4.751	5	5	0.074
1661	doth	963309	9.551	10	10	0.066
1662	lies	96467	0.957	1	1	0.064
1663	children	387096	3.838	4	4	0.06
1664	leaves	96805	0.96	1	1	0.059
1665	resolved	96934	0.961	1	1	0.057
1666	some	1845849	18.302	19	17	0.054
1667	or	6140246	60.881	63	46	0.049
1668	something	97686	0.969	1	1	0.046
1669	commonly	97748	0.969	1	1	0.045
1670	fast	97823	0.97	1	1	0.044
1671	&#x113;	491365	4.872	5	4	0.037
1672	continued	98376	0.975	1	1	0.036
1673	should	1871070	18.552	19	18	0.034
1674	thus	788750	7.821	8	8	0.033
1675	serve	198842	1.972	2	2	0.021
1676	loss	99713	0.989	1	1	0.016
1677	suffered	100182	0.993	1	1	0.01
1678	raised	100276	0.994	1	1	0.008
1679	greatest	200955	1.993	2	2	0.005
1680	do	2417629	23.971	24	23	0.002
1681	take	907131	8.994	9	9	0.001
1682	colour	100836	1	1	1	0
1683	fortune	101130	1.003	1	1	-0.004
1684	v.	202373	2.007	2	2	-0.005
1685	but	6983890	69.246	69	44	-0.005
1686	Catholic	101512	1.007	1	1	-0.009
1687	one	2538275	25.167	25	21	-0.01
1688	proceed	101566	1.007	1	1	-0.01
1689	content	101607	1.007	1	1	-0.011
1690	ought	406522	4.031	4	4	-0.011
1691	express	101655	1.008	1	1	-0.011
1692	Job	101876	1.01	1	1	-0.014
1693	have	4691254	46.514	46	31	-0.016
1694	would	1733888	17.192	17	15	-0.016
1695	fair	204535	2.028	2	2	-0.02
1696	on	1948583	19.32	19	16	-0.024
1697	feet	102703	1.018	1	1	-0.026
1698	testimony	102732	1.019	1	1	-0.027
1699	oath	102906	1.02	1	1	-0.029
1700	.	39047260	387.155	379	138	-0.031
1701	holiness	103065	1.022	1	1	-0.031
1702	wholly	103124	1.023	1	1	-0.032
1703	Pro	103839	1.03	1	1	-0.042
1704	consider	208021	2.063	2	2	-0.044
1705	their	5435041	53.889	52	27	-0.051
1706	charity	104646	1.038	1	1	-0.053
1707	which	6940930	68.82	66	46	-0.06
1708	out	1686345	16.72	16	15	-0.064
1709	fight	105643	1.048	1	1	-0.067
1710	3.	318523	3.158	3	2	-0.074
1711	declared	106222	1.053	1	1	-0.075
1712	least	319491	3.168	3	3	-0.079
1713	case	319514	3.168	3	2	-0.079
1714	21	106558	1.057	1	1	-0.079
1715	blood	426566	4.229	4	4	-0.08
1716	years	427133	4.235	4	4	-0.082
1717	13.	106799	1.059	1	1	-0.083
1718	add	106899	1.06	1	1	-0.084
1719	special	107206	1.063	1	1	-0.088
1720	neither	537051	5.325	5	5	-0.091
1721	public	215912	2.141	2	2	-0.098
1722	carry	108052	1.071	1	1	-0.099
1723	somewhat	108061	1.071	1	1	-0.099
1724	secret	108173	1.073	1	1	-0.101
1725	desired	108540	1.076	1	1	-0.106
1726	error	108610	1.077	1	1	-0.107
1727	be	9896153	98.121	90	63	-0.125
1728	for	9369441	92.898	85	45	-0.128
1729	about	661900	6.563	6	6	-0.129
1730	wherein	332751	3.299	3	3	-0.137
1731	does	222564	2.207	2	2	-0.142
1732	Against	1339213	13.278	12	9	-0.146
1733	Court	223217	2.213	2	2	-0.146
1734	Prophets	111696	1.108	1	1	-0.147
1735	equal	111972	1.11	1	1	-0.151
1736	note	111981	1.11	1	1	-0.151
1737	R.	112114	1.112	1	1	-0.153
1738	less	337828	3.35	3	3	-0.159
1739	ordinary	113361	1.124	1	1	-0.169
1740	sometimes	226924	2.25	2	2	-0.17
1741	Sacrament	113613	1.127	1	1	-0.172
1742	wrath	113648	1.127	1	1	-0.172
1743	long	571124	5.663	5	4	-0.18
1744	often	229358	2.274	2	2	-0.185
1745	cast	229673	2.277	2	2	-0.187
1746	his	9217642	91.393	80	52	-0.192
1747	11.	115752	1.148	1	1	-0.199
1748	who	2315377	22.957	20	17	-0.199
1749	not	8929558	88.537	77	53	-0.201
1750	he	9215356	91.371	78	53	-0.228
1751	follows	118360	1.174	1	1	-0.231
1752	set	595126	5.901	5	5	-0.239
1753	no	2739631	27.164	23	21	-0.24
1754	19	119133	1.181	1	1	-0.24
1755	consent	119423	1.184	1	1	-0.244
1756	cold	119553	1.185	1	1	-0.245
1757	makes	359288	3.562	3	3	-0.248
1758	send	120341	1.193	1	1	-0.255
1759	wise	241600	2.396	2	2	-0.26
1760	further	242781	2.407	2	2	-0.267
1761	took	243304	2.412	2	2	-0.27
1762	therefore	1231317	12.209	10	9	-0.288
1763	when	2343068	23.232	19	18	-0.29
1764	past	123448	1.224	1	1	-0.292
1765	priest	123560	1.225	1	1	-0.293
1766	certain	370843	3.677	3	3	-0.294
1767	as	9292085	92.131	75	48	-0.297
1768	oh	126299	1.252	1	1	-0.325
1769	among	379416	3.762	3	3	-0.326
1770	If	3293480	32.655	26	21	-0.329
1771	enemies	253975	2.518	2	2	-0.332
1772	betwixt	127079	1.26	1	1	-0.333
1773	tell	255280	2.531	2	2	-0.34
1774	carried	127788	1.267	1	1	-0.341
1775	confess	127821	1.267	1	1	-0.342
1776	Gods	640962	6.355	5	5	-0.346
1777	&#x101;	258515	2.563	2	2	-0.358
1778	doing	129395	1.283	1	1	-0.36
1779	pleased	129448	1.284	1	1	-0.36
1780	never	778679	7.721	6	6	-0.364
1781	French	130315	1.292	1	1	-0.37
1782	ten	130362	1.293	1	1	-0.37
1783	former	261116	2.589	2	2	-0.372
1784	rather	393402	3.901	3	3	-0.379
1785	days	393520	3.902	3	3	-0.379
1786	my	2492426	24.713	19	12	-0.379
1787	mark	131282	1.302	1	1	-0.38
1788	they	6960305	69.012	53	37	-0.381
1789	times	394191	3.908	3	3	-0.382
1790	Earl	132012	1.309	1	1	-0.388
1791	leave	264688	2.624	2	2	-0.392
1792	at	3182175	31.551	24	18	-0.395
1793	Chapter	132959	1.318	1	1	-0.399
1794	prophet	133904	1.328	1	1	-0.409
1795	10.	134546	1.334	1	1	-0.416
1796	run	134767	1.336	1	1	-0.418
1797	draw	134904	1.338	1	1	-0.42
1798	to	27864128	276.274	206	95	-0.423
1799	godly	135636	1.345	1	1	-0.427
1800	read	271950	2.696	2	2	-0.431
1801	will	2993503	29.681	22	20	-0.432
1802	horse	136110	1.35	1	1	-0.432
1803	brethren	136332	1.352	1	1	-0.435
1804	held	136444	1.353	1	1	-0.436
1805	been	1095200	10.859	8	7	-0.441
1806	argument	136912	1.358	1	1	-0.441
1807	forth	410791	4.073	3	3	-0.441
1808	well	1096551	10.872	8	8	-0.443
1809	see	961542	9.534	7	6	-0.446
1810	since	412107	4.086	3	3	-0.446
1811	I	6187300	61.347	45	28	-0.447
1812	in	20011385	198.414	145	85	-0.452
1813	how	1244740	12.342	9	8	-0.456
1814	strange	139257	1.381	1	1	-0.465
1815	used	278736	2.764	2	2	-0.467
1816	Ghost	139834	1.387	1	1	-0.471
1817	crown	140652	1.395	1	1	-0.48
1818	else	281410	2.79	2	2	-0.48
1819	si	141064	1.399	1	1	-0.484
1820	thine	141265	1.401	1	1	-0.486
1821	after	1272516	12.617	9	8	-0.487
1822	can	1982819	19.66	14	14	-0.49
1823	appears	142173	1.41	1	1	-0.495
1824	most	1280269	12.694	9	9	-0.496
1825	end	571167	5.663	4	4	-0.502
1826	was	5179337	51.353	36	28	-0.512
1827	home	144093	1.429	1	1	-0.515
1828	HEre	866663	8.593	6	6	-0.518
1829	knows	144623	1.434	1	1	-0.52
1830	eat	145185	1.44	1	1	-0.526
1831	by	7416468	73.535	51	28	-0.528
1832	This	6548918	64.933	45	35	-0.529
1833	LONDON	146866	1.456	1	1	-0.542
1834	are	5017099	49.745	34	28	-0.549
1835	child	148012	1.468	1	1	-0.553
1836	delivered	148308	1.471	1	1	-0.556
1837	Notwithstanding	148685	1.474	1	1	-0.56
1838	taking	148788	1.475	1	1	-0.561
1839	16	148850	1.476	1	1	-0.562
1840	book	299396	2.969	2	1	-0.57
1841	necessity	150548	1.493	1	1	-0.578
1842	such	2262212	22.43	15	13	-0.58
1843	shalt	151151	1.499	1	1	-0.584
1844	labour	151222	1.499	1	1	-0.584
1845	all	5908829	58.586	39	30	-0.587
1846	easily	151870	1.506	1	1	-0.591
1847	6	304045	3.015	2	2	-0.592
1848	behold	152112	1.508	1	1	-0.593
1849	Yet	1835928	18.203	12	12	-0.601
1850	speaks	153099	1.518	1	1	-0.602
1851	unless	154621	1.533	1	1	-0.616
1852	five	154870	1.536	1	1	-0.619
1853	15	154905	1.536	1	1	-0.619
1854	excellent	155285	1.54	1	1	-0.623
1855	world	932868	9.249	6	5	-0.624
1856	bread	156950	1.556	1	1	-0.638
1857	into	1727535	17.129	11	10	-0.639
1858	already	157133	1.558	1	1	-0.64
1859	hand	471988	4.68	3	3	-0.641
1860	me	1731164	17.165	11	9	-0.642
1861	Christs	158654	1.573	1	1	-0.654
1862	came	478712	4.746	3	3	-0.662
1863	has	321926	3.192	2	2	-0.674
1864	words	643917	6.385	4	4	-0.675
1865	back	161359	1.6	1	1	-0.678
1866	off	323311	3.206	2	2	-0.681
1867	ever	652700	6.472	4	4	-0.694
1868	given	491070	4.869	3	3	-0.699
1869	due	164838	1.634	1	1	-0.709
1870	come	1165618	11.557	7	6	-0.723
1871	very	1174247	11.643	7	7	-0.734
1872	Scriptures	168254	1.668	1	1	-0.738
1873	doubt	169037	1.676	1	1	-0.745
1874	whereas	170273	1.688	1	1	-0.756
1875	;	9536348	94.553	56	36	-0.756
1876	young	171502	1.7	1	1	-0.766
1877	Wit	172149	1.707	1	1	-0.771
1878	arms	173309	1.718	1	1	-0.781
1879	sight	174034	1.726	1	1	-0.787
1880	show	349122	3.462	2	2	-0.791
1881	parts	350458	3.475	2	2	-0.797
1882	Rom.	175535	1.74	1	1	-0.799
1883	English	176398	1.749	1	1	-0.807
1884	Obedience	177681	1.762	1	1	-0.817
1885	before	1422340	14.103	8	8	-0.818
1886	him	4270811	42.345	24	19	-0.819
1887	11	177974	1.765	1	1	-0.819
1888	charge	178431	1.769	1	1	-0.823
1889	Bishops	179221	1.777	1	1	-0.829
1890	chief	180904	1.794	1	1	-0.843
1891	sins	361871	3.588	2	2	-0.843
1892	qui	180997	1.795	1	1	-0.844
1893	mans	181090	1.796	1	1	-0.844
1894	thee	728077	7.219	4	4	-0.852
1895	promise	182124	1.806	1	1	-0.853
1896	strong	182777	1.812	1	1	-0.858
1897	know	736780	7.305	4	4	-0.869
1898	those	1667771	16.536	9	8	-0.878
1899	two	926661	9.188	5	5	-0.878
1900	heart	559805	5.551	3	3	-0.888
1901	true	751380	7.45	4	4	-0.897
1902	second	377815	3.746	2	1	-0.905
1903	friends	189996	1.884	1	1	-0.914
1904	themselves	761621	7.552	4	3	-0.917
1905	alone	190842	1.892	1	1	-0.92
1906	saw	191431	1.898	1	1	-0.924
1907	present	383135	3.799	2	2	-0.926
1908	learned	191725	1.901	1	1	-0.927
1909	6.	191822	1.902	1	1	-0.927
1910	righteousness	192253	1.906	1	1	-0.931
1911	ways	194504	1.929	1	1	-0.947
1912	2	973176	9.649	5	5	-0.948
1913	cause	585252	5.803	3	3	-0.952
1914	making	195439	1.938	1	1	-0.954
1915	12	195478	1.938	1	1	-0.955
1916	being	1764433	17.494	9	8	-0.959
1917	bear	196568	1.949	1	1	-0.963
1918	quod	196567	1.949	1	1	-0.963
1919	man	1972758	19.56	10	10	-0.968
1920	these	1985969	19.691	10	9	-0.978
1921	few	199429	1.977	1	1	-0.984
1922	et	199777	1.981	1	1	-0.986
1923	put	607656	6.025	3	1	-1.006
1924	coming	203089	2.014	1	1	-1.01
1925	Cor.	203716	2.02	1	1	-1.014
1926	La	204980	2.032	1	1	-1.023
1927	subject	206440	2.047	1	1	-1.033
1928	worship	206782	2.05	1	1	-1.036
1929	9	208082	2.063	1	1	-1.045
1930	little	624322	6.19	3	2	-1.045
1931	again	627628	6.223	3	3	-1.053
1932	first	1465032	14.526	7	6	-1.053
1933	own	1256418	12.457	6	5	-1.054
1934	Emperor	209536	2.078	1	1	-1.055
1935	divers	210634	2.088	1	1	-1.062
1936	what	2320680	23.01	11	9	-1.065
1937	found	426408	4.228	2	2	-1.08
1938	Nothing	640275	6.348	3	3	-1.081
1939	himself	1068396	10.593	5	4	-1.083
1940	fathers	213875	2.121	1	1	-1.084
1941	matter	427808	4.242	2	2	-1.085
1942	point	214098	2.123	1	1	-1.086
1943	so	5366625	53.21	25	21	-1.09
1944	likewise	215998	2.142	1	1	-1.099
1945	opinion	217543	2.157	1	1	-1.109
1946	sure	217623	2.158	1	1	-1.109
1947	whether	435425	4.317	2	2	-1.11
1948	From	3924250	38.909	18	17	-1.112
1949	christians	219658	2.178	1	1	-1.123
1950	help	220081	2.182	1	1	-1.126
1951	only	1544540	15.314	7	5	-1.129
1952	especially	220705	2.188	1	1	-1.13
1953	reason	664880	6.592	3	3	-1.136
1954	together	444738	4.41	2	2	-1.141
1955	care	224334	2.224	1	1	-1.153
1956	heard	225126	2.232	1	1	-1.158
1957	last	450430	4.466	2	2	-1.159
1958	more	2262327	22.431	10	9	-1.166
1959	government	226390	2.245	1	1	-1.167
1960	/	905998	8.983	4	2	-1.167
1961	respect	229329	2.274	1	1	-1.185
1962	near	232787	2.308	1	1	-1.207
1963	&#x16b;	232932	2.31	1	1	-1.208
1964	three	474878	4.708	2	2	-1.235
1965	law	712338	7.063	3	3	-1.235
1966	virtue	240899	2.389	1	1	-1.256
1967	8	242055	2.4	1	1	-1.263
1968	Pray	242183	2.401	1	1	-1.264
1969	sin	729699	7.235	3	2	-1.27
1970	both	976138	9.678	4	4	-1.275
1971	small	246878	2.448	1	1	-1.291
1972	side	250068	2.479	1	1	-1.31
1973	give	758276	7.518	3	3	-1.325
1974	four	252980	2.508	1	1	-1.327
1975	we	4105074	40.702	16	13	-1.347
1976	too	521045	5.166	2	1	-1.369
1977	every	1057014	10.48	4	4	-1.39
1978	laws	264682	2.624	1	1	-1.392
1979	whole	534092	5.296	2	2	-1.405
1980	unto	1880305	18.643	7	7	-1.413
1981	hear	273421	2.711	1	1	-1.439
1982	ye	825703	8.187	3	3	-1.448
1983	part	827721	8.207	3	3	-1.452
1984	either	552589	5.479	2	2	-1.454
1985	flesh	279311	2.769	1	1	-1.47
1986	[	280684	2.783	1	1	-1.477
1987	just	281045	2.787	1	1	-1.479
1988	high	281250	2.789	1	1	-1.48
1989	greater	281340	2.79	1	1	-1.48
1990	knowledge	282458	2.801	1	1	-1.486
1991	left	284479	2.821	1	1	-1.496
1992	Die	284558	2.821	1	1	-1.496
1993	3	571164	5.663	2	2	-1.502
1994	it	11231693	111.363	38	29	-1.551
1995	may	2661871	26.393	9	7	-1.552
1996	c.	296045	2.935	1	1	-1.554
1997	&c.	299097	2.966	1	1	-1.568
1998	while	300747	2.982	1	1	-1.576
1999	use	603174	5.981	2	2	-1.58
2000	Christian	303553	3.01	1	1	-1.59
2001	always	304181	3.016	1	1	-1.593
2002	says	304429	3.018	1	1	-1.594
2003	doctrine	304623	3.02	1	1	-1.595
2004	several	304872	3.023	1	1	-1.596
2005	desire	306364	3.038	1	1	-1.603
2006	land	307074	3.045	1	1	-1.606
2007	England	309285	3.067	1	1	-1.617
2008	Christ	1858951	18.432	6	6	-1.619
2009	than	940786	9.328	3	3	-1.637
2010	same	1256120	12.455	4	4	-1.639
2011	might	949632	9.416	3	3	-1.65
2012	hands	327530	3.248	1	1	-1.699
2013	state	329799	3.27	1	1	-1.709
2014	general	331599	3.288	1	1	-1.717
2015	5	338721	3.358	1	1	-1.748
2016	another	682313	6.765	2	2	-1.758
2017	full	343239	3.403	1	1	-1.767
2018	sent	348162	3.452	1	1	-1.787
2019	any	2444028	24.233	7	7	-1.792
2020	holy	701649	6.957	2	2	-1.798
2021	year	352165	3.492	1	1	-1.804
2022	thought	352735	3.497	1	1	-1.806
2023	within	355110	3.521	1	1	-1.816
2024	selves	358503	3.555	1	1	-1.83
2025	Non	359411	3.564	1	1	-1.833
2026	1	1451762	14.394	4	4	-1.847
2027	believe	363239	3.602	1	1	-1.849
2028	Lord	1459090	14.467	4	3	-1.855
2029	Person	366738	3.636	1	1	-1.862
2030	men	1835942	18.203	5	5	-1.864
2031	peace	369451	3.663	1	1	-1.873
2032	them	4855982	48.147	13	9	-1.889
2033	honour	374182	3.71	1	1	-1.891
2034	speak	374513	3.713	1	1	-1.893
2035	word	751485	7.451	2	2	-1.897
2036	persons	384539	3.813	1	1	-1.931
2037	est	394171	3.908	1	1	-1.967
2038	means	397591	3.942	1	1	-1.979
2039	good	1608969	15.953	4	4	-1.996
2040	de	804522	7.977	2	2	-1.996
2041	place	808630	8.018	2	2	-2.003
2042	fear	406154	4.027	1	1	-2.01
2043	religion	406309	4.029	1	1	-2.01
2044	our	3333885	33.056	8	7	-2.047
2045	other	2103223	20.854	5	5	-2.06
2046	work	425644	4.22	1	1	-2.077
2047	]	429805	4.262	1	1	-2.091
2048	4	434750	4.311	1	1	-2.108
2049	new	447014	4.432	1	1	-2.148
2050	thereof	458302	4.544	1	1	-2.184
2051	manner	467036	4.631	1	1	-2.211
2052	life	948809	9.408	2	2	-2.234
2053	time	1426900	14.148	3	3	-2.238
2054	much	1448309	14.36	3	3	-2.259
2055	through	491298	4.871	1	1	-2.284
2056	heaven	503504	4.992	1	1	-2.32
2057	am	509469	5.051	1	1	-2.337
2058	Grace	516661	5.123	1	1	-2.357
2059	think	539870	5.353	1	1	-2.42
2060	over	545201	5.406	1	1	-2.434
2061	father	550491	5.458	1	1	-2.448
2062	us	2216337	21.975	4	3	-2.458
2063	soul	555660	5.509	1	1	-2.462
2064	having	579260	5.743	1	1	-2.522
2065	King	1308410	12.973	2	2	-2.697
2066	things	1357990	13.465	2	2	-2.751
2067	death	707920	7.019	1	1	-2.811
2068	body	712249	7.062	1	1	-2.82
2069	way	756236	7.498	1	1	-2.907
2070	faith	762492	7.56	1	1	-2.918
2071	power	776557	7.7	1	1	-2.945
2072	could	808277	8.014	1	1	-3.003
2073	day	864384	8.57	1	1	-3.099
2074	people	885047	8.775	1	1	-3.133
2075	thing	892670	8.851	1	1	-3.146
2076	Without	1089706	10.805	1	1	-3.434
2077	God	4174430	41.39	3	3	-3.786
2078	fagoot	1	0	1	1	n/a
2079	Cocatrise	5	0	1	1	n/a
2080	Shor-ditch	1	0	1	1	n/a
2081	murthreth	4	0	1	1	n/a
2082	Iumblers	1	0	1	1	n/a
2083	vrdgd	3	0	1	1	n/a
2084	cojur	1	0	1	1	n/a
2085	cowbaby	5	0	1	1	n/a
2086	Raynera	3	0	1	1	n/a
2087	rtieth	1	0	1	1	n/a
2088	Charatza	3	0	1	1	n/a
2089	wine-tauernes	5	0	1	1	n/a
2090	Ile-	1	0	1	1	n/a
2091	Shee-creatures	2	0	1	1	n/a
2092	crosbit	3	0	1	1	n/a
2093	onermatch	1	0	1	1	n/a
2094	godon'	1	0	1	1	n/a
2095	Cylleborus	3	0	1	1	n/a
2096	Paot	1	0	1	1	n/a
2097	townse-men	5	0	1	1	n/a
2098	bloud-desiring	3	0	1	1	n/a
2099	Bylons	3	0	1	1	n/a
2100	badrie	3	0	1	1	n/a
2101	entendedst	2	0	1	1	n/a
2102	fornycations	1	0	1	1	n/a
2103	Cachpe	2	0	1	1	n/a
2104	cocubines	4	0	1	1	n/a
2105	Greene-sicknes	4	0	1	1	n/a
2106	Penula-Scortea	1	0	1	1	n/a
2107	maships	4	0	1	1	n/a
2108	shame-lesse	2	0	1	1	n/a
2109	Ioyers	3	0	1	1	n/a
2110	desabled	1	0	1	1	n/a
2111	Periuriavidet	1	0	1	1	n/a
2112	ribbaldes	2	0	1	1	n/a
2113	vccide	5	0	1	1	n/a
2114	Babylous	4	0	1	1	n/a
2115	brothelly	2	0	1	1	n/a
2116	by'th'haire	1	0	1	1	n/a
2117	Chimny-sweepe	2	0	1	1	n/a
2118	Sillam.	3	0	1	1	n/a
2119	Worldly-Weale	1	0	1	1	n/a
2120	couloed	1	0	1	1	n/a
2121	th'outlandish	3	0	1	1	n/a
2122	espalls	1	0	1	1	n/a
2123	whoore-maister	1	0	1	1	n/a
2124	Ienocinating	1	0	1	1	n/a
2125	bunk	3	0	1	1	n/a
2126	Ahijch'	1	0	1	1	n/a
2127	Egiale	4	0	1	1	n/a
2128	filthine	5	0	1	1	n/a
2129	ro'ten	1	0	1	1	n/a
2130	gouernmenment	1	0	1	1	n/a
2131	Epillogus	1	0	1	1	n/a
2132	Cattilines	1	0	1	1	n/a
2133	aaut	3	0	1	1	n/a
2134	crosbitten	5	0	1	1	n/a
2135	atttired	1	0	1	1	n/a
