https://cqpweb.lancs.ac.uk/eebov3/concordance.php?pp=1&theData=%7Bwhore%2FN%7D&qmode=sq_nocase&del=begin%26t%3D-%7Cyear%7E1602%26t%3D-%7Cyear%7E1603%26t%3D-%7Cyear%7E1604%26t%3D-%7Cyear%7E1605%26t%3D-%7Cyear%7E1606%26t%3D-%7Cyear%7E1607%26t%3D-%7Cyear%7E1608%26t%3D-%7Cyear%7E1609%26t%3D-%7Cyear%7E1610%26t%3D-%7Cyear%7E1611&del=end&uT=yThere are 2,205 different words in your collocation database for "[lemma="(whore)_SUBST"%c]". (Your query "{whore/N}", restricted to texts meeting criteria "<em>year</em>: <em>1602</em> or <em>1603</em> or <em>1604</em> or <em>1605</em> or <em>1606</em> or <em>1607</em> or <em>1608</em> or <em>1609</em> or <em>1610</em> or <em>1611</em>",  returned 1,252 matches in 307 different texts)  
__________________

No.	Word	Total no. in whole corpus	Expected collocate frequency	Observed collocate frequency	In no. of texts	Mutual information value

1	dedle	6	0	2	1	14.288
2	Strumpett	8	0	2	2	14.288
3	Bablyon	6	0	1	1	13.288
4	estreme	7	0	1	1	13.288
5	ale-house-haunter	7	0	1	1	13.288
6	crosbitten	5	0	1	1	13.288
7	Shpheards	6	0	1	1	13.288
8	blaspheamously	11	0	1	1	13.288
9	Mezell	13	0	1	1	13.288
10	plude	9	0	1	1	13.288
11	frsake	7	0	1	1	13.288
12	runk	13	0	1	1	13.288
13	panderly	13	0	1	1	13.288
14	Empoysoner	14	0	1	1	13.288
15	vccide	5	0	1	1	13.288
16	flexable	11	0	1	1	13.288
17	haunt'st	9	0	1	1	13.288
18	Cocatrise	5	0	1	1	13.288
19	dewell	14	0	1	1	13.288
20	townse-men	5	0	1	1	13.288
21	huir	7	0	1	1	13.288
22	cowbaby	5	0	1	1	13.288
23	successon	13	0	1	1	13.288
24	sniueling	11	0	1	1	13.288
25	permane	14	0	1	1	13.288
26	plaisure	6	0	1	1	13.288
27	Serberus	6	0	1	1	13.288
28	filthine	5	0	1	1	13.288
29	Padars	6	0	1	1	13.288
30	wil-worships	14	0	1	1	13.288
31	Smalshanke	8	0	1	1	13.288
32	brodell	12	0	1	1	13.288
33	runke	8	0	1	1	13.288
34	seauen-headed	11	0	1	1	13.288
35	cunnin	8	0	1	1	13.288
36	Bobylon	7	0	1	1	13.288
37	randy	6	0	1	1	13.288
38	rose-coloured	26	0	2	1	12.703
39	skerry	15	0	1	1	12.288
40	federacie	22	0	1	1	12.288
41	Pellices	23	0	1	1	12.288
42	mulieris.	19	0	1	1	12.288
43	Suppositarie	22	0	1	1	12.288
44	peregr.	22	0	1	1	12.288
45	Kiges	23	0	1	1	12.288
46	weekelie	20	0	1	1	12.288
47	madidos	23	0	1	1	12.288
48	Youl'	22	0	1	1	12.288
49	Baylon	15	0	1	1	12.288
50	hackster	40	0	2	1	12.288
51	Slud	21	0	1	1	12.288
52	make-shift	15	0	1	1	12.288
53	daned	16	0	1	1	12.288
54	gtten	18	0	1	1	12.288
55	45000.	17	0	1	1	12.288
56	coulered	41	0	2	1	12.288
57	Turnbull-street	15	0	1	1	12.288
58	Babilons	136	0.001	6	5	12.065
59	Fleire	52	0.001	2	1	11.966
60	Quintum.	25	0	1	1	11.703
61	iudicijs.	25	0	1	1	11.703
62	Burdello	27	0	1	1	11.703
63	purple-coloured	28	0	1	1	11.703
64	aisse	30	0	1	1	11.703
65	incentius	33	0	1	1	11.703
66	aperne	26	0	1	1	11.703
67	Lupae	33	0	1	1	11.703
68	fithy	27	0	1	1	11.703
69	mising	26	0	1	1	11.703
70	Apocalyp.	145	0.002	4	2	11.381
71	pope-holy	43	0	1	1	11.288
72	puncke	73	0.001	2	1	11.288
73	bordell	79	0.001	2	2	11.288
74	wheer	41	0	1	1	11.288
75	maisterfull	34	0	1	1	11.288
76	disases	34	0	1	1	11.288
77	strumpettes	35	0	1	1	11.288
78	Selene	73	0.001	2	2	11.288
79	arant	43	0	1	1	11.288
80	Dekker	41	0	1	1	11.288
81	Puncks	37	0	1	1	11.288
82	exlent	34	0	1	1	11.288
83	gong	44	0.001	1	1	10.966
84	Apocalips.	48	0.001	1	1	10.966
85	esily	48	0.001	1	1	10.966
86	Ansbertus	47	0.001	1	1	10.966
87	Madianite	47	0.001	1	1	10.966
88	plaing	46	0.001	1	1	10.966
89	petter	108	0.001	2	1	10.828
90	Babyl	270	0.003	5	4	10.802
91	Pandors	62	0.001	1	1	10.703
92	counterset	62	0.001	1	1	10.703
93	Sisse	54	0.001	1	1	10.703
94	buggerer	62	0.001	1	1	10.703
95	Barrowists	59	0.001	1	1	10.703
96	buggerie	67	0.001	1	1	10.48
97	catil.	69	0.001	1	1	10.48
98	bavin	65	0.001	1	1	10.48
99	yeerelie	68	0.001	1	1	10.48
100	baggages	131	0.001	2	1	10.48
101	Seriants	65	0.001	1	1	10.48
102	Babylons	987	0.01	13	6	10.302
103	Gosh	76	0.001	1	1	10.288
104	cullers	76	0.001	1	1	10.288
105	Th'appointed	73	0.001	1	1	10.288
106	sered	78	0.001	1	1	10.288
107	hugger-mugger	73	0.001	1	1	10.288
108	Geneura	88	0.001	1	1	10.118
109	scullery	86	0.001	1	1	10.118
110	Massepriests	86	0.001	1	1	10.118
111	boozing	83	0.001	1	1	10.118
112	wel-willers	90	0.001	1	1	10.118
113	fino	91	0.001	1	1	10.118
114	siteth	85	0.001	1	1	10.118
115	saes	92	0.001	1	1	9.966
116	PRIMVS	93	0.001	1	1	9.966
117	VVhores	100	0.001	1	1	9.966
118	Pursn	98	0.001	1	1	9.966
119	thalamos	100	0.001	1	1	9.966
120	ill-fauoured	95	0.001	1	1	9.966
121	Sthenelus	96	0.001	1	1	9.966
122	aureas	95	0.001	1	1	9.966
123	Canckred	98	0.001	1	1	9.966
124	17.4.	323	0.003	3	3	9.785
125	panders	464	0.005	4	3	9.703
126	Ballio	113	0.001	1	1	9.703
127	punck	117	0.001	1	1	9.703
128	uae	113	0.001	1	1	9.703
129	opprobrie	115	0.001	1	1	9.703
130	Marozia	115	0.001	1	1	9.703
131	Vlis	125	0.001	1	1	9.587
132	eitheir	127	0.001	1	1	9.587
133	sayre	123	0.001	1	1	9.587
134	17.16.	255	0.003	2	2	9.533
135	thed	132	0.001	1	1	9.48
136	Histriones	138	0.001	1	1	9.48
137	buggerers	139	0.001	1	1	9.48
138	atis.	130	0.001	1	1	9.48
139	Circean	135	0.001	1	1	9.48
140	vildest	131	0.001	1	1	9.48
141	likt	135	0.001	1	1	9.48
142	Roderike	133	0.001	1	1	9.48
143	Babil	279	0.003	2	2	9.43
144	fornications	1721	0.018	12	6	9.389
145	hugger	141	0.002	1	1	9.381
146	mugger	142	0.002	1	1	9.381
147	Babilon	5325	0.056	37	26	9.381
148	bawdery	144	0.002	1	1	9.381
149	sordide	146	0.002	1	1	9.381
150	arrant	1596	0.017	11	10	9.372
151	Lausanna	154	0.002	1	1	9.288
152	monger	153	0.002	1	1	9.288
153	sevennight	154	0.002	1	1	9.288
154	pandars	149	0.002	1	1	9.288
155	Bue	150	0.002	1	1	9.288
156	Niem	160	0.002	1	1	9.2
157	contributary	166	0.002	1	1	9.2
158	witche	162	0.002	1	1	9.2
159	approbatione	168	0.002	1	1	9.2
160	yare	338	0.004	2	1	9.158
161	Gond	175	0.002	1	1	9.118
162	ounds	171	0.002	1	1	9.118
163	Ede	538	0.006	3	1	9.065
164	bloodthirsty	180	0.002	1	1	9.04
165	forheads	179	0.002	1	1	9.04
166	Acca	183	0.002	1	1	9.04
167	Pree	182	0.002	1	1	9.04
168	Puritanicall	191	0.002	1	1	8.966
169	963	193	0.002	1	1	8.966
170	Apocal	191	0.002	1	1	8.966
171	Baud	767	0.008	4	3	8.966
172	merce	201	0.002	1	1	8.895
173	strumpet	3285	0.034	16	16	8.87
174	Babylon	38888	0.405	185	55	8.835
175	purpled	209	0.002	1	1	8.828
176	mongers	208	0.002	1	1	8.828
177	clips	211	0.002	1	1	8.828
178	Ilf	430	0.005	2	1	8.796
179	adulterio	230	0.002	1	1	8.703
180	Wolfish	230	0.002	1	1	8.703
181	bawds	1844	0.019	8	7	8.703
182	foeminine	226	0.002	1	1	8.703
183	drabs	244	0.003	1	1	8.644
184	selt	239	0.003	1	1	8.644
185	Agrip.	243	0.003	1	1	8.644
186	nick-names	242	0.003	1	1	8.644
187	23.27	248	0.003	1	1	8.587
188	noone-day	249	0.003	1	1	8.587
189	Grauesend	248	0.003	1	1	8.587
190	Gentle-woman	254	0.003	1	1	8.587
191	stews	2587	0.027	10	4	8.538
192	queans	255	0.003	1	1	8.533
193	shauelings	260	0.003	1	1	8.533
194	Innkeeper	262	0.003	1	1	8.533
195	fale	263	0.003	1	1	8.533
196	faythlesse	263	0.003	1	1	8.533
197	drab	524	0.006	2	2	8.506
198	citato.	269	0.003	1	1	8.48
199	Coronas	265	0.003	1	1	8.48
200	abhore	271	0.003	1	1	8.48
201	Pander	805	0.008	3	3	8.48
202	Babylone	276	0.003	1	1	8.43
203	subtler	285	0.003	1	1	8.381
204	Scolds	299	0.003	1	1	8.334
205	abuser	302	0.003	1	1	8.334
206	fornicati	293	0.003	1	1	8.334
207	overworn	297	0.003	1	1	8.334
208	unshamefast	294	0.003	1	1	8.334
209	sated	311	0.003	1	1	8.288
210	Laz	311	0.003	1	1	8.288
211	haie	303	0.003	1	1	8.288
212	Lecher	616	0.006	2	2	8.288
213	Charibdis	308	0.003	1	1	8.288
214	Wisbich	316	0.003	1	1	8.243
215	VVhore	326	0.003	1	1	8.2
216	Oli	338	0.004	1	1	8.158
217	annates	336	0.004	1	1	8.158
218	ACTVS	338	0.004	1	1	8.158
219	harlotry	335	0.004	1	1	8.158
220	whoremaster	337	0.004	1	1	8.158
221	vncleanesse	345	0.004	1	1	8.118
222	Ganimede	349	0.004	1	1	8.118
223	Kni	350	0.004	1	1	8.118
224	701	350	0.004	1	1	8.118
225	sheele	357	0.004	1	1	8.078
226	Lactant	358	0.004	1	1	8.078
227	Iuppiter	364	0.004	1	1	8.04
228	censureth	361	0.004	1	1	8.04
229	ruffian	735	0.008	2	2	8.021
230	besot	372	0.004	1	1	8.002
231	Sophy	771	0.008	2	2	7.966
232	675	388	0.004	1	1	7.966
233	cut-throat	392	0.004	1	1	7.93
234	Sabboths	392	0.004	1	1	7.93
235	Salust.	395	0.004	1	1	7.93
236	roughs	404	0.004	1	1	7.895
237	naue	401	0.004	1	1	7.895
238	courtesans	1216	0.013	3	3	7.884
239	Ganymede	424	0.004	1	1	7.828
240	Roane	421	0.004	1	1	7.828
241	Lax	844	0.009	2	1	7.828
242	Doncaster	418	0.004	1	1	7.828
243	323.	419	0.004	1	1	7.828
244	bedecked	435	0.005	1	1	7.796
245	ither	440	0.005	1	1	7.764
246	Cyp	449	0.005	1	1	7.733
247	15.10.	453	0.005	1	1	7.733
248	Theodora	1369	0.014	3	1	7.713
249	Apoc	918	0.01	2	2	7.703
250	al'	479	0.005	1	1	7.644
251	Dall	479	0.005	1	1	7.644
252	serving-men	493	0.005	1	1	7.615
253	Marcella	488	0.005	1	1	7.615
254	Electra	486	0.005	1	1	7.615
255	Curi	502	0.005	1	1	7.587
256	bereaving	503	0.005	1	1	7.587
257	practiser	504	0.005	1	1	7.587
258	domes	510	0.005	1	1	7.56
259	vniuersality	511	0.005	1	1	7.56
260	hee'le	522	0.005	1	1	7.533
261	Quic	517	0.005	1	1	7.533
262	Faemina	515	0.005	1	1	7.533
263	Colliers	516	0.005	1	1	7.533
264	Dol	1048	0.011	2	1	7.52
265	chalked	530	0.006	1	1	7.506
266	Benno	531	0.006	1	1	7.506
267	laud.	534	0.006	1	1	7.48
268	fiddlers	1087	0.011	2	2	7.468
269	Enchanters	544	0.006	1	1	7.455
270	Tinkers	545	0.006	1	1	7.455
271	courtesan	1103	0.012	2	2	7.442
272	purple	18224	0.19	33	17	7.442
273	Shameless	6711	0.07	12	10	7.424
274	Apocalypse	3947	0.041	7	6	7.412
275	Madonna	571	0.006	1	1	7.405
276	strumpets	1159	0.012	2	2	7.369
277	pollutes	588	0.006	1	1	7.357
278	17.5.	581	0.006	1	1	7.357
279	whore	20634	0.215	35	12	7.348
280	Sist	594	0.006	1	1	7.334
281	quaerunt	592	0.006	1	1	7.334
282	scolding	1186	0.012	2	1	7.334
283	Theodoric	591	0.006	1	1	7.334
284	decoct	1196	0.013	2	1	7.322
285	ve.	603	0.006	1	1	7.31
286	scarlet	9179	0.096	15	14	7.294
287	Apocalips	623	0.007	1	1	7.265
288	alack	1260	0.013	2	2	7.254
289	Antichrist.	637	0.007	1	1	7.243
290	Apocal.	1266	0.013	2	2	7.243
291	17.4	642	0.007	1	1	7.222
292	17.2	642	0.007	1	1	7.222
293	knaves	5254	0.055	8	7	7.192
294	harlots	5276	0.055	8	6	7.187
295	ruffians	1326	0.014	2	2	7.179
296	luke-warme	664	0.007	1	1	7.179
297	bastards	3979	0.041	6	5	7.179
298	dome	3321	0.035	5	3	7.175
299	soldiars	672	0.007	1	1	7.158
300	ruffle	669	0.007	1	1	7.158
301	Concubine	3397	0.035	5	5	7.142
302	droves	682	0.007	1	1	7.138
303	besprinkled	683	0.007	1	1	7.138
304	SCAENA	695	0.007	1	1	7.118
305	Megara	694	0.007	1	1	7.118
306	victualling	695	0.007	1	1	7.118
307	Wooers	705	0.007	1	1	7.098
308	quaff	710	0.007	1	1	7.078
309	bawd	2878	0.03	4	4	7.059
310	Babylonish	2911	0.03	4	3	7.045
311	nr	733	0.008	1	1	7.04
312	18.20	725	0.008	1	1	7.04
313	rioting	728	0.008	1	1	7.04
314	Jesters	728	0.008	1	1	7.04
315	malapert	737	0.008	1	1	7.021
316	Martia	752	0.008	1	1	7.002
317	hiring	760	0.008	1	1	6.984
318	soothing	779	0.008	1	1	6.948
319	occupying	791	0.008	1	1	6.93
320	tea	793	0.008	1	1	6.913
321	Gis	801	0.008	1	1	6.913
322	bawdy	1610	0.017	2	2	6.895
323	Ione	804	0.008	1	1	6.895
324	concubines	4078	0.043	5	4	6.878
325	Hound	2485	0.026	3	2	6.856
326	husb	1665	0.017	2	2	6.853
327	Tinker	835	0.009	1	1	6.845
328	geld	842	0.009	1	1	6.828
329	Petrarch	846	0.009	1	1	6.828
330	intoxicated	850	0.009	1	1	6.812
331	ale-houses	856	0.009	1	1	6.812
332	rides	4321	0.045	5	4	6.796
333	forehead	12159	0.127	14	12	6.789
334	hire	8785	0.092	10	8	6.772
335	Flo	2645	0.028	3	1	6.769
336	exacts	1776	0.019	2	1	6.756
337	Iulia	1778	0.019	2	1	6.756
338	Cuckold	2667	0.028	3	3	6.754
339	Mol	891	0.009	1	1	6.749
340	Flu	1796	0.019	2	1	6.741
341	whoremongers	1796	0.019	2	2	6.741
342	surmounting	904	0.009	1	1	6.733
343	shll	914	0.01	1	1	6.718
344	Jester	911	0.01	1	1	6.718
345	whorish	1842	0.019	2	2	6.703
346	slily	934	0.01	1	1	6.688
347	Omn	927	0.01	1	1	6.688
348	Epitaphs	937	0.01	1	1	6.673
349	Hobson	938	0.01	1	1	6.673
350	ext	952	0.01	1	1	6.658
351	adulteress	1919	0.02	2	2	6.644
352	badges	1924	0.02	2	2	6.644
353	Bus	1951	0.02	2	1	6.622
354	Babel	9790	0.102	10	5	6.615
355	Babylonian	2956	0.031	3	3	6.606
356	screen	989	0.01	1	1	6.601
357	tinue	999	0.01	1	1	6.587
358	Distaff	1002	0.01	1	1	6.587
359	Iudaea	2003	0.021	2	1	6.58
360	Apoc.	11083	0.115	11	9	6.575
361	hunter	3051	0.032	3	2	6.56
362	reeling	1029	0.011	1	1	6.546
363	9.2	1023	0.011	1	1	6.546
364	PANDORA	1027	0.011	1	1	6.546
365	dismounted	1039	0.011	1	1	6.533
366	Serving-man	1040	0.011	1	1	6.533
367	17.1	1045	0.011	1	1	6.52
368	destructi	1043	0.011	1	1	6.52
369	laps	1058	0.011	1	1	6.506
370	Jade	2169	0.023	2	2	6.468
371	Nan	1085	0.011	1	1	6.468
372	gallantly	2181	0.023	2	2	6.461
373	fornication	14235	0.148	13	12	6.455
374	heinously	1105	0.012	1	1	6.442
375	Apologists	1113	0.012	1	1	6.43
376	Griffin	1114	0.012	1	1	6.43
377	3.3	3339	0.035	3	2	6.43
378	cuckolds	1131	0.012	1	1	6.405
379	barbers	1134	0.012	1	1	6.405
380	crabbed	1153	0.012	1	1	6.381
381	CET	1174	0.012	1	1	6.357
382	fir	1177	0.012	1	1	6.345
383	spouses	1203	0.013	1	1	6.322
384	Parasite	1198	0.013	1	1	6.322
385	foemina	1220	0.013	1	1	6.299
386	LEECH	1220	0.013	1	1	6.299
387	sits	23190	0.242	19	10	6.298
388	execrations	1230	0.013	1	1	6.288
389	Susan	1225	0.013	1	1	6.288
390	Pis	1247	0.013	1	1	6.265
391	prostitute	2508	0.026	2	2	6.26
392	Anti-christ	1261	0.013	1	1	6.254
393	ight	2517	0.026	2	1	6.254
394	Gog	2533	0.026	2	2	6.243
395	desolate	12933	0.135	10	9	6.214
396	ridden	1300	0.014	1	1	6.211
397	Oyster	1314	0.014	1	1	6.19
398	imitates	1329	0.014	1	1	6.179
399	Ambo	1335	0.014	1	1	6.169
400	Iezabel	1348	0.014	1	1	6.158
401	smock	1342	0.014	1	1	6.158
402	paints	1352	0.014	1	1	6.148
403	Francesco	1362	0.014	1	1	6.138
404	Sodomites	2734	0.029	2	1	6.133
405	haunts	1373	0.014	1	1	6.128
406	Apish	1388	0.015	1	1	6.108
407	adulterer	4237	0.044	3	2	6.088
408	selfe	1407	0.015	1	1	6.088
409	hounds	5657	0.059	4	2	6.086
410	Lear	1424	0.015	1	1	6.078
411	hyre	1435	0.015	1	1	6.069
412	mew	1430	0.015	1	1	6.069
413	denounces	1453	0.015	1	1	6.049
414	monopoly	1459	0.015	1	1	6.04
415	knave	8870	0.092	6	6	6.021
416	cudgel	1509	0.016	1	1	5.993
417	Huntingdon	1546	0.016	1	1	5.957
418	squires	1550	0.016	1	1	5.957
419	dice	6226	0.065	4	4	5.948
420	dregs	6317	0.066	4	4	5.926
421	bearers	1608	0.017	1	1	5.904
422	Eightly	1599	0.017	1	1	5.904
423	diminishes	1616	0.017	1	1	5.895
424	played	11334	0.118	7	7	5.89
425	perjuries	1632	0.017	1	1	5.878
426	happier	3359	0.035	2	2	5.837
427	riots	1679	0.018	1	1	5.837
428	Romes	5130	0.053	3	3	5.812
429	1.13.	1717	0.018	1	1	5.804
430	Henricus	3438	0.036	2	2	5.804
431	coloured	10332	0.108	6	5	5.801
432	Fabian	1735	0.018	1	1	5.788
433	3.3.	1739	0.018	1	1	5.788
434	rogue	6990	0.073	4	3	5.78
435	Angeli	1746	0.018	1	1	5.78
436	adulterous	3504	0.037	2	2	5.776
437	fleeting	1757	0.018	1	1	5.772
438	gentlewomen	3546	0.037	2	1	5.76
439	agone	1792	0.019	1	1	5.741
440	filthines	1803	0.019	1	1	5.733
441	yon	1802	0.019	1	1	5.733
442	peerless	1823	0.019	1	1	5.718
443	adulterate	1837	0.019	1	1	5.71
444	1.7.	1837	0.019	1	1	5.71
445	whores	5508	0.057	3	2	5.708
446	Ambrosius	1842	0.019	1	1	5.703
447	waxen	1850	0.019	1	1	5.695
448	frost	7484	0.078	4	4	5.682
449	Helena	3775	0.039	2	2	5.669
450	hoard	1895	0.02	1	1	5.666
451	surfeiting	1890	0.02	1	1	5.666
452	Barge	1903	0.02	1	1	5.658
453	Tut	1924	0.02	1	1	5.644
454	shunning	1916	0.02	1	1	5.644
455	clip	1933	0.02	1	1	5.637
456	Lambeth	1928	0.02	1	1	5.637
457	prefigured	1929	0.02	1	1	5.637
458	Dews	1939	0.02	1	1	5.63
459	infects	1948	0.02	1	1	5.622
460	Bristow	1967	0.021	1	1	5.608
461	incestuous	3954	0.041	2	2	5.601
462	bers	1984	0.021	1	1	5.594
463	defiling	2018	0.021	1	1	5.573
464	histor.	2034	0.021	1	1	5.56
465	TAllow	2068	0.022	1	1	5.54
466	Flora	2078	0.022	1	1	5.533
467	Trojan	4173	0.044	2	2	5.523
468	sleeve	2112	0.022	1	1	5.506
469	betrothed	2127	0.022	1	1	5.493
470	scratch	2144	0.022	1	1	5.487
471	Sophia	2152	0.022	1	1	5.48
472	Hah	2157	0.023	1	1	5.474
473	drunkard	6511	0.068	3	3	5.468
474	stale	4338	0.045	2	2	5.468
475	deformities	2167	0.023	1	1	5.468
476	Cooper	2193	0.023	1	1	5.455
477	Bed-chamber	2195	0.023	1	1	5.449
478	ith	4421	0.046	2	1	5.442
479	Apo.	2232	0.023	1	1	5.43
480	pestered	2227	0.023	1	1	5.43
481	EPIG.	2233	0.023	1	1	5.424
482	rampant	2244	0.023	1	1	5.417
483	listening	2243	0.023	1	1	5.417
484	i'	2248	0.023	1	1	5.417
485	wenches	2248	0.023	1	1	5.417
486	mocks	2314	0.024	1	1	5.375
487	laments	2326	0.024	1	1	5.369
488	hate	65701	0.684	28	16	5.355
489	exacted	4701	0.049	2	2	5.351
490	drunken	11882	0.124	5	5	5.337
491	impudent	12093	0.126	5	5	5.312
492	Hue	4842	0.05	2	1	5.31
493	wallow	2438	0.025	1	1	5.299
494	whereon	19704	0.205	8	1	5.285
495	rogues	5001	0.052	2	1	5.263
496	Lu	2514	0.026	1	1	5.254
497	Sparrow	2524	0.026	1	1	5.249
498	swears	7600	0.079	3	3	5.245
499	Ioane	2539	0.026	1	1	5.243
500	Faustus	2536	0.026	1	1	5.243
501	cup	48330	0.503	19	12	5.238
502	customers	2545	0.027	1	1	5.238
503	robber	2551	0.027	1	1	5.232
504	1.21	2575	0.027	1	1	5.222
505	envies	2650	0.028	1	1	5.179
506	3.16.	2653	0.028	1	1	5.179
507	marred	2667	0.028	1	1	5.169
508	abominations	10678	0.111	4	4	5.169
509	Parlour	2678	0.028	1	1	5.164
510	toad	2683	0.028	1	1	5.164
511	tolerated	5375	0.056	2	2	5.158
512	gorgeous	2688	0.028	1	1	5.158
513	lascivious	5471	0.057	2	2	5.133
514	Tush	2736	0.029	1	1	5.133
515	troth	5489	0.057	2	2	5.128
516	infamous	11020	0.115	4	4	5.123
517	brags	2791	0.029	1	1	5.103
518	worser	2821	0.029	1	1	5.088
519	luxurious	2832	0.03	1	1	5.083
520	riotous	2846	0.03	1	1	5.078
521	Hieron	2852	0.03	1	1	5.073
522	prate	2866	0.03	1	1	5.069
523	Sergius	2869	0.03	1	1	5.064
524	skirts	2878	0.03	1	1	5.059
525	Greke	2929	0.031	1	1	5.035
526	disagreement	2924	0.031	1	1	5.035
527	breaths	2938	0.031	1	1	5.03
528	faced	2948	0.031	1	1	5.026
529	wouldest	2973	0.031	1	1	5.012
530	Crust	2975	0.031	1	1	5.012
531	pond	2995	0.031	1	1	5.002
532	else-where	3016	0.031	1	1	4.993
533	enchantments	3037	0.032	1	1	4.984
534	dreaming	3042	0.032	1	1	4.979
535	harlot	9167	0.096	3	3	4.973
536	lash	3070	0.032	1	1	4.966
537	Proclaims	3074	0.032	1	1	4.966
538	laughs	3075	0.032	1	1	4.966
539	ist	3090	0.032	1	1	4.957
540	Armenians	3103	0.032	1	1	4.952
541	Hip	3106	0.032	1	1	4.952
542	lace	3116	0.033	1	1	4.943
543	Grecian	9382	0.098	3	2	4.94
544	Fugitive	3133	0.033	1	1	4.939
545	Upholding	3149	0.033	1	1	4.93
546	Porters	3183	0.033	1	1	4.917
547	cocks	3239	0.034	1	1	4.891
548	118.	3248	0.034	1	1	4.887
549	descry	3254	0.034	1	1	4.883
550	swept	3288	0.034	1	1	4.87
551	Agamemnon	3283	0.034	1	1	4.87
552	slaying	3280	0.034	1	1	4.87
553	Thief	23047	0.24	7	7	4.866
554	attired	3308	0.034	1	1	4.861
555	fiftly	6621	0.069	2	2	4.857
556	Defame	3314	0.035	1	1	4.857
557	foreheads	3324	0.035	1	1	4.853
558	Mist	10075	0.105	3	1	4.838
559	strip	3365	0.035	1	1	4.837
560	impugn	3394	0.035	1	1	4.824
561	graceless	3413	0.036	1	1	4.816
562	Geneua	3422	0.036	1	1	4.812
563	playing	10275	0.107	3	3	4.809
564	villainous	3467	0.036	1	1	4.792
565	unwholesome	3465	0.036	1	1	4.792
566	swayed	3487	0.036	1	1	4.784
567	figured	7080	0.074	2	2	4.762
568	clients	3539	0.037	1	1	4.76
569	drunk	35533	0.37	10	7	4.756
570	enchanted	3569	0.037	1	1	4.749
571	pulling	7151	0.075	2	2	4.747
572	vault	3595	0.037	1	1	4.741
573	mistresses	3604	0.038	1	1	4.737
574	maintains	7229	0.075	2	1	4.731
575	Idolatrous	14523	0.151	4	4	4.725
576	tolerate	3668	0.038	1	1	4.71
577	Babylonians	3760	0.039	1	1	4.673
578	Mercer	3762	0.039	1	1	4.673
579	PAP	3784	0.039	1	1	4.666
580	rascal	3785	0.039	1	1	4.666
581	arrayed	3816	0.04	1	1	4.655
582	Drag	3808	0.04	1	1	4.655
583	bellies	7635	0.08	2	2	4.653
584	stratagems	3824	0.04	1	1	4.651
585	tempts	3862	0.04	1	1	4.637
586	sixtly	3856	0.04	1	1	4.637
587	cards	7740	0.081	2	2	4.633
588	seventeenth	3885	0.041	1	1	4.626
589	cleaves	3899	0.041	1	1	4.622
590	ming	3912	0.041	1	1	4.619
591	usurped	11791	0.123	3	3	4.611
592	painted	23662	0.246	6	6	4.606
593	Inns	3946	0.041	1	1	4.605
594	Pluto	3953	0.041	1	1	4.601
595	Fl	3957	0.041	1	1	4.601
596	plaid	4003	0.042	1	1	4.584
597	puritan	4033	0.042	1	1	4.573
598	marries	4061	0.042	1	1	4.563
599	suburbs	8156	0.085	2	1	4.558
600	beast	81566	0.849	20	12	4.557
601	herds	4094	0.043	1	1	4.553
602	attire	8194	0.085	2	2	4.551
603	keeper	16401	0.171	4	3	4.55
604	dirty	4102	0.043	1	1	4.55
605	fits	16510	0.172	4	4	4.54
606	Ierem.	4126	0.043	1	1	4.54
607	desolation	12402	0.129	3	3	4.537
608	sacramentum	4142	0.043	1	1	4.536
609	Prou.	8310	0.087	2	2	4.531
610	yeres	4158	0.043	1	1	4.529
611	Mil	4158	0.043	1	1	4.529
612	players	4154	0.043	1	1	4.529
613	Aries	4164	0.043	1	1	4.526
614	Revel	21061	0.219	5	5	4.511
615	ay	4212	0.044	1	1	4.51
616	crew	8469	0.088	2	2	4.503
617	patrem	4237	0.044	1	1	4.503
618	adventured	4242	0.044	1	1	4.5
619	entice	4278	0.045	1	1	4.487
620	foil	4299	0.045	1	1	4.48
621	basest	4331	0.045	1	1	4.471
622	deck	4329	0.045	1	1	4.471
623	spends	4330	0.045	1	1	4.471
624	Rome	271183	2.824	62	32	4.456
625	17.	83120	0.866	19	13	4.456
626	plays	17593	0.183	4	4	4.449
627	deceives	4413	0.046	1	1	4.442
628	affinity	8856	0.092	2	2	4.439
629	beggar	8945	0.093	2	2	4.424
630	usurping	4491	0.047	1	1	4.417
631	peevish	4508	0.047	1	1	4.414
632	decked	4505	0.047	1	1	4.414
633	hatched	4584	0.048	1	1	4.39
634	Signor	9231	0.096	2	2	4.379
635	effeminate	4666	0.049	1	1	4.363
636	Bre	4669	0.049	1	1	4.363
637	kepe	9336	0.097	2	2	4.363
638	wolves	14045	0.146	3	2	4.358
639	mercenary	4683	0.049	1	1	4.357
640	legitimate	4705	0.049	1	1	4.351
641	hired	9416	0.098	2	2	4.35
642	profaned	4710	0.049	1	1	4.348
643	craving	4719	0.049	1	1	4.348
644	Sixtus	4735	0.049	1	1	4.342
645	Lactantius	4730	0.049	1	1	4.342
646	villainies	4813	0.05	1	1	4.319
647	masculine	4862	0.051	1	1	4.305
648	velvet	4856	0.051	1	1	4.305
649	Mask	4856	0.051	1	1	4.305
650	deposition	4899	0.051	1	1	4.293
651	Luc	4952	0.052	1	1	4.276
652	daughters	40010	0.417	8	8	4.263
653	overtaken	5002	0.052	1	1	4.263
654	filthy	30299	0.316	6	6	4.249
655	Antichrist	50530	0.526	10	7	4.248
656	Nag	5057	0.053	1	1	4.246
657	Ieremie	5090	0.053	1	1	4.238
658	deceiving	5099	0.053	1	1	4.235
659	conspiracies	5114	0.053	1	1	4.23
660	glories	10254	0.107	2	2	4.227
661	adulterers	5137	0.054	1	1	4.224
662	spotted	5160	0.054	1	1	4.219
663	lusty	10354	0.108	2	1	4.214
664	synagogue	10391	0.108	2	2	4.208
665	tribute	20800	0.217	4	2	4.207
666	strangled	5256	0.055	1	1	4.192
667	purer	5259	0.055	1	1	4.19
668	familiarly	5276	0.055	1	1	4.187
669	talks	5297	0.055	1	1	4.179
670	manuscript	5313	0.055	1	1	4.177
671	tavern	5354	0.056	1	1	4.164
672	calais	10880	0.113	2	2	4.142
673	earths	5493	0.057	1	1	4.128
674	marry	38694	0.403	7	6	4.119
675	triple	5531	0.058	1	1	4.118
676	Caves	5567	0.058	1	1	4.108
677	flatterers	5582	0.058	1	1	4.105
678	purses	5641	0.059	1	1	4.09
679	spouse	22595	0.235	4	4	4.087
680	Murderers	11345	0.118	2	2	4.082
681	seat	51212	0.533	9	8	4.077
682	extol	5693	0.059	1	1	4.076
683	venit	5733	0.06	1	1	4.066
684	Magus	5737	0.06	1	1	4.066
685	amounts	5818	0.061	1	1	4.045
686	permits	5856	0.061	1	1	4.035
687	abomination	11757	0.122	2	2	4.03
688	hark	5947	0.062	1	1	4.014
689	compact	5958	0.062	1	1	4.012
690	hunt	12065	0.126	2	2	3.993
691	spending	6036	0.063	1	1	3.991
692	deem	6043	0.063	1	1	3.991
693	marie	12146	0.127	2	2	3.983
694	Exeunt	12174	0.127	2	2	3.979
695	infect	6100	0.064	1	1	3.977
696	tempting	6108	0.064	1	1	3.975
697	smiles	6115	0.064	1	1	3.973
698	unfaithful	6230	0.065	1	1	3.946
699	prostrate	6239	0.065	1	1	3.943
700	livings	6392	0.067	1	1	3.908
701	sway	12829	0.134	2	1	3.904
702	bewitched	6431	0.067	1	1	3.9
703	allows	12955	0.135	2	2	3.89
704	blush	13133	0.137	2	2	3.87
705	Englishmen	6677	0.07	1	1	3.847
706	renounced	6702	0.07	1	1	3.841
707	wears	6709	0.07	1	1	3.839
708	attendants	6755	0.07	1	1	3.83
709	sleeps	6751	0.07	1	1	3.83
710	nere	20350	0.212	3	3	3.824
711	wench	6793	0.071	1	1	3.822
712	solace	6791	0.071	1	1	3.822
713	dares	13753	0.143	2	1	3.804
714	chaste	20646	0.215	3	3	3.803
715	Liber	6904	0.072	1	1	3.798
716	tha	6903	0.072	1	1	3.798
717	Emblem	6983	0.073	1	1	3.782
718	heathenish	7043	0.073	1	1	3.77
719	slave	21201	0.221	3	2	3.764
720	golden	49785	0.519	7	6	3.755
721	boys	14311	0.149	2	2	3.747
722	described	42932	0.447	6	6	3.746
723	thirteenth	7168	0.075	1	1	3.745
724	rabble	7160	0.075	1	1	3.745
725	gets	14332	0.149	2	2	3.744
726	resembling	7309	0.076	1	1	3.716
727	laity	7349	0.077	1	1	3.708
728	wife	214853	2.238	29	20	3.696
729	buying	7410	0.077	1	1	3.695
730	scorned	7420	0.077	1	1	3.693
731	Hunting	14846	0.155	2	2	3.693
732	shifts	7422	0.077	1	1	3.693
733	Papacy	7431	0.077	1	1	3.692
734	compares	7453	0.078	1	1	3.688
735	whoredom	7526	0.078	1	1	3.673
736	commits	7541	0.079	1	1	3.671
737	vile	37856	0.394	5	5	3.665
738	arrogance	7646	0.08	1	1	3.651
739	reversion	7647	0.08	1	1	3.651
740	unusual	7667	0.08	1	1	3.647
741	murdering	7679	0.08	1	1	3.644
742	tear	15500	0.161	2	2	3.631
743	coats	7749	0.081	1	1	3.631
744	start	7796	0.081	1	1	3.622
745	remorse	7838	0.082	1	1	3.615
746	thirsty	7834	0.082	1	1	3.615
747	beautiful	31363	0.327	4	4	3.614
748	tract.	7894	0.082	1	1	3.605
749	mocked	7900	0.082	1	1	3.603
750	nu	7900	0.082	1	1	3.603
751	Aeneas	7910	0.082	1	1	3.601
752	habent	7959	0.083	1	1	3.592
753	befall	16025	0.167	2	2	3.583
754	rods	8051	0.084	1	1	3.577
755	beggars	8051	0.084	1	1	3.577
756	bountiful	8102	0.084	1	1	3.567
757	hostess	8115	0.085	1	1	3.565
758	pull	24362	0.254	3	2	3.564
759	Baal	8157	0.085	1	1	3.558
760	55.	8173	0.085	1	1	3.555
761	sale	16370	0.171	2	2	3.552
762	adultery	24714	0.257	3	3	3.543
763	Christopher	8248	0.086	1	1	3.541
764	riot	8272	0.086	1	1	3.538
765	openly	41440	0.432	5	4	3.534
766	Alex	8301	0.086	1	1	3.533
767	reached	8424	0.088	1	1	3.511
768	undo	8485	0.088	1	1	3.5
769	dross	8493	0.088	1	1	3.5
770	aboard	8546	0.089	1	1	3.49
771	damned	34243	0.357	4	4	3.488
772	Maist	17147	0.179	2	1	3.485
773	hospital	8600	0.09	1	1	3.48
774	ornaments	17222	0.179	2	2	3.479
775	sisters	17302	0.18	2	2	3.472
776	allowing	8667	0.09	1	1	3.469
777	blaspheme	8684	0.09	1	1	3.468
778	Apostate	8710	0.091	1	1	3.463
779	wealthy	8741	0.091	1	1	3.458
780	bells	8768	0.091	1	1	3.453
781	diseased	8769	0.091	1	1	3.453
782	arising	17551	0.183	2	2	3.452
783	mother	150593	1.568	17	14	3.438
784	famous	88824	0.925	10	6	3.434
785	wore	8942	0.093	1	1	3.425
786	Maximus	8951	0.093	1	1	3.424
787	lovers	26913	0.28	3	3	3.42
788	enrich	9011	0.094	1	1	3.414
789	bears	54088	0.563	6	4	3.413
790	fashions	9013	0.094	1	1	3.413
791	powered	9056	0.094	1	1	3.407
792	begun	45469	0.474	5	3	3.4
793	ensigns	9131	0.095	1	1	3.394
794	leading	18263	0.19	2	2	3.394
795	boy	27639	0.288	3	2	3.382
796	quoth	36867	0.384	4	3	3.381
797	witch	9245	0.096	1	1	3.376
798	hanged	27832	0.29	3	3	3.372
799	honest	83801	0.873	9	5	3.366
800	stays	9340	0.097	1	1	3.361
801	tricks	9354	0.097	1	1	3.36
802	impure	9368	0.098	1	1	3.357
803	Gentlewoman	9432	0.098	1	1	3.348
804	disposing	9453	0.098	1	1	3.345
805	dr	9464	0.099	1	1	3.342
806	Tobacco	9488	0.099	1	1	3.339
807	Laughter	9517	0.099	1	1	3.335
808	discontented	9557	0.1	1	1	3.329
809	price	57392	0.598	6	5	3.327
810	nakedness	9651	0.101	1	1	3.315
811	consume	19326	0.201	2	2	3.313
812	censured	9756	0.102	1	1	3.299
813	nostrils	9776	0.102	1	1	3.296
814	Hierom	9779	0.102	1	1	3.296
815	feeds	9833	0.102	1	1	3.288
816	fewer	9844	0.103	1	1	3.286
817	Lawyer	9909	0.103	1	1	3.276
818	snow	19897	0.207	2	2	3.271
819	servile	9971	0.104	1	1	3.268
820	yesterday	10000	0.104	1	1	3.264
821	doors	29993	0.312	3	2	3.263
822	keeps	40024	0.417	4	3	3.263
823	ruling	10062	0.105	1	1	3.254
824	wanton	20242	0.211	2	2	3.246
825	sack	10141	0.106	1	1	3.243
826	permitted	30542	0.318	3	1	3.237
827	play	61168	0.637	6	6	3.236
828	Tragedy	10196	0.106	1	1	3.235
829	witches	10286	0.107	1	1	3.223
830	seduced	10324	0.108	1	1	3.218
831	husbands	30992	0.323	3	3	3.216
832	match	20690	0.216	2	1	3.214
833	dancing	10351	0.108	1	1	3.214
834	fond	20744	0.216	2	2	3.211
835	presumptuous	10383	0.108	1	1	3.21
836	bag	10396	0.108	1	1	3.207
837	brazen	10407	0.108	1	1	3.206
838	yearly	31375	0.327	3	2	3.199
839	ditch	10469	0.109	1	1	3.198
840	Revelation	41988	0.437	4	4	3.193
841	filthiness	10515	0.11	1	1	3.191
842	asks	10519	0.11	1	1	3.191
843	corrupt	63197	0.658	6	6	3.189
844	68	10551	0.11	1	1	3.186
845	husband	105631	1.1	10	9	3.184
846	Mistress	42310	0.441	4	4	3.182
847	guise	10673	0.111	1	1	3.17
848	rent	42785	0.446	4	2	3.166
849	detestable	10704	0.112	1	1	3.165
850	numbered	10774	0.112	1	1	3.156
851	obstinacy	10790	0.112	1	1	3.153
852	perdition	10866	0.113	1	1	3.143
853	Pox	10902	0.114	1	1	3.139
854	expenses	10928	0.114	1	1	3.135
855	afternoon	11049	0.115	1	1	3.119
856	Mars	22203	0.231	2	2	3.113
857	Jest	11120	0.116	1	1	3.11
858	't	11120	0.116	1	1	3.11
859	thieves	22285	0.232	2	2	3.107
860	destruction	89423	0.931	8	7	3.103
861	costly	11277	0.117	1	1	3.09
862	ed	11308	0.118	1	1	3.086
863	aspect	11323	0.118	1	1	3.084
864	supported	11364	0.118	1	1	3.079
865	afflict	11385	0.119	1	1	3.076
866	corners	11488	0.12	1	1	3.064
867	Abominable	22990	0.239	2	2	3.063
868	PRIMA	11491	0.12	1	1	3.063
869	Ice	11552	0.12	1	1	3.055
870	Jer	23150	0.241	2	2	3.052
871	committing	11606	0.121	1	1	3.048
872	Horses	58059	0.605	5	4	3.048
873	twelfth	11669	0.122	1	1	3.041
874	Bees	11695	0.122	1	1	3.037
875	devils	59091	0.615	5	4	3.022
876	bleeding	11828	0.123	1	1	3.021
877	uphold	11837	0.123	1	1	3.02
878	filth	11883	0.124	1	1	3.014
879	Pr	11953	0.125	1	1	3.006
880	bona	12019	0.125	1	1	2.998
881	testified	12038	0.125	1	1	2.995
882	Ware	12046	0.125	1	1	2.995
883	corrupted	36122	0.376	3	3	2.995
884	describes	12069	0.126	1	1	2.992
885	Fox	24216	0.252	2	2	2.987
886	window	12154	0.127	1	1	2.982
887	polluted	12233	0.127	1	1	2.973
888	woman	183598	1.912	15	12	2.972
889	subtle	36810	0.383	3	3	2.968
890	pagan	12292	0.128	1	1	2.966
891	mounted	12305	0.128	1	1	2.965
892	Merchants	36943	0.385	3	2	2.963
893	fetch	24696	0.257	2	2	2.959
894	gray	12411	0.129	1	1	2.952
895	Malignant	12436	0.13	1	1	2.949
896	potent	12467	0.13	1	1	2.946
897	marshall	12582	0.131	1	1	2.932
898	Israell	12654	0.132	1	1	2.924
899	Troy	12678	0.132	1	1	2.921
900	Joshua	12677	0.132	1	1	2.921
901	friars	12673	0.132	1	1	2.921
902	brave	38044	0.396	3	3	2.921
903	lamentable	12732	0.133	1	1	2.915
904	stamp	12866	0.134	1	1	2.9
905	nurse	12919	0.135	1	1	2.894
906	Tables	25837	0.269	2	1	2.894
907	Heretical	12934	0.135	1	1	2.892
908	Traffic	12930	0.135	1	1	2.892
909	revenue	12958	0.135	1	1	2.89
910	Gent	12956	0.135	1	1	2.89
911	forsooth	12960	0.135	1	1	2.889
912	Dame	13246	0.138	1	1	2.858
913	eleven	13249	0.138	1	1	2.857
914	prophesied	13251	0.138	1	1	2.857
915	Flow	26569	0.277	2	1	2.854
916	rents	13329	0.139	1	1	2.849
917	Mal	13346	0.139	1	1	2.847
918	Athanasius	13378	0.139	1	1	2.844
919	despite	13448	0.14	1	1	2.837
920	nulla	13552	0.141	1	1	2.825
921	burn	40670	0.424	3	3	2.825
922	harbour	13726	0.143	1	1	2.807
923	secretary	13724	0.143	1	1	2.807
924	path	13728	0.143	1	1	2.806
925	gloss	13765	0.143	1	1	2.802
926	sung	13767	0.143	1	1	2.802
927	Antichristian	13777	0.144	1	1	2.801
928	Temples	27639	0.288	2	2	2.797
929	steward	13843	0.144	1	1	2.794
930	handful	13872	0.145	1	1	2.791
931	sometime	55884	0.582	4	4	2.781
932	rewarded	14017	0.146	1	1	2.776
933	Arthur	14033	0.146	1	1	2.775
934	tending	14059	0.146	1	1	2.772
935	mad	42332	0.441	3	3	2.766
936	spleen	14135	0.147	1	1	2.764
937	parable	14171	0.148	1	1	2.76
938	keep	313074	3.26	22	13	2.754
939	compare	28481	0.297	2	2	2.753
940	affirming	14264	0.149	1	1	2.751
941	houses	114523	1.193	8	5	2.746
942	task	14342	0.149	1	1	2.743
943	wives	57399	0.598	4	4	2.742
944	Tomb	14393	0.15	1	1	2.738
945	crowned	28810	0.3	2	2	2.737
946	Simon	29226	0.304	2	2	2.716
947	hardened	14614	0.152	1	1	2.716
948	bay	14718	0.153	1	1	2.706
949	fairest	14727	0.153	1	1	2.705
950	Con	14750	0.154	1	1	2.703
951	nourish	14827	0.154	1	1	2.695
952	Jove	14895	0.155	1	1	2.689
953	dove	14921	0.155	1	1	2.686
954	permit	29877	0.311	2	1	2.685
955	shoot	14986	0.156	1	1	2.679
956	dissolution	14997	0.156	1	1	2.679
957	merry	30040	0.313	2	1	2.677
958	kept	180349	1.878	12	8	2.676
959	common	346098	3.604	23	17	2.674
960	Hac	15097	0.157	1	1	2.669
961	blew	15173	0.158	1	1	2.662
962	loco	15190	0.158	1	1	2.66
963	foe	15213	0.158	1	1	2.658
964	unnatural	15260	0.159	1	1	2.654
965	ruins	15379	0.16	1	1	2.642
966	virg	15382	0.16	1	1	2.642
967	argues	15381	0.16	1	1	2.642
968	spiritually	15423	0.161	1	1	2.638
969	tail	30912	0.322	2	2	2.635
970	naked	46459	0.484	3	3	2.632
971	Hos.	15549	0.162	1	1	2.627
972	'm	31244	0.325	2	2	2.62
973	eats	15783	0.164	1	1	2.605
974	reigns	15787	0.164	1	1	2.605
975	fr	63238	0.659	4	4	2.603
976	hairs	15863	0.165	1	1	2.598
977	dost	31931	0.333	2	2	2.589
978	cries	32046	0.334	2	2	2.583
979	damnation	32064	0.334	2	2	2.583
980	happily	32065	0.334	2	2	2.583
981	're	16048	0.167	1	1	2.581
982	fie	32306	0.336	2	1	2.572
983	inventions	16255	0.169	1	1	2.562
984	Israel	162651	1.694	10	8	2.562
985	purse	16277	0.17	1	1	2.561
986	worshipped	32660	0.34	2	1	2.556
987	silly	16358	0.17	1	1	2.553
988	Bar	32896	0.343	2	2	2.545
989	maid	33079	0.345	2	2	2.537
990	iniquities	16575	0.173	1	1	2.534
991	waters	83222	0.867	5	5	2.528
992	complained	16882	0.176	1	1	2.508
993	hates	16898	0.176	1	1	2.506
994	committee	16987	0.177	1	1	2.499
995	soil	16992	0.177	1	1	2.498
996	admired	17008	0.177	1	1	2.497
997	Infidels	17053	0.178	1	1	2.493
998	she	1006738	10.484	59	41	2.492
999	visit	34153	0.356	2	2	2.491
1000	rid	17118	0.178	1	1	2.488
1001	banks	17161	0.179	1	1	2.484
1002	contracted	17181	0.179	1	1	2.483
1003	Peters	17256	0.18	1	1	2.476
1004	Jewel	17353	0.181	1	1	2.468
1005	deceitful	17392	0.181	1	1	2.465
1006	accursed	17442	0.182	1	1	2.461
1007	bands	17458	0.182	1	1	2.46
1008	regiment	17461	0.182	1	1	2.46
1009	fraud	17533	0.183	1	1	2.453
1010	damnable	17583	0.183	1	1	2.449
1011	fools	35223	0.367	2	2	2.447
1012	grain	17694	0.184	1	1	2.44
1013	spent	53460	0.557	3	3	2.43
1014	meddle	17894	0.186	1	1	2.424
1015	stage	17895	0.186	1	1	2.424
1016	captains	35824	0.373	2	1	2.422
1017	reproved	17945	0.187	1	1	2.42
1018	Cui	17993	0.187	1	1	2.416
1019	celebrated	18043	0.188	1	1	2.412
1020	Dragon	18054	0.188	1	1	2.411
1021	defiled	18090	0.188	1	1	2.408
1022	comprehended	18167	0.189	1	1	2.402
1023	cheer	18188	0.189	1	1	2.4
1024	fol.	54629	0.569	3	2	2.399
1025	condemned	91164	0.949	5	5	2.397
1026	stately	18235	0.19	1	1	2.397
1027	enters	18257	0.19	1	1	2.395
1028	call	328774	3.424	18	17	2.394
1029	wine	164447	1.713	9	8	2.394
1030	proud	73660	0.767	4	3	2.383
1031	Room	55576	0.579	3	3	2.374
1032	Jewels	18528	0.193	1	1	2.373
1033	fat	37322	0.389	2	1	2.363
1034	diverse	37369	0.389	2	2	2.361
1035	judged	56237	0.586	3	3	2.357
1036	meant	112513	1.172	6	5	2.356
1037	undoubtedly	18754	0.195	1	1	2.356
1038	hist.	18785	0.196	1	1	2.354
1039	her	1811491	18.865	96	66	2.347
1040	commodity	18888	0.197	1	1	2.346
1041	adorned	18908	0.197	1	1	2.344
1042	loves	76043	0.792	4	4	2.337
1043	stranger	38063	0.396	2	2	2.335
1044	humbled	19062	0.199	1	1	2.333
1045	Rises	19110	0.199	1	1	2.329
1046	maintained	38390	0.4	2	2	2.323
1047	become	172873	1.8	9	8	2.322
1048	FINIS	38468	0.401	2	2	2.32
1049	streams	19229	0.2	1	1	2.32
1050	impiety	19301	0.201	1	1	2.315
1051	throat	19344	0.202	1	1	2.311
1052	worse	96916	1.009	5	5	2.309
1053	mingled	19412	0.202	1	1	2.306
1054	Exit	19436	0.202	1	1	2.305
1055	forbidden	38907	0.405	2	1	2.303
1056	fourthly	38947	0.406	2	2	2.302
1057	intelligence	19523	0.203	1	1	2.298
1058	habitation	19587	0.204	1	1	2.293
1059	approbation	19693	0.205	1	1	2.286
1060	lo	39596	0.412	2	2	2.278
1061	jealous	19806	0.206	1	1	2.277
1062	nice	19841	0.207	1	1	2.275
1063	wool	19852	0.207	1	1	2.274
1064	hollow	19871	0.207	1	1	2.273
1065	23.	59639	0.621	3	3	2.272
1066	ti	19951	0.208	1	1	2.267
1067	fashion	39934	0.416	2	2	2.266
1068	Pope	240165	2.501	12	12	2.262
1069	Uncle	20076	0.209	1	1	2.258
1070	careless	20099	0.209	1	1	2.256
1071	constable	20148	0.21	1	1	2.253
1072	calls	121932	1.27	6	5	2.24
1073	converted	40728	0.424	2	1	2.238
1074	kindred	20409	0.213	1	1	2.234
1075	Notable	40823	0.425	2	1	2.234
1076	vp	20410	0.213	1	1	2.234
1077	relieve	20413	0.213	1	1	2.234
1078	tie	20437	0.213	1	1	2.232
1079	burned	20536	0.214	1	1	2.225
1080	base	61654	0.642	3	3	2.224
1081	wear	20558	0.214	1	1	2.224
1082	fool	41266	0.43	2	2	2.219
1083	thrice	20696	0.216	1	1	2.214
1084	Enter	145726	1.518	7	7	2.206
1085	rewards	20903	0.218	1	1	2.2
1086	turn	167524	1.745	8	7	2.197
1087	rot	20942	0.218	1	1	2.197
1088	Lewis	20972	0.218	1	1	2.195
1089	foes	20990	0.219	1	1	2.194
1090	superstitious	21092	0.22	1	1	2.186
1091	politic	21242	0.221	1	1	2.177
1092	nearest	21311	0.222	1	1	2.172
1093	Tale	21357	0.222	1	1	2.169
1094	Grand	42729	0.445	2	2	2.168
1095	Deuteronomy	64271	0.669	3	3	2.164
1096	train	21461	0.224	1	1	2.162
1097	pence	21465	0.224	1	1	2.162
1098	description	42949	0.447	2	2	2.161
1099	encourage	21511	0.224	1	1	2.158
1100	widow	21540	0.224	1	1	2.156
1101	apart	21640	0.225	1	1	2.149
1102	daughter	108707	1.132	5	5	2.143
1103	great	1790493	18.646	82	43	2.137
1104	sit	131502	1.37	6	5	2.131
1105	busy	21920	0.228	1	1	2.131
1106	rise	87880	0.915	4	4	2.128
1107	human	22158	0.231	1	1	2.115
1108	married	66560	0.693	3	3	2.114
1109	horns	22193	0.231	1	1	2.113
1110	poison	44407	0.463	2	2	2.112
1111	virgins	22219	0.231	1	1	2.112
1112	17	133873	1.394	6	6	2.106
1113	notorious	22363	0.233	1	1	2.102
1114	eggs	22433	0.234	1	1	2.098
1115	beat	45020	0.469	2	2	2.093
1116	retired	22517	0.235	1	1	2.092
1117	weeping	22605	0.235	1	1	2.087
1118	Alas	67915	0.707	3	2	2.085
1119	'll	158479	1.65	7	6	2.085
1120	submit	45284	0.472	2	1	2.084
1121	entertainment	22650	0.236	1	1	2.084
1122	begins	45496	0.474	2	2	2.078
1123	deserves	22832	0.238	1	1	2.072
1124	committed	115180	1.2	5	3	2.059
1125	odious	23239	0.242	1	1	2.047
1126	stroke	23344	0.243	1	1	2.04
1127	merchant	23511	0.245	1	1	2.03
1128	Thrown	23518	0.245	1	1	2.03
1129	Shame	94222	0.981	4	4	2.027
1130	Roman	141472	1.473	6	6	2.026
1131	ego	23639	0.246	1	1	2.022
1132	street	23649	0.246	1	1	2.022
1133	rich	142318	1.482	6	5	2.017
1134	Jew	23762	0.248	1	1	2.014
1135	hears	23785	0.248	1	1	2.013
1136	falsehood	23853	0.248	1	1	2.009
1137	exposed	24132	0.251	1	1	1.993
1138	absent	24129	0.251	1	1	1.993
1139	ante	24167	0.252	1	1	1.99
1140	farewell	24180	0.252	1	1	1.99
1141	Priests	145909	1.52	6	5	1.981
1142	younger	24318	0.253	1	1	1.981
1143	clock	24334	0.253	1	1	1.981
1144	coat	24384	0.254	1	1	1.978
1145	glorified	24388	0.254	1	1	1.977
1146	seeks	24462	0.255	1	1	1.973
1147	forthwith	24481	0.255	1	1	1.972
1148	mourning	24529	0.255	1	1	1.969
1149	bed	73593	0.766	3	3	1.969
1150	garment	24609	0.256	1	1	1.964
1151	col.	49217	0.513	2	1	1.964
1152	allege	24686	0.257	1	1	1.96
1153	hatred	49444	0.515	2	2	1.958
1154	lights	24751	0.258	1	1	1.956
1155	bones	50056	0.521	2	2	1.94
1156	treasure	50519	0.526	2	2	1.927
1157	nose	25309	0.264	1	1	1.924
1158	smell	25352	0.264	1	1	1.921
1159	consecrated	25356	0.264	1	1	1.921
1160	hated	25471	0.265	1	1	1.914
1161	Popes	76677	0.799	3	3	1.91
1162	commit	51155	0.533	2	2	1.909
1163	Salomon	25808	0.269	1	1	1.895
1164	sister	51618	0.538	2	2	1.895
1165	Re	25840	0.269	1	1	1.894
1166	suspected	25911	0.27	1	1	1.89
1167	partakers	25934	0.27	1	1	1.888
1168	twenty	103869	1.082	4	4	1.887
1169	Lover	26112	0.272	1	1	1.879
1170	streets	26115	0.272	1	1	1.878
1171	forsake	52263	0.544	2	2	1.878
1172	company	157530	1.641	6	4	1.871
1173	&#x14d;	499329	5.2	19	14	1.869
1174	Pan	26291	0.274	1	1	1.869
1175	Monks	26369	0.275	1	1	1.865
1176	ass	26382	0.275	1	1	1.864
1177	disgrace	26379	0.275	1	1	1.864
1178	Lays	26622	0.277	1	1	1.851
1179	pay	106691	1.111	4	3	1.848
1180	Britain	26773	0.279	1	1	1.843
1181	bloody	53730	0.56	2	2	1.838
1182	setting	53750	0.56	2	2	1.837
1183	Venus	26929	0.28	1	1	1.834
1184	communicate	27013	0.281	1	1	1.83
1185	apparel	27082	0.282	1	1	1.826
1186	mystery	54678	0.569	2	2	1.812
1187	defended	27388	0.285	1	1	1.81
1188	hereby	55021	0.573	2	2	1.803
1189	dispose	27603	0.288	1	1	1.798
1190	observations	27622	0.288	1	1	1.797
1191	Gal	55443	0.577	2	1	1.792
1192	undertake	27793	0.289	1	1	1.789
1193	forsaken	27796	0.29	1	1	1.788
1194	sold	55694	0.58	2	2	1.786
1195	lie	168129	1.751	6	6	1.777
1196	slaves	28066	0.292	1	1	1.774
1197	Ecclesiae	28090	0.293	1	1	1.773
1198	woe	28149	0.293	1	1	1.771
1199	Followers	28164	0.293	1	1	1.77
1200	tyrant	28325	0.295	1	1	1.761
1201	idolatry	57073	0.594	2	1	1.75
1202	torment	28570	0.298	1	1	1.749
1203	Showed	142959	1.489	5	4	1.748
1204	touch	57247	0.596	2	2	1.746
1205	cunning	28670	0.299	1	1	1.744
1206	vision	28960	0.302	1	1	1.729
1207	ah	29075	0.303	1	1	1.724
1208	hills	29127	0.303	1	1	1.721
1209	favours	29174	0.304	1	1	1.719
1210	begotten	29211	0.304	1	1	1.717
1211	season	58435	0.609	2	2	1.717
1212	spoken	147126	1.532	5	5	1.706
1213	Cardinal	58899	0.613	2	1	1.705
1214	faces	29653	0.309	1	1	1.695
1215	Got	88984	0.927	3	3	1.695
1216	sober	29705	0.309	1	1	1.692
1217	reports	29748	0.31	1	1	1.691
1218	descended	29883	0.311	1	1	1.684
1219	fellows	29880	0.311	1	1	1.684
1220	entertain	30000	0.312	1	1	1.679
1221	gentlemen	60495	0.63	2	2	1.667
1222	Jupiter	30367	0.316	1	1	1.661
1223	Why	394748	4.111	13	10	1.661
1224	contain	30528	0.318	1	1	1.653
1225	commend	30571	0.318	1	1	1.651
1226	women	152987	1.593	5	5	1.65
1227	ere	61209	0.637	2	2	1.65
1228	wretched	30683	0.32	1	1	1.646
1229	absence	30716	0.32	1	1	1.644
1230	bought	30717	0.32	1	1	1.644
1231	join	61462	0.64	2	2	1.644
1232	called	768363	8.002	25	15	1.644
1233	opposed	30763	0.32	1	1	1.642
1234	arise	61558	0.641	2	2	1.641
1235	wild	61696	0.643	2	2	1.638
1236	discretion	30869	0.322	1	1	1.637
1237	dream	30913	0.322	1	1	1.635
1238	Italy	62147	0.647	2	2	1.628
1239	Mr	31112	0.324	1	1	1.626
1240	Night	217853	2.269	7	7	1.625
1241	monarchy	31153	0.324	1	1	1.624
1242	16.	93810	0.977	3	3	1.619
1243	open	187653	1.954	6	5	1.618
1244	deed	62715	0.653	2	2	1.615
1245	inhabitants	62803	0.654	2	2	1.613
1246	pleasures	62853	0.655	2	2	1.611
1247	abused	31590	0.329	1	1	1.604
1248	branch	31608	0.329	1	1	1.603
1249	discovered	63467	0.661	2	2	1.597
1250	bad	95210	0.992	3	1	1.597
1251	later	31782	0.331	1	1	1.595
1252	hang	31830	0.332	1	1	1.593
1253	beauty	95667	0.996	3	3	1.59
1254	admirable	31909	0.332	1	1	1.589
1255	dogs	32101	0.334	1	1	1.581
1256	eaten	32125	0.335	1	1	1.579
1257	doubtless	32131	0.335	1	1	1.579
1258	beg	32168	0.335	1	1	1.578
1259	fine	96522	1.005	3	3	1.577
1260	consequently	64502	0.672	2	2	1.574
1261	upper	32317	0.337	1	1	1.571
1262	bosom	32336	0.337	1	1	1.57
1263	purchase	32356	0.337	1	1	1.569
1264	signified	32415	0.338	1	1	1.567
1265	maintenance	32482	0.338	1	1	1.564
1266	diligent	32533	0.339	1	1	1.561
1267	remaining	32552	0.339	1	1	1.561
1268	withal	98276	1.024	3	2	1.551
1269	innocent	65570	0.683	2	2	1.55
1270	torments	32888	0.343	1	1	1.546
1271	grounded	32919	0.343	1	1	1.545
1272	ashes	32944	0.343	1	1	1.543
1273	peoples	33008	0.344	1	1	1.541
1274	executed	33017	0.344	1	1	1.54
1275	kings	363629	3.787	11	7	1.538
1276	Image	99324	1.034	3	2	1.536
1277	bestow	33438	0.348	1	1	1.522
1278	goes	100413	1.046	3	3	1.52
1279	fall	267911	2.79	8	8	1.52
1280	summer	33500	0.349	1	1	1.519
1281	growing	33517	0.349	1	1	1.519
1282	wax	33550	0.349	1	1	1.517
1283	Hen	33893	0.353	1	1	1.502
1284	soldiers	136167	1.418	4	2	1.496
1285	elsewhere	34197	0.356	1	1	1.49
1286	professed	34256	0.357	1	1	1.487
1287	bring	310345	3.232	9	9	1.477
1288	beaten	34661	0.361	1	1	1.47
1289	scorn	34703	0.361	1	1	1.468
1290	bare	69451	0.723	2	1	1.467
1291	art	315875	3.29	9	6	1.452
1292	cut	140466	1.463	4	4	1.451
1293	calling	105619	1.1	3	3	1.448
1294	sends	35230	0.367	1	1	1.447
1295	delights	35263	0.367	1	1	1.445
1296	sitting	35270	0.367	1	1	1.445
1297	A	14471665	150.71	410	152	1.444
1298	habit	35431	0.369	1	1	1.438
1299	wrong	71272	0.742	2	2	1.43
1300	Like	1070087	11.144	30	23	1.429
1301	utterly	71440	0.744	2	2	1.427
1302	stock	35766	0.373	1	1	1.425
1303	exact	35980	0.375	1	1	1.416
1304	th	180132	1.876	5	5	1.414
1305	Moreover	72198	0.752	2	2	1.411
1306	Afterward	72483	0.755	2	2	1.406
1307	desirous	36305	0.378	1	1	1.403
1308	advance	36366	0.379	1	1	1.401
1309	antiquity	36439	0.38	1	1	1.398
1310	comes	255457	2.66	7	7	1.396
1311	30.	36501	0.38	1	1	1.396
1312	turned	109846	1.144	3	3	1.391
1313	translated	36635	0.382	1	1	1.39
1314	noble	146938	1.53	4	4	1.386
1315	became	73544	0.766	2	2	1.385
1316	overthrow	36900	0.384	1	1	1.38
1317	clothes	36950	0.385	1	1	1.378
1318	bright	36946	0.385	1	1	1.378
1319	Jesuits	37256	0.388	1	1	1.366
1320	wilderness	37400	0.39	1	1	1.36
1321	enough	225014	2.343	6	6	1.356
1322	numbers	37529	0.391	1	1	1.355
1323	head	338290	3.523	9	9	1.353
1324	succession	37662	0.392	1	1	1.35
1325	separate	37702	0.393	1	1	1.349
1326	SHine	37727	0.393	1	1	1.348
1327	deep	75511	0.786	2	2	1.347
1328	masters	75576	0.787	2	2	1.345
1329	vengeance	37813	0.394	1	1	1.344
1330	punishment	113533	1.182	3	3	1.343
1331	separated	37858	0.394	1	1	1.343
1332	omnes	38114	0.397	1	1	1.333
1333	Figure	76261	0.794	2	2	1.332
1334	practise	76565	0.797	2	2	1.327
1335	tyranny	38301	0.399	1	1	1.326
1336	drew	38764	0.404	1	1	1.309
1337	hide	38812	0.404	1	1	1.307
1338	thou	1398203	14.561	36	25	1.306
1339	families	38924	0.405	1	1	1.303
1340	27	77948	0.812	2	2	1.301
1341	teaching	39101	0.407	1	1	1.296
1342	maintain	78757	0.82	2	2	1.286
1343	turns	39404	0.41	1	1	1.285
1344	proved	118293	1.232	3	3	1.284
1345	valiant	39573	0.412	1	1	1.279
1346	nought	39966	0.416	1	1	1.265
1347	confessed	40109	0.418	1	1	1.259
1348	yea	321813	3.351	8	8	1.255
1349	seven	120863	1.259	3	3	1.253
1350	deceive	40456	0.421	1	1	1.247
1351	comparison	40468	0.421	1	1	1.247
1352	provide	40597	0.423	1	1	1.242
1353	knew	162531	1.693	4	4	1.241
1354	pounds	40756	0.424	1	1	1.237
1355	12.	122418	1.275	3	2	1.235
1356	ladies	41212	0.429	1	1	1.22
1357	proves	41434	0.432	1	1	1.213
1358	colours	41565	0.433	1	1	1.208
1359	Germany	41636	0.434	1	1	1.206
1360	altogether	83475	0.869	2	2	1.202
1361	understood	125485	1.307	3	1	1.199
1362	divided	84122	0.876	2	1	1.191
1363	fly	84799	0.883	2	2	1.179
1364	rose	42445	0.442	1	1	1.178
1365	nine	42485	0.442	1	1	1.177
1366	stands	85073	0.886	2	1	1.175
1367	fact	42577	0.443	1	1	1.173
1368	yield	85483	0.89	2	2	1.168
1369	adds	42811	0.446	1	1	1.166
1370	?	2527462	26.321	59	41	1.164
1371	foul	43393	0.452	1	1	1.146
1372	borne	86876	0.905	2	2	1.144
1373	resist	43474	0.453	1	1	1.143
1374	seed	130549	1.36	3	3	1.142
1375	28.	43571	0.454	1	1	1.14
1376	spread	43759	0.456	1	1	1.134
1377	compared	43800	0.456	1	1	1.133
1378	an	2497908	26.014	57	40	1.132
1379	yours	44031	0.459	1	1	1.125
1380	Bringing	44028	0.459	1	1	1.125
1381	nations	132713	1.382	3	3	1.118
1382	captain	88772	0.925	2	2	1.113
1383	gotten	44665	0.465	1	1	1.104
1384	di	44811	0.467	1	1	1.099
1385	defence	89679	0.934	2	2	1.099
1386	white	134914	1.405	3	2	1.094
1387	highly	45059	0.469	1	1	1.092
1388	34	45179	0.471	1	1	1.088
1389	guard	45684	0.476	1	1	1.072
1390	jurisdiction	45854	0.478	1	1	1.066
1391	cried	45966	0.479	1	1	1.063
1392	stay	91988	0.958	2	2	1.062
1393	old	414305	4.315	9	8	1.061
1394	town	184940	1.926	4	4	1.054
1395	seeing	231216	2.408	5	5	1.054
1396	whereof	279030	2.906	6	3	1.046
1397	written	186305	1.94	4	4	1.044
1398	gate	46617	0.486	1	1	1.042
1399	showing	46685	0.486	1	1	1.04
1400	T	186780	1.945	4	4	1.04
1401	name	607418	6.326	13	13	1.039
1402	Whose	468798	4.882	10	10	1.034
1403	madam	46920	0.489	1	1	1.033
1404	drink	140890	1.467	3	3	1.032
1405	judgements	47124	0.491	1	1	1.027
1406	City	377406	3.93	8	6	1.025
1407	mixed	47413	0.494	1	1	1.018
1408	sat	47715	0.497	1	1	1.009
1409	warrant	48147	0.501	1	1	0.996
1410	ashamed	48199	0.502	1	1	0.995
1411	earnest	48238	0.502	1	1	0.993
1412	down	533657	5.558	11	9	0.985
1413	portion	48529	0.505	1	1	0.985
1414	begin	97196	1.012	2	1	0.983
1415	make	1313915	13.683	27	22	0.981
1416	O	541781	5.642	11	9	0.963
1417	better	443737	4.621	9	7	0.962
1418	Cruelty	49468	0.515	1	1	0.957
1419	forget	49494	0.515	1	1	0.956
1420	news	49502	0.516	1	1	0.956
1421	belong	49750	0.518	1	1	0.949
1422	hell	149518	1.557	3	3	0.946
1423	loss	99713	1.038	2	2	0.946
1424	servants	149996	1.562	3	3	0.941
1425	Lamb	50063	0.521	1	1	0.94
1426	burnt	50113	0.522	1	1	0.938
1427	continue	100553	1.047	2	2	0.933
1428	hair	50335	0.524	1	1	0.932
1429	Fell	151275	1.575	3	3	0.929
1430	Fortune	101130	1.053	2	2	0.925
1431	7.	151741	1.58	3	2	0.925
1432	putting	50647	0.527	1	1	0.923
1433	instruments	50653	0.528	1	1	0.923
1434	Catholic	101512	1.057	2	2	0.92
1435	prophecy	51210	0.533	1	1	0.907
1436	fellow	51208	0.533	1	1	0.907
1437	magistrate	51237	0.534	1	1	0.906
1438	Rev.	51328	0.535	1	1	0.904
1439	commandments	51345	0.535	1	1	0.903
1440	fill	51476	0.536	1	1	0.899
1441	holiness	103065	1.073	2	2	0.898
1442	speech	103090	1.074	2	2	0.898
1443	careful	51701	0.538	1	1	0.893
1444	sweet	155475	1.619	3	2	0.89
1445	thousand	207672	2.163	4	4	0.887
1446	peculiar	51984	0.541	1	1	0.885
1447	learn	104113	1.084	2	2	0.883
1448	bless	52076	0.542	1	1	0.883
1449	hath	1823449	18.99	35	28	0.882
1450	poor	313465	3.265	6	5	0.878
1451	now	1519152	15.821	29	21	0.874
1452	offices	52567	0.547	1	1	0.869
1453	hid	52578	0.548	1	1	0.869
1454	estate	157763	1.643	3	3	0.869
1455	excuse	52632	0.548	1	1	0.867
1456	Pride	105444	1.098	2	2	0.865
1457	cap	211323	2.201	4	3	0.862
1458	faithful	159195	1.658	3	3	0.856
1459	!	371996	3.874	7	3	0.854
1460	Secondly	160056	1.667	3	3	0.848
1461	usually	53352	0.556	1	1	0.848
1462	break	107397	1.118	2	2	0.839
1463	manifest	107661	1.121	2	2	0.835
1464	conversation	53957	0.562	1	1	0.832
1465	Heir	53990	0.562	1	1	0.831
1466	virgin	54072	0.563	1	1	0.829
1467	sheweth	54422	0.567	1	1	0.819
1468	dear	109293	1.138	2	2	0.813
1469	Paris	54729	0.57	1	1	0.811
1470	lust	54865	0.571	1	1	0.807
1471	willingly	54908	0.572	1	1	0.806
1472	prove	220093	2.292	4	4	0.803
1473	meaning	110075	1.146	2	2	0.803
1474	whereby	220196	2.293	4	3	0.803
1475	Humours	55201	0.575	1	1	0.799
1476	Once	277740	2.892	5	5	0.79
1477	ordinance	55547	0.579	1	1	0.79
1478	departed	55560	0.579	1	1	0.789
1479	walk	111166	1.158	2	2	0.789
1480	sore	55646	0.58	1	1	0.787
1481	void	55647	0.58	1	1	0.787
1482	Prophets	111696	1.163	2	2	0.782
1483	singular	56003	0.583	1	1	0.778
1484	Away	504942	5.259	9	6	0.775
1485	troubles	56110	0.584	1	1	0.775
1486	gone	112323	1.17	2	2	0.774
1487	iniquity	56296	0.586	1	1	0.77
1488	render	56345	0.587	1	1	0.769
1489	mountains	56383	0.587	1	1	0.768
1490	hard	169293	1.763	3	3	0.767
1491	earth	451529	4.702	8	7	0.767
1492	caused	113016	1.177	2	2	0.765
1493	Mass	56555	0.589	1	1	0.764
1494	whatsoever	170245	1.773	3	3	0.759
1495	lived	113584	1.183	2	2	0.758
1496	swear	56939	0.593	1	1	0.754
1497	humour	57193	0.596	1	1	0.748
1498	:	8018849	83.509	140	79	0.745
1499	apply	57357	0.597	1	1	0.743
1500	folly	57369	0.597	1	1	0.743
1501	convenient	57866	0.603	1	1	0.731
1502	members	116122	1.209	2	2	0.726
1503	sudden	58065	0.605	1	1	0.726
1504	house	407406	4.243	7	6	0.722
1505	Queen	174640	1.819	3	3	0.722
1506	keeping	58223	0.606	1	1	0.722
1507	&	2737777	28.512	47	34	0.721
1508	remember	116819	1.217	2	2	0.717
1509	giving	117136	1.22	2	2	0.713
1510	then	2700348	28.122	46	32	0.71
1511	paid	58812	0.613	1	1	0.707
1512	Judgment	235552	2.453	4	4	0.705
1513	wait	59233	0.617	1	1	0.697
1514	condemn	59378	0.618	1	1	0.693
1515	John	415725	4.329	7	5	0.693
1516	ben	59507	0.62	1	1	0.69
1517	daily	119047	1.24	2	2	0.69
1518	term	59683	0.622	1	1	0.686
1519	allowed	59743	0.622	1	1	0.685
1520	2.	358494	3.733	6	4	0.684
1521	spiritual	239256	2.492	4	4	0.683
1522	signify	59908	0.624	1	1	0.681
1523	supper	60000	0.625	1	1	0.679
1524	taken	481305	5.012	8	7	0.674
1525	nor	1146191	11.937	19	14	0.671
1526	indeed	301803	3.143	5	5	0.67
1527	hardly	60401	0.629	1	1	0.669
1528	21.	60549	0.631	1	1	0.665
1529	mortal	60563	0.631	1	1	0.665
1530	breath	60807	0.633	1	1	0.659
1531	change	122021	1.271	2	2	0.654
1532	substance	122160	1.272	2	2	0.653
1533	wicked	246712	2.569	4	4	0.639
1534	with	6743369	70.226	109	64	0.634
1535	want	185706	1.934	3	3	0.633
1536	understand	185715	1.934	3	2	0.633
1537	changed	62232	0.648	1	1	0.626
1538	except	124877	1.301	2	2	0.621
1539	Repent	62610	0.652	1	1	0.617
1540	value	62647	0.652	1	1	0.616
1541	amongst	251926	2.624	4	4	0.608
1542	each	252025	2.625	4	4	0.608
1543	trust	126242	1.315	2	2	0.605
1544	baptised	63273	0.659	1	1	0.602
1545	betwixt	127079	1.323	2	2	0.596
1546	youth	63555	0.662	1	1	0.595
1547	Verse	254782	2.653	4	3	0.592
1548	clean	63893	0.665	1	1	0.588
1549	Alexander	64017	0.667	1	1	0.585
1550	gives	192161	2.001	3	3	0.584
1551	taught	128541	1.339	2	2	0.579
1552	door	64326	0.67	1	1	0.578
1553	is	12301699	128.111	191	75	0.576
1554	g	64551	0.672	1	1	0.573
1555	live	322774	3.361	5	5	0.573
1556	haste	258415	2.691	4	4	0.572
1557	truly	193999	2.02	3	3	0.57
1558	confirmed	64726	0.674	1	1	0.569
1559	of	39170514	407.926	605	161	0.569
1560	avoid	65191	0.679	1	1	0.559
1561	standing	65368	0.681	1	1	0.555
1562	's	1833403	19.093	28	22	0.552
1563	affirm	65605	0.683	1	1	0.55
1564	Gentleman	66021	0.688	1	1	0.54
1565	errors	66120	0.689	1	1	0.538
1566	went	264770	2.757	4	4	0.537
1567	gathered	66412	0.692	1	1	0.532
1568	)	3126749	32.562	47	35	0.529
1569	simple	66612	0.694	1	1	0.528
1570	shall	2624249	27.329	39	27	0.513
1571	applied	67388	0.702	1	1	0.511
1572	Clergy	67422	0.702	1	1	0.51
1573	miserable	67471	0.703	1	1	0.509
1574	age	202681	2.111	3	3	0.507
1575	Observe	135204	1.408	2	2	0.506
1576	chap	271060	2.823	4	3	0.503
1577	satisfied	67883	0.707	1	1	0.5
1578	upon	2522161	26.266	37	28	0.494
1579	fair	204535	2.13	3	3	0.494
1580	twelve	68218	0.71	1	1	0.493
1581	remedy	68365	0.712	1	1	0.49
1582	throne	68392	0.712	1	1	0.49
1583	the	59190422	616.416	861	206	0.482
1584	mary	68927	0.718	1	1	0.478
1585	six	138046	1.438	2	2	0.476
1586	partly	69033	0.719	1	1	0.476
1587	your	2073026	21.589	30	21	0.475
1588	lawful	138238	1.44	2	2	0.474
1589	appeared	69228	0.721	1	1	0.472
1590	friend	138523	1.443	2	1	0.471
1591	tender	69450	0.723	1	1	0.467
1592	Mankind	69641	0.725	1	1	0.464
1593	sons	139530	1.453	2	2	0.461
1594	up	1119358	11.657	16	13	0.457
1595	5.	210462	2.192	3	2	0.453
1596	stones	70601	0.735	1	1	0.444
1597	created	70624	0.736	1	1	0.443
1598	thy	1346327	14.021	19	11	0.438
1599	thinks	71088	0.74	1	1	0.434
1600	many	1356675	14.129	19	14	0.427
1601	d	143450	1.494	2	1	0.421
1602	wickedness	71915	0.749	1	1	0.417
1603	free	216340	2.253	3	2	0.413
1604	toward	72140	0.751	1	1	0.413
1605	forward	72541	0.756	1	1	0.404
1606	met	72645	0.757	1	1	0.403
1607	behind	73039	0.761	1	1	0.395
1608	c	292350	3.045	4	3	0.394
1609	kingdoms	73313	0.764	1	1	0.389
1610	church	1175787	12.245	16	10	0.386
1611	Albeit	73943	0.77	1	1	0.377
1612	delivered	148308	1.545	2	2	0.373
1613	wilt	74391	0.775	1	1	0.368
1614	require	74426	0.775	1	1	0.368
1615	performed	74489	0.776	1	1	0.366
1616	still	373001	3.885	5	5	0.364
1617	ruin	74606	0.777	1	1	0.364
1618	Angel	74694	0.778	1	1	0.362
1619	false	224466	2.338	3	3	0.36
1620	get	149760	1.56	2	1	0.359
1621	(	3147389	32.777	42	28	0.358
1622	Commands	74993	0.781	1	1	0.357
1623	matters	150676	1.569	2	2	0.35
1624	impossible	75536	0.787	1	1	0.346
1625	quality	75538	0.787	1	1	0.346
1626	even	607522	6.327	8	7	0.339
1627	master	228418	2.379	3	3	0.335
1628	hereafter	76216	0.794	1	1	0.333
1629	cast	229673	2.392	3	3	0.327
1630	wish	76763	0.799	1	1	0.323
1631	that	17465266	181.885	227	117	0.32
1632	because	1157094	12.05	15	12	0.316
1633	besides	231481	2.411	3	3	0.316
1634	plain	154580	1.61	2	2	0.313
1635	8.	154636	1.61	2	2	0.313
1636	under	696455	7.253	9	6	0.311
1637	28	77934	0.812	1	1	0.301
1638	memory	78094	0.813	1	1	0.298
1639	birth	78181	0.814	1	1	0.297
1640	gain	78199	0.814	1	1	0.296
1641	whom	782727	8.151	10	8	0.295
1642	loved	78391	0.816	1	1	0.293
1643	must	1333555	13.888	17	14	0.292
1644	Peter	156920	1.634	2	2	0.291
1645	brought	394377	4.107	5	4	0.284
1646	whereupon	78977	0.823	1	1	0.282
1647	made	1503973	15.663	19	16	0.279
1648	nay	158341	1.649	2	2	0.278
1649	sayeth	633645	6.599	8	8	0.278
1650	until	158797	1.654	2	2	0.274
1651	signifies	79472	0.828	1	1	0.273
1652	lay	238823	2.487	3	3	0.27
1653	wars	79970	0.833	1	1	0.264
1654	though	1040761	10.839	13	10	0.262
1655	ends	80149	0.835	1	1	0.261
1656	doth	963309	10.032	12	11	0.258
1657	castle	80430	0.838	1	1	0.256
1658	defend	80482	0.838	1	1	0.255
1659	let	968524	10.086	12	12	0.251
1660	YOu	3714542	38.684	46	32	0.25
1661	S.	403850	4.206	5	5	0.25
1662	Hold	243646	2.537	3	3	0.242
1663	profession	81244	0.846	1	1	0.241
1664	late	162556	1.693	2	2	0.241
1665	mean	244094	2.542	3	3	0.239
1666	Knight	81427	0.848	1	1	0.238
1667	son	570683	5.943	7	6	0.236
1668	&#x113;	491365	5.117	6	5	0.23
1669	seek	163878	1.707	2	1	0.229
1670	thither	82005	0.854	1	1	0.228
1671	lost	164242	1.71	2	2	0.226
1672	4.	246979	2.572	3	3	0.222
1673	,	97296499	1013.257	1174	265	0.212
1674	wherein	332751	3.465	4	4	0.207
1675	ministry	83246	0.867	1	1	0.206
1676	lead	83367	0.868	1	1	0.204
1677	where	1086411	11.314	13	11	0.2
1678	love	838220	8.729	10	7	0.196
1679	worthy	168026	1.75	2	2	0.193
1680	grief	84127	0.876	1	1	0.191
1681	Realm	84195	0.877	1	1	0.19
1682	did	1515759	15.785	18	16	0.189
1683	III	85132	0.887	1	1	0.174
1684	deal	85541	0.891	1	1	0.167
1685	and	37698224	392.594	440	174	0.164
1686	known	257669	2.683	3	3	0.161
1687	destroy	86113	0.897	1	1	0.157
1688	&#x101;	258515	2.692	3	3	0.156
1689	self	948089	9.874	11	11	0.156
1690	joined	86338	0.899	1	1	0.153
1691	There	2595192	27.027	30	26	0.151
1692	arms	173309	1.805	2	2	0.148
1693	named	86879	0.905	1	1	0.144
1694	Disciples	87362	0.91	1	1	0.136
1695	terms	88303	0.92	1	1	0.121
1696	had	2740575	28.541	31	23	0.119
1697	return	177443	1.848	2	2	0.114
1698	original	88923	0.926	1	1	0.111
1699	should	1871070	19.486	21	20	0.108
1700	Neither	537051	5.593	6	6	0.101
1701	wrought	89617	0.933	1	1	0.1
1702	makes	359288	3.742	4	4	0.096
1703	number	269531	2.807	3	2	0.096
1704	Empire	90491	0.942	1	1	0.086
1705	mans	181090	1.886	2	2	0.085
1706	lib.	181181	1.887	2	2	0.084
1707	face	181454	1.89	2	2	0.082
1708	thirdly	90751	0.945	1	1	0.081
1709	say	1089806	11.349	12	11	0.08
1710	black	90820	0.946	1	1	0.08
1711	would	1733888	18.057	19	17	0.073
1712	sum	91719	0.955	1	1	0.066
1713	some	1845849	19.223	20	18	0.057
1714	were	2871299	29.902	31	22	0.052
1715	surely	92689	0.965	1	1	0.051
1716	sir	371184	3.866	4	4	0.049
1717	lands	92853	0.967	1	1	0.048
1718	Heads	93035	0.969	1	1	0.046
1719	saint	186918	1.947	2	2	0.039
1720	out	1686345	17.562	18	17	0.036
1721	ask	93732	0.976	1	1	0.035
1722	riches	93796	0.977	1	1	0.034
1723	Duke	187759	1.955	2	2	0.033
1724	.	39047260	406.643	415	143	0.029
1725	Money	188212	1.96	2	1	0.029
1726	marriage	94195	0.981	1	1	0.028
1727	or	6140246	63.945	65	49	0.024
1728	hot	94567	0.985	1	1	0.022
1729	said	1514302	15.77	16	15	0.021
1730	Object	94992	0.989	1	1	0.016
1731	Devil	190658	1.986	2	2	0.01
1732	suffer	191145	1.991	2	2	0.007
1733	also	1433690	14.931	15	13	0.007
1734	none	383245	3.991	4	4	0.003
1735	&c	479189	4.99	5	5	0.003
1736	my	2492426	25.956	26	14	0.002
1737	lies	96467	1.005	1	1	-0.007
1738	do	2417629	25.178	25	24	-0.01
1739	children	387096	4.031	4	4	-0.011
1740	leaves	96805	1.008	1	1	-0.012
1741	resolved	96934	1.01	1	1	-0.014
1742	one	2538275	26.434	26	22	-0.024
1743	something	97686	1.017	1	1	-0.025
1744	have	4691254	48.855	48	32	-0.025
1745	commonly	97748	1.018	1	1	-0.026
1746	fast	97823	1.019	1	1	-0.027
1747	rather	393402	4.097	4	4	-0.035
1748	continued	98376	1.025	1	1	-0.035
1749	serve	198842	2.071	2	2	-0.05
1750	but	6983890	72.731	70	45	-0.055
1751	perhaps	99958	1.041	1	1	-0.058
1752	suffered	100182	1.043	1	1	-0.061
1753	raised	100276	1.044	1	1	-0.063
1754	greatest	200955	2.093	2	2	-0.065
1755	which	6940930	72.284	69	49	-0.067
1756	for	9369441	97.574	93	51	-0.069
1757	take	907131	9.447	9	9	-0.07
1758	colour	100836	1.05	1	1	-0.071
1759	v.	202373	2.108	2	2	-0.076
1760	proceed	101566	1.058	1	1	-0.081
1761	content	101607	1.058	1	1	-0.081
1762	express	101655	1.059	1	1	-0.082
1763	Job	101876	1.061	1	1	-0.085
1764	feet	102703	1.07	1	1	-0.097
1765	testimony	102732	1.07	1	1	-0.097
1766	oath	102906	1.072	1	1	-0.1
1767	against	1339213	13.947	13	10	-0.101
1768	wholly	103124	1.074	1	1	-0.103
1769	worship	206782	2.154	2	2	-0.107
1770	Pro	103839	1.081	1	1	-0.113
1771	consider	208021	2.166	2	2	-0.115
1772	charity	104646	1.09	1	1	-0.124
1773	humane	105132	1.095	1	1	-0.131
1774	who	2315377	24.113	22	19	-0.132
1775	be	9896153	103.06	94	67	-0.133
1776	fight	105643	1.1	1	1	-0.138
1777	hundred	212307	2.211	2	2	-0.145
1778	3.	318523	3.317	3	2	-0.145
1779	declared	106222	1.106	1	1	-0.146
1780	least	319491	3.327	3	3	-0.149
1781	case	319514	3.328	3	2	-0.149
1782	21	106558	1.11	1	1	-0.15
1783	their	5435041	56.601	51	26	-0.15
1784	blood	426566	4.442	4	4	-0.151
1785	go	533648	5.558	5	4	-0.153
1786	years	427133	4.448	4	4	-0.153
1787	13.	106799	1.112	1	1	-0.153
1788	add	106899	1.113	1	1	-0.155
1789	special	107206	1.117	1	1	-0.159
1790	public	215912	2.249	2	2	-0.169
1791	carry	108052	1.125	1	1	-0.17
1792	secret	108173	1.127	1	1	-0.172
1793	on	1948583	20.293	18	15	-0.173
1794	drawn	108352	1.128	1	1	-0.174
1795	desired	108540	1.13	1	1	-0.177
1796	error	108610	1.131	1	1	-0.178
1797	sure	217623	2.266	2	2	-0.18
1798	his	9217642	95.994	84	53	-0.193
1799	about	661900	6.893	6	6	-0.2
1800	never	778679	8.109	7	7	-0.212
1801	does	222564	2.318	2	2	-0.213
1802	Court	223217	2.325	2	2	-0.217
1803	as	9292085	96.769	83	53	-0.221
1804	equal	111972	1.166	1	1	-0.222
1805	note	111981	1.166	1	1	-0.222
1806	R.	112114	1.168	1	1	-0.224
1807	he	9215356	95.97	82	56	-0.227
1808	less	337828	3.518	3	3	-0.23
1809	thus	788750	8.214	7	7	-0.231
1810	ordinary	113361	1.181	1	1	-0.24
1811	sometimes	226924	2.363	2	2	-0.241
1812	Sacrament	113613	1.183	1	1	-0.243
1813	wrath	113648	1.184	1	1	-0.243
1814	No	2739631	28.531	24	22	-0.249
1815	long	571124	5.948	5	4	-0.25
1816	11.	115752	1.206	1	1	-0.27
1817	show	349122	3.636	3	3	-0.277
1818	parts	350458	3.65	3	3	-0.283
1819	not	8929558	92.993	76	54	-0.291
1820	follows	118360	1.233	1	1	-0.302
1821	i	6187300	64.435	52	30	-0.309
1822	set	595126	6.198	5	5	-0.31
1823	19	119133	1.241	1	1	-0.311
1824	consent	119423	1.244	1	1	-0.315
1825	cold	119553	1.245	1	1	-0.316
1826	see	961542	10.014	8	7	-0.324
1827	send	120341	1.253	1	1	-0.326
1828	wise	241600	2.516	2	2	-0.331
1829	further	242781	2.528	2	2	-0.338
1830	took	243304	2.534	2	2	-0.341
1831	well	1096551	11.42	9	9	-0.344
1832	if	3293480	34.299	27	22	-0.345
1833	they	6960305	72.485	57	41	-0.347
1834	therefore	1231317	12.823	10	9	-0.359
1835	was	5179337	53.938	42	32	-0.361
1836	when	2343068	24.401	19	18	-0.361
1837	small	246878	2.571	2	2	-0.362
1838	past	123448	1.286	1	1	-0.362
1839	priest	123560	1.287	1	1	-0.364
1840	certain	370843	3.862	3	3	-0.364
1841	here	866663	9.026	7	7	-0.367
1842	How	1244740	12.963	10	9	-0.374
1843	oh	126299	1.315	1	1	-0.395
1844	enemies	253975	2.645	2	2	-0.403
1845	tell	255280	2.659	2	2	-0.411
1846	carried	127788	1.331	1	1	-0.412
1847	confess	127821	1.331	1	1	-0.413
1848	most	1280269	13.333	10	9	-0.415
1849	Gods	640962	6.675	5	5	-0.417
1850	glorious	128843	1.342	1	1	-0.424
1851	doing	129395	1.348	1	1	-0.43
1852	pleased	129448	1.348	1	1	-0.431
1853	will	2993503	31.175	23	21	-0.439
1854	French	130315	1.357	1	1	-0.441
1855	ten	130362	1.358	1	1	-0.441
1856	former	261116	2.719	2	2	-0.443
1857	this	6548918	68.201	50	40	-0.448
1858	yet	1835928	19.12	14	14	-0.45
1859	days	393520	4.098	3	3	-0.45
1860	mark	131282	1.367	1	1	-0.451
1861	times	394191	4.105	3	3	-0.452
1862	Earl	132012	1.375	1	1	-0.459
1863	to	27864128	290.18	211	98	-0.46
1864	can	1982819	20.649	15	15	-0.461
1865	leave	264688	2.757	2	2	-0.463
1866	at	3182175	33.14	24	18	-0.466
1867	Chapter	132959	1.385	1	1	-0.47
1868	me	1731164	18.029	13	11	-0.472
1869	world	932868	9.715	7	6	-0.473
1870	in	20011385	208.401	150	90	-0.474
1871	prophet	133904	1.395	1	1	-0.48
1872	10.	134546	1.401	1	1	-0.487
1873	run	134767	1.404	1	1	-0.489
1874	draw	134904	1.405	1	1	-0.49
1875	private	134915	1.405	1	1	-0.491
1876	outward	135202	1.408	1	1	-0.494
1877	ought	406522	4.234	3	3	-0.497
1878	godly	135636	1.413	1	1	-0.498
1879	read	271950	2.832	2	2	-0.502
1880	horse	136110	1.418	1	1	-0.503
1881	brethren	136332	1.42	1	1	-0.506
1882	held	136444	1.421	1	1	-0.507
1883	been	1095200	11.406	8	7	-0.512
1884	argument	136912	1.426	1	1	-0.512
1885	forth	410791	4.278	3	3	-0.512
1886	since	412107	4.292	3	3	-0.517
1887	strange	139257	1.45	1	1	-0.536
1888	used	278736	2.903	2	2	-0.537
1889	Ghost	139834	1.456	1	1	-0.542
1890	crown	140652	1.465	1	1	-0.551
1891	all	5908829	61.535	42	32	-0.551
1892	else	281410	2.931	2	2	-0.551
1893	si	141064	1.469	1	1	-0.555
1894	thine	141265	1.471	1	1	-0.557
1895	after	1272516	13.252	9	8	-0.558
1896	Angels	142073	1.48	1	1	-0.565
1897	appears	142173	1.481	1	1	-0.566
1898	matter	427808	4.455	3	3	-0.571
1899	by	7416468	77.236	52	29	-0.571
1900	end	571167	5.948	4	4	-0.572
1901	following	142882	1.488	1	1	-0.573
1902	are	5017099	52.249	35	28	-0.578
1903	home	144093	1.501	1	1	-0.586
1904	knows	144623	1.506	1	1	-0.591
1905	whether	435425	4.535	3	3	-0.596
1906	eat	145185	1.512	1	1	-0.596
1907	LONDON	146866	1.53	1	1	-0.613
1908	commanded	147447	1.536	1	1	-0.619
1909	child	148012	1.541	1	1	-0.624
1910	Notwithstanding	148685	1.548	1	1	-0.631
1911	taking	148788	1.55	1	1	-0.632
1912	16	148850	1.55	1	1	-0.632
1913	book	299396	3.118	2	1	-0.641
1914	needs	150472	1.567	1	1	-0.648
1915	necessity	150548	1.568	1	1	-0.649
1916	shalt	151151	1.574	1	1	-0.655
1917	labour	151222	1.575	1	1	-0.655
1918	easily	151870	1.582	1	1	-0.661
1919	put	607656	6.328	4	2	-0.662
1920	6	304045	3.166	2	2	-0.663
1921	behold	152112	1.584	1	1	-0.664
1922	Gold	152169	1.585	1	1	-0.664
1923	speaks	153099	1.594	1	1	-0.673
1924	unless	154621	1.61	1	1	-0.687
1925	five	154870	1.613	1	1	-0.69
1926	15	154905	1.613	1	1	-0.69
1927	excellent	155285	1.617	1	1	-0.693
1928	again	627628	6.536	4	4	-0.708
1929	bread	156950	1.635	1	1	-0.709
1930	into	1727535	17.991	11	10	-0.71
1931	already	157133	1.636	1	1	-0.711
1932	hand	471988	4.915	3	3	-0.712
1933	before	1422340	14.812	9	9	-0.719
1934	three	474878	4.945	3	3	-0.721
1935	Christs	158654	1.652	1	1	-0.724
1936	came	478712	4.985	3	3	-0.733
1937	has	321926	3.353	2	2	-0.745
1938	words	643917	6.706	4	4	-0.745
1939	back	161359	1.68	1	1	-0.749
1940	such	2262212	23.559	14	12	-0.751
1941	ever	652700	6.797	4	4	-0.765
1942	se	163405	1.702	1	1	-0.767
1943	hands	327530	3.411	2	2	-0.77
1944	him	4270811	44.477	26	20	-0.775
1945	man	1972758	20.545	12	11	-0.776
1946	;	9536348	99.313	58	39	-0.776
1947	told	164509	1.713	1	1	-0.777
1948	due	164838	1.717	1	1	-0.78
1949	living	166437	1.733	1	1	-0.794
1950	come	1165618	12.139	7	6	-0.794
1951	very	1174247	12.229	7	7	-0.805
1952	Scriptures	168254	1.752	1	1	-0.809
1953	doubt	169037	1.76	1	1	-0.816
1954	whereas	170273	1.773	1	1	-0.826
1955	young	171502	1.786	1	1	-0.837
1956	full	343239	3.575	2	2	-0.838
1957	Wit	172149	1.793	1	1	-0.842
1958	thereby	172833	1.8	1	1	-0.848
1959	sight	174034	1.812	1	1	-0.858
1960	Rom.	175535	1.828	1	1	-0.87
1961	English	176398	1.837	1	1	-0.877
1962	being	1764433	18.375	10	9	-0.878
1963	Obedience	177681	1.85	1	1	-0.888
1964	11	177974	1.853	1	1	-0.89
1965	himself	1068396	11.126	6	5	-0.891
1966	charge	178431	1.858	1	1	-0.894
1967	therein	178975	1.864	1	1	-0.898
1968	Bishops	179221	1.866	1	1	-0.9
1969	these	1985969	20.682	11	10	-0.911
1970	chief	180904	1.884	1	1	-0.914
1971	sins	361871	3.769	2	2	-0.914
1972	qui	180997	1.885	1	1	-0.914
1973	believe	363239	3.783	2	2	-0.919
1974	promise	182124	1.897	1	1	-0.923
1975	sin	729699	7.599	4	3	-0.926
1976	strong	182777	1.904	1	1	-0.929
1977	first	1465032	15.257	8	7	-0.931
1978	know	736780	7.673	4	4	-0.94
1979	So	5366625	55.889	29	23	-0.947
1980	those	1667771	17.368	9	8	-0.948
1981	heart	559805	5.83	3	3	-0.959
1982	From	3924250	40.868	21	20	-0.961
1983	true	751380	7.825	4	4	-0.968
1984	second	377815	3.935	2	1	-0.976
1985	give	758276	7.897	4	4	-0.981
1986	among	379416	3.951	2	2	-0.982
1987	friends	189996	1.979	1	1	-0.984
1988	themselves	761621	7.932	4	3	-0.988
1989	alone	190842	1.988	1	1	-0.991
1990	saw	191431	1.994	1	1	-0.995
1991	present	383135	3.99	2	2	-0.996
1992	learned	191725	1.997	1	1	-0.998
1993	6.	191822	1.998	1	1	-0.998
1994	righteousness	192253	2.002	1	1	-1.002
1995	only	1544540	16.085	8	6	-1.008
1996	ways	194504	2.026	1	1	-1.018
1997	2	973176	10.135	5	5	-1.019
1998	cause	585252	6.095	3	3	-1.023
1999	making	195439	2.035	1	1	-1.025
2000	12	195478	2.036	1	1	-1.026
2001	bear	196568	2.047	1	1	-1.034
2002	quod	196567	2.047	1	1	-1.034
2003	means	397591	4.141	2	2	-1.05
2004	few	199429	2.077	1	1	-1.054
2005	et	199777	2.081	1	1	-1.057
2006	coming	203089	2.115	1	1	-1.081
2007	Cor.	203716	2.122	1	1	-1.085
2008	La	204980	2.135	1	1	-1.094
2009	more	2262327	23.56	11	10	-1.099
2010	subject	206440	2.15	1	1	-1.104
2011	9	208082	2.167	1	1	-1.116
2012	little	624322	6.502	3	2	-1.116
2013	own	1256418	13.085	6	5	-1.125
2014	Emperor	209536	2.182	1	1	-1.126
2015	divers	210634	2.194	1	1	-1.133
2016	what	2320680	24.168	11	9	-1.136
2017	every	1057014	11.008	5	5	-1.139
2018	Princes	212093	2.209	1	1	-1.143
2019	found	426408	4.441	2	2	-1.151
2020	fathers	213875	2.227	1	1	-1.155
2021	point	214098	2.23	1	1	-1.157
2022	likewise	215998	2.249	1	1	-1.17
2023	opinion	217543	2.266	1	1	-1.18
2024	christians	219658	2.288	1	1	-1.194
2025	help	220081	2.292	1	1	-1.197
2026	especially	220705	2.298	1	1	-1.201
2027	reason	664880	6.924	3	3	-1.207
2028	together	444738	4.632	2	2	-1.212
2029	care	224334	2.336	1	1	-1.224
2030	heard	225126	2.345	1	1	-1.229
2031	last	450430	4.691	2	2	-1.23
2032	government	226390	2.358	1	1	-1.237
2033	/	905998	9.435	4	2	-1.238
2034	respect	229329	2.388	1	1	-1.256
2035	often	229358	2.389	1	1	-1.256
2036	near	232787	2.424	1	1	-1.278
2037	&#x16b;	232932	2.426	1	1	-1.278
2038	holy	701649	7.307	3	3	-1.284
2039	unto	1880305	19.582	8	8	-1.291
2040	law	712338	7.418	3	3	-1.306
2041	virtue	240899	2.509	1	1	-1.327
2042	8	242055	2.521	1	1	-1.334
2043	thee	728077	7.582	3	3	-1.338
2044	both	976138	10.166	4	4	-1.346
2045	given	491070	5.114	2	2	-1.354
2046	side	250068	2.604	1	1	-1.381
2047	same	1256120	13.081	5	5	-1.388
2048	four	252980	2.635	1	1	-1.398
2049	we	4105074	42.751	16	13	-1.418
2050	too	521045	5.426	2	1	-1.44
2051	laws	264682	2.756	1	1	-1.463
2052	may	2661871	27.721	10	8	-1.471
2053	whole	534092	5.562	2	2	-1.476
2054	think	539870	5.622	2	2	-1.491
2055	able	271961	2.832	1	1	-1.502
2056	hear	273421	2.847	1	1	-1.51
2057	ye	825703	8.599	3	3	-1.519
2058	part	827721	8.62	3	3	-1.523
2059	either	552589	5.755	2	2	-1.525
2060	flesh	279311	2.909	1	1	-1.54
2061	[	280684	2.923	1	1	-1.547
2062	it	11231693	116.968	40	31	-1.548
2063	just	281045	2.927	1	1	-1.549
2064	high	281250	2.929	1	1	-1.55
2065	greater	281340	2.93	1	1	-1.551
2066	knowledge	282458	2.942	1	1	-1.557
2067	left	284479	2.963	1	1	-1.567
2068	Die	284558	2.963	1	1	-1.567
2069	3	571164	5.948	2	2	-1.572
2070	day	864384	9.002	3	2	-1.585
2071	c.	296045	3.083	1	1	-1.624
2072	&c.	299097	3.115	1	1	-1.639
2073	while	300747	3.132	1	1	-1.647
2074	use	603174	6.282	2	2	-1.651
2075	Christian	303553	3.161	1	1	-1.66
2076	always	304181	3.168	1	1	-1.663
2077	says	304429	3.17	1	1	-1.665
2078	doctrine	304623	3.172	1	1	-1.666
2079	several	304872	3.175	1	1	-1.667
2080	any	2444028	25.452	8	7	-1.67
2081	desire	306364	3.191	1	1	-1.674
2082	land	307074	3.198	1	1	-1.677
2083	two	926661	9.65	3	3	-1.686
2084	England	309285	3.221	1	1	-1.687
2085	country	310285	3.231	1	1	-1.692
2086	than	940786	9.798	3	3	-1.707
2087	might	949632	9.89	3	3	-1.721
2088	nothing	640275	6.668	2	2	-1.737
2089	off	323311	3.367	1	1	-1.751
2090	them	4855982	50.571	15	11	-1.753
2091	state	329799	3.435	1	1	-1.78
2092	general	331599	3.453	1	1	-1.788
2093	5	338721	3.528	1	1	-1.819
2094	another	682313	7.106	2	2	-1.829
2095	other	2103223	21.903	6	6	-1.868
2096	year	352165	3.668	1	1	-1.875
2097	thought	352735	3.673	1	1	-1.877
2098	within	355110	3.698	1	1	-1.887
2099	selves	358503	3.734	1	1	-1.901
2100	Non	359411	3.743	1	1	-1.904
2101	1	1451762	15.119	4	4	-1.918
2102	Lord	1459090	15.195	4	3	-1.926
2103	Person	366738	3.819	1	1	-1.933
2104	men	1835942	19.12	5	5	-1.935
2105	us	2216337	23.081	6	5	-1.944
2106	Christ	1858951	19.359	5	5	-1.953
2107	honour	374182	3.897	1	1	-1.962
2108	speak	374513	3.9	1	1	-1.964
2109	word	751485	7.826	2	2	-1.968
2110	till	379902	3.956	1	1	-1.984
2111	persons	384539	4.005	1	1	-2.002
2112	power	776557	8.087	2	2	-2.016
2113	est	394171	4.105	1	1	-2.037
2114	light	399350	4.159	1	1	-2.056
2115	good	1608969	16.756	4	4	-2.067
2116	de	804522	8.378	2	2	-2.067
2117	place	808630	8.421	2	2	-2.074
2118	fear	406154	4.23	1	1	-2.081
2119	religion	406309	4.231	1	1	-2.081
2120	our	3333885	34.72	8	7	-2.118
2121	work	425644	4.433	1	1	-2.148
2122	]	429805	4.476	1	1	-2.162
2123	4	434750	4.528	1	1	-2.179
2124	new	447014	4.655	1	1	-2.219
2125	thereof	458302	4.773	1	1	-2.255
2126	manner	467036	4.864	1	1	-2.282
2127	life	948809	9.881	2	2	-2.305
2128	time	1426900	14.86	3	3	-2.308
2129	much	1448309	15.083	3	3	-2.33
2130	through	491298	5.116	1	1	-2.355
2131	heaven	503504	5.244	1	1	-2.391
2132	am	509469	5.306	1	1	-2.408
2133	Grace	516661	5.381	1	1	-2.428
2134	without	1089706	11.348	2	2	-2.504
2135	over	545201	5.678	1	1	-2.505
2136	father	550491	5.733	1	1	-2.519
2137	soul	555660	5.787	1	1	-2.533
2138	having	579260	6.033	1	1	-2.593
2139	done	601055	6.26	1	1	-2.646
2140	Nature	607747	6.329	1	1	-2.662
2141	King	1308410	13.626	2	2	-2.768
2142	things	1357990	14.142	2	2	-2.822
2143	death	707920	7.372	1	1	-2.882
2144	body	712249	7.417	1	1	-2.891
2145	way	756236	7.876	1	1	-2.977
2146	faith	762492	7.941	1	1	-2.989
2147	could	808277	8.418	1	1	-3.073
2148	people	885047	9.217	1	1	-3.204
2149	thing	892670	9.296	1	1	-3.217
2150	God	4174430	43.473	2	2	-4.442
2151	th'outlandish	3	0	1	1	n/a
2152	Raynera	3	0	1	1	n/a
2153	shame-lesse	2	0	1	1	n/a
2154	Ile-	1	0	1	1	n/a
2155	subberbian	1	0	1	1	n/a
2156	golden-purple	1	0	1	1	n/a
2157	atttired	1	0	1	1	n/a
2158	maships	4	0	1	1	n/a
2159	murthreth	4	0	1	1	n/a
2160	fagoot	1	0	1	1	n/a
2161	Ienocinating	1	0	1	1	n/a
2162	Sillam.	3	0	1	1	n/a
2163	badrie	3	0	1	1	n/a
2164	Periuriavidet	1	0	1	1	n/a
2165	espalls	1	0	1	1	n/a
2166	gouernmenment	1	0	1	1	n/a
2167	Bylons	3	0	1	1	n/a
2168	onermatch	1	0	1	1	n/a
2169	fornycations	1	0	1	1	n/a
2170	Cachpe	2	0	1	1	n/a
2171	crosbit	3	0	1	1	n/a
2172	Ioyers	3	0	1	1	n/a
2173	Egiale	4	0	1	1	n/a
2174	couloed	1	0	1	1	n/a
2175	Penula-Scortea	1	0	1	1	n/a
2176	Epillogus	1	0	1	1	n/a
2177	Worldly-Weale	1	0	1	1	n/a
2178	Charatza	3	0	1	1	n/a
2179	cojur	1	0	1	1	n/a
2180	Babylous	4	0	1	1	n/a
2181	Greene-sicknes	4	0	1	1	n/a
2182	bloud-desiring	3	0	1	1	n/a
2183	brothelly	2	0	1	1	n/a
2184	by'th'haire	1	0	1	1	n/a
2185	Shor-ditch	1	0	1	1	n/a
2186	Iumblers	1	0	1	1	n/a
2187	Chimny-sweepe	2	0	1	1	n/a
2188	Heauens-Queene	1	0	1	1	n/a
2189	aaut	3	0	1	1	n/a
2190	desabled	1	0	1	1	n/a
2191	Paot	1	0	1	1	n/a
2192	bunk	3	0	1	1	n/a
2193	ro'ten	1	0	1	1	n/a
2194	rtieth	1	0	1	1	n/a
2195	Cylleborus	3	0	1	1	n/a
2196	ribbaldes	2	0	1	1	n/a
2197	cocubines	4	0	1	1	n/a
2198	Shee-creatures	2	0	1	1	n/a
2199	Cattilines	1	0	1	1	n/a
2200	sanguin-coloured	1	0	1	1	n/a
2201	vrdgd	3	0	1	1	n/a
2202	whoore-maister	1	0	1	1	n/a
2203	Ahijch'	1	0	1	1	n/a
2204	entendedst	2	0	1	1	n/a
2205	godon'	1	0	1	1	n/a
