https://cqpweb.lancs.ac.uk/eebov3/concordance.php?pp=1&theData=%7Bwhore%2FN%7D&qmode=sq_nocase&del=begin%26t%3D-%7Cyear%7E1605%26t%3D-%7Cyear%7E1606%26t%3D-%7Cyear%7E1607%26t%3D-%7Cyear%7E1608%26t%3D-%7Cyear%7E1609%26t%3D-%7Cyear%7E1610%26t%3D-%7Cyear%7E1611%26t%3D-%7Cyear%7E1612%26t%3D-%7Cyear%7E1613%26t%3D-%7Cyear%7E1614&del=end&uT=yThere are 2,568 different words in your collocation database for "[lemma="(whore)_SUBST"%c]". (Your query "{whore/N}", restricted to texts meeting criteria "<em>year</em>: <em>1605</em> or <em>1606</em> or <em>1607</em> or <em>1608</em> or <em>1609</em> or <em>1610</em> or <em>1611</em> or <em>1612</em> or <em>1613</em> or <em>1614</em>",  returned 1,419 matches in 345 different texts)  
__________________

No.	Word	Total no. in whole corpus	Expected collocate frequency	Observed collocate frequency	In no. of texts	Mutual information value

1	dedle	6	0	2	1	14.288
2	strumpett	8	0	2	2	14.288
3	flexable	11	0	1	1	13.288
4	Seuington	5	0	1	1	13.288
5	uermore	12	0	1	1	13.288
6	vuoto	6	0	1	1	13.288
7	Cocatrise	5	0	1	1	13.288
8	vccide	5	0	1	1	13.288
9	frigge	5	0	1	1	13.288
10	Smalshanke	8	0	1	1	13.288
11	baster	11	0	1	1	13.288
12	Shpheards	6	0	1	1	13.288
13	conuengano	7	0	1	1	13.288
14	Titcombe	5	0	1	1	13.288
15	infiora	5	0	1	1	13.288
16	nethermore	9	0	1	1	13.288
17	seauen-headed	11	0	1	1	13.288
18	haunt'st	9	0	1	1	13.288
19	Rauran	5	0	1	1	13.288
20	huir	7	0	1	1	13.288
21	Serberus	6	0	1	1	13.288
22	Southweeke	12	0	1	1	13.288
23	hostolano	5	0	1	1	13.288
24	d'otto	7	0	1	1	13.288
25	filthine	5	0	1	1	13.288
26	sniueling	11	0	1	1	13.288
27	ale-house-haunter	7	0	1	1	13.288
28	cunnin	8	0	1	1	13.288
29	runke	8	0	1	1	13.288
30	plaisure	6	0	1	1	13.288
31	Bobylon	7	0	1	1	13.288
32	brodell	12	0	1	1	13.288
33	whorekeepers	8	0	1	1	13.288
34	blaspheamously	11	0	1	1	13.288
35	Oleasters	9	0	1	1	13.288
36	Padars	6	0	1	1	13.288
37	randy	6	0	1	1	13.288
38	estreme	7	0	1	1	13.288
39	rose-coloured	26	0	2	1	12.703
40	runk	13	0	1	1	12.288
41	weekelie	20	0	1	1	12.288
42	preceder	17	0	1	1	12.288
43	Baylon	15	0	1	1	12.288
44	Slud	21	0	1	1	12.288
45	errate	13	0	1	1	12.288
46	Turnbull-street	15	0	1	1	12.288
47	for-ward	21	0	1	1	12.288
48	yongmans	13	0	1	1	12.288
49	Coulston	18	0	1	1	12.288
50	Philira	16	0	1	1	12.288
51	Mezell	13	0	1	1	12.288
52	make-shift	15	0	1	1	12.288
53	skerry	15	0	1	1	12.288
54	Empoysoner	14	0	1	1	12.288
55	vndoeing	17	0	1	1	12.288
56	Guiaca	17	0	1	1	12.288
57	permane	14	0	1	1	12.288
58	aporne	13	0	1	1	12.288
59	Seuants	14	0	1	1	12.288
60	daned	16	0	1	1	12.288
61	successon	13	0	1	1	12.288
62	mulieris.	19	0	1	1	12.288
63	Elcombe	14	0	1	1	12.288
64	wil-worships	14	0	1	1	12.288
65	panderly	13	0	1	1	12.288
66	diece	15	0	1	1	12.288
67	wether-cocke	16	0	1	1	12.288
68	dindi	17	0	1	1	12.288
69	Benwash	16	0	1	1	12.288
70	himhimselfe	18	0	1	1	12.288
71	Eddington	20	0	1	1	12.288
72	deflowreth	15	0	1	1	12.288
73	dewell	14	0	1	1	12.288
74	Hackster	40	0.001	2	1	11.966
75	coulered	41	0.001	2	1	11.966
76	mising	26	0	1	1	11.703
77	iudicijs.	25	0	1	1	11.703
78	follia	22	0	1	1	11.703
79	Pellices	23	0	1	1	11.703
80	federacie	22	0	1	1	11.703
81	Suppositarie	22	0	1	1	11.703
82	Youl'	22	0	1	1	11.703
83	madidos	23	0	1	1	11.703
84	Bael	25	0	1	1	11.703
85	purple-coloured	28	0	1	1	11.703
86	Burdello	27	0	1	1	11.703
87	Kiges	23	0	1	1	11.703
88	aperne	26	0	1	1	11.703
89	Fleire	52	0.001	2	1	11.703
90	Babilons	136	0.002	5	4	11.61
91	Puncks	37	0	1	1	11.288
92	aisse	30	0	1	1	11.288
93	tel'st	36	0	1	1	11.288
94	disases	34	0	1	1	11.288
95	Lupae	33	0	1	1	11.288
96	auanti	37	0	1	1	11.288
97	strumpettes	35	0	1	1	11.288
98	exlent	34	0	1	1	11.288
99	maisterfull	34	0	1	1	11.288
100	Frust	34	0	1	1	11.288
101	gong	44	0.001	1	1	10.966
102	plaing	46	0.001	1	1	10.966
103	Murdresse	45	0.001	1	1	10.966
104	arant	43	0.001	1	1	10.966
105	Searlet	46	0.001	1	1	10.966
106	wheer	41	0.001	1	1	10.966
107	pope-holy	43	0.001	1	1	10.966
108	quattro	140	0.002	3	1	10.785
109	Hak.	47	0.001	1	1	10.703
110	Cuckold-maker	47	0.001	1	1	10.703
111	deuotes	49	0.001	1	1	10.703
112	Sisse	54	0.001	1	1	10.703
113	S'hart	52	0.001	1	1	10.703
114	Apocalips.	48	0.001	1	1	10.703
115	Selk	47	0.001	1	1	10.703
116	Ansbertus	47	0.001	1	1	10.703
117	Madianite	47	0.001	1	1	10.703
118	smotest	48	0.001	1	1	10.703
119	inganno	49	0.001	1	1	10.703
120	sonno	114	0.001	2	1	10.587
121	Barrowists	59	0.001	1	1	10.48
122	Pandors	62	0.001	1	1	10.48
123	detestati	69	0.001	1	1	10.288
124	Seriants	65	0.001	1	1	10.288
125	piglia	68	0.001	1	1	10.288
126	buggerie	67	0.001	1	1	10.288
127	Elst	65	0.001	1	1	10.288
128	Buggerers	139	0.002	2	2	10.288
129	Roisters	69	0.001	1	1	10.288
130	yeerelie	68	0.001	1	1	10.288
131	catil.	69	0.001	1	1	10.288
132	bavin	65	0.001	1	1	10.288
133	sered	78	0.001	1	1	10.118
134	Puncke	73	0.001	1	1	10.118
135	bordell	79	0.001	1	1	10.118
136	Selene	73	0.001	1	1	10.118
137	hugger-mugger	73	0.001	1	1	10.118
138	Gosh	76	0.001	1	1	10.118
139	38.4.	80	0.001	1	1	10.118
140	cullers	76	0.001	1	1	10.118
141	Th'appointed	73	0.001	1	1	10.118
142	tradeth	80	0.001	1	1	10.118
143	scullery	86	0.001	1	1	9.966
144	Geneura	88	0.001	1	1	9.966
145	Massepriests	86	0.001	1	1	9.966
146	boozing	83	0.001	1	1	9.966
147	stomaco	93	0.001	1	1	9.828
148	matutino	92	0.001	1	1	9.828
149	fino	91	0.001	1	1	9.828
150	panders	464	0.006	5	4	9.828
151	matutine	94	0.001	1	1	9.828
152	Sthenelus	96	0.001	1	1	9.828
153	busked	90	0.001	1	1	9.828
154	saes	92	0.001	1	1	9.828
155	thalamos	100	0.001	1	1	9.703
156	VVhores	100	0.001	1	1	9.703
157	Canckred	98	0.001	1	1	9.703
158	Pursn	98	0.001	1	1	9.703
159	Abhominati	213	0.003	2	2	9.644
160	Bbl	106	0.001	1	1	9.587
161	baud	767	0.009	7	6	9.587
162	Standley	119	0.001	1	1	9.48
163	punck	117	0.001	1	1	9.48
164	17.16.	255	0.003	2	2	9.381
165	sayre	123	0.002	1	1	9.381
166	concubynes	127	0.002	1	1	9.381
167	Vlis	125	0.002	1	1	9.381
168	atis.	130	0.002	1	1	9.381
169	vildest	131	0.002	1	1	9.381
170	Pander	805	0.01	6	6	9.303
171	Histriones	138	0.002	1	1	9.288
172	thed	132	0.002	1	1	9.288
173	wiving	134	0.002	1	1	9.288
174	likt	135	0.002	1	1	9.288
175	housekeepers	132	0.002	1	1	9.288
176	Roderike	133	0.002	1	1	9.288
177	Circean	135	0.002	1	1	9.288
178	mugger	142	0.002	1	1	9.2
179	hugger	141	0.002	1	1	9.2
180	Apocalyp.	145	0.002	1	1	9.2
181	bawdery	144	0.002	1	1	9.2
182	sordide	146	0.002	1	1	9.2
183	Chip	608	0.007	4	1	9.118
184	pandars	149	0.002	1	1	9.118
185	Lausanna	154	0.002	1	1	9.118
186	monger	153	0.002	1	1	9.118
187	Bue	150	0.002	1	1	9.118
188	arrant	1596	0.019	10	9	9.055
189	deckings	157	0.002	1	1	9.04
190	Niem	160	0.002	1	1	9.04
191	impudentlie	163	0.002	1	1	9.04
192	brothel-house	157	0.002	1	1	9.04
193	silthy	169	0.002	1	1	8.966
194	approbatione	168	0.002	1	1	8.966
195	bloodthirsty	180	0.002	1	1	8.895
196	Pree	182	0.002	1	1	8.895
197	bisogna	181	0.002	1	1	8.895
198	Gond	175	0.002	1	1	8.895
199	trulls	181	0.002	1	1	8.895
200	Baynton	175	0.002	1	1	8.895
201	meane-while	178	0.002	1	1	8.895
202	Brothels	180	0.002	1	1	8.895
203	forheads	179	0.002	1	1	8.895
204	Ede	538	0.006	3	1	8.873
205	Babilon	5325	0.063	29	19	8.849
206	lupa	184	0.002	1	1	8.828
207	fresche	183	0.002	1	1	8.828
208	Acca	183	0.002	1	1	8.828
209	Puritanicall	191	0.002	1	1	8.764
210	963	193	0.002	1	1	8.764
211	quouis	198	0.002	1	1	8.764
212	Babylons	987	0.012	5	3	8.752
213	bawds	1844	0.022	9	8	8.689
214	Steple	417	0.005	2	1	8.673
215	purpled	209	0.003	1	1	8.644
216	mongers	208	0.003	1	1	8.644
217	roysters	216	0.003	1	1	8.644
218	clips	211	0.003	1	1	8.644
219	Ilf	430	0.005	2	1	8.615
220	Brad	443	0.005	2	1	8.587
221	anco	220	0.003	1	1	8.587
222	ryotous	230	0.003	1	1	8.533
223	Wolfish	230	0.003	1	1	8.533
224	cloistered	469	0.006	2	1	8.506
225	selt	239	0.003	1	1	8.48
226	piace	238	0.003	1	1	8.48
227	fornications	1721	0.02	7	7	8.43
228	nick-names	242	0.003	1	1	8.43
229	23.27	248	0.003	1	1	8.43
230	Bradley	495	0.006	2	1	8.43
231	Grauesend	248	0.003	1	1	8.43
232	proiected	253	0.003	1	1	8.381
233	Calmest	256	0.003	1	1	8.381
234	Gentle-woman	254	0.003	1	1	8.381
235	Agamemnons	254	0.003	1	1	8.381
236	virilis	253	0.003	1	1	8.381
237	queans	255	0.003	1	1	8.381
238	domes	510	0.006	2	2	8.381
239	shauelings	260	0.003	1	1	8.334
240	Innkeeper	262	0.003	1	1	8.334
241	faythlesse	263	0.003	1	1	8.334
242	fale	263	0.003	1	1	8.334
243	Babyl	270	0.003	1	1	8.288
244	wakening	270	0.003	1	1	8.288
245	abhore	271	0.003	1	1	8.288
246	break-fast	275	0.003	1	1	8.288
247	citato.	269	0.003	1	1	8.288
248	Babylone	276	0.003	1	1	8.243
249	Babil	279	0.003	1	1	8.243
250	stews	2587	0.031	9	3	8.205
251	Thamesis	292	0.003	1	1	8.2
252	subtler	285	0.003	1	1	8.2
253	strayes	284	0.003	1	1	8.2
254	17.5.	581	0.007	2	2	8.179
255	unshamefast	294	0.004	1	1	8.158
256	exponed	299	0.004	1	1	8.158
257	Scolds	299	0.004	1	1	8.158
258	strumpet	3285	0.039	11	11	8.147
259	courtesans	1216	0.014	4	3	8.118
260	haie	303	0.004	1	1	8.118
261	Charibdis	308	0.004	1	1	8.118
262	whorish	1842	0.022	6	6	8.111
263	lecher	616	0.007	2	2	8.098
264	sated	311	0.004	1	1	8.078
265	17.2.	314	0.004	1	1	8.078
266	20.4.	310	0.004	1	1	8.078
267	21.9.	311	0.004	1	1	8.078
268	Fortun	310	0.004	1	1	8.078
269	Laz	311	0.004	1	1	8.078
270	sportful	324	0.004	1	1	8.04
271	17.4.	323	0.004	1	1	8.04
272	VVhore	326	0.004	1	1	8.04
273	18.2.	331	0.004	1	1	8.002
274	Iezabel	1348	0.016	4	4	7.975
275	whoremaster	337	0.004	1	1	7.966
276	Oli	338	0.004	1	1	7.966
277	VVard	339	0.004	1	1	7.966
278	Ston	336	0.004	1	1	7.966
279	Kni	350	0.004	1	1	7.93
280	Gelli	349	0.004	1	1	7.93
281	vncleanesse	345	0.004	1	1	7.93
282	701	350	0.004	1	1	7.93
283	Ganimede	349	0.004	1	1	7.93
284	Lactant	358	0.004	1	1	7.895
285	sheele	357	0.004	1	1	7.895
286	Babylon	38888	0.459	109	58	7.892
287	hyre	1435	0.017	4	4	7.887
288	censureth	361	0.004	1	1	7.861
289	Cittyes	366	0.004	1	1	7.861
290	ruffian	735	0.009	2	2	7.845
291	besot	372	0.004	1	1	7.828
292	meno	381	0.005	1	1	7.796
293	Sophy	771	0.009	2	2	7.78
294	675	388	0.005	1	1	7.764
295	cut-throat	392	0.005	1	1	7.764
296	Sabboths	392	0.005	1	1	7.764
297	Salust.	395	0.005	1	1	7.733
298	roughs	404	0.005	1	1	7.703
299	quelli	404	0.005	1	1	7.703
300	Doncaster	418	0.005	1	1	7.673
301	323.	419	0.005	1	1	7.673
302	Farina	414	0.005	1	1	7.673
303	Lax	844	0.01	2	1	7.644
304	Ganymede	424	0.005	1	1	7.644
305	Ramping	427	0.005	1	1	7.644
306	Roane	421	0.005	1	1	7.644
307	Stoke	884	0.01	2	1	7.587
308	15.10.	453	0.005	1	1	7.56
309	prostituting	452	0.005	1	1	7.56
310	Cyp	449	0.005	1	1	7.56
311	Theodora	1369	0.016	3	1	7.533
312	tyeth	458	0.005	1	1	7.533
313	Ashton	1396	0.017	3	1	7.506
314	Heathenisme	470	0.006	1	1	7.506
315	17.1.	463	0.006	1	1	7.506
316	meretrix	474	0.006	1	1	7.48
317	skirts	2878	0.034	6	2	7.463
318	adulteress	1919	0.023	4	3	7.461
319	Electra	486	0.006	1	1	7.455
320	FLAM	479	0.006	1	1	7.455
321	al'	479	0.006	1	1	7.455
322	Marcella	488	0.006	1	1	7.43
323	Sappho	500	0.006	1	1	7.405
324	Curi	502	0.006	1	1	7.405
325	shameless	6711	0.079	13	11	7.359
326	Faemina	515	0.006	1	1	7.357
327	Quic	517	0.006	1	1	7.357
328	1530	516	0.006	1	1	7.357
329	Colliers	516	0.006	1	1	7.357
330	hee'le	522	0.006	1	1	7.334
331	some-times	524	0.006	1	1	7.334
332	drab	524	0.006	1	1	7.334
333	Dol	1048	0.012	2	1	7.334
334	harlots	5276	0.062	10	6	7.327
335	chalked	530	0.006	1	1	7.31
336	sei	536	0.006	1	1	7.31
337	fiddlers	1087	0.013	2	2	7.288
338	Tinkers	545	0.006	1	1	7.288
339	Enchanters	544	0.006	1	1	7.288
340	Babel	9790	0.116	18	7	7.283
341	yond	549	0.007	1	1	7.265
342	17.7.	551	0.007	1	1	7.265
343	Coach-man	549	0.007	1	1	7.265
344	noue	551	0.007	1	1	7.265
345	Courtesan	1103	0.013	2	2	7.265
346	dome	3321	0.039	6	4	7.258
347	Madonna	571	0.007	1	1	7.222
348	Shees	580	0.007	1	1	7.2
349	Babylonish	2911	0.034	5	4	7.183
350	pollutes	588	0.007	1	1	7.179
351	Sist	594	0.007	1	1	7.158
352	Dubito	589	0.007	1	1	7.158
353	Theodoric	591	0.007	1	1	7.158
354	decoct	1196	0.014	2	1	7.148
355	whoremongers	1796	0.021	3	3	7.145
356	Iesabel	602	0.007	1	1	7.138
357	mossy	603	0.007	1	1	7.138
358	scarlet	9179	0.108	15	14	7.114
359	sig	4901	0.058	8	1	7.113
360	12.4.	620	0.007	1	1	7.098
361	pocks	618	0.007	1	1	7.098
362	alack	1260	0.015	2	2	7.069
363	Apocal.	1266	0.015	2	2	7.069
364	Kate	1290	0.015	2	1	7.04
365	17.4	642	0.008	1	1	7.04
366	carding	645	0.008	1	1	7.04
367	Beach	652	0.008	1	1	7.021
368	Carthusian	658	0.008	1	1	7.002
369	surfeits	1332	0.016	2	2	6.993
370	Ruffians	1326	0.016	2	2	6.993
371	cuckold	2667	0.032	4	4	6.989
372	ruffle	669	0.008	1	1	6.984
373	soldiars	672	0.008	1	1	6.984
374	Whoremonger	678	0.008	1	1	6.966
375	weddings	679	0.008	1	1	6.966
376	droves	682	0.008	1	1	6.966
377	frigida	681	0.008	1	1	6.966
378	swaggering	689	0.008	1	1	6.948
379	Megara	694	0.008	1	1	6.93
380	Purple	18224	0.215	26	19	6.917
381	7.9.	707	0.008	1	1	6.913
382	Wooers	705	0.008	1	1	6.913
383	whore	20634	0.244	29	13	6.896
384	Thamar	1424	0.017	2	2	6.895
385	quaff	710	0.008	1	1	6.895
386	bawd	2878	0.034	4	4	6.878
387	rioting	728	0.009	1	1	6.861
388	Jesters	728	0.009	1	1	6.861
389	Anacreon	740	0.009	1	1	6.845
390	malapert	737	0.009	1	1	6.845
391	13.4.	741	0.009	1	1	6.845
392	nr	733	0.009	1	1	6.845
393	Grammarian	1485	0.018	2	2	6.837
394	Martia	752	0.009	1	1	6.812
395	ch'	750	0.009	1	1	6.812
396	hiring	760	0.009	1	1	6.796
397	victuallers	770	0.009	1	1	6.78
398	soothing	779	0.009	1	1	6.764
399	wasteful	784	0.009	1	1	6.749
400	Aul	785	0.009	1	1	6.749
401	dicing	785	0.009	1	1	6.749
402	tea	793	0.009	1	1	6.733
403	brace	1591	0.019	2	2	6.733
404	bastards	3979	0.047	5	4	6.733
405	Gis	801	0.01	1	1	6.718
406	Ione	804	0.01	1	1	6.718
407	bawdy	1610	0.019	2	2	6.718
408	tyrannised	817	0.01	1	1	6.703
409	concubines	4078	0.048	5	4	6.7
410	Questa	826	0.01	1	1	6.688
411	Hound	2485	0.029	3	2	6.678
412	husb	1665	0.02	2	2	6.666
413	geld	842	0.01	1	1	6.658
414	Tinker	835	0.01	1	1	6.658
415	discoverers	846	0.01	1	1	6.644
416	ale-houses	856	0.01	1	1	6.63
417	sanctitatis	853	0.01	1	1	6.63
418	played	11334	0.134	13	12	6.602
419	Flo	2645	0.031	3	1	6.587
420	Mol	891	0.011	1	1	6.573
421	Prouer.	888	0.011	1	1	6.573
422	exacts	1776	0.021	2	1	6.573
423	Iulia	1778	0.021	2	1	6.573
424	insatiate	894	0.011	1	1	6.56
425	Iehoram	902	0.011	1	1	6.56
426	filthines	1803	0.021	2	2	6.553
427	surmounting	904	0.011	1	1	6.546
428	hunts	1820	0.022	2	2	6.54
429	Jester	911	0.011	1	1	6.533
430	Omn	927	0.011	1	1	6.52
431	decking	927	0.011	1	1	6.52
432	slily	934	0.011	1	1	6.506
433	Epitaphs	937	0.011	1	1	6.493
434	Hobson	938	0.011	1	1	6.493
435	Lambeth	1928	0.023	2	2	6.455
436	bus	1951	0.023	2	1	6.442
437	hire	8785	0.104	9	8	6.439
438	Babylonian	2956	0.035	3	3	6.426
439	Apocalypse	3947	0.047	4	3	6.424
440	screen	989	0.012	1	1	6.417
441	Distaff	1002	0.012	1	1	6.405
442	plaid	4003	0.047	4	4	6.405
443	Iudaea	2003	0.024	2	1	6.405
444	fore-head	2008	0.024	2	2	6.399
445	PANDORA	1027	0.012	1	1	6.369
446	reeling	1029	0.012	1	1	6.369
447	dice	6226	0.074	6	6	6.351
448	17.1	1045	0.012	1	1	6.345
449	dismounted	1039	0.012	1	1	6.345
450	Helen	2091	0.025	2	2	6.339
451	knaves	5254	0.062	5	4	6.334
452	Russian	1061	0.013	1	1	6.322
453	laps	1058	0.013	1	1	6.322
454	adulterer	4237	0.05	4	3	6.322
455	scratch	2144	0.025	2	2	6.305
456	rides	4321	0.051	4	3	6.293
457	Jade	2169	0.026	2	2	6.288
458	ransack	1088	0.013	1	1	6.288
459	Nan	1085	0.013	1	1	6.288
460	gallantly	2181	0.026	2	2	6.282
461	heinously	1105	0.013	1	1	6.265
462	Griffin	1114	0.013	1	1	6.254
463	Apologists	1113	0.013	1	1	6.254
464	3.3	3339	0.039	3	2	6.251
465	cuckolds	1131	0.013	1	1	6.232
466	hounds	5657	0.067	5	3	6.226
467	Concubine	3397	0.04	3	3	6.225
468	cibo	1134	0.013	1	1	6.222
469	treasuries	1138	0.013	1	1	6.222
470	misshapen	1145	0.014	1	1	6.211
471	crabbed	1153	0.014	1	1	6.2
472	strumpets	1159	0.014	1	1	6.19
473	Dra	1172	0.014	1	1	6.179
474	fir	1177	0.014	1	1	6.169
475	CET	1174	0.014	1	1	6.169
476	Aston	1175	0.014	1	1	6.169
477	cavilling	1191	0.014	1	1	6.148
478	Parasite	1198	0.014	1	1	6.148
479	FLA	1211	0.014	1	1	6.128
480	forehead	12159	0.144	10	9	6.123
481	LEECH	1220	0.014	1	1	6.118
482	deuell	1230	0.015	1	1	6.108
483	execrations	1230	0.015	1	1	6.108
484	Susan	1225	0.015	1	1	6.108
485	Apoc.	11083	0.131	9	8	6.104
486	Pis	1247	0.015	1	1	6.088
487	quelle	1254	0.015	1	1	6.078
488	prostitute	2508	0.03	2	2	6.078
489	ight	2517	0.03	2	1	6.073
490	Anti-christ	1261	0.015	1	1	6.069
491	arrayed	3816	0.045	3	3	6.059
492	discoverer	1292	0.015	1	1	6.04
493	sits	23190	0.274	18	15	6.039
494	ridden	1300	0.015	1	1	6.03
495	civitas	1309	0.016	1	1	6.012
496	Oyster	1314	0.016	1	1	6.012
497	hackney	1328	0.016	1	1	5.993
498	imitates	1329	0.016	1	1	5.993
499	exemptions	1334	0.016	1	1	5.993
500	whats	2675	0.032	2	2	5.984
501	smock	1342	0.016	1	1	5.984
502	Ambo	1335	0.016	1	1	5.984
503	gorgeous	2688	0.032	2	2	5.979
504	Taverns	2699	0.032	2	2	5.97
505	Francesco	1362	0.016	1	1	5.957
506	Tush	2736	0.032	2	2	5.952
507	Sodomites	2734	0.032	2	1	5.952
508	haunts	1373	0.016	1	1	5.948
509	Littleton	2767	0.033	2	1	5.935
510	brags	2791	0.033	2	2	5.926
511	rogue	6990	0.083	5	4	5.921
512	Aethiopians	1407	0.017	1	1	5.913
513	selfe	1407	0.017	1	1	5.913
514	jugglers	1418	0.017	1	1	5.904
515	Lear	1424	0.017	1	1	5.895
516	desolate	12933	0.153	9	7	5.881
517	LV	1444	0.017	1	1	5.878
518	longo	1481	0.018	1	1	5.837
519	paltry	1506	0.018	1	1	5.812
520	cudgel	1509	0.018	1	1	5.812
521	inhabitant	3014	0.036	2	1	5.812
522	Huntingdon	1546	0.018	1	1	5.78
523	squires	1550	0.018	1	1	5.772
524	Palmerin	1557	0.018	1	1	5.764
525	dregs	6317	0.075	4	4	5.745
526	worshipper	1595	0.019	1	1	5.733
527	masked	1635	0.019	1	1	5.695
528	Chapt.	3271	0.039	2	1	5.695
529	Rogero	1632	0.019	1	1	5.695
530	perjuries	1632	0.019	1	1	5.695
531	riots	1679	0.02	1	1	5.658
532	1.13.	1717	0.02	1	1	5.622
533	3.3.	1739	0.021	1	1	5.608
534	Angeli	1746	0.021	1	1	5.601
535	adulterous	3504	0.041	2	2	5.594
536	Revel	21061	0.249	12	9	5.593
537	Hag	1766	0.021	1	1	5.587
538	gentlewomen	3546	0.042	2	1	5.577
539	abjured	1792	0.021	1	1	5.56
540	yon	1802	0.021	1	1	5.553
541	thrift	1809	0.021	1	1	5.546
542	peerless	1823	0.022	1	1	5.54
543	Harlot	9167	0.108	5	5	5.53
544	whores	5508	0.065	3	2	5.528
545	Ambrosius	1842	0.022	1	1	5.526
546	adulterate	1837	0.022	1	1	5.526
547	waxen	1850	0.022	1	1	5.52
548	tyrannise	1873	0.022	1	1	5.5
549	Grecian	9382	0.111	5	4	5.497
550	whoredom	7526	0.089	4	3	5.493
551	nel	1881	0.022	1	1	5.493
552	surfeiting	1890	0.022	1	1	5.487
553	hoard	1895	0.022	1	1	5.48
554	hampton	1895	0.022	1	1	5.48
555	Barge	1903	0.023	1	1	5.474
556	shunning	1916	0.023	1	1	5.468
557	Badges	1924	0.023	1	1	5.461
558	Vermilion	1928	0.023	1	1	5.455
559	Syon	1931	0.023	1	1	5.455
560	clip	1933	0.023	1	1	5.455
561	Dews	1939	0.023	1	1	5.449
562	Vulcan	3887	0.046	2	1	5.445
563	l'	5856	0.069	3	1	5.44
564	Bristow	1967	0.023	1	1	5.43
565	incestuous	3954	0.047	2	2	5.42
566	drunken	11882	0.14	6	6	5.419
567	bers	1984	0.023	1	1	5.417
568	Sono	1988	0.024	1	1	5.411
569	defiling	2018	0.024	1	1	5.393
570	coloured	10332	0.122	5	4	5.357
571	TAllow	2068	0.024	1	1	5.357
572	Flora	2078	0.025	1	1	5.351
573	Trojan	4173	0.049	2	2	5.342
574	sleeve	2112	0.025	1	1	5.328
575	abominations	10678	0.126	5	5	5.31
576	foil	4299	0.051	2	2	5.302
577	Sophia	2152	0.025	1	1	5.299
578	Hah	2157	0.026	1	1	5.293
579	spends	4330	0.051	2	2	5.291
580	deformities	2167	0.026	1	1	5.288
581	Drunkard	6511	0.077	3	3	5.286
582	sci	2175	0.026	1	1	5.282
583	carter	2182	0.026	1	1	5.276
584	Bed-chamber	2195	0.026	1	1	5.271
585	Cooper	2193	0.026	1	1	5.271
586	Swan	4395	0.052	2	1	5.268
587	famished	2203	0.026	1	1	5.265
588	banqueting	2202	0.026	1	1	5.265
589	infamous	11020	0.13	5	5	5.264
590	ith	4421	0.052	2	1	5.26
591	knave	8870	0.105	4	4	5.256
592	pestered	2227	0.026	1	1	5.249
593	EPIG.	2233	0.026	1	1	5.243
594	wenches	2248	0.027	1	1	5.238
595	i'	2248	0.027	1	1	5.238
596	rampant	2244	0.027	1	1	5.238
597	ide	2263	0.027	1	1	5.227
598	mocks	2314	0.027	1	1	5.195
599	rife	2309	0.027	1	1	5.195
600	annal	2322	0.027	1	1	5.19
601	laments	2326	0.028	1	1	5.184
602	certo	2340	0.028	1	1	5.179
603	Roan	2337	0.028	1	1	5.179
604	hate	65701	0.776	28	20	5.174
605	contends	2343	0.028	1	1	5.174
606	figured	7080	0.084	3	2	5.165
607	fornication	14235	0.168	6	6	5.158
608	buys	2372	0.028	1	1	5.158
609	pulling	7151	0.084	3	3	5.152
610	mints	2393	0.028	1	1	5.148
611	Dau	2388	0.028	1	1	5.148
612	Hue	4842	0.057	2	1	5.128
613	stumbled	2431	0.029	1	1	5.123
614	wallow	2438	0.029	1	1	5.118
615	Bachelor	2474	0.029	1	1	5.098
616	horned	2489	0.029	1	1	5.088
617	rogues	5001	0.059	2	1	5.083
618	wedlock	5013	0.059	2	1	5.078
619	Lu	2514	0.03	1	1	5.073
620	swears	7600	0.09	3	3	5.064
621	Gog	2533	0.03	1	1	5.064
622	customers	2545	0.03	1	1	5.059
623	Ioane	2539	0.03	1	1	5.059
624	deceiving	5099	0.06	2	2	5.054
625	thief	23047	0.272	9	9	5.048
626	Romes	5130	0.061	2	2	5.045
627	brazen	10407	0.123	4	2	5.026
628	repelled	2629	0.031	1	1	5.012
629	exalting	2631	0.031	1	1	5.007
630	thriving	2636	0.031	1	1	5.007
631	Dee	2650	0.031	1	1	4.998
632	envies	2650	0.031	1	1	4.998
633	marred	2667	0.032	1	1	4.989
634	204	2681	0.032	1	1	4.984
635	Parlour	2678	0.032	1	1	4.984
636	tolerated	5375	0.063	2	2	4.979
637	wed	5405	0.064	2	2	4.97
638	amplified	2713	0.032	1	1	4.966
639	gangrene	2729	0.032	1	1	4.957
640	whoring	2742	0.032	1	1	4.948
641	troth	5489	0.065	2	2	4.948
642	matrons	2766	0.033	1	1	4.939
643	Beast	81566	0.963	29	16	4.913
644	ken	2811	0.033	1	1	4.913
645	costly	11277	0.133	4	3	4.909
646	worser	2821	0.033	1	1	4.908
647	hug	2849	0.034	1	1	4.895
648	performs	5696	0.067	2	1	4.895
649	riotous	2846	0.034	1	1	4.895
650	Hieron	2852	0.034	1	1	4.891
651	prate	2866	0.034	1	1	4.887
652	Sergius	2869	0.034	1	1	4.883
653	abhorring	2902	0.034	1	1	4.866
654	Greke	2929	0.035	1	1	4.853
655	breaths	2938	0.035	1	1	4.849
656	faced	2948	0.035	1	1	4.845
657	drunk	35533	0.419	12	10	4.839
658	Crust	2975	0.035	1	1	4.832
659	wouldest	2973	0.035	1	1	4.832
660	bathing	2983	0.035	1	1	4.828
661	pond	2995	0.035	1	1	4.82
662	Ames	3008	0.036	1	1	4.816
663	ragged	3017	0.036	1	1	4.812
664	gaming	3021	0.036	1	1	4.808
665	181	3043	0.036	1	1	4.8
666	dreaming	3042	0.036	1	1	4.8
667	hunter	3051	0.036	1	1	4.796
668	lash	3070	0.036	1	1	4.788
669	laughs	3075	0.036	1	1	4.784
670	Proclaims	3074	0.036	1	1	4.784
671	Witch	9245	0.109	3	3	4.781
672	maiden	6187	0.073	2	2	4.776
673	Armenians	3103	0.037	1	1	4.772
674	Hip	3106	0.037	1	1	4.768
675	lace	3116	0.037	1	1	4.764
676	Fugitive	3133	0.037	1	1	4.756
677	importune	3148	0.037	1	1	4.749
678	Upholding	3149	0.037	1	1	4.749
679	unchaste	3200	0.038	1	1	4.725
680	unsatisfied	3210	0.038	1	1	4.722
681	Rams	3216	0.038	1	1	4.718
682	83.	3226	0.038	1	1	4.714
683	healths	3230	0.038	1	1	4.714
684	118.	3248	0.038	1	1	4.707
685	descry	3254	0.038	1	1	4.703
686	174	3264	0.039	1	1	4.699
687	Agamemnon	3283	0.039	1	1	4.692
688	slaying	3280	0.039	1	1	4.692
689	fewer	9844	0.116	3	2	4.69
690	swept	3288	0.039	1	1	4.688
691	attired	3308	0.039	1	1	4.68
692	fiftly	6621	0.078	2	2	4.679
693	Defame	3314	0.039	1	1	4.677
694	winters	3340	0.039	1	1	4.666
695	renounced	6702	0.079	2	2	4.66
696	Mist	10075	0.119	3	1	4.657
697	strip	3365	0.04	1	1	4.655
698	filthy	30299	0.358	9	9	4.654
699	divorced	3378	0.04	1	1	4.647
700	Cozen	3380	0.04	1	1	4.647
701	graceless	3413	0.04	1	1	4.633
702	Geneua	3422	0.04	1	1	4.63
703	playing	10275	0.121	3	3	4.628
704	Henricus	3438	0.041	1	1	4.622
705	enticed	3439	0.041	1	1	4.622
706	villainous	3467	0.041	1	1	4.612
707	extortion	3485	0.041	1	1	4.605
708	swayed	3487	0.041	1	1	4.601
709	filthiness	10515	0.124	3	3	4.595
710	heathenish	7043	0.083	2	2	4.589
711	clients	3539	0.042	1	1	4.58
712	detestable	10704	0.126	3	3	4.57
713	enchanted	3569	0.042	1	1	4.57
714	mistresses	3604	0.043	1	1	4.556
715	maintains	7229	0.085	2	1	4.551
716	84.	3627	0.043	1	1	4.546
717	wipe	7298	0.086	2	2	4.538
718	giddy	3649	0.043	1	1	4.536
719	tolerate	3668	0.043	1	1	4.529
720	impudently	3698	0.044	1	1	4.52
721	hunting	14846	0.175	4	4	4.513
722	frost	7484	0.088	2	2	4.501
723	Mercer	3762	0.044	1	1	4.493
724	Helena	3775	0.045	1	1	4.487
725	PAP	3784	0.045	1	1	4.484
726	rascal	3785	0.045	1	1	4.484
727	Drag	3808	0.045	1	1	4.477
728	VIT	7616	0.09	2	1	4.476
729	bellies	7635	0.09	2	2	4.472
730	stratagems	3824	0.045	1	1	4.471
731	sixtly	3856	0.046	1	1	4.458
732	tempts	3862	0.046	1	1	4.455
733	Cards	7740	0.091	2	2	4.452
734	ming	3912	0.046	1	1	4.436
735	sells	3915	0.046	1	1	4.436
736	Inns	3946	0.047	1	1	4.424
737	Fl	3957	0.047	1	1	4.42
738	Pluto	3953	0.047	1	1	4.42
739	rect	3967	0.047	1	1	4.417
740	Chalice	4028	0.048	1	1	4.396
741	impudent	12093	0.143	3	3	4.394
742	puritan	4033	0.048	1	1	4.393
743	marries	4061	0.048	1	1	4.384
744	descriptions	4060	0.048	1	1	4.384
745	suburbs	8156	0.096	2	1	4.376
746	herds	4094	0.048	1	1	4.372
747	attire	8194	0.097	2	2	4.37
748	dirty	4102	0.048	1	1	4.369
749	Ierem.	4126	0.049	1	1	4.36
750	fits	16510	0.195	4	4	4.359
751	wink	4136	0.049	1	1	4.357
752	desolation	12402	0.146	3	3	4.357
753	sacramentum	4142	0.049	1	1	4.354
754	players	4154	0.049	1	1	4.351
755	Prou.	8310	0.098	2	2	4.35
756	Aries	4164	0.049	1	1	4.348
757	pi	4201	0.05	1	1	4.334
758	ay	4212	0.05	1	1	4.331
759	detested	4228	0.05	1	1	4.325
760	crew	8469	0.1	2	2	4.322
761	Qual	4234	0.05	1	1	4.322
762	adventured	4242	0.05	1	1	4.319
763	Kin	17056	0.201	4	1	4.313
764	erst	4270	0.05	1	1	4.31
765	entice	4278	0.051	1	1	4.308
766	marry	38694	0.457	9	8	4.301
767	Hospital	8600	0.102	2	2	4.3
768	Sly	4313	0.051	1	1	4.296
769	prefers	4321	0.051	1	1	4.293
770	basest	4331	0.051	1	1	4.291
771	deck	4329	0.051	1	1	4.291
772	stale	4338	0.051	1	1	4.288
773	buckler	4371	0.052	1	1	4.276
774	Sergeants	4379	0.052	1	1	4.274
775	cup	48330	0.57	11	9	4.269
776	whereinto	4395	0.052	1	1	4.268
777	anni	4404	0.052	1	1	4.265
778	deceives	4413	0.052	1	1	4.263
779	thieves	22285	0.263	5	2	4.249
780	Beggar	8945	0.106	2	2	4.243
781	tragical	4479	0.053	1	1	4.241
782	usurping	4491	0.053	1	1	4.238
783	peevish	4508	0.053	1	1	4.232
784	decked	4505	0.053	1	1	4.232
785	bewail	9117	0.108	2	2	4.216
786	revile	4565	0.054	1	1	4.214
787	op	4574	0.054	1	1	4.211
788	hatched	4584	0.054	1	1	4.208
789	effeminate	4666	0.055	1	1	4.182
790	stays	9340	0.11	2	2	4.182
791	mercenary	4683	0.055	1	1	4.177
792	exacted	4701	0.056	1	1	4.171
793	hired	9416	0.111	2	2	4.17
794	profaned	4710	0.056	1	1	4.169
795	craving	4719	0.056	1	1	4.166
796	Lactantius	4730	0.056	1	1	4.164
797	dr	9464	0.112	2	2	4.162
798	painted	23662	0.279	5	5	4.162
799	Sixtus	4735	0.056	1	1	4.161
800	described	42932	0.507	9	6	4.151
801	boys	14311	0.169	3	3	4.151
802	corrupting	4784	0.057	1	1	4.146
803	villainies	4813	0.057	1	1	4.138
804	Idolatrous	14523	0.171	3	3	4.13
805	velvet	4856	0.057	1	1	4.125
806	Mask	4856	0.057	1	1	4.125
807	masculine	4862	0.057	1	1	4.123
808	funerals	4870	0.058	1	1	4.12
809	nostrils	9776	0.115	2	2	4.115
810	17.	83120	0.981	17	12	4.115
811	deposition	4899	0.058	1	1	4.113
812	Rome	271183	3.201	55	33	4.103
813	oppressors	4931	0.058	1	1	4.103
814	circa	9894	0.117	2	1	4.098
815	Luc	4952	0.058	1	1	4.098
816	overtaken	5002	0.059	1	1	4.083
817	detected	5017	0.059	1	1	4.078
818	Nag	5057	0.06	1	1	4.066
819	Sack	10141	0.12	2	2	4.063
820	Ieremie	5090	0.06	1	1	4.056
821	plagued	5100	0.06	1	1	4.054
822	glories	10254	0.121	2	2	4.047
823	adulterers	5137	0.061	1	1	4.045
824	spotted	5160	0.061	1	1	4.037
825	dissolute	5161	0.061	1	1	4.037
826	tear	15500	0.183	3	3	4.036
827	lusty	10354	0.122	2	1	4.033
828	linked	5190	0.061	1	1	4.028
829	tribute	20800	0.246	4	2	4.026
830	ditch	10469	0.124	2	2	4.016
831	strangled	5256	0.062	1	1	4.012
832	strives	5260	0.062	1	1	4.009
833	purer	5259	0.062	1	1	4.009
834	familiarly	5276	0.062	1	1	4.005
835	manuscript	5313	0.063	1	1	3.995
836	display	5310	0.063	1	1	3.995
837	Hateful	10655	0.126	2	2	3.991
838	beautified	5350	0.063	1	1	3.986
839	hawks	5379	0.064	1	1	3.977
840	gallants	5377	0.064	1	1	3.977
841	robes	10833	0.128	2	1	3.967
842	lascivious	5471	0.065	1	1	3.952
843	earths	5493	0.065	1	1	3.948
844	triple	5531	0.065	1	1	3.937
845	Caves	5567	0.066	1	1	3.928
846	flatterers	5582	0.066	1	1	3.924
847	Antichrist	50530	0.596	9	6	3.916
848	throats	5620	0.066	1	1	3.915
849	Nuns	5658	0.067	1	1	3.904
850	Murderers	11345	0.134	2	2	3.901
851	Mer	5689	0.067	1	1	3.898
852	extol	5693	0.067	1	1	3.895
853	Daughters	40010	0.472	7	7	3.89
854	presuming	5718	0.068	1	1	3.889
855	venit	5733	0.068	1	1	3.885
856	abominable	22990	0.271	4	4	3.882
857	amounts	5818	0.069	1	1	3.864
858	permits	5856	0.069	1	1	3.855
859	plays	17593	0.208	3	3	3.852
860	usurped	11791	0.139	2	2	3.845
861	FA	11810	0.139	2	1	3.843
862	veil	11849	0.14	2	1	3.838
863	hark	5947	0.07	1	1	3.832
864	dishonest	6002	0.071	1	1	3.82
865	Dragon	18054	0.213	3	3	3.815
866	Ware	12046	0.142	2	2	3.814
867	hunt	12065	0.142	2	2	3.812
868	deem	6043	0.071	1	1	3.81
869	MON	18249	0.215	3	1	3.8
870	Exeunt	12174	0.144	2	2	3.799
871	infect	6100	0.072	1	1	3.796
872	tempting	6108	0.072	1	1	3.794
873	play	61168	0.722	10	9	3.792
874	Squire	6126	0.072	1	1	3.79
875	youthful	6171	0.073	1	1	3.78
876	Adultery	24714	0.292	4	4	3.777
877	Hierarchy	6183	0.073	1	1	3.776
878	contrive	6209	0.073	1	1	3.77
879	unfaithful	6230	0.074	1	1	3.766
880	prostrate	6239	0.074	1	1	3.764
881	suggestions	6262	0.074	1	1	3.758
882	sowed	6293	0.074	1	1	3.75
883	Wife	214853	2.536	34	23	3.745
884	Israell	12654	0.149	2	2	3.743
885	therewithal	6336	0.075	1	1	3.741
886	livings	6392	0.075	1	1	3.729
887	Friar	12819	0.151	2	1	3.725
888	damnation	32064	0.379	5	3	3.724
889	sway	12829	0.151	2	1	3.724
890	Rev.	51328	0.606	8	3	3.723
891	bewitched	6431	0.076	1	1	3.72
892	consume	19326	0.228	3	3	3.717
893	syllable	6553	0.077	1	1	3.693
894	ink	6606	0.078	1	1	3.68
895	greedy	13232	0.156	2	2	3.679
896	stealing	6657	0.079	1	1	3.669
897	whipped	6660	0.079	1	1	3.669
898	Englishmen	6677	0.079	1	1	3.666
899	wears	6709	0.079	1	1	3.658
900	striking	6712	0.079	1	1	3.658
901	sleeps	6751	0.08	1	1	3.649
902	attendants	6755	0.08	1	1	3.649
903	nere	20350	0.24	3	3	3.643
904	Dragons	6883	0.081	1	1	3.622
905	chaste	20646	0.244	3	3	3.622
906	tha	6903	0.082	1	1	3.617
907	liberally	6929	0.082	1	1	3.612
908	Emblem	6983	0.082	1	1	3.601
909	peculiarly	7015	0.083	1	1	3.594
910	fist	7028	0.083	1	1	3.591
911	slave	21201	0.25	3	2	3.584
912	thirteenth	7168	0.085	1	1	3.563
913	augment	7169	0.085	1	1	3.563
914	Commentary	7188	0.085	1	1	3.56
915	seat	51212	0.605	7	5	3.534
916	laity	7349	0.087	1	1	3.528
917	subtle	36810	0.435	5	3	3.525
918	horns	22193	0.262	3	3	3.518
919	Mars	22203	0.262	3	3	3.517
920	buying	7410	0.088	1	1	3.515
921	scorned	7420	0.088	1	1	3.513
922	shifts	7422	0.088	1	1	3.513
923	Papacy	7431	0.088	1	1	3.511
924	compares	7453	0.088	1	1	3.506
925	ducats	7478	0.088	1	1	3.501
926	commits	7541	0.089	1	1	3.49
927	becometh	7573	0.089	1	1	3.484
928	authorized	7582	0.09	1	1	3.482
929	staying	7629	0.09	1	1	3.474
930	arrogance	7646	0.09	1	1	3.471
931	reversion	7647	0.09	1	1	3.469
932	unusual	7667	0.091	1	1	3.466
933	murdering	7679	0.091	1	1	3.464
934	painting	7700	0.091	1	1	3.46
935	start	7796	0.092	1	1	3.442
936	stripped	7820	0.092	1	1	3.438
937	thirsty	7834	0.093	1	1	3.434
938	remorse	7838	0.093	1	1	3.434
939	beautiful	31363	0.37	4	4	3.434
940	reigns	15787	0.186	2	2	3.424
941	nu	7900	0.093	1	1	3.424
942	tract.	7894	0.093	1	1	3.424
943	Aeneas	7910	0.093	1	1	3.42
944	keeps	40024	0.472	5	4	3.404
945	beggars	8051	0.095	1	1	3.396
946	burn	40670	0.48	5	5	3.381
947	purse	16277	0.192	2	2	3.38
948	Baal	8157	0.096	1	1	3.376
949	55.	8173	0.097	1	1	3.373
950	sale	16370	0.193	2	2	3.372
951	wives	57399	0.678	7	7	3.369
952	Bar	32896	0.388	4	3	3.365
953	riot	8272	0.098	1	1	3.357
954	openly	41440	0.489	5	3	3.354
955	Alex	8301	0.098	1	1	3.351
956	ugly	8331	0.098	1	1	3.347
957	strings	8377	0.099	1	1	3.338
958	Revelation	41988	0.496	5	5	3.335
959	clad	8414	0.099	1	1	3.332
960	termed	25438	0.3	3	3	3.32
961	dross	8493	0.1	1	1	3.319
962	aboard	8546	0.101	1	1	3.309
963	damned	34243	0.404	4	4	3.307
964	Maist	17147	0.202	2	1	3.305
965	ornaments	17222	0.203	2	2	3.298
966	Ram	8617	0.102	1	1	3.298
967	sisters	17302	0.204	2	2	3.292
968	allowing	8667	0.102	1	1	3.289
969	diseased	8769	0.104	1	1	3.272
970	bells	8768	0.104	1	1	3.272
971	arising	17551	0.207	2	2	3.271
972	damnable	17583	0.208	2	2	3.269
973	unexpected	8797	0.104	1	1	3.268
974	husband	105631	1.247	12	11	3.267
975	magnificence	8848	0.104	1	1	3.26
976	affinity	8856	0.105	1	1	3.258
977	expounds	8875	0.105	1	1	3.254
978	steed	8886	0.105	1	1	3.253
979	wore	8942	0.106	1	1	3.245
980	Maximus	8951	0.106	1	1	3.242
981	fashions	9013	0.106	1	1	3.232
982	powered	9056	0.107	1	1	3.226
983	stately	18235	0.215	2	2	3.216
984	enters	18257	0.216	2	2	3.214
985	drown	9177	0.108	1	1	3.207
986	boy	27639	0.326	3	2	3.201
987	Signor	9231	0.109	1	1	3.198
988	bearing	37031	0.437	4	1	3.194
989	tricks	9354	0.11	1	1	3.179
990	impure	9368	0.111	1	1	3.177
991	richly	9389	0.111	1	1	3.174
992	embracing	9401	0.111	1	1	3.171
993	closely	9419	0.111	1	1	3.169
994	Gentlewoman	9432	0.111	1	1	3.167
995	disposing	9453	0.112	1	1	3.164
996	Tobacco	9488	0.112	1	1	3.158
997	married	66560	0.786	7	6	3.155
998	brave	38044	0.449	4	4	3.155
999	Laughter	9517	0.112	1	1	3.155
1000	discontented	9557	0.113	1	1	3.148
1001	price	57392	0.677	6	5	3.147
1002	nakedness	9651	0.114	1	1	3.134
1003	hills	29127	0.344	3	3	3.125
1004	Exit	19436	0.229	2	2	3.124
1005	flattering	9757	0.115	1	1	3.118
1006	censured	9756	0.115	1	1	3.118
1007	Hierom	9779	0.115	1	1	3.115
1008	feeds	9833	0.116	1	1	3.107
1009	famous	88824	1.048	9	5	3.102
1010	fo	9885	0.117	1	1	3.099
1011	Lawyer	9909	0.117	1	1	3.095
1012	snow	19897	0.235	2	2	3.09
1013	permit	29877	0.353	3	2	3.089
1014	servile	9971	0.118	1	1	3.087
1015	Excepting	9977	0.118	1	1	3.086
1016	doors	29993	0.354	3	2	3.083
1017	abandon	10068	0.119	1	1	3.073
1018	permitted	30542	0.361	3	1	3.057
1019	disobedient	10184	0.12	1	1	3.056
1020	Tragedy	10196	0.12	1	1	3.055
1021	unclean	30723	0.363	3	3	3.049
1022	witches	10286	0.121	1	1	3.042
1023	agreeing	10294	0.122	1	1	3.041
1024	discovering	10322	0.122	1	1	3.037
1025	sister	51618	0.609	5	5	3.037
1026	seduced	10324	0.122	1	1	3.036
1027	husbands	30992	0.366	3	3	3.036
1028	match	20690	0.244	2	1	3.034
1029	dancing	10351	0.122	1	1	3.033
1030	fond	20744	0.245	2	2	3.03
1031	presumptuous	10383	0.123	1	1	3.028
1032	Synagogue	10391	0.123	1	1	3.028
1033	bag	10396	0.123	1	1	3.027
1034	fetched	10432	0.123	1	1	3.022
1035	asks	10519	0.124	1	1	3.009
1036	corrupt	63197	0.746	6	6	3.008
1037	68	10551	0.125	1	1	3.006
1038	facto	10681	0.126	1	1	2.987
1039	spent	53460	0.631	5	5	2.986
1040	rent	42785	0.505	4	2	2.986
1041	train	21461	0.253	2	2	2.981
1042	bloody	53730	0.634	5	3	2.979
1043	widow	21540	0.254	2	2	2.976
1044	Fie	32306	0.381	3	2	2.976
1045	numbered	10774	0.127	1	1	2.975
1046	obstinacy	10790	0.127	1	1	2.973
1047	keep	313074	3.695	29	16	2.972
1048	woman	183598	2.167	17	14	2.972
1049	perdition	10866	0.128	1	1	2.962
1050	calais	10880	0.128	1	1	2.961
1051	Pox	10902	0.129	1	1	2.958
1052	expenses	10928	0.129	1	1	2.955
1053	tolerable	10937	0.129	1	1	2.953
1054	parcel	10999	0.13	1	1	2.946
1055	maid	33079	0.39	3	3	2.942
1056	afternoon	11049	0.13	1	1	2.939
1057	Calf	11111	0.131	1	1	2.931
1058	room	55576	0.656	5	4	2.93
1059	Jest	11120	0.131	1	1	2.929
1060	't	11120	0.131	1	1	2.929
1061	destruction	89423	1.056	8	6	2.922
1062	flourished	11210	0.132	1	1	2.918
1063	spouse	22595	0.267	2	2	2.907
1064	ed	11308	0.134	1	1	2.905
1065	aspect	11323	0.134	1	1	2.904
1066	dim	11370	0.134	1	1	2.898
1067	afflict	11385	0.134	1	1	2.895
1068	prima	11491	0.136	1	1	2.883
1069	corners	11488	0.136	1	1	2.883
1070	Ice	11552	0.136	1	1	2.874
1071	Jer	23150	0.273	2	2	2.872
1072	committing	11606	0.137	1	1	2.868
1073	Horses	58059	0.685	5	4	2.867
1074	naked	46459	0.548	4	4	2.867
1075	odious	23239	0.274	2	2	2.866
1076	twelfth	11669	0.138	1	1	2.86
1077	Bees	11695	0.138	1	1	2.857
1078	abomination	11757	0.139	1	1	2.849
1079	bleeding	11828	0.14	1	1	2.841
1080	filth	11883	0.14	1	1	2.833
1081	waters	83222	0.982	7	6	2.833
1082	hears	23785	0.281	2	2	2.833
1083	maids	11895	0.14	1	1	2.832
1084	XVIII	11914	0.141	1	1	2.83
1085	loud	23920	0.282	2	2	2.825
1086	honest	83801	0.989	7	7	2.823
1087	bona	12019	0.142	1	1	2.817
1088	testified	12038	0.142	1	1	2.815
1089	corrupted	36122	0.426	3	3	2.815
1090	alliance	12060	0.142	1	1	2.813
1091	pleaseth	24152	0.285	2	1	2.81
1092	compel	12119	0.143	1	1	2.806
1093	advance	36366	0.429	3	3	2.805
1094	Marie	12146	0.143	1	1	2.802
1095	Iudah	12172	0.144	1	1	2.799
1096	quoth	36867	0.435	3	2	2.786
1097	pagan	12292	0.145	1	1	2.785
1098	fetch	24696	0.292	2	2	2.778
1099	gray	12411	0.147	1	1	2.771
1100	Malignant	12436	0.147	1	1	2.768
1101	potent	12467	0.147	1	1	2.764
1102	worn	12479	0.147	1	1	2.763
1103	marshall	12582	0.149	1	1	2.751
1104	murderer	12581	0.149	1	1	2.751
1105	deep	75511	0.891	6	6	2.751
1106	slander	12613	0.149	1	1	2.748
1107	vile	37856	0.447	3	3	2.747
1108	friars	12673	0.15	1	1	2.741
1109	Troy	12678	0.15	1	1	2.741
1110	lamentable	12732	0.15	1	1	2.734
1111	hated	25471	0.301	2	2	2.734
1112	Roman	141472	1.67	11	9	2.72
1113	stamp	12866	0.152	1	1	2.719
1114	nurse	12919	0.153	1	1	2.713
1115	Traffic	12930	0.153	1	1	2.712
1116	Heretical	12934	0.153	1	1	2.711
1117	hide	38812	0.458	3	3	2.711
1118	Gent	12956	0.153	1	1	2.709
1119	suspected	25911	0.306	2	2	2.709
1120	allows	12955	0.153	1	1	2.709
1121	forsooth	12960	0.153	1	1	2.708
1122	raging	13043	0.154	1	1	2.7
1123	minus	13087	0.155	1	1	2.694
1124	blush	13133	0.155	1	1	2.69
1125	kiss	26340	0.311	2	1	2.685
1126	Hosts	13174	0.156	1	1	2.685
1127	Lev	13206	0.156	1	1	2.681
1128	territories	13207	0.156	1	1	2.681
1129	departing	13235	0.156	1	1	2.679
1130	Dame	13246	0.156	1	1	2.678
1131	eleven	13249	0.156	1	1	2.677
1132	prophesied	13251	0.156	1	1	2.677
1133	Flow	26569	0.314	2	1	2.673
1134	rents	13329	0.157	1	1	2.668
1135	despite	13448	0.159	1	1	2.656
1136	lovers	26913	0.318	2	2	2.654
1137	Venus	26929	0.318	2	2	2.654
1138	manifestation	13497	0.159	1	1	2.65
1139	nulla	13552	0.16	1	1	2.644
1140	doctrines	40858	0.482	3	3	2.637
1141	Chase	13640	0.161	1	1	2.635
1142	spoils	13640	0.161	1	1	2.635
1143	evidently	27408	0.324	2	1	2.628
1144	secretary	13724	0.162	1	1	2.626
1145	path	13728	0.162	1	1	2.626
1146	harbour	13726	0.162	1	1	2.626
1147	dares	13753	0.162	1	1	2.623
1148	sung	13767	0.163	1	1	2.621
1149	steward	13843	0.163	1	1	2.614
1150	Gal	55443	0.654	4	2	2.612
1151	handful	13872	0.164	1	1	2.611
1152	morrow	27739	0.327	2	1	2.611
1153	hanged	27832	0.329	2	2	2.606
1154	wisest	14043	0.166	1	1	2.592
1155	wolves	14045	0.166	1	1	2.592
1156	tending	14059	0.166	1	1	2.592
1157	judged	56237	0.664	4	4	2.591
1158	spleen	14135	0.167	1	1	2.584
1159	parable	14171	0.167	1	1	2.579
1160	she	1006738	11.883	71	50	2.579
1161	description	42949	0.507	3	3	2.565
1162	Ha	28655	0.338	2	1	2.564
1163	cunning	28670	0.338	2	2	2.563
1164	task	14342	0.169	1	1	2.562
1165	Tomb	14393	0.17	1	1	2.557
1166	Crowned	28810	0.34	2	2	2.556
1167	ipso	14545	0.172	1	1	2.542
1168	bay	14718	0.174	1	1	2.525
1169	fairest	14727	0.174	1	1	2.525
1170	proud	73660	0.869	5	4	2.524
1171	shameful	14747	0.174	1	1	2.522
1172	Con	14750	0.174	1	1	2.522
1173	publicly	29824	0.352	2	2	2.506
1174	di	44811	0.529	3	2	2.504
1175	fervent	14967	0.177	1	1	2.501
1176	shoot	14986	0.177	1	1	2.499
1177	merry	30040	0.355	2	1	2.496
1178	mother	150593	1.778	10	9	2.492
1179	Hac	15097	0.178	1	1	2.488
1180	begun	45469	0.537	3	2	2.483
1181	blew	15173	0.179	1	1	2.481
1182	loco	15190	0.179	1	1	2.48
1183	condemned	91164	1.076	6	6	2.479
1184	foe	15213	0.18	1	1	2.477
1185	her	1811491	21.381	119	78	2.477
1186	muse	15327	0.181	1	1	2.467
1187	ruins	15379	0.182	1	1	2.462
1188	argues	15381	0.182	1	1	2.462
1189	spiritually	15423	0.182	1	1	2.458
1190	tail	30912	0.365	2	2	2.454
1191	daughter	108707	1.283	7	7	2.448
1192	'm	31244	0.369	2	2	2.439
1193	expound	15629	0.185	1	1	2.438
1194	yearly	31375	0.37	2	1	2.433
1195	maintain	78757	0.93	5	5	2.427
1196	eats	15783	0.186	1	1	2.424
1197	hairs	15863	0.187	1	1	2.417
1198	penitent	15876	0.187	1	1	2.416
1199	dost	31931	0.377	2	2	2.408
1200	lewd	15983	0.189	1	1	2.406
1201	cries	32046	0.378	2	2	2.403
1202	befall	16025	0.189	1	1	2.403
1203	're	16048	0.189	1	1	2.4
1204	fitly	16083	0.19	1	1	2.397
1205	worse	96916	1.144	6	6	2.391
1206	meanest	16212	0.191	1	1	2.385
1207	inventions	16255	0.192	1	1	2.382
1208	hereunto	16278	0.192	1	1	2.38
1209	worshipped	32660	0.386	2	1	2.375
1210	houses	114523	1.352	7	4	2.373
1211	silly	16358	0.193	1	1	2.373
1212	female	16395	0.194	1	1	2.37
1213	kept	180349	2.129	11	7	2.369
1214	keeper	16401	0.194	1	1	2.369
1215	penny	16458	0.194	1	1	2.364
1216	peoples	33008	0.39	2	2	2.36
1217	impious	16500	0.195	1	1	2.36
1218	destroyed	66138	0.781	4	1	2.357
1219	iniquities	16575	0.196	1	1	2.354
1220	golden	49785	0.588	3	2	2.352
1221	17	133873	1.58	8	7	2.34
1222	col	16743	0.198	1	1	2.339
1223	judgment	235552	2.78	14	9	2.332
1224	foretold	16838	0.199	1	1	2.331
1225	ma	16855	0.199	1	1	2.33
1226	complained	16882	0.199	1	1	2.327
1227	hates	16898	0.2	1	1	2.326
1228	fly	84799	1.001	5	5	2.321
1229	soil	16992	0.201	1	1	2.318
1230	admired	17008	0.201	1	1	2.317
1231	cleared	17054	0.201	1	1	2.313
1232	Infidels	17053	0.201	1	1	2.313
1233	advanced	34128	0.403	2	2	2.312
1234	visit	34153	0.403	2	2	2.311
1235	contracted	17181	0.203	1	1	2.302
1236	discerned	17249	0.204	1	1	2.296
1237	Peters	17256	0.204	1	1	2.295
1238	borne	86876	1.025	5	4	2.286
1239	deceitful	17392	0.205	1	1	2.284
1240	accursed	17442	0.206	1	1	2.28
1241	regiment	17461	0.206	1	1	2.279
1242	bands	17458	0.206	1	1	2.279
1243	Gall	17567	0.207	1	1	2.27
1244	Apostasy	17588	0.208	1	1	2.268
1245	fools	35223	0.416	2	2	2.266
1246	sitting	35270	0.416	2	2	2.264
1247	grain	17694	0.209	1	1	2.26
1248	habit	35431	0.418	2	2	2.258
1249	Catholics	17885	0.211	1	1	2.244
1250	meddle	17894	0.211	1	1	2.243
1251	stage	17895	0.211	1	1	2.243
1252	smooth	17906	0.211	1	1	2.243
1253	steal	17906	0.211	1	1	2.243
1254	great	1790493	21.134	100	42	2.242
1255	captains	35824	0.423	2	1	2.242
1256	Cui	17993	0.212	1	1	2.235
1257	betrayed	18001	0.213	1	1	2.234
1258	virgin	54072	0.638	3	3	2.233
1259	celebrated	18043	0.213	1	1	2.231
1260	defiled	18090	0.214	1	1	2.228
1261	comprehended	18167	0.214	1	1	2.222
1262	cheer	18188	0.215	1	1	2.22
1263	marked	18201	0.215	1	1	2.219
1264	fol.	54629	0.645	3	2	2.218
1265	drunkenness	18268	0.216	1	1	2.214
1266	leading	18263	0.216	1	1	2.214
1267	spoken	147126	1.737	8	8	2.204
1268	monarch	18420	0.217	1	1	2.202
1269	minor	18443	0.218	1	1	2.2
1270	modest	18444	0.218	1	1	2.2
1271	lets	18569	0.219	1	1	2.19
1272	sometime	55884	0.66	3	3	2.185
1273	undoubtedly	18754	0.221	1	1	2.175
1274	hist.	18785	0.222	1	1	2.173
1275	commodity	18888	0.223	1	1	2.166
1276	adorned	18908	0.223	1	1	2.164
1277	loves	76043	0.898	4	4	2.156
1278	stranger	38063	0.449	2	2	2.154
1279	tempest	19049	0.225	1	1	2.153
1280	humbled	19062	0.225	1	1	2.152
1281	Rises	19110	0.226	1	1	2.148
1282	become	172873	2.041	9	7	2.141
1283	common	346098	4.085	18	17	2.14
1284	reprove	19294	0.228	1	1	2.135
1285	impiety	19301	0.228	1	1	2.134
1286	throat	19344	0.228	1	1	2.131
1287	mingled	19412	0.229	1	1	2.126
1288	abhor	19419	0.229	1	1	2.125
1289	Tertullian	19440	0.23	1	1	2.123
1290	forbidden	38907	0.459	2	1	2.123
1291	season	58435	0.69	3	3	2.121
1292	intelligence	19523	0.23	1	1	2.118
1293	habitation	19587	0.231	1	1	2.113
1294	approbation	19693	0.232	1	1	2.105
1295	devils	59091	0.698	3	2	2.105
1296	whereon	19704	0.233	1	1	2.104
1297	embraced	19758	0.233	1	1	2.1
1298	valiant	39573	0.467	2	2	2.098
1299	jealous	19806	0.234	1	1	2.097
1300	'll	158479	1.871	8	7	2.096
1301	nice	19841	0.234	1	1	2.094
1302	wool	19852	0.234	1	1	2.094
1303	hollow	19871	0.235	1	1	2.092
1304	term	59683	0.705	3	3	2.09
1305	ti	19951	0.236	1	1	2.086
1306	simplicity	20072	0.237	1	1	2.078
1307	Uncle	20076	0.237	1	1	2.077
1308	careless	20099	0.237	1	1	2.076
1309	Gentlemen	60495	0.714	3	3	2.071
1310	calls	121932	1.439	6	5	2.06
1311	converted	40728	0.481	2	1	2.057
1312	vp	20410	0.241	1	1	2.053
1313	kindred	20409	0.241	1	1	2.053
1314	burned	20536	0.242	1	1	2.045
1315	wear	20558	0.243	1	1	2.043
1316	fool	41266	0.487	2	2	2.038
1317	thrice	20696	0.244	1	1	2.033
1318	colours	41565	0.491	2	2	2.027
1319	Enter	145726	1.72	7	7	2.025
1320	swearing	20821	0.246	1	1	2.024
1321	open	187653	2.215	9	8	2.023
1322	rewards	20903	0.247	1	1	2.019
1323	rot	20942	0.247	1	1	2.016
1324	Lewis	20972	0.248	1	1	2.014
1325	foes	20990	0.248	1	1	2.013
1326	lie	168129	1.985	8	8	2.011
1327	Es	21017	0.248	1	1	2.011
1328	seated	21058	0.249	1	1	2.008
1329	fr	63238	0.746	3	3	2.007
1330	superstitious	21092	0.249	1	1	2.006
1331	mystical	21135	0.25	1	1	2.003
1332	Mistress	42310	0.499	2	2	2.002
1333	discovered	63467	0.749	3	3	2.002
1334	Bellarmine	21215	0.25	1	1	1.998
1335	politic	21242	0.251	1	1	1.996
1336	Proverb	21331	0.252	1	1	1.99
1337	Grand	42729	0.504	2	2	1.988
1338	pence	21465	0.253	1	1	1.981
1339	encourage	21511	0.254	1	1	1.978
1340	apart	21640	0.255	1	1	1.969
1341	foul	43393	0.512	2	2	1.965
1342	busy	21920	0.259	1	1	1.951
1343	human	22158	0.262	1	1	1.935
1344	scope	22219	0.262	1	1	1.931
1345	virgins	22219	0.262	1	1	1.931
1346	fall	267911	3.162	12	11	1.924
1347	il	44690	0.528	2	1	1.923
1348	notorious	22363	0.264	1	1	1.921
1349	eggs	22433	0.265	1	1	1.917
1350	weeping	22605	0.267	1	1	1.906
1351	alas	67915	0.802	3	2	1.904
1352	submit	45284	0.535	2	1	1.904
1353	entertainment	22650	0.267	1	1	1.903
1354	begins	45496	0.537	2	2	1.897
1355	similitude	22791	0.269	1	1	1.894
1356	throne	68392	0.807	3	2	1.894
1357	indignation	22811	0.269	1	1	1.893
1358	admire	22861	0.27	1	1	1.89
1359	urged	23145	0.273	1	1	1.872
1360	Israel	162651	1.92	7	6	1.866
1361	stroke	23344	0.276	1	1	1.86
1362	showing	46685	0.551	2	2	1.86
1363	minded	23388	0.276	1	1	1.857
1364	wine	164447	1.941	7	6	1.851
1365	merchant	23511	0.278	1	1	1.849
1366	Thrown	23518	0.278	1	1	1.849
1367	judgements	47124	0.556	2	2	1.846
1368	ego	23639	0.279	1	1	1.842
1369	rich	142318	1.68	6	5	1.837
1370	Jew	23762	0.281	1	1	1.834
1371	Shake	24043	0.284	1	1	1.817
1372	lies	96467	1.139	4	4	1.813
1373	earnest	48238	0.569	2	2	1.812
1374	boast	24120	0.285	1	1	1.812
1375	absent	24129	0.285	1	1	1.812
1376	ante	24167	0.285	1	1	1.81
1377	worst	48340	0.571	2	2	1.809
1378	seven	120863	1.427	5	5	1.809
1379	farewell	24180	0.285	1	1	1.809
1380	whiles	24191	0.286	1	1	1.808
1381	eat	145185	1.714	6	3	1.808
1382	Fox	24216	0.286	1	1	1.807
1383	decreed	24249	0.286	1	1	1.805
1384	younger	24318	0.287	1	1	1.801
1385	clock	24334	0.287	1	1	1.8
1386	pull	24362	0.288	1	1	1.798
1387	coat	24384	0.288	1	1	1.797
1388	seeks	24462	0.289	1	1	1.792
1389	mourning	24529	0.29	1	1	1.788
1390	bed	73593	0.869	3	3	1.788
1391	col.	49217	0.581	2	1	1.784
1392	garment	24609	0.291	1	1	1.783
1393	allege	24686	0.291	1	1	1.779
1394	hatred	49444	0.584	2	2	1.777
1395	lights	24751	0.292	1	1	1.775
1396	imperfect	24941	0.294	1	1	1.764
1397	bones	50056	0.591	2	2	1.759
1398	Lamb	50063	0.591	2	2	1.759
1399	burnt	50113	0.592	2	2	1.758
1400	goes	100413	1.185	4	4	1.755
1401	masters	75576	0.892	3	3	1.75
1402	Treasure	50519	0.596	2	2	1.746
1403	secretly	25285	0.298	1	1	1.745
1404	call	328774	3.881	13	13	1.744
1405	nose	25309	0.299	1	1	1.743
1406	putting	50647	0.598	2	2	1.742
1407	smell	25352	0.299	1	1	1.741
1408	consecrated	25356	0.299	1	1	1.74
1409	women	152987	1.806	6	6	1.732
1410	Popes	76677	0.905	3	3	1.729
1411	commit	51155	0.604	2	2	1.728
1412	clothed	25607	0.302	1	1	1.726
1413	signification	25765	0.304	1	1	1.717
1414	?	2527462	29.832	98	53	1.716
1415	twenty	103869	1.226	4	4	1.706
1416	head	338290	3.993	13	12	1.703
1417	Lover	26112	0.308	1	1	1.698
1418	forsake	52263	0.617	2	2	1.697
1419	company	157530	1.859	6	4	1.69
1420	Pan	26291	0.31	1	1	1.688
1421	sit	131502	1.552	5	4	1.688
1422	esteemed	52613	0.621	2	2	1.687
1423	ass	26382	0.311	1	1	1.683
1424	wanted	26501	0.313	1	1	1.677
1425	tom	26564	0.314	1	1	1.673
1426	refuse	53146	0.627	2	1	1.673
1427	Lays	26622	0.314	1	1	1.67
1428	Britain	26773	0.316	1	1	1.662
1429	modesty	26836	0.317	1	1	1.658
1430	setting	53750	0.634	2	2	1.657
1431	communicate	27013	0.319	1	1	1.649
1432	bears	54088	0.638	2	2	1.647
1433	apparel	27082	0.32	1	1	1.645
1434	loath	27335	0.323	1	1	1.632
1435	44	27360	0.323	1	1	1.631
1436	defended	27388	0.323	1	1	1.629
1437	lust	54865	0.648	2	2	1.627
1438	hereby	55021	0.649	2	2	1.623
1439	dispose	27603	0.326	1	1	1.618
1440	Temples	27639	0.326	1	1	1.616
1441	undertake	27793	0.328	1	1	1.608
1442	turn	167524	1.977	6	5	1.601
1443	slaves	28066	0.331	1	1	1.594
1444	cut	140466	1.658	5	5	1.592
1445	Ecclesiae	28090	0.332	1	1	1.592
1446	Like	1070087	12.631	38	33	1.589
1447	Followers	28164	0.332	1	1	1.589
1448	why	394748	4.659	14	11	1.587
1449	Wholesome	28319	0.334	1	1	1.581
1450	tyrant	28325	0.334	1	1	1.581
1451	precious	85205	1.006	3	3	1.577
1452	compare	28481	0.336	1	1	1.573
1453	yield	85483	1.009	3	3	1.572
1454	a	14471665	170.812	505	175	1.564
1455	apply	57357	0.677	2	2	1.563
1456	solid	28842	0.34	1	1	1.555
1457	assemblies	28871	0.341	1	1	1.553
1458	Vision	28960	0.342	1	1	1.549
1459	ah	29075	0.343	1	1	1.543
1460	weather	29174	0.344	1	1	1.538
1461	Simon	29226	0.345	1	1	1.535
1462	zealous	29282	0.346	1	1	1.533
1463	rise	87880	1.037	3	3	1.532
1464	noble	146938	1.734	5	5	1.528
1465	Cardinal	58899	0.695	2	1	1.525
1466	miracle	29540	0.349	1	1	1.52
1467	faces	29653	0.35	1	1	1.515
1468	got	88984	1.05	3	3	1.514
1469	condemn	59378	0.701	2	2	1.513
1470	sober	29705	0.351	1	1	1.512
1471	reports	29748	0.351	1	1	1.51
1472	hell	149518	1.765	5	4	1.502
1473	rank	29920	0.353	1	1	1.501
1474	signify	59908	0.707	2	2	1.5
1475	entertain	30000	0.354	1	1	1.498
1476	O	541781	6.395	18	11	1.493
1477	Jupiter	30367	0.358	1	1	1.48
1478	contain	30528	0.36	1	1	1.473
1479	commend	30571	0.361	1	1	1.471
1480	wretched	30683	0.362	1	1	1.465
1481	speeches	30693	0.362	1	1	1.465
1482	absence	30716	0.363	1	1	1.464
1483	star	30709	0.363	1	1	1.464
1484	opposed	30763	0.363	1	1	1.462
1485	testify	30813	0.364	1	1	1.459
1486	base	61654	0.728	2	2	1.459
1487	discretion	30869	0.364	1	1	1.456
1488	dream	30913	0.365	1	1	1.454
1489	Dog	30988	0.366	1	1	1.451
1490	Mr	31112	0.367	1	1	1.445
1491	monarchy	31153	0.368	1	1	1.443
1492	whose	468798	5.533	15	15	1.439
1493	condemnation	31282	0.369	1	1	1.438
1494	terror	31309	0.37	1	1	1.436
1495	deed	62715	0.74	2	2	1.434
1496	understood	125485	1.481	4	2	1.433
1497	shame	94222	1.112	3	3	1.432
1498	abused	31590	0.373	1	1	1.423
1499	branch	31608	0.373	1	1	1.422
1500	Bad	95210	1.124	3	1	1.417
1501	later	31782	0.375	1	1	1.415
1502	wished	31831	0.376	1	1	1.412
1503	hang	31830	0.376	1	1	1.412
1504	beauty	95667	1.129	3	3	1.41
1505	admirable	31909	0.377	1	1	1.409
1506	comes	255457	3.015	8	8	1.408
1507	false	224466	2.649	7	7	1.402
1508	happily	32065	0.379	1	1	1.402
1509	interpretation	32092	0.379	1	1	1.4
1510	dogs	32101	0.379	1	1	1.4
1511	doubtless	32131	0.379	1	1	1.399
1512	eaten	32125	0.379	1	1	1.399
1513	door	64326	0.759	2	2	1.397
1514	consequently	64502	0.761	2	2	1.393
1515	upper	32317	0.381	1	1	1.391
1516	bosom	32336	0.382	1	1	1.389
1517	purchase	32356	0.382	1	1	1.389
1518	win	32483	0.383	1	1	1.383
1519	maintenance	32482	0.383	1	1	1.383
1520	diligent	32533	0.384	1	1	1.381
1521	remaining	32552	0.384	1	1	1.38
1522	Francis	32629	0.385	1	1	1.377
1523	greatness	65345	0.771	2	1	1.375
1524	withal	98276	1.16	3	2	1.371
1525	innocent	65570	0.774	2	2	1.37
1526	divide	32819	0.387	1	1	1.368
1527	torments	32888	0.388	1	1	1.365
1528	ashes	32944	0.389	1	1	1.363
1529	quarrel	32992	0.389	1	1	1.361
1530	executed	33017	0.39	1	1	1.36
1531	Chapter	132959	1.569	4	1	1.35
1532	bestow	33438	0.395	1	1	1.341
1533	summer	33500	0.395	1	1	1.339
1534	growing	33517	0.396	1	1	1.338
1535	wax	33550	0.396	1	1	1.336
1536	hazard	33564	0.396	1	1	1.336
1537	colour	100836	1.19	3	2	1.334
1538	white	134914	1.592	4	3	1.329
1539	Hen	33893	0.4	1	1	1.322
1540	triumph	33934	0.401	1	1	1.32
1541	soldiers	136167	1.607	4	2	1.315
1542	Poet	34204	0.404	1	1	1.309
1543	professed	34256	0.404	1	1	1.307
1544	young	171502	2.024	5	4	1.305
1545	bring	310345	3.663	9	9	1.297
1546	appeared	69228	0.817	2	2	1.291
1547	reproach	34657	0.409	1	1	1.289
1548	beaten	34661	0.409	1	1	1.289
1549	scorn	34703	0.41	1	1	1.288
1550	bare	69451	0.82	2	1	1.287
1551	broad	35012	0.413	1	1	1.275
1552	art	315875	3.728	9	6	1.271
1553	else	281410	3.322	8	6	1.268
1554	calling	105619	1.247	3	3	1.267
1555	delights	35263	0.416	1	1	1.265
1556	Fate	35533	0.419	1	1	1.254
1557	pay	106691	1.259	3	2	1.252
1558	laying	35626	0.421	1	1	1.25
1559	wrong	71272	0.841	2	2	1.249
1560	utterly	71440	0.843	2	2	1.246
1561	song	35727	0.422	1	1	1.246
1562	stock	35766	0.422	1	1	1.244
1563	acknowledged	35881	0.424	1	1	1.24
1564	trade	71989	0.85	2	1	1.235
1565	despair	36035	0.425	1	1	1.233
1566	hither	36037	0.425	1	1	1.233
1567	secret	108173	1.277	3	3	1.232
1568	moreover	72198	0.852	2	2	1.231
1569	Luther	36123	0.426	1	1	1.23
1570	face	181454	2.142	5	4	1.223
1571	desirous	36305	0.429	1	1	1.223
1572	birds	36376	0.429	1	1	1.22
1573	Priests	145909	1.722	4	4	1.216
1574	turned	109846	1.297	3	3	1.21
1575	translated	36635	0.432	1	1	1.21
1576	fail	73352	0.866	2	2	1.208
1577	prove	220093	2.598	6	5	1.208
1578	resolve	36730	0.434	1	1	1.206
1579	became	73544	0.868	2	2	1.204
1580	Thou	1398203	16.503	38	29	1.203
1581	mouths	36905	0.436	1	1	1.199
1582	clothes	36950	0.436	1	1	1.197
1583	better	443737	5.238	12	10	1.196
1584	diverse	37369	0.441	1	1	1.181
1585	temptation	37377	0.441	1	1	1.18
1586	wilderness	37400	0.441	1	1	1.18
1587	midst	74832	0.883	2	2	1.179
1588	enough	225014	2.656	6	6	1.176
1589	numbers	37529	0.443	1	1	1.175
1590	fifty	37601	0.444	1	1	1.172
1591	SHine	37727	0.445	1	1	1.167
1592	impossible	75536	0.892	2	2	1.166
1593	punishment	113533	1.34	3	3	1.163
1594	separated	37858	0.447	1	1	1.162
1595	omnes	38114	0.45	1	1	1.152
1596	Host	38170	0.451	1	1	1.15
1597	tyranny	38301	0.452	1	1	1.145
1598	maintained	38390	0.453	1	1	1.142
1599	called	768363	9.069	20	15	1.141
1600	FINIS	38468	0.454	1	1	1.139
1601	specially	38732	0.457	1	1	1.129
1602	drew	38764	0.458	1	1	1.128
1603	truly	193999	2.29	5	5	1.127
1604	qualities	38805	0.458	1	1	1.127
1605	fourthly	38947	0.46	1	1	1.121
1606	spare	38949	0.46	1	1	1.121
1607	teaching	39101	0.462	1	1	1.116
1608	Lordship	39217	0.463	1	1	1.111
1609	turns	39404	0.465	1	1	1.104
1610	lo	39596	0.467	1	1	1.097
1611	once	277740	3.278	7	7	1.094
1612	daily	119047	1.405	3	3	1.094
1613	19	119133	1.406	3	2	1.093
1614	signifies	79472	0.938	2	2	1.092
1615	make	1313915	15.508	33	29	1.089
1616	fashion	39934	0.471	1	1	1.085
1617	nought	39966	0.472	1	1	1.084
1618	Pope	240165	2.835	6	6	1.082
1619	confessed	40109	0.473	1	1	1.079
1620	Castle	80430	0.949	2	2	1.075
1621	runs	40288	0.476	1	1	1.072
1622	Kings	363629	4.292	9	6	1.068
1623	comparison	40468	0.478	1	1	1.066
1624	provide	40597	0.479	1	1	1.061
1625	house	407406	4.809	10	9	1.056
1626	pounds	40756	0.481	1	1	1.056
1627	ladies	41212	0.486	1	1	1.04
1628	proves	41434	0.489	1	1	1.032
1629	except	124877	1.474	3	3	1.025
1630	Germany	41636	0.491	1	1	1.025
1631	altogether	83475	0.985	2	2	1.021
1632	city	377406	4.455	9	7	1.015
1633	Gates	42043	0.496	1	1	1.011
1634	divided	84122	0.993	2	1	1.01
1635	mad	42332	0.5	1	1	1.001
1636	an	2497908	29.483	59	44	1.001
1637	rose	42445	0.501	1	1	0.997
1638	nine	42485	0.502	1	1	0.996
1639	fact	42577	0.503	1	1	0.993
1640	adds	42811	0.505	1	1	0.985
1641	seed	130549	1.541	3	3	0.961
1642	28.	43571	0.514	1	1	0.959
1643	endeavours	43626	0.515	1	1	0.958
1644	spread	43759	0.517	1	1	0.953
1645	returned	87529	1.033	2	2	0.953
1646	Ergo	43824	0.517	1	1	0.951
1647	yours	44031	0.52	1	1	0.944
1648	Bringing	44028	0.52	1	1	0.944
1649	humbly	44038	0.52	1	1	0.944
1650	Ibid.	44084	0.52	1	1	0.943
1651	nor	1146191	13.529	26	19	0.942
1652	nations	132713	1.566	3	3	0.938
1653	captain	88772	1.048	2	2	0.933
1654	gotten	44665	0.527	1	1	0.924
1655	privileges	44698	0.528	1	1	0.922
1656	Beat	45020	0.531	1	1	0.912
1657	th	180132	2.126	4	4	0.912
1658	34	45179	0.533	1	1	0.907
1659	abuse	45195	0.533	1	1	0.907
1660	next	271507	3.205	6	4	0.905
1661	mans	181090	2.137	4	4	0.904
1662	horse	136110	1.607	3	3	0.901
1663	Brethren	136332	1.609	3	3	0.899
1664	settled	45575	0.538	1	1	0.895
1665	hath	1823449	21.523	40	31	0.894
1666	guard	45684	0.539	1	1	0.891
1667	shadow	45786	0.54	1	1	0.888
1668	cried	45966	0.543	1	1	0.882
1669	grown	45966	0.543	1	1	0.882
1670	stay	91988	1.086	2	2	0.881
1671	rage	46100	0.544	1	1	0.878
1672	Town	184940	2.183	4	4	0.874
1673	merciful	46370	0.547	1	1	0.87
1674	Sir	371184	4.381	8	8	0.869
1675	strange	139257	1.644	3	3	0.868
1676	flesh	279311	3.297	6	3	0.864
1677	vice	46611	0.55	1	1	0.862
1678	gate	46617	0.55	1	1	0.862
1679	still	373001	4.403	8	8	0.862
1680	t	186780	2.205	4	4	0.859
1681	riches	93796	1.107	2	2	0.853
1682	16.	93810	1.107	2	2	0.853
1683	madam	46920	0.554	1	1	0.853
1684	drink	140890	1.663	3	3	0.851
1685	's	1833403	21.64	39	30	0.85
1686	si	141064	1.665	3	2	0.849
1687	clear	141407	1.669	3	2	0.846
1688	W.	47212	0.557	1	1	0.843
1689	mixed	47413	0.56	1	1	0.838
1690	Showed	142959	1.687	3	3	0.83
1691	devil	190658	2.25	4	4	0.83
1692	sat	47715	0.563	1	1	0.828
1693	d	143450	1.693	3	2	0.825
1694	warrant	48147	0.568	1	1	0.815
1695	ashamed	48199	0.569	1	1	0.814
1696	fine	96522	1.139	2	2	0.812
1697	:	8018849	94.648	166	93	0.811
1698	speaking	96859	1.143	2	2	0.807
1699	violent	48514	0.573	1	1	0.804
1700	portion	48529	0.573	1	1	0.804
1701	working	48604	0.574	1	1	0.802
1702	burning	48634	0.574	1	1	0.801
1703	something	97686	1.153	2	2	0.795
1704	noted	48905	0.577	1	1	0.793
1705	charged	49036	0.579	1	1	0.789
1706	wicked	246712	2.912	5	5	0.78
1707	forget	49494	0.584	1	1	0.775
1708	id	49498	0.584	1	1	0.775
1709	news	49502	0.584	1	1	0.775
1710	image	99324	1.172	2	1	0.771
1711	belong	49750	0.587	1	1	0.768
1712	loss	99713	1.177	2	2	0.765
1713	&#x14d;	499329	5.894	10	10	0.763
1714	suffered	100182	1.183	2	2	0.758
1715	many	1356675	16.013	27	19	0.754
1716	amongst	251926	2.974	5	5	0.75
1717	Dominion	50446	0.595	1	1	0.748
1718	instruments	50653	0.598	1	1	0.742
1719	posterity	50699	0.598	1	1	0.741
1720	Gold	152169	1.796	3	3	0.74
1721	Catholic	101512	1.198	2	2	0.739
1722	then	2700348	31.873	53	35	0.734
1723	fellow	51208	0.604	1	1	0.726
1724	prophecy	51210	0.604	1	1	0.726
1725	magistrate	51237	0.605	1	1	0.725
1726	commandments	51345	0.606	1	1	0.723
1727	testimony	102732	1.213	2	2	0.722
1728	plain	154580	1.825	3	3	0.717
1729	holiness	103065	1.217	2	2	0.717
1730	careful	51701	0.61	1	1	0.713
1731	peculiar	51984	0.614	1	1	0.705
1732	learn	104113	1.229	2	2	0.703
1733	bless	52076	0.615	1	1	0.702
1734	whom	782727	9.239	15	14	0.699
1735	believing	52233	0.617	1	1	0.698
1736	pen	52272	0.617	1	1	0.697
1737	parties	52516	0.62	1	1	0.69
1738	hid	52578	0.621	1	1	0.688
1739	estate	157763	1.862	3	3	0.688
1740	excuse	52632	0.621	1	1	0.687
1741	promised	105333	1.243	2	2	0.686
1742	fight	105643	1.247	2	2	0.682
1743	cap	211323	2.494	4	3	0.681
1744	hundred	212307	2.506	4	3	0.675
1745	instance	53150	0.627	1	1	0.673
1746	usually	53352	0.63	1	1	0.667
1747	Secondly	160056	1.889	3	3	0.667
1748	go	533648	6.299	10	7	0.667
1749	yea	321813	3.798	6	6	0.66
1750	mouth	161086	1.901	3	3	0.658
1751	Thy	1346327	15.891	25	16	0.654
1752	conversation	53957	0.637	1	1	0.651
1753	Heir	53990	0.637	1	1	0.65
1754	knew	162531	1.918	3	3	0.645
1755	sheweth	54422	0.642	1	1	0.638
1756	dear	109293	1.29	2	2	0.633
1757	mystery	54678	0.645	1	1	0.632
1758	Paris	54729	0.646	1	1	0.63
1759	though	1040761	12.284	19	13	0.629
1760	brings	54834	0.647	1	1	0.628
1761	willingly	54908	0.648	1	1	0.626
1762	thereupon	55032	0.65	1	1	0.622
1763	meaning	110075	1.299	2	2	0.622
1764	discover	55186	0.651	1	1	0.618
1765	*	55385	0.654	1	1	0.613
1766	ordinance	55547	0.656	1	1	0.609
1767	departed	55560	0.656	1	1	0.609
1768	void	55647	0.657	1	1	0.606
1769	sold	55694	0.657	1	1	0.605
1770	up	1119358	13.212	20	14	0.598
1771	equal	111972	1.322	2	2	0.598
1772	singular	56003	0.661	1	1	0.597
1773	forty	56096	0.662	1	1	0.595
1774	breast	56115	0.662	1	1	0.594
1775	gone	112323	1.326	2	2	0.593
1776	meant	112513	1.328	2	1	0.591
1777	render	56345	0.665	1	1	0.588
1778	mountains	56383	0.666	1	1	0.587
1779	Mass	56555	0.668	1	1	0.583
1780	wrath	113648	1.341	2	2	0.576
1781	)	3126749	36.906	55	42	0.576
1782	swear	56939	0.672	1	1	0.573
1783	clearly	57009	0.673	1	1	0.572
1784	shall	2624249	30.975	46	33	0.571
1785	Son	570683	6.736	10	9	0.57
1786	humour	57193	0.675	1	1	0.567
1787	touch	57247	0.676	1	1	0.566
1788	upon	2522161	29.77	44	30	0.564
1789	folly	57369	0.677	1	1	0.563
1790	wit	172149	2.032	3	1	0.562
1791	stomach	57673	0.681	1	1	0.555
1792	Arms	173309	2.046	3	3	0.552
1793	seeing	231216	2.729	4	4	0.552
1794	convenient	57866	0.683	1	1	0.55
1795	report	58002	0.685	1	1	0.547
1796	sudden	58065	0.685	1	1	0.545
1797	Keeping	58223	0.687	1	1	0.541
1798	remember	116819	1.379	2	2	0.537
1799	paid	58812	0.694	1	1	0.527
1800	proved	118293	1.396	2	2	0.518
1801	wait	59233	0.699	1	1	0.516
1802	ben	59507	0.702	1	1	0.51
1803	23.	59639	0.704	1	1	0.507
1804	therein	178975	2.113	3	3	0.506
1805	allowed	59743	0.705	1	1	0.504
1806	supper	60000	0.708	1	1	0.498
1807	taken	481305	5.681	8	7	0.494
1808	where	1086411	12.823	18	15	0.489
1809	21.	60549	0.715	1	1	0.485
1810	mortal	60563	0.715	1	1	0.484
1811	name	607418	7.17	10	10	0.48
1812	breath	60807	0.718	1	1	0.479
1813	&	2737777	32.315	45	29	0.478
1814	excellency	60896	0.719	1	1	0.476
1815	change	122021	1.44	2	2	0.474
1816	substance	122160	1.442	2	2	0.472
1817	12.	122418	1.445	2	1	0.469
1818	arise	61558	0.727	1	1	0.461
1819	wild	61696	0.728	1	1	0.458
1820	want	185706	2.192	3	3	0.453
1821	Italy	62147	0.734	1	1	0.447
1822	Repent	62610	0.739	1	1	0.436
1823	value	62647	0.739	1	1	0.436
1824	poor	313465	3.7	5	4	0.434
1825	money	188212	2.222	3	2	0.433
1826	pleasures	62853	0.742	1	1	0.431
1827	each	252025	2.975	4	4	0.427
1828	rejoice	63078	0.745	1	1	0.426
1829	away	504942	5.96	8	5	0.425
1830	trust	126242	1.49	2	2	0.425
1831	north	63334	0.748	1	1	0.42
1832	betwixt	127079	1.5	2	2	0.415
1833	youth	63555	0.75	1	1	0.415
1834	Verse	254782	3.007	4	3	0.412
1835	saw	191431	2.26	3	2	0.409
1836	clean	63893	0.754	1	1	0.407
1837	Alexander	64017	0.756	1	1	0.404
1838	gives	192161	2.268	3	3	0.403
1839	say	1089806	12.863	17	15	0.402
1840	doth	963309	11.37	15	13	0.4
1841	Deuteronomy	64271	0.759	1	1	0.399
1842	west	64326	0.759	1	1	0.397
1843	known	257669	3.041	4	4	0.395
1844	glorious	128843	1.521	2	2	0.395
1845	earth	451529	5.33	7	7	0.393
1846	children	387096	4.569	6	6	0.393
1847	g	64551	0.762	1	1	0.392
1848	live	322774	3.81	5	5	0.392
1849	absolute	64604	0.763	1	1	0.391
1850	Pleased	129448	1.528	2	2	0.388
1851	the	59190422	698.638	909	224	0.38
1852	avoid	65191	0.77	1	1	0.378
1853	former	261116	3.082	4	3	0.376
1854	rather	393402	4.643	6	6	0.37
1855	affirm	65605	0.774	1	1	0.369
1856	brought	394377	4.655	6	5	0.366
1857	lying	65748	0.776	1	1	0.366
1858	is	12301699	145.2	187	85	0.365
1859	with	6743369	79.594	102	66	0.358
1860	errors	66120	0.78	1	1	0.358
1861	went	264770	3.125	4	3	0.356
1862	you	3714542	43.844	56	38	0.353
1863	gathered	66412	0.784	1	1	0.351
1864	wherein	332751	3.928	5	5	0.348
1865	down	533657	6.299	8	7	0.345
1866	your	2073026	24.468	31	19	0.341
1867	prophet	133904	1.581	2	2	0.34
1868	success	67089	0.792	1	1	0.337
1869	language	67133	0.792	1	1	0.336
1870	applied	67388	0.795	1	1	0.33
1871	Clergy	67422	0.796	1	1	0.33
1872	observe	135204	1.596	2	2	0.326
1873	Chap	271060	3.199	4	2	0.322
1874	satisfied	67883	0.801	1	1	0.32
1875	of	39170514	462.338	577	186	0.32
1876	twelve	68218	0.805	1	1	0.313
1877	e	136544	1.612	2	1	0.311
1878	remedy	68365	0.807	1	1	0.31
1879	argument	136912	1.616	2	2	0.308
1880	worship	206782	2.441	3	3	0.298
1881	mary	68927	0.814	1	1	0.298
1882	six	138046	1.629	2	2	0.296
1883	thousand	207672	2.451	3	3	0.291
1884	friend	138523	1.635	2	1	0.291
1885	Witnesses	69349	0.819	1	1	0.289
1886	tender	69450	0.82	1	1	0.287
1887	that	17465266	206.146	251	129	0.284
1888	Mankind	69641	0.822	1	1	0.283
1889	under	696455	8.22	10	7	0.283
1890	,	97296499	1148.412	1396	305	0.282
1891	Sons	139530	1.647	2	2	0.28
1892	l	70403	0.831	1	1	0.267
1893	stones	70601	0.833	1	1	0.263
1894	created	70624	0.834	1	1	0.263
1895	dwell	70987	0.838	1	1	0.255
1896	blood	426566	5.035	6	5	0.253
1897	Protestants	71207	0.841	1	1	0.251
1898	Fathers	213875	2.524	3	3	0.249
1899	properly	71363	0.842	1	1	0.248
1900	wickedness	71915	0.849	1	1	0.237
1901	likewise	215998	2.55	3	3	0.235
1902	home	144093	1.701	2	2	0.234
1903	courage	72091	0.851	1	1	0.233
1904	Free	216340	2.554	3	2	0.232
1905	had	2740575	32.348	38	31	0.232
1906	toward	72140	0.852	1	1	0.232
1907	because	1157094	13.657	16	14	0.228
1908	Now	1519152	17.931	21	15	0.228
1909	afterward	72483	0.856	1	1	0.225
1910	forward	72541	0.856	1	1	0.224
1911	sure	217623	2.569	3	3	0.224
1912	night	217853	2.571	3	3	0.222
1913	behind	73039	0.862	1	1	0.214
1914	F.	73082	0.863	1	1	0.213
1915	or	6140246	72.475	84	57	0.213
1916	kingdoms	73313	0.865	1	1	0.209
1917	London	146866	1.734	2	2	0.206
1918	Albeit	73943	0.873	1	1	0.196
1919	red	74028	0.874	1	1	0.195
1920	.	39047260	460.883	526	159	0.191
1921	wherewith	74362	0.878	1	1	0.188
1922	taking	148788	1.756	2	2	0.188
1923	require	74426	0.879	1	1	0.187
1924	performed	74489	0.879	1	1	0.186
1925	ruin	74606	0.881	1	1	0.183
1926	universal	74773	0.883	1	1	0.18
1927	get	149760	1.768	2	1	0.178
1928	(	3147389	37.149	42	25	0.177
1929	Commands	74993	0.885	1	1	0.176
1930	necessity	150548	1.777	2	2	0.171
1931	indeed	301803	3.562	4	4	0.167
1932	quality	75538	0.892	1	1	0.166
1933	Fell	151275	1.786	2	2	0.164
1934	7.	151741	1.791	2	2	0.159
1935	Master	228418	2.696	3	3	0.154
1936	doctrine	304623	3.596	4	4	0.154
1937	hereafter	76216	0.9	1	1	0.153
1938	Figure	76261	0.9	1	1	0.152
1939	yet	1835928	21.67	24	22	0.147
1940	A.	153020	1.806	2	1	0.147
1941	cast	229673	2.711	3	3	0.146
1942	practise	76565	0.904	1	1	0.146
1943	wish	76763	0.906	1	1	0.142
1944	ignorance	77023	0.909	1	1	0.137
1945	18.	77389	0.913	1	1	0.131
1946	prepared	77762	0.918	1	1	0.124
1947	28	77934	0.92	1	1	0.12
1948	Visible	77964	0.92	1	1	0.12
1949	memory	78094	0.922	1	1	0.117
1950	birth	78181	0.923	1	1	0.116
1951	gain	78199	0.923	1	1	0.116
1952	loved	78391	0.925	1	1	0.112
1953	There	2595192	30.632	33	27	0.107
1954	proof	78647	0.928	1	1	0.107
1955	here	866663	10.229	11	11	0.105
1956	times	394191	4.653	5	5	0.104
1957	thus	788750	9.31	10	10	0.103
1958	three	474878	5.605	6	5	0.098
1959	Nay	158341	1.869	2	2	0.098
1960	Christs	158654	1.873	2	2	0.095
1961	faithful	159195	1.879	2	2	0.09
1962	3.	318523	3.76	4	3	0.089
1963	followed	79683	0.941	1	1	0.089
1964	spiritual	239256	2.824	3	3	0.087
1965	wars	79970	0.944	1	1	0.083
1966	see	961542	11.349	12	10	0.08
1967	ends	80149	0.946	1	1	0.08
1968	virtue	240899	2.843	3	3	0.077
1969	out	1686345	19.904	21	18	0.077
1970	back	161359	1.905	2	2	0.071
1971	let	968524	11.432	12	12	0.07
1972	and	37698224	444.96	466	193	0.067
1973	further	242781	2.866	3	3	0.066
1974	hold	243646	2.876	3	3	0.061
1975	profession	81244	0.959	1	1	0.061
1976	entered	81333	0.96	1	1	0.059
1977	endeavour	81395	0.961	1	1	0.058
1978	Knight	81427	0.961	1	1	0.057
1979	sick	81507	0.962	1	1	0.056
1980	long	571124	6.741	7	6	0.054
1981	added	81800	0.966	1	1	0.051
1982	&#x113;	491365	5.8	6	5	0.049
1983	seek	163878	1.934	2	1	0.048
1984	thither	82005	0.968	1	1	0.047
1985	for	9369441	110.59	114	68	0.044
1986	Pet	82435	0.973	1	1	0.039
1987	state	329799	3.893	4	4	0.039
1988	old	414305	4.89	5	5	0.032
1989	un	83123	0.981	1	1	0.028
1990	living	166437	1.965	2	2	0.026
1991	Romans	83232	0.982	1	1	0.026
1992	must	1333555	15.74	16	14	0.024
1993	lead	83367	0.984	1	1	0.023
1994	acknowledge	83501	0.986	1	1	0.021
1995	I	6187300	73.03	74	43	0.019
1996	against	1339213	15.807	16	12	0.018
1997	grief	84127	0.993	1	1	0.01
1998	Realm	84195	0.994	1	1	0.009
1999	hard	169293	1.998	2	2	0.001
2000	am	509469	6.013	6	5	-0.003
2001	whatsoever	170245	2.009	2	2	-0.007
2002	most	1280269	15.111	15	14	-0.011
2003	inward	85678	1.011	1	1	-0.016
2004	be	9896153	116.807	115	72	-0.022
2005	destroy	86113	1.016	1	1	-0.023
2006	haste	258415	3.05	3	3	-0.024
2007	&#x101;	258515	3.051	3	3	-0.024
2008	joined	86338	1.019	1	1	-0.027
2009	named	86879	1.026	1	1	-0.036
2010	Whether	435425	5.139	5	5	-0.04
2011	show	349122	4.121	4	4	-0.043
2012	Disciples	87362	1.031	1	1	-0.044
2013	parts	350458	4.137	4	4	-0.048
2014	their	5435041	64.151	62	34	-0.049
2015	cry	87922	1.038	1	1	-0.054
2016	English	176398	2.082	2	2	-0.058
2017	laws	264682	3.124	3	2	-0.058
2018	terms	88303	1.042	1	1	-0.06
2019	made	1503973	17.752	17	16	-0.062
2020	return	177443	2.094	2	2	-0.067
2021	original	88923	1.05	1	1	-0.07
2022	my	2492426	29.419	28	18	-0.071
2023	Who	2315377	27.329	26	21	-0.072
2024	should	1871070	22.085	21	20	-0.073
2025	neither	537051	6.339	6	6	-0.079
2026	wrought	89617	1.058	1	1	-0.081
2027	number	269531	3.181	3	3	-0.085
2028	forced	89873	1.061	1	1	-0.085
2029	Church	1175787	13.878	13	12	-0.094
2030	Tree	90586	1.069	1	1	-0.097
2031	Thirdly	90751	1.071	1	1	-0.099
2032	black	90820	1.072	1	1	-0.1
2033	easy	91240	1.077	1	1	-0.107
2034	Papists	91413	1.079	1	1	-0.11
2035	guilty	91473	1.08	1	1	-0.111
2036	sum	91719	1.083	1	1	-0.115
2037	this	6548918	77.298	71	43	-0.123
2038	Laid	184949	2.183	2	2	-0.126
2039	surely	92689	1.094	1	1	-0.13
2040	lands	92853	1.096	1	1	-0.132
2041	understand	185715	2.192	2	2	-0.132
2042	Heads	93035	1.098	1	1	-0.135
2043	written	186305	2.199	2	2	-0.137
2044	sentence	93324	1.102	1	1	-0.139
2045	Saint	186918	2.206	2	2	-0.142
2046	ask	93732	1.106	1	1	-0.146
2047	High	281250	3.32	3	2	-0.146
2048	Duke	187759	2.216	2	2	-0.148
2049	marriage	94195	1.112	1	1	-0.153
2050	history	94546	1.116	1	1	-0.158
2051	about	661900	7.813	7	7	-0.158
2052	hot	94567	1.116	1	1	-0.159
2053	did	1515759	17.891	16	15	-0.161
2054	per	190947	2.254	2	1	-0.172
2055	suffer	191145	2.256	2	2	-0.174
2056	me	1731164	20.433	18	15	-0.183
2057	at	3182175	37.56	33	25	-0.187
2058	will	2993503	35.333	31	27	-0.189
2059	do	2417629	28.536	25	24	-0.191
2060	M.	193517	2.284	2	1	-0.192
2061	leaves	96805	1.143	1	1	-0.192
2062	resolved	96934	1.144	1	1	-0.194
2063	but	6983890	82.432	72	45	-0.195
2064	some	1845849	21.787	19	17	-0.197
2065	degrees	97256	1.148	1	1	-0.199
2066	never	778679	9.191	8	8	-0.2
2067	on	1948583	23	20	18	-0.202
2068	battle	97585	1.152	1	1	-0.204
2069	one	2538275	29.96	26	22	-0.205
2070	first	1465032	17.292	15	11	-0.205
2071	making	195439	2.307	2	2	-0.206
2072	commonly	97748	1.154	1	1	-0.206
2073	fire	294315	3.474	3	2	-0.212
2074	continued	98376	1.161	1	1	-0.216
2075	serve	198842	2.347	2	2	-0.231
2076	few	199429	2.354	2	2	-0.235
2077	if	3293480	38.874	33	27	-0.236
2078	et	199777	2.358	2	2	-0.238
2079	perhaps	99958	1.18	1	1	-0.239
2080	continue	100553	1.187	1	1	-0.247
2081	they	6960305	82.154	69	49	-0.252
2082	as	9292085	109.677	92	58	-0.254
2083	Fortune	101130	1.194	1	1	-0.255
2084	age	202681	2.392	2	2	-0.258
2085	says	304429	3.593	3	3	-0.26
2086	coming	203089	2.397	2	2	-0.261
2087	proceed	101566	1.199	1	1	-0.262
2088	content	101607	1.199	1	1	-0.262
2089	express	101655	1.2	1	1	-0.263
2090	Job	101876	1.203	1	1	-0.266
2091	fair	204535	2.414	2	2	-0.272
2092	exercise	102303	1.208	1	1	-0.272
2093	are	5017099	59.218	49	37	-0.273
2094	he	9215356	108.771	90	62	-0.273
2095	La	204980	2.419	2	2	-0.275
2096	feet	102703	1.212	1	1	-0.278
2097	oath	102906	1.215	1	1	-0.28
2098	slain	102937	1.215	1	1	-0.281
2099	speech	103090	1.217	1	1	-0.283
2100	wholly	103124	1.217	1	1	-0.284
2101	Pro	103839	1.226	1	1	-0.293
2102	John	415725	4.907	4	3	-0.295
2103	consider	208021	2.455	2	2	-0.296
2104	9	208082	2.456	2	2	-0.296
2105	suppose	104105	1.229	1	1	-0.297
2106	sign	104160	1.229	1	1	-0.298
2107	have	4691254	55.372	45	34	-0.299
2108	born	104623	1.235	1	1	-0.304
2109	charity	104646	1.235	1	1	-0.305
2110	humane	105132	1.241	1	1	-0.311
2111	longer	105304	1.243	1	1	-0.314
2112	self	948089	11.191	9	8	-0.314
2113	Pride	105444	1.245	1	1	-0.316
2114	22	105972	1.251	1	1	-0.323
2115	declared	106222	1.254	1	1	-0.326
2116	case	319514	3.771	3	2	-0.33
2117	13.	106799	1.261	1	1	-0.334
2118	add	106899	1.262	1	1	-0.335
2119	matter	427808	5.05	4	4	-0.336
2120	pure	107081	1.264	1	1	-0.338
2121	his	9217642	108.798	86	57	-0.339
2122	special	107206	1.265	1	1	-0.34
2123	Break	107397	1.268	1	1	-0.342
2124	manifest	107661	1.271	1	1	-0.346
2125	public	215912	2.549	2	2	-0.35
2126	into	1727535	20.391	16	15	-0.35
2127	carry	108052	1.275	1	1	-0.351
2128	drawn	108352	1.279	1	1	-0.355
2129	would	1733888	20.466	16	14	-0.355
2130	desired	108540	1.281	1	1	-0.357
2131	error	108610	1.282	1	1	-0.358
2132	opinion	217543	2.568	2	2	-0.36
2133	ever	652700	7.704	6	6	-0.361
2134	hands	327530	3.866	3	3	-0.366
2135	been	1095200	12.927	10	9	-0.37
2136	no	2739631	32.337	25	23	-0.371
2137	mentioned	110171	1.3	1	1	-0.379
2138	which	6940930	81.925	63	47	-0.379
2139	not	8929558	105.398	81	55	-0.38
2140	were	2871299	33.891	26	20	-0.382
2141	le	110821	1.308	1	1	-0.387
2142	walk	111166	1.312	1	1	-0.392
2143	Court	223217	2.635	2	2	-0.398
2144	Satan	111662	1.318	1	1	-0.398
2145	Prophets	111696	1.318	1	1	-0.399
2146	note	111981	1.322	1	1	-0.402
2147	R.	112114	1.323	1	1	-0.404
2148	to	27864128	328.886	248	115	-0.407
2149	heard	225126	2.657	2	2	-0.41
2150	less	337828	3.988	3	3	-0.411
2151	Lady	112639	1.33	1	1	-0.411
2152	caused	113016	1.334	1	1	-0.416
2153	take	907131	10.707	8	8	-0.42
2154	lived	113584	1.341	1	1	-0.423
2155	another	682313	8.054	6	6	-0.425
2156	seen	227877	2.69	2	2	-0.427
2157	after	1272516	15.02	11	9	-0.449
2158	River	115702	1.366	1	1	-0.45
2159	besides	231481	2.732	2	2	-0.45
2160	11.	115752	1.366	1	1	-0.45
2161	man	1972758	23.285	17	15	-0.454
2162	members	116122	1.371	1	1	-0.455
2163	in	20011385	236.199	172	98	-0.458
2164	&#x16b;	232932	2.749	2	2	-0.459
2165	said	1514302	17.874	13	13	-0.459
2166	tongue	116704	1.378	1	1	-0.462
2167	giving	117136	1.383	1	1	-0.467
2168	being	1764433	20.826	15	12	-0.473
2169	Follows	118360	1.397	1	1	-0.482
2170	only	1544540	18.231	13	11	-0.488
2171	set	595126	7.024	5	5	-0.49
2172	;	9536348	112.56	80	50	-0.493
2173	lay	238823	2.819	2	2	-0.495
2174	consent	119423	1.41	1	1	-0.495
2175	2.	358494	4.231	3	2	-0.496
2176	Cold	119553	1.411	1	1	-0.497
2177	came	478712	5.65	4	4	-0.498
2178	love	838220	9.894	7	4	-0.499
2179	E.	119746	1.413	1	1	-0.499
2180	makes	359288	4.241	3	3	-0.499
2181	&c	479189	5.656	4	4	-0.5
2182	names	120160	1.418	1	1	-0.504
2183	send	120341	1.42	1	1	-0.506
2184	sins	361871	4.271	3	3	-0.51
2185	wise	241600	2.852	2	2	-0.512
2186	even	607522	7.171	5	5	-0.52
2187	put	607656	7.172	5	3	-0.521
2188	sin	729699	8.613	6	5	-0.522
2189	civil	121918	1.439	1	1	-0.525
2190	What	2320680	27.392	19	13	-0.528
2191	takes	123079	1.453	1	1	-0.539
2192	small	246878	2.914	2	2	-0.543
2193	past	123448	1.457	1	1	-0.543
2194	goods	123513	1.458	1	1	-0.544
2195	priest	123560	1.458	1	1	-0.544
2196	by	7416468	87.538	60	40	-0.545
2197	can	1982819	23.404	16	15	-0.549
2198	!	371996	4.391	3	2	-0.549
2199	how	1244740	14.692	10	9	-0.555
2200	Such	2262212	26.701	18	16	-0.569
2201	all	5908829	69.743	47	37	-0.569
2202	oh	126299	1.491	1	1	-0.576
2203	was	5179337	61.133	41	32	-0.576
2204	give	758276	8.95	6	6	-0.577
2205	four	252980	2.986	2	2	-0.578
2206	till	379902	4.484	3	3	-0.58
2207	enemies	253975	2.998	2	2	-0.584
2208	look	255208	3.012	2	2	-0.591
2209	tell	255280	3.013	2	2	-0.591
2210	none	383245	4.524	3	3	-0.592
2211	confess	127821	1.509	1	1	-0.593
2212	taught	128541	1.517	1	1	-0.601
2213	creatures	128964	1.522	1	1	-0.606
2214	come	1165618	13.758	9	9	-0.612
2215	18	129797	1.532	1	1	-0.615
2216	ten	130362	1.539	1	1	-0.622
2217	mark	131282	1.55	1	1	-0.632
2218	Earl	132012	1.558	1	1	-0.64
2219	meet	132574	1.565	1	1	-0.646
2220	more	2262327	26.703	17	16	-0.651
2221	please	133516	1.576	1	1	-0.656
2222	10.	134546	1.588	1	1	-0.667
2223	S.	403850	4.767	3	3	-0.668
2224	run	134767	1.591	1	1	-0.67
2225	draw	134904	1.592	1	1	-0.671
2226	private	134915	1.592	1	1	-0.671
2227	outward	135202	1.596	1	1	-0.674
2228	godly	135636	1.601	1	1	-0.679
2229	read	271950	3.21	2	2	-0.683
2230	held	136444	1.611	1	1	-0.688
2231	forth	410791	4.849	3	3	-0.693
2232	so	5366625	63.343	39	27	-0.7
2233	lawful	138238	1.632	1	1	-0.706
2234	those	1667771	19.685	12	11	-0.714
2235	whereof	279030	3.294	2	2	-0.72
2236	Ghost	139834	1.651	1	1	-0.723
2237	[	280684	3.313	2	2	-0.728
2238	just	281045	3.317	2	2	-0.73
2239	greater	281340	3.321	2	2	-0.731
2240	knowledge	282458	3.334	2	2	-0.737
2241	thine	141265	1.667	1	1	-0.738
2242	praise	141937	1.675	1	1	-0.744
2243	Angels	142073	1.677	1	1	-0.746
2244	before	1422340	16.788	10	9	-0.747
2245	him	4270811	50.409	30	22	-0.749
2246	years	427133	5.042	3	3	-0.749
2247	law	712338	8.408	5	5	-0.75
2248	end	571167	6.742	4	4	-0.753
2249	also	1433690	16.922	10	9	-0.759
2250	20	145215	1.714	1	1	-0.777
2251	thee	728077	8.594	5	4	-0.781
2252	hope	292642	3.454	2	2	-0.788
2253	foot	146629	1.731	1	1	-0.791
2254	afterwards	146805	1.733	1	1	-0.793
2255	commanded	147447	1.74	1	1	-0.799
2256	child	148012	1.747	1	1	-0.805
2257	delivered	148308	1.751	1	1	-0.808
2258	Notwithstanding	148685	1.755	1	1	-0.811
2259	16	148850	1.757	1	1	-0.813
2260	&c.	299097	3.53	2	2	-0.82
2261	whence	149816	1.768	1	1	-0.822
2262	last	450430	5.317	3	3	-0.826
2263	needs	150472	1.776	1	1	-0.829
2264	matters	150676	1.779	1	1	-0.831
2265	from	3924250	46.319	26	23	-0.833
2266	shalt	151151	1.784	1	1	-0.835
2267	easily	151870	1.793	1	1	-0.842
2268	6	304045	3.589	2	2	-0.843
2269	behold	152112	1.795	1	1	-0.844
2270	speaks	153099	1.807	1	1	-0.854
2271	desire	306364	3.616	2	2	-0.854
2272	therefore	1231317	14.534	8	6	-0.861
2273	unless	154621	1.825	1	1	-0.868
2274	five	154870	1.828	1	1	-0.87
2275	15	154905	1.828	1	1	-0.871
2276	country	310285	3.662	2	2	-0.873
2277	excellent	155285	1.833	1	1	-0.874
2278	sweet	155475	1.835	1	1	-0.876
2279	Well	1096551	12.943	7	7	-0.887
2280	again	627628	7.408	4	4	-0.889
2281	Peter	156920	1.852	1	1	-0.889
2282	bread	156950	1.853	1	1	-0.889
2283	already	157133	1.855	1	1	-0.891
2284	hand	471988	5.571	3	3	-0.893
2285	sayeth	633645	7.479	4	4	-0.903
2286	until	158797	1.874	1	1	-0.906
2287	least	319491	3.771	2	2	-0.915
2288	between	321208	3.791	2	2	-0.923
2289	2	973176	11.487	6	6	-0.937
2290	Late	162556	1.919	1	1	-0.94
2291	se	163405	1.929	1	1	-0.948
2292	lost	164242	1.939	1	1	-0.955
2293	told	164509	1.942	1	1	-0.957
2294	due	164838	1.946	1	1	-0.96
2295	reason	664880	7.848	4	4	-0.972
2296	seem	166761	1.968	1	1	-0.977
2297	question	167153	1.973	1	1	-0.98
2298	worthy	168026	1.983	1	1	-0.988
2299	bodies	169090	1.996	1	1	-0.997
2300	5	338721	3.998	2	2	-0.999
2301	whereas	170273	2.01	1	1	-1.007
2302	perfect	170422	2.012	1	1	-1.008
2303	Ministers	171247	2.021	1	1	-1.015
2304	thereby	172833	2.04	1	1	-1.029
2305	day	864384	10.203	5	4	-1.029
2306	sight	174034	2.054	1	1	-1.039
2307	Queen	174640	2.061	1	1	-1.044
2308	holy	701649	8.282	4	4	-1.05
2309	Obedience	177681	2.097	1	1	-1.068
2310	11	177974	2.101	1	1	-1.071
2311	body	712249	8.407	4	4	-1.072
2312	charge	178431	2.106	1	1	-1.075
2313	joy	178769	2.11	1	1	-1.077
2314	Bishops	179221	2.115	1	1	-1.081
2315	When	2343068	27.656	13	13	-1.089
2316	These	1985969	23.441	11	11	-1.092
2317	chief	180904	2.135	1	1	-1.094
2318	qui	180997	2.136	1	1	-1.095
2319	lib.	181181	2.139	1	1	-1.097
2320	1	1451762	17.136	8	6	-1.099
2321	believe	363239	4.287	2	2	-1.1
2322	mine	181777	2.146	1	1	-1.101
2323	promise	182124	2.15	1	1	-1.104
2324	strong	182777	2.157	1	1	-1.109
2325	Wherefore	183911	2.171	1	1	-1.118
2326	either	552589	6.522	3	3	-1.12
2327	know	736780	8.696	4	4	-1.12
2328	certain	370843	4.377	2	2	-1.13
2329	world	932868	11.011	5	5	-1.139
2330	heart	559805	6.608	3	3	-1.139
2331	speak	374513	4.421	2	2	-1.144
2332	true	751380	8.869	4	4	-1.149
2333	unto	1880305	22.194	10	10	-1.15
2334	might	949632	11.209	5	5	-1.165
2335	friends	189996	2.243	1	1	-1.165
2336	alone	190842	2.253	1	1	-1.172
2337	present	383135	4.522	2	2	-1.177
2338	6.	191822	2.264	1	1	-1.179
2339	I.	191916	2.265	1	1	-1.18
2340	righteousness	192253	2.269	1	1	-1.182
2341	kingdom	388117	4.581	2	2	-1.196
2342	ways	194504	2.296	1	1	-1.199
2343	Saints	194939	2.301	1	1	-1.202
2344	Cause	585252	6.908	3	3	-1.203
2345	both	976138	11.522	5	5	-1.204
2346	12	195478	2.307	1	1	-1.206
2347	quod	196567	2.32	1	1	-1.214
2348	bear	196568	2.32	1	1	-1.214
2349	fit	197019	2.326	1	1	-1.218
2350	means	397591	4.693	2	2	-1.23
2351	light	399350	4.714	2	2	-1.237
2352	greatest	200955	2.372	1	1	-1.246
2353	use	603174	7.119	3	3	-1.247
2354	place	808630	9.544	4	4	-1.255
2355	v.	202373	2.389	1	1	-1.256
2356	ought	406522	4.798	2	2	-1.263
2357	Cor.	203716	2.405	1	1	-1.266
2358	since	412107	4.864	2	2	-1.282
2359	appear	209107	2.468	1	1	-1.303
2360	5.	210462	2.484	1	1	-1.313
2361	divers	210634	2.486	1	1	-1.314
2362	every	1057014	12.476	5	5	-1.319
2363	Princes	212093	2.503	1	1	-1.324
2364	found	426408	5.033	2	2	-1.331
2365	nothing	640275	7.557	3	3	-1.333
2366	words	643917	7.6	3	3	-1.341
2367	]	429805	5.073	2	2	-1.343
2368	we	4105074	48.453	19	15	-1.351
2369	help	220081	2.598	1	1	-1.377
2370	whereby	220196	2.599	1	1	-1.378
2371	P.	440626	5.201	2	1	-1.379
2372	especially	220705	2.605	1	1	-1.381
2373	Psal.	222362	2.625	1	1	-1.392
2374	does	222564	2.627	1	1	-1.393
2375	care	224334	2.648	1	1	-1.405
2376	government	226390	2.672	1	1	-1.418
2377	sometimes	226924	2.678	1	1	-1.421
2378	Wisdom	228022	2.691	1	1	-1.428
2379	respect	229329	2.707	1	1	-1.437
2380	often	229358	2.707	1	1	-1.437
2381	good	1608969	18.991	7	6	-1.44
2382	them	4855982	57.316	21	16	-1.449
2383	two	926661	10.938	4	4	-1.451
2384	near	232787	2.748	1	1	-1.458
2385	10	233570	2.757	1	1	-1.463
2386	very	1174247	13.86	5	5	-1.471
2387	stand	235721	2.782	1	1	-1.476
2388	death	707920	8.356	3	3	-1.478
2389	find	472931	5.582	2	2	-1.481
2390	our	3333885	39.351	14	12	-1.491
2391	Justice	242072	2.857	1	1	-1.515
2392	Souls	242572	2.863	1	1	-1.518
2393	third	242706	2.865	1	1	-1.518
2394	took	243304	2.872	1	1	-1.522
2395	mean	244094	2.881	1	1	-1.527
2396	it	11231693	132.57	46	37	-1.527
2397	given	491070	5.796	2	2	-1.535
2398	us	2216337	26.16	9	7	-1.539
2399	side	250068	2.952	1	1	-1.561
2400	7	251211	2.965	1	1	-1.568
2401	way	756236	8.926	3	3	-1.573
2402	themselves	761621	8.99	3	2	-1.583
2403	faith	762492	9	3	3	-1.585
2404	truth	521766	6.159	2	2	-1.623
2405	men	1835942	21.67	7	7	-1.63
2406	leave	264688	3.124	1	1	-1.643
2407	may	2661871	31.419	10	8	-1.652
2408	whole	534092	6.304	2	2	-1.656
2409	himself	1068396	12.611	4	3	-1.657
2410	think	539870	6.372	2	2	-1.672
2411	able	271961	3.21	1	1	-1.683
2412	without	1089706	12.862	4	4	-1.685
2413	over	545201	6.435	2	2	-1.686
2414	hear	273421	3.227	1	1	-1.69
2415	father	550491	6.498	2	2	-1.7
2416	Part	827721	9.77	3	3	-1.703
2417	used	278736	3.29	1	1	-1.718
2418	Die	284558	3.359	1	1	-1.748
2419	3	571164	6.742	2	2	-1.753
2420	much	1448309	17.095	5	5	-1.774
2421	gave	290757	3.432	1	1	-1.779
2422	c	292350	3.451	1	1	-1.787
2423	thing	892670	10.536	3	3	-1.812
2424	book	299396	3.534	1	1	-1.821
2425	authority	299886	3.54	1	1	-1.824
2426	other	2103223	24.825	7	7	-1.826
2427	done	601055	7.094	2	2	-1.827
2428	while	300747	3.55	1	1	-1.828
2429	Christian	303553	3.583	1	1	-1.841
2430	always	304181	3.59	1	1	-1.844
2431	any	2444028	28.847	8	7	-1.85
2432	land	307074	3.625	1	1	-1.858
2433	l.	308378	3.64	1	1	-1.864
2434	England	309285	3.651	1	1	-1.868
2435	little	624322	7.369	2	2	-1.881
2436	same	1256120	14.826	4	4	-1.89
2437	own	1256418	14.83	4	4	-1.89
2438	works	315242	3.721	1	1	-1.896
2439	life	948809	11.199	3	3	-1.9
2440	Gods	640962	7.565	2	2	-1.919
2441	has	321926	3.8	1	1	-1.926
2442	Act	322490	3.806	1	1	-1.928
2443	off	323311	3.816	1	1	-1.932
2444	Scripture	324647	3.832	1	1	-1.938
2445	order	331304	3.911	1	1	-1.967
2446	general	331599	3.914	1	1	-1.969
2447	others	665440	7.854	2	2	-1.973
2448	full	343239	4.051	1	1	-2.018
2449	sent	348162	4.109	1	1	-2.039
2450	year	352165	4.157	1	1	-2.055
2451	thought	352735	4.163	1	1	-2.058
2452	within	355110	4.191	1	1	-2.067
2453	water	355806	4.2	1	1	-2.07
2454	above	357391	4.218	1	1	-2.077
2455	Non	359411	4.242	1	1	-2.085
2456	Person	366738	4.329	1	1	-2.114
2457	Christ	1858951	21.942	5	5	-2.134
2458	honour	374182	4.417	1	1	-2.143
2459	second	377815	4.459	1	1	-2.157
2460	among	379416	4.478	1	1	-2.163
2461	persons	384539	4.539	1	1	-2.182
2462	days	393520	4.645	1	1	-2.216
2463	est	394171	4.653	1	1	-2.218
2464	religion	406309	4.796	1	1	-2.262
2465	mind	407887	4.814	1	1	-2.267
2466	ye	825703	9.746	2	2	-2.285
2467	work	425644	5.024	1	1	-2.329
2468	innon-Latinalphabet	427513	5.046	1	1	-2.335
2469	4	434750	5.131	1	1	-2.359
2470	people	885047	10.446	2	1	-2.385
2471	together	444738	5.249	1	1	-2.392
2472	new	447014	5.276	1	1	-2.399
2473	things	1357990	16.029	3	3	-2.418
2474	/	905998	10.694	2	1	-2.419
2475	thereof	458302	5.409	1	1	-2.435
2476	God	4174430	49.272	9	8	-2.453
2477	than	940786	11.104	2	2	-2.473
2478	right	484646	5.72	1	1	-2.516
2479	Lord	1459090	17.222	3	2	-2.521
2480	according	502781	5.934	1	1	-2.569
2481	Grace	516661	6.098	1	1	-2.608
2482	too	521045	6.15	1	1	-2.621
2483	soul	555660	6.559	1	1	-2.713
2484	having	579260	6.837	1	1	-2.773
2485	Nature	607747	7.173	1	1	-2.843
2486	King	1308410	15.443	2	2	-2.949
2487	word	751485	8.87	1	1	-3.149
2488	power	776557	9.166	1	1	-3.196
2489	de	804522	9.496	1	1	-3.247
2490	could	808277	9.54	1	1	-3.254
2491	time	1426900	16.842	1	1	-4.074
2492	Yeatton	1	0	1	1	n/a
2493	Daphitas	4	0	2	2	n/a
2494	Raynera	3	0	1	1	n/a
2495	Rev-17.4.	1	0	1	1	n/a
2496	Keynell	4	0	1	1	n/a
2497	whoore-maister	1	0	1	1	n/a
2498	Gnisippus	1	0	1	1	n/a
2499	Auentius	3	0	1	1	n/a
2500	cojur	1	0	1	1	n/a
2501	Tinhead	3	0	1	1	n/a
2502	ill-dors	1	0	1	1	n/a
2503	brothelly	2	0	1	1	n/a
2504	ro'ten	1	0	1	1	n/a
2505	rtieth	1	0	1	1	n/a
2506	him-sefe	3	0	1	1	n/a
2507	whit-lyuerd	1	0	1	1	n/a
2508	Cowfeild	3	0	1	1	n/a
2509	pocche	2	0	1	1	n/a
2510	Menandros	2	0	1	1	n/a
2511	Ioyers	3	0	1	1	n/a
2512	Vowe.	1	0	1	1	n/a
2513	flesh-seller	1	0	1	1	n/a
2514	pareuan	1	0	1	1	n/a
2515	Heauens-Queene	1	0	1	1	n/a
2516	Epillogus	1	0	1	1	n/a
2517	Keuyll	2	0	1	1	n/a
2518	floars	3	0	1	1	n/a
2519	sanguin-coloured	1	0	1	1	n/a
2520	lenocinating	1	0	1	1	n/a
2521	Babylon-Rome	2	0	1	1	n/a
2522	brkerage	1	0	1	1	n/a
2523	Chimny-sweepe	2	0	1	1	n/a
2524	whore-Nunnes	1	0	1	1	n/a
2525	cocubines	4	0	1	1	n/a
2526	Greene-sicknes	4	0	1	1	n/a
2527	Apoalop.	1	0	1	1	n/a
2528	Cylleborus	3	0	1	1	n/a
2529	desabled	1	0	1	1	n/a
2530	Cattilines	1	0	1	1	n/a
2531	shame-lesse	2	0	1	1	n/a
2532	Ahijch'	1	0	1	1	n/a
2533	Paot	1	0	1	1	n/a
2534	Beasbearer	1	0	1	1	n/a
2535	espalls	1	0	1	1	n/a
2536	Iumblers	1	0	1	1	n/a
2537	pisse'hem	1	0	1	1	n/a
2538	to'you	1	0	1	1	n/a
2539	Ienocinating	1	0	1	1	n/a
2540	volpeggiando	2	0	1	1	n/a
2541	aaut	3	0	1	1	n/a
2542	osseruauan	1	0	1	1	n/a
2543	th'Israelitish	1	0	1	1	n/a
2544	Egiale	4	0	1	1	n/a
2545	publike-professed	1	0	1	1	n/a
2546	bloud-desiring	3	0	1	1	n/a
2547	vrdgd	3	0	1	1	n/a
2548	onermatch	1	0	1	1	n/a
2549	Penula-Scortea	1	0	1	1	n/a
2550	douean	1	0	1	1	n/a
2551	atttired	1	0	1	1	n/a
2552	fagoot	1	0	1	1	n/a
2553	Cockatrize	1	0	1	1	n/a
2554	Shalborne	3	0	1	1	n/a
2555	adultrat	1	0	1	1	n/a
2556	Shor-ditch	1	0	1	1	n/a
2557	Ile-	1	0	1	1	n/a
2558	godon'	1	0	1	1	n/a
2559	subberbian	1	0	1	1	n/a
2560	by'th'haire	1	0	1	1	n/a
2561	17.3.6.	1	0	1	1	n/a
2562	nell'olio	1	0	1	1	n/a
2563	Charatza	3	0	1	1	n/a
2564	Worldly-Weale	1	0	1	1	n/a
2565	Periuriavidet	1	0	1	1	n/a
2566	bunk	3	0	1	1	n/a
2567	Shee-creatures	2	0	1	1	n/a
2568	golden-purple	1	0	1	1	n/a
