https://cqpweb.lancs.ac.uk/eebov3/concordance.php?pp=1&theData=%7Bwhore%2FN%7D&qmode=sq_nocase&del=begin%26t%3D-%7Cyear%7E1606%26t%3D-%7Cyear%7E1607%26t%3D-%7Cyear%7E1608%26t%3D-%7Cyear%7E1609%26t%3D-%7Cyear%7E1610%26t%3D-%7Cyear%7E1611%26t%3D-%7Cyear%7E1612%26t%3D-%7Cyear%7E1613%26t%3D-%7Cyear%7E1614%26t%3D-%7Cyear%7E1615&del=end&uT=yThere are 2,703 different words in your collocation database for "[lemma="(whore)_SUBST"%c]". (Your query "{whore/N}", restricted to texts meeting criteria "<em>year</em>: <em>1606</em> or <em>1607</em> or <em>1608</em> or <em>1609</em> or <em>1610</em> or <em>1611</em> or <em>1612</em> or <em>1613</em> or <em>1614</em> or <em>1615</em>",  returned 1,518 matches in 362 different texts)  
__________________

No.	Word	Total no. in whole corpus	Expected collocate frequency	Observed collocate frequency	In no. of texts	Mutual information value

1	Daphitas	4	0	2	2	14.288
2	dedle	6	0	2	1	14.288
3	Shpheards	6	0	1	1	13.288
4	cunnin	8	0	1	1	13.288
5	free-bred	8	0	1	1	13.288
6	cosned	6	0	1	1	13.288
7	runke	8	0	1	1	13.288
8	purchs	7	0	1	1	13.288
9	baster	11	0	1	1	13.288
10	ale-house-haunter	7	0	1	1	13.288
11	Greene-sicknes	4	0	1	1	13.288
12	conuengano	7	0	1	1	13.288
13	Titcombe	5	0	1	1	13.288
14	Smalshanke	8	0	1	1	13.288
15	Cocatrise	5	0	1	1	13.288
16	pleasd'	4	0	1	1	13.288
17	hostolano	5	0	1	1	13.288
18	strumpett	8	0	1	1	13.288
19	Egiale	4	0	1	1	13.288
20	Rauran	5	0	1	1	13.288
21	estreme	7	0	1	1	13.288
22	Bewailling	5	0	1	1	13.288
23	plaisure	6	0	1	1	13.288
24	Bobylon	7	0	1	1	13.288
25	infiora	5	0	1	1	13.288
26	Keynell	4	0	1	1	13.288
27	frigge	5	0	1	1	13.288
28	acccursed	5	0	1	1	13.288
29	vuoto	6	0	1	1	13.288
30	Conny-catcht	4	0	1	1	13.288
31	cocubines	4	0	1	1	13.288
32	whorekeepers	8	0	1	1	13.288
33	flexable	11	0	1	1	13.288
34	seauen-headed	11	0	1	1	13.288
35	Seuington	5	0	1	1	13.288
36	haunt'st	9	0	1	1	13.288
37	vccide	5	0	1	1	13.288
38	filthine	5	0	1	1	13.288
39	fizes	15	0	2	1	13.288
40	Oleasters	9	0	1	1	13.288
41	Padars	6	0	1	1	13.288
42	d'otto	7	0	1	1	13.288
43	huir	7	0	1	1	13.288
44	sniueling	11	0	1	1	13.288
45	nethermore	9	0	1	1	13.288
46	rose-coloured	26	0	2	1	12.703
47	dindi	17	0	1	1	12.288
48	Guiaca	17	0	1	1	12.288
49	himhimselfe	18	0	1	1	12.288
50	uermore	12	0	1	1	12.288
51	Baylon	15	0	1	1	12.288
52	Seuants	14	0	1	1	12.288
53	Philira	16	0	1	1	12.288
54	brodell	12	0	1	1	12.288
55	diece	15	0	1	1	12.288
56	wether-cocke	16	0	1	1	12.288
57	permane	14	0	1	1	12.288
58	vndoeing	17	0	1	1	12.288
59	Turnbull-street	15	0	1	1	12.288
60	daned	16	0	1	1	12.288
61	make-shift	15	0	1	1	12.288
62	deflowreth	15	0	1	1	12.288
63	Meritrix	17	0	1	1	12.288
64	runk	13	0	1	1	12.288
65	panderly	13	0	1	1	12.288
66	Elcombe	14	0	1	1	12.288
67	dewell	14	0	1	1	12.288
68	aporne	13	0	1	1	12.288
69	preceder	17	0	1	1	12.288
70	errate	13	0	1	1	12.288
71	Hyene	12	0	1	1	12.288
72	Benwash	16	0	1	1	12.288
73	god-lesse	19	0	1	1	12.288
74	Southweeke	12	0	1	1	12.288
75	yongmans	13	0	1	1	12.288
76	skerry	15	0	1	1	12.288
77	Montains	32	0	2	1	12.288
78	mulieris.	19	0	1	1	12.288
79	Coulston	18	0	1	1	12.288
80	successon	13	0	1	1	12.288
81	th'embraces	13	0	1	1	12.288
82	Empoysoner	14	0	1	1	12.288
83	coulered	41	0.001	2	1	11.966
84	Hackster	40	0.001	2	1	11.966
85	Youl'	22	0	1	1	11.703
86	Kiges	23	0	1	1	11.703
87	tutt	20	0	1	1	11.703
88	Slud	21	0	1	1	11.703
89	federacie	22	0	1	1	11.703
90	for-ward	21	0	1	1	11.703
91	weekelie	20	0	1	1	11.703
92	Eddington	20	0	1	1	11.703
93	Pellices	23	0	1	1	11.703
94	aperne	26	0	1	1	11.703
95	mising	26	0	1	1	11.703
96	madidos	23	0	1	1	11.703
97	iudicijs.	25	0	1	1	11.703
98	Bael	25	0	1	1	11.703
99	follia	22	0	1	1	11.703
100	Babilons	136	0.002	5	4	11.522
101	Fleire	52	0.001	2	1	11.48
102	strumpettes	35	0	1	1	11.288
103	maisterfull	34	0	1	1	11.288
104	censurd	32	0	1	1	11.288
105	aisse	30	0	1	1	11.288
106	diuersorium	32	0	1	1	11.288
107	purple-coloured	28	0	1	1	11.288
108	disases	34	0	1	1	11.288
109	montans	34	0	1	1	11.288
110	exlent	34	0	1	1	11.288
111	Lupae	33	0	1	1	11.288
112	Frust	34	0	1	1	11.288
113	auanti	37	0.001	1	1	10.966
114	tel'st	36	0.001	1	1	10.966
115	pope-holy	43	0.001	1	1	10.966
116	Puncks	37	0.001	1	1	10.966
117	wheer	41	0.001	1	1	10.966
118	Selk	47	0.001	1	1	10.703
119	plaing	46	0.001	1	1	10.703
120	Madianite	47	0.001	1	1	10.703
121	Ansbertus	47	0.001	1	1	10.703
122	smotest	48	0.001	1	1	10.703
123	Murdresse	45	0.001	1	1	10.703
124	Cuckold-maker	47	0.001	1	1	10.703
125	Hak.	47	0.001	1	1	10.703
126	deuotes	49	0.001	1	1	10.703
127	Apocalips.	48	0.001	1	1	10.703
128	Quattro	140	0.002	3	1	10.703
129	inganno	49	0.001	1	1	10.703
130	Searlet	46	0.001	1	1	10.703
131	Barrowists	59	0.001	1	1	10.48
132	Sisse	54	0.001	1	1	10.48
133	sonno	114	0.001	2	1	10.48
134	Festinus	54	0.001	1	1	10.48
135	S'hart	52	0.001	1	1	10.48
136	Elst	65	0.001	1	1	10.288
137	Soluat	67	0.001	1	1	10.288
138	Pandors	62	0.001	1	1	10.288
139	buggerie	67	0.001	1	1	10.288
140	demes	60	0.001	1	1	10.288
141	bavin	65	0.001	1	1	10.288
142	Seriants	65	0.001	1	1	10.288
143	Selene	73	0.001	1	1	10.118
144	consumd	74	0.001	1	1	10.118
145	Buggerers	139	0.002	2	2	10.118
146	sheel	69	0.001	1	1	10.118
147	hugger-mugger	73	0.001	1	1	10.118
148	catil.	69	0.001	1	1	10.118
149	piglia	68	0.001	1	1	10.118
150	yeerelie	68	0.001	1	1	10.118
151	detestati	69	0.001	1	1	10.118
152	Roisters	69	0.001	1	1	10.118
153	Puncke	73	0.001	1	1	10.118
154	pandars	149	0.002	2	2	10.04
155	Panders	464	0.006	6	5	9.99
156	not-withstanding	81	0.001	1	1	9.966
157	38.4.	80	0.001	1	1	9.966
158	boozing	83	0.001	1	1	9.966
159	cullers	76	0.001	1	1	9.966
160	Gosh	76	0.001	1	1	9.966
161	tradeth	80	0.001	1	1	9.966
162	bordell	79	0.001	1	1	9.966
163	Massepriests	86	0.001	1	1	9.828
164	Geneura	88	0.001	1	1	9.828
165	fino	91	0.001	1	1	9.828
166	negotiators	88	0.001	1	1	9.828
167	busked	90	0.001	1	1	9.828
168	scullery	86	0.001	1	1	9.828
169	Insooth	95	0.001	1	1	9.703
170	Sthenelus	96	0.001	1	1	9.703
171	Pursn	98	0.001	1	1	9.703
172	matutino	92	0.001	1	1	9.703
173	Canckred	98	0.001	1	1	9.703
174	stomaco	93	0.001	1	1	9.703
175	matutine	94	0.001	1	1	9.703
176	saes	92	0.001	1	1	9.703
177	baud	767	0.01	8	7	9.688
178	Pander	805	0.01	8	7	9.615
179	thalamos	100	0.001	1	1	9.587
180	Bbl	106	0.001	1	1	9.587
181	VVhores	100	0.001	1	1	9.587
182	Abhominati	213	0.003	2	2	9.533
183	Hypocrita	107	0.001	1	1	9.48
184	punck	117	0.002	1	1	9.381
185	Standley	119	0.002	1	1	9.381
186	23.27	248	0.003	2	2	9.334
187	concubynes	127	0.002	1	1	9.288
188	atis.	130	0.002	1	1	9.288
189	Vlis	125	0.002	1	1	9.288
190	arrant	1596	0.02	12	11	9.214
191	Babylonicall	136	0.002	1	1	9.2
192	housekeepers	132	0.002	1	1	9.2
193	thed	132	0.002	1	1	9.2
194	Histriones	138	0.002	1	1	9.2
195	vildest	131	0.002	1	1	9.2
196	wiving	134	0.002	1	1	9.2
197	Circean	135	0.002	1	1	9.2
198	likt	135	0.002	1	1	9.2
199	straps	138	0.002	1	1	9.2
200	mugger	142	0.002	1	1	9.118
201	bawdery	144	0.002	1	1	9.118
202	Apocalyp.	145	0.002	1	1	9.118
203	hugger	141	0.002	1	1	9.118
204	sordide	146	0.002	1	1	9.118
205	ably	139	0.002	1	1	9.118
206	monger	153	0.002	1	1	9.04
207	Bue	150	0.002	1	1	9.04
208	Lausanna	154	0.002	1	1	9.04
209	Sherte	150	0.002	1	1	9.04
210	Chip	608	0.008	4	1	9.021
211	deckings	157	0.002	1	1	8.966
212	deput	162	0.002	1	1	8.966
213	Niem	160	0.002	1	1	8.966
214	brothel-house	157	0.002	1	1	8.966
215	silthy	169	0.002	1	1	8.895
216	impudentlie	163	0.002	1	1	8.895
217	approbatione	168	0.002	1	1	8.895
218	bawds	1844	0.023	11	10	8.883
219	Gond	175	0.002	1	1	8.828
220	Baynton	175	0.002	1	1	8.828
221	meane-while	178	0.002	1	1	8.828
222	Babilon	5325	0.067	30	20	8.802
223	Ede	538	0.007	3	1	8.785
224	bloodthirsty	180	0.002	1	1	8.764
225	lupa	184	0.002	1	1	8.764
226	forheads	179	0.002	1	1	8.764
227	Brothels	180	0.002	1	1	8.764
228	fresche	183	0.002	1	1	8.764
229	bisogna	181	0.002	1	1	8.764
230	Iezabels	181	0.002	1	1	8.764
231	Acca	183	0.002	1	1	8.764
232	Pree	182	0.002	1	1	8.764
233	trulls	181	0.002	1	1	8.764
234	Puritanicall	191	0.002	1	1	8.703
235	963	193	0.002	1	1	8.703
236	vtcunque	196	0.003	1	1	8.644
237	Babylons	987	0.013	5	3	8.644
238	quouis	198	0.003	1	1	8.644
239	mongers	208	0.003	1	1	8.587
240	purpled	209	0.003	1	1	8.587
241	Steple	417	0.005	2	1	8.56
242	clips	211	0.003	1	1	8.533
243	roysters	216	0.003	1	1	8.533
244	Ilf	430	0.005	2	1	8.533
245	anco	220	0.003	1	1	8.48
246	Brad	443	0.006	2	1	8.48
247	Wolfish	230	0.003	1	1	8.43
248	ryotous	230	0.003	1	1	8.43
249	arrand	229	0.003	1	1	8.43
250	cloistered	469	0.006	2	1	8.405
251	selt	239	0.003	1	1	8.381
252	piace	238	0.003	1	1	8.381
253	courtesans	1216	0.015	5	4	8.343
254	nick-names	242	0.003	1	1	8.334
255	fornications	1721	0.022	7	7	8.334
256	Grauesend	248	0.003	1	1	8.334
257	Bradley	495	0.006	2	1	8.31
258	proiected	253	0.003	1	1	8.288
259	virilis	253	0.003	1	1	8.288
260	17.16.	255	0.003	1	1	8.288
261	Calmest	256	0.003	1	1	8.288
262	queans	255	0.003	1	1	8.288
263	Agamemnons	254	0.003	1	1	8.288
264	domes	510	0.006	2	2	8.288
265	shauelings	260	0.003	1	1	8.243
266	faythlesse	263	0.003	1	1	8.243
267	fale	263	0.003	1	1	8.243
268	Cut-purse	258	0.003	1	1	8.243
269	Innkeeper	262	0.003	1	1	8.243
270	citato.	269	0.003	1	1	8.2
271	wakening	270	0.003	1	1	8.2
272	Babyl	270	0.003	1	1	8.2
273	abhore	271	0.003	1	1	8.2
274	Babil	279	0.004	1	1	8.158
275	Babylone	276	0.004	1	1	8.158
276	break-fast	275	0.004	1	1	8.158
277	strayes	284	0.004	1	1	8.118
278	subtler	285	0.004	1	1	8.118
279	pandar	282	0.004	1	1	8.118
280	stews	2587	0.033	9	3	8.104
281	17.5.	581	0.007	2	2	8.098
282	Thamesis	292	0.004	1	1	8.078
283	unshamefast	294	0.004	1	1	8.078
284	Scolds	299	0.004	1	1	8.04
285	haie	303	0.004	1	1	8.04
286	exponed	299	0.004	1	1	8.04
287	whorish	1842	0.023	6	6	8.008
288	Fortun	310	0.004	1	1	8.002
289	sated	311	0.004	1	1	8.002
290	Laz	311	0.004	1	1	8.002
291	Charibdis	308	0.004	1	1	8.002
292	lecher	616	0.008	2	2	8.002
293	20.4.	310	0.004	1	1	8.002
294	21.9.	311	0.004	1	1	8.002
295	17.2.	314	0.004	1	1	7.966
296	sportful	324	0.004	1	1	7.93
297	17.4.	323	0.004	1	1	7.93
298	Ston	336	0.004	1	1	7.895
299	18.2.	331	0.004	1	1	7.895
300	Iezabel	1348	0.017	4	4	7.878
301	VVard	339	0.004	1	1	7.861
302	whoremaster	337	0.004	1	1	7.861
303	Kni	350	0.004	1	1	7.828
304	701	350	0.004	1	1	7.828
305	Gelli	349	0.004	1	1	7.828
306	vncleanesse	345	0.004	1	1	7.828
307	Ganimede	349	0.004	1	1	7.828
308	Babylon	38888	0.491	111	61	7.821
309	Lactant	358	0.005	1	1	7.796
310	sheele	357	0.005	1	1	7.796
311	hyre	1435	0.018	4	4	7.788
312	censureth	361	0.005	1	1	7.764
313	Cittyes	366	0.005	1	1	7.764
314	strumpet	3285	0.042	9	9	7.761
315	ruffian	735	0.009	2	2	7.749
316	solacing	372	0.005	1	1	7.733
317	besot	372	0.005	1	1	7.733
318	meno	381	0.005	1	1	7.703
319	Uicar	379	0.005	1	1	7.703
320	Sophy	771	0.01	2	2	7.688
321	675	388	0.005	1	1	7.673
322	cut-throat	392	0.005	1	1	7.673
323	Sabboths	392	0.005	1	1	7.673
324	17.6.	397	0.005	1	1	7.644
325	Salust.	395	0.005	1	1	7.644
326	Ione	804	0.01	2	2	7.615
327	roughs	404	0.005	1	1	7.615
328	quelli	404	0.005	1	1	7.615
329	Punk	404	0.005	1	1	7.615
330	Farina	414	0.005	1	1	7.587
331	Doncaster	418	0.005	1	1	7.56
332	Roane	421	0.005	1	1	7.56
333	323.	419	0.005	1	1	7.56
334	Lax	844	0.011	2	1	7.546
335	Ramping	427	0.005	1	1	7.533
336	Ganymede	424	0.005	1	1	7.533
337	Stoke	884	0.011	2	1	7.48
338	prostituting	452	0.006	1	1	7.455
339	Cyp	449	0.006	1	1	7.455
340	15.10.	453	0.006	1	1	7.455
341	Theodora	1369	0.017	3	1	7.438
342	17.1.	463	0.006	1	1	7.43
343	tyeth	458	0.006	1	1	7.43
344	Ashton	1396	0.018	3	1	7.413
345	Heathenisme	470	0.006	1	1	7.405
346	meretrix	474	0.006	1	1	7.381
347	al'	479	0.006	1	1	7.381
348	FLAM	479	0.006	1	1	7.381
349	shameless	6711	0.085	14	12	7.369
350	skirts	2878	0.036	6	2	7.369
351	adulteress	1919	0.024	4	3	7.369
352	harlots	5276	0.067	11	7	7.368
353	Electra	486	0.006	1	1	7.357
354	Marcella	488	0.006	1	1	7.334
355	Sappho	500	0.006	1	1	7.31
356	Colliers	516	0.007	1	1	7.265
357	1530	516	0.007	1	1	7.265
358	Faemina	515	0.007	1	1	7.265
359	Babel	9790	0.124	19	8	7.264
360	Dol	1048	0.013	2	1	7.243
361	hee'le	522	0.007	1	1	7.243
362	some-times	524	0.007	1	1	7.243
363	etc.	519	0.007	1	1	7.243
364	RON	531	0.007	1	1	7.222
365	chalked	530	0.007	1	1	7.222
366	sei	536	0.007	1	1	7.2
367	fiddlers	1087	0.014	2	2	7.19
368	Coach-man	549	0.007	1	1	7.179
369	Enchanters	544	0.007	1	1	7.179
370	Tinkers	545	0.007	1	1	7.179
371	yond	549	0.007	1	1	7.179
372	Courtesan	1103	0.014	2	2	7.169
373	dome	3321	0.042	6	4	7.162
374	17.7.	551	0.007	1	1	7.158
375	noue	551	0.007	1	1	7.158
376	7.22.	551	0.007	1	1	7.158
377	Madonna	571	0.007	1	1	7.118
378	bawd	2878	0.036	5	5	7.106
379	Shees	580	0.007	1	1	7.098
380	Babylonish	2911	0.037	5	4	7.086
381	gulls	585	0.007	1	1	7.078
382	pollutes	588	0.007	1	1	7.078
383	Dubito	589	0.007	1	1	7.078
384	Sist	594	0.008	1	1	7.059
385	Theodoric	591	0.008	1	1	7.059
386	decoct	1196	0.015	2	1	7.049
387	whoremongers	1796	0.023	3	3	7.046
388	Iesabel	602	0.008	1	1	7.04
389	eing	598	0.008	1	1	7.04
390	15.4.	604	0.008	1	1	7.04
391	mossy	603	0.008	1	1	7.04
392	Scarlet	9179	0.116	15	14	7.016
393	sig	4901	0.062	8	1	7.014
394	pocks	618	0.008	1	1	7.002
395	12.4.	620	0.008	1	1	7.002
396	alack	1260	0.016	2	2	6.975
397	Apocal.	1266	0.016	2	2	6.966
398	Foist	632	0.008	1	1	6.966
399	17.4	642	0.008	1	1	6.948
400	carding	645	0.008	1	1	6.948
401	Cara	642	0.008	1	1	6.948
402	Kate	1290	0.016	2	1	6.939
403	Beach	652	0.008	1	1	6.93
404	Carthusian	658	0.008	1	1	6.913
405	Ruffians	1326	0.017	2	2	6.904
406	surfeits	1332	0.017	2	2	6.895
407	ruffle	669	0.008	1	1	6.895
408	soldiars	672	0.009	1	1	6.878
409	concubines	4078	0.052	6	5	6.864
410	droves	682	0.009	1	1	6.861
411	Whoremonger	678	0.009	1	1	6.861
412	weddings	679	0.009	1	1	6.861
413	frigida	681	0.009	1	1	6.861
414	swaggering	689	0.009	1	1	6.845
415	Megara	694	0.009	1	1	6.828
416	Purple	18224	0.23	26	19	6.82
417	7.9.	707	0.009	1	1	6.812
418	Wooers	705	0.009	1	1	6.812
419	whore	20634	0.261	29	13	6.799
420	quaff	710	0.009	1	1	6.796
421	Thamar	1424	0.018	2	2	6.796
422	Jesters	728	0.009	1	1	6.764
423	rioting	728	0.009	1	1	6.764
424	nr	733	0.009	1	1	6.749
425	malapert	737	0.009	1	1	6.749
426	Anacreon	740	0.009	1	1	6.749
427	Grammarian	1485	0.019	2	2	6.733
428	13.4.	741	0.009	1	1	6.733
429	ch'	750	0.01	1	1	6.718
430	Martia	752	0.01	1	1	6.718
431	hiring	760	0.01	1	1	6.703
432	victuallers	770	0.01	1	1	6.688
433	soothing	779	0.01	1	1	6.673
434	Aul	785	0.01	1	1	6.658
435	dicing	785	0.01	1	1	6.658
436	wasteful	784	0.01	1	1	6.658
437	tea	793	0.01	1	1	6.644
438	bastards	3979	0.05	5	4	6.638
439	brace	1591	0.02	2	2	6.637
440	Gis	801	0.01	1	1	6.63
441	plaid	4003	0.051	5	5	6.63
442	bawdy	1610	0.02	2	2	6.622
443	tyrannised	817	0.01	1	1	6.601
444	Questa	826	0.01	1	1	6.587
445	hound	2485	0.031	3	2	6.578
446	husb	1665	0.021	2	2	6.573
447	Tinker	835	0.011	1	1	6.573
448	geld	842	0.011	1	1	6.56
449	shelf	845	0.011	1	1	6.546
450	discoverers	846	0.011	1	1	6.546
451	sanctitatis	853	0.011	1	1	6.533
452	ale-houses	856	0.011	1	1	6.533
453	3.3.	1739	0.022	2	2	6.506
454	played	11334	0.143	13	12	6.505
455	hire	8785	0.111	10	9	6.495
456	Flo	2645	0.033	3	1	6.489
457	Prouer.	888	0.011	1	1	6.48
458	exacts	1776	0.022	2	1	6.48
459	Cuckold	2667	0.034	3	3	6.476
460	Iulia	1778	0.023	2	1	6.474
461	insatiate	894	0.011	1	1	6.468
462	Mol	891	0.011	1	1	6.468
463	Iehoram	902	0.011	1	1	6.455
464	filthines	1803	0.023	2	2	6.455
465	surmounting	904	0.011	1	1	6.455
466	Jester	911	0.012	1	1	6.442
467	hunts	1820	0.023	2	2	6.442
468	Apoc	918	0.012	1	1	6.43
469	Omn	927	0.012	1	1	6.417
470	decking	927	0.012	1	1	6.417
471	Hobson	938	0.012	1	1	6.405
472	Epitaphs	937	0.012	1	1	6.405
473	slily	934	0.012	1	1	6.405
474	Lambeth	1928	0.024	2	2	6.363
475	Babylonian	2956	0.037	3	3	6.33
476	Apocalypse	3947	0.05	4	3	6.328
477	screen	989	0.013	1	1	6.322
478	Tamar	995	0.013	1	1	6.31
479	Iudaea	2003	0.025	2	1	6.305
480	fore-head	2008	0.025	2	2	6.299
481	Distaff	1002	0.013	1	1	6.299
482	forehead	12159	0.154	12	11	6.289
483	reeling	1029	0.013	1	1	6.265
484	PANDORA	1027	0.013	1	1	6.265
485	dismounted	1039	0.013	1	1	6.254
486	dice	6226	0.079	6	6	6.254
487	Helen	2091	0.026	2	2	6.243
488	knaves	5254	0.066	5	4	6.237
489	adulterer	4237	0.054	4	3	6.224
490	Russian	1061	0.013	1	1	6.222
491	laps	1058	0.013	1	1	6.222
492	scratch	2144	0.027	2	2	6.206
493	rides	4321	0.055	4	3	6.195
494	Nan	1085	0.014	1	1	6.19
495	ransack	1088	0.014	1	1	6.19
496	Jade	2169	0.027	2	2	6.19
497	gallantly	2181	0.028	2	2	6.184
498	carter	2182	0.028	2	2	6.179
499	whores	5508	0.07	5	3	6.169
500	Apoc.	11083	0.14	10	9	6.159
501	heinously	1105	0.014	1	1	6.158
502	3.3	3339	0.042	3	2	6.152
503	Griffin	1114	0.014	1	1	6.148
504	Apologists	1113	0.014	1	1	6.148
505	hounds	5657	0.071	5	3	6.13
506	cibo	1134	0.014	1	1	6.128
507	Concubine	3397	0.043	3	3	6.128
508	cuckolds	1131	0.014	1	1	6.128
509	treasuries	1138	0.014	1	1	6.118
510	misshapen	1145	0.015	1	1	6.108
511	crabbed	1153	0.015	1	1	6.098
512	strumpets	1159	0.015	1	1	6.098
513	CET	1174	0.015	1	1	6.078
514	Aston	1175	0.015	1	1	6.078
515	Dra	1172	0.015	1	1	6.078
516	desolate	12933	0.163	11	9	6.074
517	fir	1177	0.015	1	1	6.069
518	cavilling	1191	0.015	1	1	6.059
519	Parasite	1198	0.015	1	1	6.049
520	FLA	1211	0.015	1	1	6.03
521	LEECH	1220	0.015	1	1	6.021
522	deuell	1230	0.016	1	1	6.012
523	Susan	1225	0.016	1	1	6.012
524	execrations	1230	0.016	1	1	6.012
525	Senex	1244	0.016	1	1	5.993
526	Pis	1247	0.016	1	1	5.993
527	quelle	1254	0.016	1	1	5.984
528	prostitute	2508	0.032	2	2	5.979
529	Anti-christ	1261	0.016	1	1	5.975
530	ight	2517	0.032	2	1	5.975
531	prostituted	1269	0.016	1	1	5.966
532	arrayed	3816	0.048	3	3	5.96
533	succeded	1277	0.016	1	1	5.957
534	sits	23190	0.293	18	15	5.942
535	discoverer	1292	0.016	1	1	5.939
536	hed	1292	0.016	1	1	5.939
537	ridden	1300	0.016	1	1	5.93
538	civitas	1309	0.017	1	1	5.921
539	Oyster	1314	0.017	1	1	5.913
540	envies	2650	0.034	2	2	5.9
541	hackney	1328	0.017	1	1	5.895
542	exemptions	1334	0.017	1	1	5.895
543	imitates	1329	0.017	1	1	5.895
544	Ambo	1335	0.017	1	1	5.887
545	whats	2675	0.034	2	2	5.887
546	gorgeous	2688	0.034	2	2	5.883
547	Taverns	2699	0.034	2	2	5.874
548	Francesco	1362	0.017	1	1	5.861
549	Tush	2736	0.035	2	2	5.857
550	Sodomites	2734	0.035	2	1	5.857
551	haunts	1373	0.017	1	1	5.853
552	Littleton	2767	0.035	2	1	5.841
553	brags	2791	0.035	2	2	5.828
554	rogue	6990	0.088	5	4	5.823
555	selfe	1407	0.018	1	1	5.812
556	Aethiopians	1407	0.018	1	1	5.812
557	jugglers	1418	0.018	1	1	5.804
558	Lear	1424	0.018	1	1	5.796
559	dalliance	1431	0.018	1	1	5.788
560	LV	1444	0.018	1	1	5.78
561	complexions	2917	0.037	2	1	5.764
562	faced	2948	0.037	2	2	5.749
563	longo	1481	0.019	1	1	5.741
564	pene	1489	0.019	1	1	5.733
565	paltry	1506	0.019	1	1	5.718
566	inhabitant	3014	0.038	2	1	5.714
567	cudgel	1509	0.019	1	1	5.71
568	gamesters	1523	0.019	1	1	5.703
569	Huntingdon	1546	0.02	1	1	5.68
570	squires	1550	0.02	1	1	5.673
571	Palmerin	1557	0.02	1	1	5.666
572	Insula	1565	0.02	1	1	5.658
573	dregs	6317	0.08	4	4	5.647
574	egregious	1584	0.02	1	1	5.644
575	worshipper	1595	0.02	1	1	5.637
576	Rogero	1632	0.021	1	1	5.601
577	perjuries	1632	0.021	1	1	5.601
578	masked	1635	0.021	1	1	5.601
579	Chapt.	3271	0.041	2	1	5.598
580	Prou.	8310	0.105	5	5	5.575
581	riots	1679	0.021	1	1	5.56
582	strengths	1683	0.021	1	1	5.553
583	deceiving	5099	0.064	3	3	5.542
584	1.13.	1717	0.022	1	1	5.526
585	Angeli	1746	0.022	1	1	5.506
586	adulterous	3504	0.044	2	2	5.5
587	Revel	21061	0.266	12	9	5.496
588	Hag	1766	0.022	1	1	5.487
589	gentlewomen	3546	0.045	2	1	5.48
590	knave	8870	0.112	5	5	5.48
591	abjured	1792	0.023	1	1	5.468
592	yon	1802	0.023	1	1	5.455
593	thrift	1809	0.023	1	1	5.455
594	peerless	1823	0.023	1	1	5.442
595	harlot	9167	0.116	5	5	5.433
596	adulterate	1837	0.023	1	1	5.43
597	Ambrosius	1842	0.023	1	1	5.424
598	waxen	1850	0.023	1	1	5.417
599	tyrannise	1873	0.024	1	1	5.405
600	Grecian	9382	0.119	5	4	5.399
601	whoredom	7526	0.095	4	3	5.396
602	nel	1881	0.024	1	1	5.393
603	gull	1888	0.024	1	1	5.393
604	surfeiting	1890	0.024	1	1	5.387
605	hampton	1895	0.024	1	1	5.387
606	hoard	1895	0.024	1	1	5.387
607	Barge	1903	0.024	1	1	5.381
608	shunning	1916	0.024	1	1	5.369
609	benumbed	1916	0.024	1	1	5.369
610	Badges	1924	0.024	1	1	5.363
611	Vermilion	1928	0.024	1	1	5.363
612	Syon	1931	0.024	1	1	5.357
613	clip	1933	0.024	1	1	5.357
614	Dews	1939	0.025	1	1	5.351
615	flatters	1941	0.025	1	1	5.351
616	Vulcan	3887	0.049	2	1	5.348
617	l'	5856	0.074	3	1	5.343
618	Bristow	1967	0.025	1	1	5.334
619	incestuous	3954	0.05	2	2	5.325
620	whoredoms	1981	0.025	1	1	5.322
621	bers	1984	0.025	1	1	5.316
622	Sono	1988	0.025	1	1	5.316
623	puritan	4033	0.051	2	2	5.296
624	defiling	2018	0.026	1	1	5.293
625	coloured	10332	0.131	5	4	5.26
626	TAllow	2068	0.026	1	1	5.26
627	Marcellinus	2075	0.026	1	1	5.254
628	Flora	2078	0.026	1	1	5.254
629	players	4154	0.053	2	2	5.252
630	lure	2079	0.026	1	1	5.249
631	Trojan	4173	0.053	2	2	5.246
632	detested	4228	0.053	2	2	5.227
633	sleeve	2112	0.027	1	1	5.227
634	abominations	10678	0.135	5	5	5.213
635	entice	4278	0.054	2	2	5.211
636	foil	4299	0.054	2	2	5.203
637	Sophia	2152	0.027	1	1	5.2
638	Drunkard	6511	0.082	3	3	5.19
639	deformities	2167	0.027	1	1	5.19
640	sci	2175	0.028	1	1	5.184
641	Bed-chamber	2195	0.028	1	1	5.174
642	Cooper	2193	0.028	1	1	5.174
643	Swan	4395	0.056	2	1	5.171
644	famished	2203	0.028	1	1	5.169
645	banqueting	2202	0.028	1	1	5.169
646	infamous	11020	0.139	5	5	5.168
647	Deceives	4413	0.056	2	2	5.166
648	ith	4421	0.056	2	1	5.164
649	pestered	2227	0.028	1	1	5.153
650	Apo.	2232	0.028	1	1	5.148
651	rampant	2244	0.028	1	1	5.143
652	i'	2248	0.028	1	1	5.138
653	wenches	2248	0.028	1	1	5.138
654	ide	2263	0.029	1	1	5.128
655	hate	65701	0.83	29	21	5.127
656	Thief	23047	0.291	10	10	5.103
657	mocks	2314	0.029	1	1	5.098
658	rife	2309	0.029	1	1	5.098
659	annal	2322	0.029	1	1	5.093
660	laments	2326	0.029	1	1	5.088
661	Roan	2337	0.03	1	1	5.083
662	certo	2340	0.03	1	1	5.083
663	contends	2343	0.03	1	1	5.078
664	figured	7080	0.089	3	2	5.069
665	fornication	14235	0.18	6	6	5.061
666	drunken	11882	0.15	5	5	5.059
667	buys	2372	0.03	1	1	5.059
668	pulling	7151	0.09	3	3	5.054
669	Dau	2388	0.03	1	1	5.049
670	mints	2393	0.03	1	1	5.049
671	impudent	12093	0.153	5	5	5.033
672	Hue	4842	0.061	2	1	5.033
673	stumbled	2431	0.031	1	1	5.026
674	wallow	2438	0.031	1	1	5.021
675	Bachelor	2474	0.031	1	1	5.002
676	horned	2489	0.031	1	1	4.993
677	rogues	5001	0.063	2	1	4.986
678	wedlock	5013	0.063	2	1	4.982
679	Lu	2514	0.032	1	1	4.979
680	videatur	2517	0.032	1	1	4.975
681	customers	2545	0.032	1	1	4.961
682	Ioane	2539	0.032	1	1	4.961
683	Romes	5130	0.065	2	2	4.948
684	enticing	2596	0.033	1	1	4.93
685	brazen	10407	0.131	4	2	4.928
686	repelled	2629	0.033	1	1	4.913
687	exalting	2631	0.033	1	1	4.913
688	thriving	2636	0.033	1	1	4.908
689	Dee	2650	0.034	1	1	4.9
690	marred	2667	0.034	1	1	4.891
691	Parlour	2678	0.034	1	1	4.887
692	204	2681	0.034	1	1	4.883
693	tolerated	5375	0.068	2	2	4.88
694	wed	5405	0.068	2	2	4.874
695	amplified	2713	0.034	1	1	4.866
696	Beast	81566	1.03	30	17	4.864
697	gangrene	2729	0.035	1	1	4.857
698	whoring	2742	0.035	1	1	4.853
699	troth	5489	0.069	2	2	4.851
700	matrons	2766	0.035	1	1	4.841
701	ken	2811	0.036	1	1	4.816
702	worser	2821	0.036	1	1	4.812
703	costly	11277	0.142	4	3	4.812
704	riotous	2846	0.036	1	1	4.8
705	performs	5696	0.072	2	1	4.798
706	Hieron	2852	0.036	1	1	4.796
707	hug	2849	0.036	1	1	4.796
708	Sergius	2869	0.036	1	1	4.788
709	prate	2866	0.036	1	1	4.788
710	abhorring	2902	0.037	1	1	4.772
711	Greke	2929	0.037	1	1	4.756
712	breaths	2938	0.037	1	1	4.752
713	gauge	2936	0.037	1	1	4.752
714	las	2947	0.037	1	1	4.749
715	drunk	35533	0.449	12	10	4.741
716	wouldest	2973	0.038	1	1	4.737
717	Crust	2975	0.038	1	1	4.733
718	bathing	2983	0.038	1	1	4.729
719	pond	2995	0.038	1	1	4.725
720	dishonest	6002	0.076	2	2	4.722
721	Ames	3008	0.038	1	1	4.718
722	gaming	3021	0.038	1	1	4.714
723	ragged	3017	0.038	1	1	4.714
724	181	3043	0.038	1	1	4.703
725	dreaming	3042	0.038	1	1	4.703
726	Coaches	3043	0.038	1	1	4.703
727	hunter	3051	0.039	1	1	4.699
728	kneeled	3058	0.039	1	1	4.695
729	Proclaims	3074	0.039	1	1	4.688
730	lash	3070	0.039	1	1	4.688
731	laughs	3075	0.039	1	1	4.688
732	Witch	9245	0.117	3	3	4.684
733	Maiden	6187	0.078	2	2	4.679
734	Hip	3106	0.039	1	1	4.673
735	Armenians	3103	0.039	1	1	4.673
736	lace	3116	0.039	1	1	4.669
737	Fugitive	3133	0.04	1	1	4.658
738	pollute	3138	0.04	1	1	4.658
739	importune	3148	0.04	1	1	4.655
740	Upholding	3149	0.04	1	1	4.651
741	unchaste	3200	0.04	1	1	4.63
742	unsatisfied	3210	0.041	1	1	4.626
743	Rams	3216	0.041	1	1	4.622
744	83.	3226	0.041	1	1	4.619
745	healths	3230	0.041	1	1	4.615
746	118.	3248	0.041	1	1	4.608
747	descry	3254	0.041	1	1	4.605
748	Albion	3266	0.041	1	1	4.601
749	174	3264	0.041	1	1	4.601
750	slaying	3280	0.041	1	1	4.594
751	fewer	9844	0.124	3	2	4.593
752	swept	3288	0.042	1	1	4.591
753	Agamemnon	3283	0.042	1	1	4.591
754	attired	3308	0.042	1	1	4.58
755	Defame	3314	0.042	1	1	4.58
756	Prodigality	3344	0.042	1	1	4.567
757	winters	3340	0.042	1	1	4.567
758	renounced	6702	0.085	2	2	4.563
759	Mist	10075	0.127	3	1	4.56
760	strip	3365	0.043	1	1	4.556
761	filthy	30299	0.383	9	9	4.556
762	divorced	3378	0.043	1	1	4.55
763	Cozen	3380	0.043	1	1	4.55
764	graceless	3413	0.043	1	1	4.536
765	Geneua	3422	0.043	1	1	4.533
766	playing	10275	0.13	3	3	4.532
767	enticed	3439	0.043	1	1	4.526
768	Henricus	3438	0.043	1	1	4.526
769	lusty	10354	0.131	3	2	4.521
770	villainous	3467	0.044	1	1	4.513
771	extortion	3485	0.044	1	1	4.506
772	swayed	3487	0.044	1	1	4.506
773	ditch	10469	0.132	3	3	4.504
774	filthiness	10515	0.133	3	3	4.498
775	heathenish	7043	0.089	2	2	4.492
776	clients	3539	0.045	1	1	4.484
777	Hateful	10655	0.135	3	3	4.479
778	enchanted	3569	0.045	1	1	4.471
779	boys	14311	0.181	4	4	4.468
780	mistresses	3604	0.046	1	1	4.458
781	maintains	7229	0.091	2	1	4.453
782	84.	3627	0.046	1	1	4.449
783	wipe	7298	0.092	2	2	4.441
784	giddy	3649	0.046	1	1	4.439
785	lechery	3660	0.046	1	1	4.436
786	tolerate	3668	0.046	1	1	4.433
787	impudently	3698	0.047	1	1	4.42
788	Calf	11111	0.14	3	3	4.418
789	hunting	14846	0.188	4	4	4.415
790	thieves	22285	0.281	6	3	4.414
791	frost	7484	0.095	2	2	4.404
792	Mercer	3762	0.048	1	1	4.396
793	Helena	3775	0.048	1	1	4.39
794	PAP	3784	0.048	1	1	4.387
795	rascal	3785	0.048	1	1	4.387
796	swears	7600	0.096	2	2	4.381
797	VIT	7616	0.096	2	1	4.378
798	Drag	3808	0.048	1	1	4.378
799	bellies	7635	0.096	2	2	4.375
800	stratagems	3824	0.048	1	1	4.372
801	tempts	3862	0.049	1	1	4.357
802	Cards	7740	0.098	2	2	4.355
803	sells	3915	0.049	1	1	4.339
804	ming	3912	0.049	1	1	4.339
805	Inns	3946	0.05	1	1	4.328
806	Pluto	3953	0.05	1	1	4.325
807	17.	83120	1.05	21	14	4.323
808	Fl	3957	0.05	1	1	4.322
809	rect	3967	0.05	1	1	4.319
810	hunt	12065	0.152	3	3	4.3
811	Chalice	4028	0.051	1	1	4.296
812	matchless	4042	0.051	1	1	4.293
813	descriptions	4060	0.051	1	1	4.285
814	marries	4061	0.051	1	1	4.285
815	suburbs	8156	0.103	2	1	4.279
816	herds	4094	0.052	1	1	4.274
817	attire	8194	0.104	2	2	4.272
818	dirty	4102	0.052	1	1	4.271
819	Ierem.	4126	0.052	1	1	4.263
820	fits	16510	0.209	4	4	4.262
821	riot	8272	0.104	2	2	4.26
822	desolation	12402	0.157	3	3	4.26
823	wink	4136	0.052	1	1	4.26
824	sacramentum	4142	0.052	1	1	4.257
825	savours	4180	0.053	1	1	4.243
826	pi	4201	0.053	1	1	4.238
827	ay	4212	0.053	1	1	4.232
828	crew	8469	0.107	2	2	4.226
829	Qual	4234	0.054	1	1	4.224
830	adventured	4242	0.054	1	1	4.222
831	protesting	4251	0.054	1	1	4.219
832	Kin	17056	0.215	4	1	4.215
833	erst	4270	0.054	1	1	4.214
834	marry	38694	0.489	9	8	4.203
835	Hospital	8600	0.109	2	2	4.203
836	Sly	4313	0.055	1	1	4.198
837	prefers	4321	0.055	1	1	4.195
838	spends	4330	0.055	1	1	4.192
839	deck	4329	0.055	1	1	4.192
840	basest	4331	0.055	1	1	4.192
841	stale	4338	0.055	1	1	4.19
842	play	61168	0.772	14	12	4.18
843	buckler	4371	0.055	1	1	4.179
844	Sergeants	4379	0.055	1	1	4.177
845	cup	48330	0.61	11	9	4.172
846	whereinto	4395	0.056	1	1	4.171
847	anni	4404	0.056	1	1	4.169
848	Beggar	8945	0.113	2	2	4.147
849	tragical	4479	0.057	1	1	4.143
850	usurping	4491	0.057	1	1	4.141
851	decked	4505	0.057	1	1	4.135
852	peevish	4508	0.057	1	1	4.135
853	bewail	9117	0.115	2	2	4.119
854	revile	4565	0.058	1	1	4.118
855	op	4574	0.058	1	1	4.113
856	hatched	4584	0.058	1	1	4.11
857	effeminate	4666	0.059	1	1	4.086
858	stays	9340	0.118	2	2	4.084
859	mercenary	4683	0.059	1	1	4.081
860	Eclipsed	4703	0.059	1	1	4.073
861	exacted	4701	0.059	1	1	4.073
862	hired	9416	0.119	2	2	4.072
863	profaned	4710	0.06	1	1	4.071
864	craving	4719	0.06	1	1	4.069
865	Lactantius	4730	0.06	1	1	4.066
866	dr	9464	0.12	2	2	4.065
867	painted	23662	0.299	5	5	4.065
868	Sixtus	4735	0.06	1	1	4.064
869	Rome	271183	3.424	57	34	4.057
870	described	42932	0.542	9	6	4.053
871	corrupting	4784	0.06	1	1	4.049
872	villainies	4813	0.061	1	1	4.04
873	Idolatrous	14523	0.183	3	3	4.032
874	velvet	4856	0.061	1	1	4.028
875	Mask	4856	0.061	1	1	4.028
876	masculine	4862	0.061	1	1	4.026
877	funerals	4870	0.062	1	1	4.023
878	nostrils	9776	0.123	2	2	4.019
879	deposition	4899	0.062	1	1	4.014
880	oppressors	4931	0.062	1	1	4.005
881	circa	9894	0.125	2	1	4.001
882	Luc	4952	0.063	1	1	4
883	servile	9971	0.126	2	2	3.99
884	overtaken	5002	0.063	1	1	3.984
885	detected	5017	0.063	1	1	3.982
886	sack	10141	0.128	2	2	3.966
887	Ieremie	5090	0.064	1	1	3.959
888	plagued	5100	0.064	1	1	3.957
889	glories	10254	0.13	2	2	3.949
890	adulterers	5137	0.065	1	1	3.946
891	dissolute	5161	0.065	1	1	3.939
892	spotted	5160	0.065	1	1	3.939
893	tear	15500	0.196	3	3	3.938
894	linked	5190	0.066	1	1	3.932
895	tribute	20800	0.263	4	2	3.929
896	strangled	5256	0.066	1	1	3.913
897	purer	5259	0.066	1	1	3.913
898	strives	5260	0.066	1	1	3.913
899	familiarly	5276	0.067	1	1	3.908
900	display	5310	0.067	1	1	3.9
901	entreaty	5321	0.067	1	1	3.895
902	beautified	5350	0.068	1	1	3.887
903	detestable	10704	0.135	2	2	3.887
904	gallants	5377	0.068	1	1	3.88
905	hawks	5379	0.068	1	1	3.88
906	partially	5392	0.068	1	1	3.876
907	robes	10833	0.137	2	1	3.87
908	calais	10880	0.137	2	2	3.864
909	lascivious	5471	0.069	1	1	3.855
910	earths	5493	0.069	1	1	3.849
911	triple	5531	0.07	1	1	3.841
912	't	11120	0.14	2	2	3.832
913	Caves	5567	0.07	1	1	3.83
914	formality	5567	0.07	1	1	3.83
915	flatterers	5582	0.071	1	1	3.826
916	Antichrist	50530	0.638	9	6	3.818
917	throats	5620	0.071	1	1	3.816
918	Nuns	5658	0.071	1	1	3.808
919	Murderers	11345	0.143	2	2	3.804
920	Mer	5689	0.072	1	1	3.8
921	extol	5693	0.072	1	1	3.798
922	Rev.	51328	0.648	9	4	3.796
923	daughters	40010	0.505	7	7	3.792
924	presuming	5718	0.072	1	1	3.792
925	venit	5733	0.072	1	1	3.788
926	Abominable	22990	0.29	4	4	3.784
927	amounts	5818	0.074	1	1	3.766
928	permits	5856	0.074	1	1	3.758
929	plays	17593	0.222	3	3	3.756
930	abomination	11757	0.149	2	2	3.751
931	usurped	11791	0.149	2	2	3.748
932	FA	11810	0.149	2	1	3.746
933	frighted	5925	0.075	1	1	3.741
934	veil	11849	0.15	2	1	3.741
935	hark	5947	0.075	1	1	3.735
936	Dragon	18054	0.228	3	3	3.718
937	Ware	12046	0.152	2	2	3.717
938	deem	6043	0.076	1	1	3.712
939	MON	18249	0.23	3	1	3.703
940	Exeunt	12174	0.154	2	2	3.702
941	infect	6100	0.077	1	1	3.699
942	tempting	6108	0.077	1	1	3.697
943	Squire	6126	0.077	1	1	3.692
944	youthful	6171	0.078	1	1	3.682
945	Adultery	24714	0.312	4	4	3.68
946	Hierarchy	6183	0.078	1	1	3.679
947	contrive	6209	0.078	1	1	3.673
948	unfaithful	6230	0.079	1	1	3.667
949	prostrate	6239	0.079	1	1	3.666
950	suggestions	6262	0.079	1	1	3.66
951	sowed	6293	0.08	1	1	3.653
952	Israell	12654	0.16	2	2	3.646
953	therewithal	6336	0.08	1	1	3.644
954	livings	6392	0.081	1	1	3.631
955	Friar	12819	0.162	2	1	3.627
956	damnation	32064	0.405	5	3	3.626
957	sway	12829	0.162	2	1	3.626
958	bewitched	6431	0.081	1	1	3.622
959	consume	19326	0.244	3	3	3.62
960	Comedy	6476	0.082	1	1	3.612
961	syllable	6553	0.083	1	1	3.596
962	ink	6606	0.083	1	1	3.584
963	greedy	13232	0.167	2	2	3.581
964	fiftly	6621	0.084	1	1	3.58
965	whipped	6660	0.084	1	1	3.572
966	stealing	6657	0.084	1	1	3.572
967	Englishmen	6677	0.084	1	1	3.568
968	wears	6709	0.085	1	1	3.561
969	wife	214853	2.713	32	22	3.56
970	striking	6712	0.085	1	1	3.56
971	lovers	26913	0.34	4	4	3.557
972	sleeps	6751	0.085	1	1	3.553
973	attendants	6755	0.085	1	1	3.551
974	nere	20350	0.257	3	3	3.545
975	forlorn	6805	0.086	1	1	3.541
976	harbour	13726	0.173	2	2	3.529
977	chaste	20646	0.261	3	3	3.525
978	Dragons	6883	0.087	1	1	3.525
979	tha	6903	0.087	1	1	3.52
980	openly	41440	0.523	6	4	3.519
981	boy	27639	0.349	4	3	3.519
982	Proverbs	6913	0.087	1	1	3.518
983	liberally	6929	0.088	1	1	3.515
984	Emblem	6983	0.088	1	1	3.503
985	Revelation	41988	0.53	6	6	3.5
986	peculiarly	7015	0.089	1	1	3.497
987	fist	7028	0.089	1	1	3.495
988	drunkards	7021	0.089	1	1	3.495
989	slave	21201	0.268	3	2	3.486
990	augment	7169	0.091	1	1	3.466
991	thirteenth	7168	0.091	1	1	3.466
992	Commentary	7188	0.091	1	1	3.461
993	inflict	7264	0.092	1	1	3.447
994	seat	51212	0.647	7	5	3.436
995	Neptune	7330	0.093	1	1	3.433
996	laity	7349	0.093	1	1	3.43
997	Commune	7351	0.093	1	1	3.43
998	subtle	36810	0.465	5	3	3.427
999	horns	22193	0.28	3	3	3.42
1000	Mars	22203	0.28	3	3	3.419
1001	buying	7410	0.094	1	1	3.417
1002	scorned	7420	0.094	1	1	3.416
1003	Papacy	7431	0.094	1	1	3.414
1004	compares	7453	0.094	1	1	3.41
1005	ducats	7478	0.094	1	1	3.405
1006	commits	7541	0.095	1	1	3.393
1007	becometh	7573	0.096	1	1	3.387
1008	authorized	7582	0.096	1	1	3.385
1009	staying	7629	0.096	1	1	3.376
1010	arrogance	7646	0.097	1	1	3.373
1011	reversion	7647	0.097	1	1	3.372
1012	unusual	7667	0.097	1	1	3.369
1013	murdering	7679	0.097	1	1	3.366
1014	painting	7700	0.097	1	1	3.363
1015	Jer	23150	0.292	3	3	3.359
1016	odious	23239	0.293	3	3	3.354
1017	husbands	30992	0.391	4	4	3.354
1018	start	7796	0.098	1	1	3.345
1019	stripped	7820	0.099	1	1	3.341
1020	thirsty	7834	0.099	1	1	3.338
1021	remorse	7838	0.099	1	1	3.336
1022	beautiful	31363	0.396	4	4	3.336
1023	reigns	15787	0.199	2	2	3.327
1024	tract.	7894	0.1	1	1	3.326
1025	nu	7900	0.1	1	1	3.325
1026	Aeneas	7910	0.1	1	1	3.323
1027	joins	7933	0.1	1	1	3.319
1028	keeps	40024	0.505	5	4	3.306
1029	beggars	8051	0.102	1	1	3.298
1030	burn	40670	0.514	5	5	3.283
1031	purse	16277	0.206	2	2	3.283
1032	Baal	8157	0.103	1	1	3.279
1033	55.	8173	0.103	1	1	3.276
1034	price	57392	0.725	7	6	3.272
1035	wives	57399	0.725	7	7	3.272
1036	Bar	32896	0.415	4	3	3.267
1037	penny	16458	0.208	2	2	3.267
1038	Alex	8301	0.105	1	1	3.254
1039	married	66560	0.84	8	7	3.251
1040	ugly	8331	0.105	1	1	3.249
1041	strings	8377	0.106	1	1	3.241
1042	clad	8414	0.106	1	1	3.235
1043	termed	25438	0.321	3	3	3.223
1044	dross	8493	0.107	1	1	3.222
1045	aboard	8546	0.108	1	1	3.212
1046	damned	34243	0.432	4	4	3.21
1047	Maist	17147	0.217	2	1	3.208
1048	ornaments	17222	0.218	2	2	3.201
1049	Ram	8617	0.109	1	1	3.2
1050	sisters	17302	0.219	2	2	3.194
1051	allowing	8667	0.109	1	1	3.192
1052	lots	8708	0.11	1	1	3.184
1053	woman	183598	2.318	21	18	3.179
1054	bells	8768	0.111	1	1	3.175
1055	diseased	8769	0.111	1	1	3.175
1056	arising	17551	0.222	2	2	3.174
1057	kiss	26340	0.333	3	2	3.173
1058	damnable	17583	0.222	2	2	3.171
1059	unexpected	8797	0.111	1	1	3.17
1060	husband	105631	1.334	12	11	3.169
1061	plains	8832	0.112	1	1	3.165
1062	grain	17694	0.223	2	2	3.162
1063	magnificence	8848	0.112	1	1	3.162
1064	affinity	8856	0.112	1	1	3.161
1065	expounds	8875	0.112	1	1	3.157
1066	steed	8886	0.112	1	1	3.156
1067	wore	8942	0.113	1	1	3.147
1068	Maximus	8951	0.113	1	1	3.146
1069	fashions	9013	0.114	1	1	3.135
1070	powered	9056	0.114	1	1	3.129
1071	stately	18235	0.23	2	2	3.119
1072	enters	18257	0.231	2	2	3.117
1073	drown	9177	0.116	1	1	3.109
1074	quoth	36867	0.466	4	3	3.103
1075	diminished	9251	0.117	1	1	3.098
1076	bearing	37031	0.468	4	1	3.097
1077	naked	46459	0.587	5	5	3.091
1078	honest	83801	1.058	9	9	3.088
1079	tricks	9354	0.118	1	1	3.082
1080	impure	9368	0.118	1	1	3.079
1081	Hist.	18785	0.237	2	2	3.076
1082	richly	9389	0.119	1	1	3.076
1083	embracing	9401	0.119	1	1	3.075
1084	closely	9419	0.119	1	1	3.072
1085	Gentlewoman	9432	0.119	1	1	3.07
1086	disposing	9453	0.119	1	1	3.066
1087	Tobacco	9488	0.12	1	1	3.061
1088	brave	38044	0.48	4	4	3.058
1089	discontented	9557	0.121	1	1	3.051
1090	nakedness	9651	0.122	1	1	3.036
1091	Hills	29127	0.368	3	3	3.028
1092	Exit	19436	0.245	2	2	3.027
1093	flattering	9757	0.123	1	1	3.021
1094	censured	9756	0.123	1	1	3.021
1095	Hierom	9779	0.124	1	1	3.017
1096	feeds	9833	0.124	1	1	3.009
1097	famous	88824	1.122	9	5	3.004
1098	fo	9885	0.125	1	1	3.002
1099	Lawyer	9909	0.125	1	1	2.999
1100	snow	19897	0.251	2	2	2.993
1101	golden	49785	0.629	5	4	2.992
1102	permit	29877	0.377	3	2	2.992
1103	Excepting	9977	0.126	1	1	2.989
1104	doors	29993	0.379	3	2	2.986
1105	abandon	10068	0.127	1	1	2.976
1106	wanton	20242	0.256	2	2	2.968
1107	permitted	30542	0.386	3	1	2.96
1108	disobedient	10184	0.129	1	1	2.959
1109	Tragedy	10196	0.129	1	1	2.958
1110	unclean	30723	0.388	3	3	2.951
1111	witches	10286	0.13	1	1	2.945
1112	agreeing	10294	0.13	1	1	2.943
1113	discovering	10322	0.13	1	1	2.94
1114	sister	51618	0.652	5	5	2.939
1115	seduced	10324	0.13	1	1	2.939
1116	match	20690	0.261	2	1	2.937
1117	dancing	10351	0.131	1	1	2.936
1118	fond	20744	0.262	2	2	2.933
1119	presumptuous	10383	0.131	1	1	2.931
1120	Synagogue	10391	0.131	1	1	2.93
1121	bag	10396	0.131	1	1	2.929
1122	waters	83222	1.051	8	7	2.929
1123	fetched	10432	0.132	1	1	2.925
1124	parson	10471	0.132	1	1	2.919
1125	asks	10519	0.133	1	1	2.913
1126	68	10551	0.133	1	1	2.908
1127	facto	10681	0.135	1	1	2.89
1128	spent	53460	0.675	5	5	2.889
1129	rent	42785	0.54	4	2	2.888
1130	train	21461	0.271	2	2	2.884
1131	description	42949	0.542	4	4	2.883
1132	bloody	53730	0.678	5	3	2.882
1133	widow	21540	0.272	2	2	2.878
1134	numbered	10774	0.136	1	1	2.878
1135	obstinacy	10790	0.136	1	1	2.876
1136	deep	75511	0.954	7	7	2.876
1137	keep	313074	3.953	29	16	2.875
1138	perdition	10866	0.137	1	1	2.866
1139	Roman	141472	1.786	13	11	2.863
1140	Pox	10902	0.138	1	1	2.86
1141	expenses	10928	0.138	1	1	2.857
1142	tolerable	10937	0.138	1	1	2.856
1143	parcel	10999	0.139	1	1	2.848
1144	maid	33079	0.418	3	3	2.844
1145	afternoon	11049	0.14	1	1	2.842
1146	room	55576	0.702	5	4	2.833
1147	Jest	11120	0.14	1	1	2.832
1148	destruction	89423	1.129	8	6	2.825
1149	flourished	11210	0.142	1	1	2.821
1150	judged	56237	0.71	5	5	2.816
1151	spouse	22595	0.285	2	2	2.809
1152	protestation	11307	0.143	1	1	2.808
1153	ed	11308	0.143	1	1	2.808
1154	aspect	11323	0.143	1	1	2.806
1155	dim	11370	0.144	1	1	2.8
1156	afflict	11385	0.144	1	1	2.798
1157	corners	11488	0.145	1	1	2.785
1158	prima	11491	0.145	1	1	2.785
1159	Ice	11552	0.146	1	1	2.777
1160	committing	11606	0.147	1	1	2.771
1161	horses	58059	0.733	5	4	2.77
1162	twelfth	11669	0.147	1	1	2.763
1163	Bees	11695	0.148	1	1	2.759
1164	habit	35431	0.447	3	3	2.745
1165	bleeding	11828	0.149	1	1	2.744
1166	eke	11837	0.15	1	1	2.742
1167	filth	11883	0.15	1	1	2.737
1168	Jew	23762	0.3	2	2	2.737
1169	hears	23785	0.3	2	2	2.736
1170	maids	11895	0.15	1	1	2.735
1171	XVIII	11914	0.15	1	1	2.733
1172	loud	23920	0.302	2	2	2.727
1173	bona	12019	0.152	1	1	2.72
1174	testified	12038	0.152	1	1	2.718
1175	alliance	12060	0.152	1	1	2.715
1176	pleaseth	24152	0.305	2	1	2.713
1177	compel	12119	0.153	1	1	2.708
1178	advance	36366	0.459	3	3	2.708
1179	Marie	12146	0.153	1	1	2.705
1180	Iudah	12172	0.154	1	1	2.702
1181	discontent	12204	0.154	1	1	2.698
1182	pagan	12292	0.155	1	1	2.688
1183	fetch	24696	0.312	2	2	2.681
1184	gray	12411	0.157	1	1	2.674
1185	Malignant	12436	0.157	1	1	2.671
1186	potent	12467	0.157	1	1	2.667
1187	worn	12479	0.158	1	1	2.666
1188	murderer	12581	0.159	1	1	2.654
1189	marshall	12582	0.159	1	1	2.654
1190	slander	12613	0.159	1	1	2.65
1191	corrupt	63197	0.798	5	5	2.647
1192	Troy	12678	0.16	1	1	2.643
1193	lamentable	12732	0.161	1	1	2.637
1194	hated	25471	0.322	2	2	2.637
1195	attendance	12777	0.161	1	1	2.632
1196	stamp	12866	0.163	1	1	2.621
1197	Heretical	12934	0.163	1	1	2.614
1198	Traffic	12930	0.163	1	1	2.614
1199	hide	38812	0.49	3	3	2.614
1200	51	25891	0.327	2	1	2.613
1201	allows	12955	0.164	1	1	2.612
1202	forsooth	12960	0.164	1	1	2.612
1203	suspected	25911	0.327	2	2	2.612
1204	raging	13043	0.165	1	1	2.602
1205	minus	13087	0.165	1	1	2.598
1206	maintain	78757	0.994	6	6	2.593
1207	blush	13133	0.166	1	1	2.592
1208	Hosts	13174	0.166	1	1	2.588
1209	Lev	13206	0.167	1	1	2.585
1210	territories	13207	0.167	1	1	2.584
1211	departing	13235	0.167	1	1	2.581
1212	dispense	13245	0.167	1	1	2.58
1213	prophesied	13251	0.167	1	1	2.579
1214	eleven	13249	0.167	1	1	2.579
1215	Dame	13246	0.167	1	1	2.579
1216	rents	13329	0.168	1	1	2.571
1217	despite	13448	0.17	1	1	2.558
1218	Venus	26929	0.34	2	2	2.556
1219	manifestation	13497	0.17	1	1	2.553
1220	virgin	54072	0.683	4	4	2.55
1221	nulla	13552	0.171	1	1	2.547
1222	daughter	108707	1.373	8	8	2.543
1223	doctrines	40858	0.516	3	3	2.54
1224	Chase	13640	0.172	1	1	2.538
1225	spoils	13640	0.172	1	1	2.538
1226	evidently	27408	0.346	2	1	2.531
1227	secretary	13724	0.173	1	1	2.529
1228	dares	13753	0.174	1	1	2.525
1229	sung	13767	0.174	1	1	2.525
1230	she	1006738	12.712	73	52	2.522
1231	steward	13843	0.175	1	1	2.516
1232	Gal	55443	0.7	4	2	2.514
1233	morrow	27739	0.35	2	1	2.513
1234	handful	13872	0.175	1	1	2.513
1235	wisest	14043	0.177	1	1	2.496
1236	wolves	14045	0.177	1	1	2.496
1237	tending	14059	0.178	1	1	2.494
1238	spleen	14135	0.179	1	1	2.486
1239	her	1811491	22.873	128	84	2.484
1240	parable	14171	0.179	1	1	2.483
1241	Ha	28655	0.362	2	1	2.467
1242	cunning	28670	0.362	2	2	2.466
1243	task	14342	0.181	1	1	2.465
1244	Tomb	14393	0.182	1	1	2.46
1245	Crowned	28810	0.364	2	2	2.459
1246	Ah	29075	0.367	2	2	2.446
1247	ipso	14545	0.184	1	1	2.445
1248	bay	14718	0.186	1	1	2.428
1249	fairest	14727	0.186	1	1	2.427
1250	Con	14750	0.186	1	1	2.425
1251	shameful	14747	0.186	1	1	2.425
1252	publicly	29824	0.377	2	2	2.409
1253	di	44811	0.566	3	2	2.407
1254	fervent	14967	0.189	1	1	2.404
1255	shoot	14986	0.189	1	1	2.402
1256	merry	30040	0.379	2	1	2.399
1257	Mother	150593	1.902	10	9	2.395
1258	Hac	15097	0.191	1	1	2.391
1259	game	15105	0.191	1	1	2.391
1260	feathers	15142	0.191	1	1	2.387
1261	begun	45469	0.574	3	2	2.386
1262	blew	15173	0.192	1	1	2.384
1263	loco	15190	0.192	1	1	2.382
1264	condemned	91164	1.151	6	6	2.382
1265	foe	15213	0.192	1	1	2.38
1266	muse	15327	0.194	1	1	2.37
1267	argues	15381	0.194	1	1	2.364
1268	ruins	15379	0.194	1	1	2.364
1269	tail	30912	0.39	2	2	2.357
1270	Dog	30988	0.391	2	2	2.354
1271	58	15554	0.196	1	1	2.348
1272	'm	31244	0.395	2	2	2.342
1273	expound	15629	0.197	1	1	2.342
1274	yearly	31375	0.396	2	1	2.336
1275	judgment	235552	2.974	15	10	2.334
1276	deserts	15722	0.199	1	1	2.333
1277	eats	15783	0.199	1	1	2.327
1278	hairs	15863	0.2	1	1	2.32
1279	penitent	15876	0.201	1	1	2.318
1280	dost	31931	0.403	2	2	2.31
1281	lewd	15983	0.202	1	1	2.309
1282	befall	16025	0.202	1	1	2.305
1283	're	16048	0.203	1	1	2.303
1284	doubtless	32131	0.406	2	2	2.302
1285	fitly	16083	0.203	1	1	2.3
1286	worse	96916	1.224	6	6	2.294
1287	meanest	16212	0.205	1	1	2.288
1288	win	32483	0.41	2	2	2.286
1289	hereunto	16278	0.206	1	1	2.283
1290	worshipped	32660	0.412	2	1	2.278
1291	spoken	147126	1.858	9	9	2.276
1292	silly	16358	0.207	1	1	2.276
1293	houses	114523	1.446	7	4	2.275
1294	sale	16370	0.207	1	1	2.274
1295	female	16395	0.207	1	1	2.272
1296	kept	180349	2.277	11	7	2.272
1297	keeper	16401	0.207	1	1	2.272
1298	quarrel	32992	0.417	2	2	2.263
1299	impious	16500	0.208	1	1	2.263
1300	peoples	33008	0.417	2	2	2.263
1301	destroyed	66138	0.835	4	1	2.26
1302	iniquities	16575	0.209	1	1	2.256
1303	17	133873	1.69	8	7	2.243
1304	col	16743	0.211	1	1	2.242
1305	foretold	16838	0.213	1	1	2.234
1306	treasure	50519	0.638	3	3	2.234
1307	ma	16855	0.213	1	1	2.232
1308	complained	16882	0.213	1	1	2.23
1309	hates	16898	0.213	1	1	2.228
1310	fly	84799	1.071	5	5	2.223
1311	soil	16992	0.215	1	1	2.22
1312	admired	17008	0.215	1	1	2.219
1313	cleared	17054	0.215	1	1	2.216
1314	Infidels	17053	0.215	1	1	2.216
1315	commit	51155	0.646	3	3	2.216
1316	advanced	34128	0.431	2	2	2.215
1317	visit	34153	0.431	2	2	2.214
1318	professed	34256	0.433	2	2	2.209
1319	contracted	17181	0.217	1	1	2.205
1320	discerned	17249	0.218	1	1	2.199
1321	Peters	17256	0.218	1	1	2.198
1322	become	172873	2.183	10	8	2.196
1323	twenty	103869	1.312	6	6	2.194
1324	deceitful	17392	0.22	1	1	2.187
1325	forsake	52263	0.66	3	3	2.185
1326	accursed	17442	0.22	1	1	2.183
1327	bands	17458	0.22	1	1	2.182
1328	regiment	17461	0.221	1	1	2.181
1329	esteemed	52613	0.664	3	3	2.175
1330	Gall	17567	0.222	1	1	2.173
1331	Apostasy	17588	0.222	1	1	2.171
1332	fools	35223	0.445	2	2	2.169
1333	sitting	35270	0.445	2	2	2.167
1334	Catholics	17885	0.226	1	1	2.147
1335	meddle	17894	0.226	1	1	2.146
1336	stage	17895	0.226	1	1	2.146
1337	steal	17906	0.226	1	1	2.145
1338	smooth	17906	0.226	1	1	2.145
1339	captains	35824	0.452	2	1	2.145
1340	Cui	17993	0.227	1	1	2.138
1341	betrayed	18001	0.227	1	1	2.137
1342	celebrated	18043	0.228	1	1	2.134
1343	corrupted	36122	0.456	2	2	2.133
1344	Israel	162651	2.054	9	7	2.132
1345	great	1790493	22.608	99	43	2.131
1346	defiled	18090	0.228	1	1	2.13
1347	comprehended	18167	0.229	1	1	2.124
1348	cheer	18188	0.23	1	1	2.122
1349	marked	18201	0.23	1	1	2.122
1350	fol.	54629	0.69	3	2	2.121
1351	leading	18263	0.231	1	1	2.117
1352	drunkenness	18268	0.231	1	1	2.116
1353	lust	54865	0.693	3	3	2.114
1354	proud	73660	0.93	4	3	2.105
1355	monarch	18420	0.233	1	1	2.104
1356	modest	18444	0.233	1	1	2.102
1357	minor	18443	0.233	1	1	2.102
1358	lets	18569	0.235	1	1	2.092
1359	sometime	55884	0.706	3	3	2.088
1360	Captive	18662	0.236	1	1	2.086
1361	undoubtedly	18754	0.237	1	1	2.078
1362	judging	18760	0.237	1	1	2.078
1363	commodity	18888	0.239	1	1	2.068
1364	masters	75576	0.954	4	4	2.067
1365	adorned	18908	0.239	1	1	2.067
1366	vile	37856	0.478	2	2	2.065
1367	stranger	38063	0.481	2	2	2.057
1368	tempest	19049	0.241	1	1	2.056
1369	humbled	19062	0.241	1	1	2.055
1370	Rises	19110	0.241	1	1	2.051
1371	common	346098	4.37	18	17	2.042
1372	reprove	19294	0.244	1	1	2.037
1373	impiety	19301	0.244	1	1	2.037
1374	throat	19344	0.244	1	1	2.033
1375	mingled	19412	0.245	1	1	2.029
1376	abhor	19419	0.245	1	1	2.028
1377	Tertullian	19440	0.246	1	1	2.026
1378	forbidden	38907	0.491	2	1	2.025
1379	season	58435	0.738	3	3	2.024
1380	intelligence	19523	0.247	1	1	2.02
1381	habitation	19587	0.247	1	1	2.016
1382	devils	59091	0.746	3	2	2.008
1383	approbation	19693	0.249	1	1	2.008
1384	whereon	19704	0.249	1	1	2.007
1385	embraced	19758	0.25	1	1	2.003
1386	valiant	39573	0.5	2	2	2.001
1387	jealous	19806	0.25	1	1	1.999
1388	'll	158479	2.001	8	7	1.999
1389	nice	19841	0.251	1	1	1.997
1390	wool	19852	0.251	1	1	1.996
1391	hollow	19871	0.251	1	1	1.995
1392	ti	19951	0.252	1	1	1.989
1393	simplicity	20072	0.253	1	1	1.981
1394	Uncle	20076	0.254	1	1	1.98
1395	careless	20099	0.254	1	1	1.978
1396	gentlemen	60495	0.764	3	3	1.974
1397	calls	121932	1.54	6	5	1.962
1398	converted	40728	0.514	2	1	1.959
1399	vp	20410	0.258	1	1	1.956
1400	kindred	20409	0.258	1	1	1.956
1401	burned	20536	0.259	1	1	1.947
1402	base	61654	0.779	3	3	1.946
1403	Wine	164447	2.076	8	7	1.946
1404	wear	20558	0.26	1	1	1.946
1405	fall	267911	3.383	13	12	1.942
1406	fool	41266	0.521	2	2	1.94
1407	thrice	20696	0.261	1	1	1.936
1408	colours	41565	0.525	2	2	1.93
1409	Enter	145726	1.84	7	7	1.928
1410	swearing	20821	0.263	1	1	1.927
1411	open	187653	2.369	9	8	1.925
1412	rewards	20903	0.264	1	1	1.922
1413	rot	20942	0.264	1	1	1.919
1414	Lewis	20972	0.265	1	1	1.917
1415	foes	20990	0.265	1	1	1.916
1416	Es	21017	0.265	1	1	1.914
1417	seated	21058	0.266	1	1	1.911
1418	fr	63238	0.799	3	3	1.91
1419	superstitious	21092	0.266	1	1	1.909
1420	mystical	21135	0.267	1	1	1.906
1421	Mistress	42310	0.534	2	2	1.905
1422	discovered	63467	0.801	3	3	1.904
1423	Bellarmine	21215	0.268	1	1	1.9
1424	politic	21242	0.268	1	1	1.899
1425	precious	85205	1.076	4	4	1.894
1426	Proverb	21331	0.269	1	1	1.893
1427	Tale	21357	0.27	1	1	1.891
1428	Hell	149518	1.888	7	5	1.891
1429	Grand	42729	0.54	2	2	1.89
1430	Deuteronomy	64271	0.812	3	3	1.886
1431	pence	21465	0.271	1	1	1.884
1432	encourage	21511	0.272	1	1	1.88
1433	foul	43393	0.548	2	2	1.868
1434	Wales	21702	0.274	1	1	1.868
1435	borne	86876	1.097	4	3	1.866
1436	women	152987	1.932	7	7	1.857
1437	busy	21920	0.277	1	1	1.853
1438	Laugh	21938	0.277	1	1	1.852
1439	Chair	21959	0.277	1	1	1.85
1440	Irish	22076	0.279	1	1	1.843
1441	human	22158	0.28	1	1	1.838
1442	knees	22165	0.28	1	1	1.837
1443	virgins	22219	0.281	1	1	1.833
1444	scope	22219	0.281	1	1	1.833
1445	got	88984	1.124	4	4	1.832
1446	gotten	44665	0.564	2	2	1.826
1447	il	44690	0.564	2	1	1.825
1448	notorious	22363	0.282	1	1	1.824
1449	eggs	22433	0.283	1	1	1.82
1450	company	157530	1.989	7	5	1.815
1451	ruled	22509	0.284	1	1	1.815
1452	weeping	22605	0.285	1	1	1.809
1453	alas	67915	0.858	3	2	1.807
1454	submit	45284	0.572	2	1	1.806
1455	entertainment	22650	0.286	1	1	1.806
1456	begins	45496	0.575	2	2	1.8
1457	similitude	22791	0.288	1	1	1.797
1458	throne	68392	0.864	3	2	1.797
1459	indignation	22811	0.288	1	1	1.796
1460	admire	22861	0.289	1	1	1.792
1461	grown	45966	0.58	2	2	1.785
1462	appeared	69228	0.874	3	3	1.779
1463	urged	23145	0.292	1	1	1.775
1464	showing	46685	0.59	2	2	1.762
1465	stroke	23344	0.295	1	1	1.762
1466	minded	23388	0.295	1	1	1.76
1467	merchant	23511	0.297	1	1	1.752
1468	Thrown	23518	0.297	1	1	1.751
1469	judgements	47124	0.595	2	2	1.749
1470	ego	23639	0.299	1	1	1.744
1471	dwell	70987	0.896	3	2	1.743
1472	rich	142318	1.797	6	5	1.739
1473	bad	95210	1.202	4	2	1.734
1474	lie	168129	2.123	7	7	1.721
1475	Shake	24043	0.304	1	1	1.72
1476	lies	96467	1.218	4	4	1.715
1477	earnest	48238	0.609	2	2	1.715
1478	boast	24120	0.305	1	1	1.715
1479	absent	24129	0.305	1	1	1.715
1480	ante	24167	0.305	1	1	1.713
1481	worst	48340	0.61	2	2	1.712
1482	seven	120863	1.526	5	5	1.712
1483	farewell	24180	0.305	1	1	1.712
1484	whiles	24191	0.306	1	1	1.711
1485	eat	145185	1.833	6	3	1.711
1486	Fox	24216	0.306	1	1	1.709
1487	decreed	24249	0.306	1	1	1.707
1488	younger	24318	0.307	1	1	1.703
1489	clock	24334	0.307	1	1	1.702
1490	pull	24362	0.308	1	1	1.701
1491	coat	24384	0.308	1	1	1.699
1492	seeks	24462	0.309	1	1	1.695
1493	mourning	24529	0.31	1	1	1.691
1494	bed	73593	0.929	3	3	1.691
1495	garment	24609	0.311	1	1	1.686
1496	col.	49217	0.621	2	1	1.686
1497	allege	24686	0.312	1	1	1.682
1498	hatred	49444	0.624	2	2	1.68
1499	lights	24751	0.313	1	1	1.678
1500	woods	24782	0.313	1	1	1.676
1501	imperfect	24941	0.315	1	1	1.667
1502	companions	24999	0.316	1	1	1.663
1503	bones	50056	0.632	2	2	1.662
1504	dwells	25035	0.316	1	1	1.662
1505	burnt	50113	0.633	2	2	1.66
1506	goes	100413	1.268	4	4	1.658
1507	colour	100836	1.273	4	3	1.652
1508	secretly	25285	0.319	1	1	1.647
1509	nose	25309	0.32	1	1	1.646
1510	properties	25319	0.32	1	1	1.645
1511	putting	50647	0.64	2	2	1.645
1512	loves	76043	0.96	3	3	1.644
1513	smell	25352	0.32	1	1	1.643
1514	consecrated	25356	0.32	1	1	1.643
1515	?	2527462	31.914	99	56	1.633
1516	sex	25550	0.323	1	1	1.632
1517	Popes	76677	0.968	3	3	1.632
1518	fellow	51208	0.647	2	2	1.629
1519	clothed	25607	0.323	1	1	1.629
1520	commandments	51345	0.648	2	2	1.625
1521	signification	25765	0.325	1	1	1.62
1522	O	541781	6.841	21	13	1.618
1523	peculiar	51984	0.656	2	2	1.607
1524	Lover	26112	0.33	1	1	1.601
1525	Pan	26291	0.332	1	1	1.591
1526	a	14471665	182.729	550	190	1.59
1527	ass	26382	0.333	1	1	1.586
1528	calling	105619	1.334	4	4	1.585
1529	foolish	52888	0.668	2	2	1.583
1530	wanted	26501	0.335	1	1	1.579
1531	tom	26564	0.335	1	1	1.576
1532	refuse	53146	0.671	2	1	1.575
1533	Lays	26622	0.336	1	1	1.573
1534	behaviour	26702	0.337	1	1	1.568
1535	Britain	26773	0.338	1	1	1.564
1536	modesty	26836	0.339	1	1	1.561
1537	communicate	27013	0.341	1	1	1.552
1538	bears	54088	0.683	2	2	1.55
1539	apparel	27082	0.342	1	1	1.548
1540	soldiers	136167	1.719	5	3	1.54
1541	loath	27335	0.345	1	1	1.534
1542	44	27360	0.346	1	1	1.533
1543	defended	27388	0.346	1	1	1.532
1544	call	328774	4.151	12	12	1.531
1545	hereby	55021	0.695	2	2	1.526
1546	dispose	27603	0.349	1	1	1.521
1547	Temples	27639	0.349	1	1	1.519
1548	undertake	27793	0.351	1	1	1.511
1549	hanged	27832	0.351	1	1	1.509
1550	slaves	28066	0.354	1	1	1.497
1551	Ecclesiae	28090	0.355	1	1	1.495
1552	cut	140466	1.774	5	5	1.495
1553	Followers	28164	0.356	1	1	1.492
1554	render	56345	0.712	2	2	1.491
1555	Wholesome	28319	0.358	1	1	1.484
1556	tyrant	28325	0.358	1	1	1.483
1557	compare	28481	0.36	1	1	1.476
1558	yield	85483	1.079	3	3	1.475
1559	young	171502	2.166	6	5	1.47
1560	Apply	57357	0.724	2	2	1.466
1561	solid	28842	0.364	1	1	1.457
1562	assemblies	28871	0.365	1	1	1.456
1563	like	1070087	13.512	37	32	1.453
1564	Vision	28960	0.366	1	1	1.451
1565	weather	29174	0.368	1	1	1.441
1566	Simon	29226	0.369	1	1	1.438
1567	zealous	29282	0.37	1	1	1.436
1568	rise	87880	1.11	3	3	1.435
1569	Noble	146938	1.855	5	5	1.43
1570	Cardinal	58899	0.744	2	1	1.427
1571	miracle	29540	0.373	1	1	1.423
1572	faces	29653	0.374	1	1	1.417
1573	condemn	59378	0.75	2	2	1.416
1574	sober	29705	0.375	1	1	1.415
1575	reports	29748	0.376	1	1	1.413
1576	daily	119047	1.503	4	4	1.412
1577	23.	59639	0.753	2	2	1.409
1578	term	59683	0.754	2	2	1.408
1579	rank	29920	0.378	1	1	1.404
1580	signify	59908	0.756	2	2	1.403
1581	entertain	30000	0.379	1	1	1.4
1582	face	181454	2.291	6	5	1.389
1583	Jupiter	30367	0.383	1	1	1.383
1584	contain	30528	0.386	1	1	1.375
1585	commend	30571	0.386	1	1	1.373
1586	wretched	30683	0.387	1	1	1.368
1587	speeches	30693	0.388	1	1	1.367
1588	absence	30716	0.388	1	1	1.367
1589	star	30709	0.388	1	1	1.367
1590	opposed	30763	0.388	1	1	1.364
1591	testify	30813	0.389	1	1	1.362
1592	discretion	30869	0.39	1	1	1.359
1593	dream	30913	0.39	1	1	1.357
1594	Idols	30951	0.391	1	1	1.355
1595	bring	310345	3.919	10	10	1.352
1596	Mr	31112	0.393	1	1	1.348
1597	monarchy	31153	0.393	1	1	1.346
1598	whose	468798	5.919	15	15	1.341
1599	condemnation	31282	0.395	1	1	1.34
1600	terror	31309	0.395	1	1	1.339
1601	deed	62715	0.792	2	2	1.337
1602	understood	125485	1.585	4	2	1.336
1603	shame	94222	1.19	3	3	1.334
1604	Art	315875	3.989	10	7	1.326
1605	abused	31590	0.399	1	1	1.326
1606	branch	31608	0.399	1	1	1.325
1607	later	31782	0.401	1	1	1.317
1608	hang	31830	0.402	1	1	1.315
1609	bondage	31829	0.402	1	1	1.315
1610	wished	31831	0.402	1	1	1.315
1611	presume	31879	0.403	1	1	1.313
1612	beauty	95667	1.208	3	3	1.312
1613	admirable	31909	0.403	1	1	1.312
1614	comes	255457	3.226	8	8	1.31
1615	cries	32046	0.405	1	1	1.305
1616	happily	32065	0.405	1	1	1.304
1617	interpretation	32092	0.405	1	1	1.303
1618	dogs	32101	0.405	1	1	1.303
1619	eaten	32125	0.406	1	1	1.302
1620	door	64326	0.812	2	2	1.3
1621	consequently	64502	0.814	2	2	1.296
1622	Fie	32306	0.408	1	1	1.294
1623	upper	32317	0.408	1	1	1.293
1624	bosom	32336	0.408	1	1	1.292
1625	purchase	32356	0.409	1	1	1.292
1626	maintenance	32482	0.41	1	1	1.286
1627	diligent	32533	0.411	1	1	1.283
1628	remaining	32552	0.411	1	1	1.283
1629	something	97686	1.234	3	3	1.282
1630	Francis	32629	0.412	1	1	1.279
1631	greatness	65345	0.825	2	1	1.277
1632	withal	98276	1.241	3	2	1.274
1633	innocent	65570	0.828	2	2	1.272
1634	divide	32819	0.414	1	1	1.271
1635	sit	131502	1.66	4	3	1.268
1636	torments	32888	0.415	1	1	1.268
1637	ashes	32944	0.416	1	1	1.265
1638	executed	33017	0.417	1	1	1.262
1639	chose	33127	0.418	1	1	1.257
1640	Chapter	132959	1.679	4	1	1.253
1641	thou	1398203	17.655	42	31	1.25
1642	called	768363	9.702	23	17	1.245
1643	bestow	33438	0.422	1	1	1.244
1644	summer	33500	0.423	1	1	1.241
1645	turn	167524	2.115	5	4	1.241
1646	growing	33517	0.423	1	1	1.241
1647	wax	33550	0.424	1	1	1.239
1648	hazard	33564	0.424	1	1	1.239
1649	white	134914	1.704	4	3	1.231
1650	head	338290	4.272	10	9	1.227
1651	Hen	33893	0.428	1	1	1.224
1652	soldier	33917	0.428	1	1	1.223
1653	triumph	33934	0.429	1	1	1.223
1654	horse	136110	1.719	4	4	1.219
1655	better	443737	5.603	13	11	1.214
1656	Poet	34204	0.432	1	1	1.211
1657	make	1313915	16.59	38	33	1.196
1658	friend	138523	1.749	4	3	1.193
1659	reproach	34657	0.438	1	1	1.192
1660	beaten	34661	0.438	1	1	1.192
1661	scorn	34703	0.438	1	1	1.19
1662	bare	69451	0.877	2	1	1.19
1663	blame	34974	0.442	1	1	1.179
1664	broad	35012	0.442	1	1	1.178
1665	else	281410	3.553	8	6	1.171
1666	an	2497908	31.54	71	52	1.171
1667	fight	105643	1.334	3	3	1.169
1668	drink	140890	1.779	4	4	1.169
1669	delights	35263	0.445	1	1	1.167
1670	Fate	35533	0.449	1	1	1.156
1671	ran	35556	0.449	1	1	1.155
1672	pay	106691	1.347	3	2	1.155
1673	laying	35626	0.45	1	1	1.153
1674	wrong	71272	0.9	2	2	1.152
1675	utterly	71440	0.902	2	2	1.149
1676	song	35727	0.451	1	1	1.148
1677	stock	35766	0.452	1	1	1.147
1678	acknowledged	35881	0.453	1	1	1.142
1679	Why	394748	4.984	11	9	1.142
1680	trade	71989	0.909	2	1	1.138
1681	despair	36035	0.455	1	1	1.136
1682	hither	36037	0.455	1	1	1.136
1683	secret	108173	1.366	3	3	1.135
1684	moreover	72198	0.912	2	2	1.134
1685	Luther	36123	0.456	1	1	1.133
1686	desirous	36305	0.458	1	1	1.125
1687	Kings	363629	4.591	10	7	1.123
1688	birds	36376	0.459	1	1	1.122
1689	priests	145909	1.842	4	4	1.118
1690	turned	109846	1.387	3	3	1.113
1691	fail	73352	0.926	2	2	1.111
1692	prove	220093	2.779	6	5	1.11
1693	resolve	36730	0.464	1	1	1.108
1694	became	73544	0.929	2	2	1.107
1695	mouths	36905	0.466	1	1	1.102
1696	clothes	36950	0.467	1	1	1.1
1697	Jesuits	37256	0.47	1	1	1.088
1698	spend	37287	0.471	1	1	1.087
1699	t	186780	2.358	5	5	1.084
1700	diverse	37369	0.472	1	1	1.084
1701	temptation	37377	0.472	1	1	1.083
1702	false	224466	2.834	6	6	1.082
1703	midst	74832	0.945	2	2	1.082
1704	enough	225014	2.841	6	6	1.078
1705	numbers	37529	0.474	1	1	1.077
1706	fifty	37601	0.475	1	1	1.075
1707	SHine	37727	0.476	1	1	1.07
1708	impossible	75536	0.954	2	2	1.068
1709	punishment	113533	1.434	3	3	1.065
1710	separated	37858	0.478	1	1	1.065
1711	omnes	38114	0.481	1	1	1.055
1712	Host	38170	0.482	1	1	1.053
1713	practise	76565	0.967	2	2	1.049
1714	tyranny	38301	0.484	1	1	1.048
1715	maintained	38390	0.485	1	1	1.045
1716	FINIS	38468	0.486	1	1	1.042
1717	specially	38732	0.489	1	1	1.032
1718	drew	38764	0.49	1	1	1.031
1719	next	271507	3.428	7	5	1.03
1720	hath	1823449	23.024	47	38	1.03
1721	truly	193999	2.45	5	5	1.029
1722	qualities	38805	0.49	1	1	1.029
1723	fourthly	38947	0.492	1	1	1.024
1724	spare	38949	0.492	1	1	1.024
1725	teaching	39101	0.494	1	1	1.018
1726	Lordship	39217	0.495	1	1	1.014
1727	turns	39404	0.498	1	1	1.007
1728	Nay	158341	1.999	4	3	1.001
1729	lo	39596	0.5	1	1	1
1730	once	277740	3.507	7	7	0.997
1731	19	119133	1.504	3	2	0.996
1732	signifies	79472	1.004	2	2	0.995
1733	's	1833403	23.15	46	32	0.991
1734	fashion	39934	0.504	1	1	0.988
1735	nought	39966	0.505	1	1	0.987
1736	Pope	240165	3.033	6	6	0.984
1737	ends	80149	1.012	2	2	0.983
1738	confessed	40109	0.506	1	1	0.982
1739	castle	80430	1.016	2	2	0.978
1740	runs	40288	0.509	1	1	0.975
1741	comparison	40468	0.511	1	1	0.969
1742	provide	40597	0.513	1	1	0.964
1743	house	407406	5.144	10	9	0.959
1744	pounds	40756	0.515	1	1	0.958
1745	ladies	41212	0.52	1	1	0.942
1746	proves	41434	0.523	1	1	0.935
1747	except	124877	1.577	3	3	0.928
1748	Germany	41636	0.526	1	1	0.928
1749	Accept	41690	0.526	1	1	0.926
1750	altogether	83475	1.054	2	2	0.924
1751	city	377406	4.765	9	7	0.917
1752	Gates	42043	0.531	1	1	0.913
1753	divided	84122	1.062	2	1	0.913
1754	mad	42332	0.535	1	1	0.904
1755	betwixt	127079	1.605	3	3	0.903
1756	rose	42445	0.536	1	1	0.9
1757	nor	1146191	14.473	27	21	0.9
1758	nine	42485	0.536	1	1	0.899
1759	fact	42577	0.538	1	1	0.895
1760	adds	42811	0.541	1	1	0.887
1761	frequent	43207	0.546	1	1	0.874
1762	18	129797	1.639	3	3	0.872
1763	28.	43571	0.55	1	1	0.862
1764	endeavours	43626	0.551	1	1	0.86
1765	spread	43759	0.553	1	1	0.856
1766	mark	131282	1.658	3	3	0.856
1767	returned	87529	1.105	2	2	0.856
1768	Ergo	43824	0.553	1	1	0.854
1769	cry	87922	1.11	2	2	0.849
1770	Bringing	44028	0.556	1	1	0.847
1771	yours	44031	0.556	1	1	0.847
1772	humbly	44038	0.556	1	1	0.847
1773	Ibid.	44084	0.557	1	1	0.845
1774	nations	132713	1.676	3	3	0.84
1775	captain	88772	1.121	2	2	0.835
1776	reputation	44574	0.563	1	1	0.829
1777	Yes	44644	0.564	1	1	0.827
1778	privileges	44698	0.564	1	1	0.825
1779	then	2700348	34.097	60	41	0.815
1780	Beat	45020	0.569	1	1	0.815
1781	th	180132	2.275	4	4	0.814
1782	34	45179	0.571	1	1	0.81
1783	abuse	45195	0.571	1	1	0.809
1784	mans	181090	2.287	4	4	0.807
1785	Brethren	136332	1.721	3	3	0.801
1786	stead	45532	0.575	1	1	0.799
1787	settled	45575	0.576	1	1	0.797
1788	guard	45684	0.577	1	1	0.794
1789	shadow	45786	0.578	1	1	0.791
1790	cried	45966	0.58	1	1	0.785
1791	yea	321813	4.063	7	7	0.785
1792	rage	46100	0.582	1	1	0.781
1793	live	322774	4.076	7	7	0.78
1794	merciful	46370	0.586	1	1	0.772
1795	sir	371184	4.687	8	8	0.771
1796	strange	139257	1.758	3	3	0.771
1797	lands	92853	1.172	2	2	0.771
1798	flesh	279311	3.527	6	3	0.767
1799	vice	46611	0.589	1	1	0.765
1800	gate	46617	0.589	1	1	0.765
1801	still	373001	4.71	8	8	0.764
1802	riches	93796	1.184	2	2	0.756
1803	16.	93810	1.185	2	2	0.756
1804	madam	46920	0.592	1	1	0.755
1805	si	141064	1.781	3	2	0.752
1806	clear	141407	1.786	3	2	0.749
1807	W.	47212	0.596	1	1	0.746
1808	hot	94567	1.194	2	2	0.744
1809	mixed	47413	0.599	1	1	0.74
1810	son	570683	7.206	12	11	0.736
1811	Showed	142959	1.805	3	3	0.733
1812	devil	190658	2.407	4	4	0.733
1813	sat	47715	0.603	1	1	0.731
1814	:	8018849	101.252	168	96	0.731
1815	d	143450	1.811	3	2	0.728
1816	fury	47909	0.605	1	1	0.725
1817	warrant	48147	0.608	1	1	0.718
1818	ashamed	48199	0.609	1	1	0.716
1819	fine	96522	1.219	2	2	0.715
1820	speaking	96859	1.223	2	2	0.71
1821	go	533648	6.738	11	8	0.707
1822	violent	48514	0.613	1	1	0.707
1823	portion	48529	0.613	1	1	0.707
1824	working	48604	0.614	1	1	0.704
1825	burning	48634	0.614	1	1	0.703
1826	wh	48807	0.616	1	1	0.698
1827	noted	48905	0.618	1	1	0.695
1828	charged	49036	0.619	1	1	0.692
1829	wicked	246712	3.115	5	5	0.683
1830	forget	49494	0.625	1	1	0.678
1831	news	49502	0.625	1	1	0.678
1832	id	49498	0.625	1	1	0.678
1833	Image	99324	1.254	2	1	0.673
1834	belong	49750	0.628	1	1	0.671
1835	loss	99713	1.259	2	2	0.668
1836	&#x14d;	499329	6.305	10	10	0.665
1837	Lamb	50063	0.632	1	1	0.662
1838	suffered	100182	1.265	2	2	0.661
1839	many	1356675	17.13	27	19	0.656
1840	journey	50247	0.635	1	1	0.656
1841	amongst	251926	3.181	5	5	0.652
1842	each	252025	3.182	5	5	0.652
1843	Dominion	50446	0.637	1	1	0.651
1844	Fortune	101130	1.277	2	2	0.647
1845	7.	151741	1.916	3	3	0.647
1846	posterity	50699	0.64	1	1	0.643
1847	gold	152169	1.921	3	3	0.643
1848	Catholic	101512	1.282	2	2	0.642
1849	ARM	50968	0.644	1	1	0.636
1850	tell	255280	3.223	5	5	0.633
1851	prophecy	51210	0.647	1	1	0.629
1852	magistrate	51237	0.647	1	1	0.628
1853	testimony	102732	1.297	2	2	0.625
1854	plain	154580	1.952	3	3	0.62
1855	holiness	103065	1.301	2	2	0.62
1856	careful	51701	0.653	1	1	0.615
1857	thy	1346327	17	26	16	0.613
1858	admitted	51831	0.655	1	1	0.612
1859	thousand	207672	2.622	4	4	0.609
1860	learn	104113	1.315	2	2	0.605
1861	bless	52076	0.658	1	1	0.605
1862	whom	782727	9.883	15	14	0.602
1863	believing	52233	0.66	1	1	0.601
1864	looks	52264	0.66	1	1	0.6
1865	pen	52272	0.66	1	1	0.599
1866	parties	52516	0.663	1	1	0.593
1867	hid	52578	0.664	1	1	0.591
1868	excuse	52632	0.665	1	1	0.589
1869	promised	105333	1.33	2	2	0.589
1870	hundred	212307	2.681	4	3	0.577
1871	instance	53150	0.671	1	1	0.575
1872	Secondly	160056	2.021	3	3	0.57
1873	usually	53352	0.674	1	1	0.57
1874	taken	481305	6.077	9	8	0.566
1875	mouth	161086	2.034	3	3	0.561
1876	Setting	53750	0.679	1	1	0.559
1877	conversation	53957	0.681	1	1	0.554
1878	Heir	53990	0.682	1	1	0.553
1879	knew	162531	2.052	3	3	0.548
1880	Chap	271060	3.423	5	3	0.547
1881	sheweth	54422	0.687	1	1	0.541
1882	Night	217853	2.751	4	4	0.54
1883	dear	109293	1.38	2	2	0.535
1884	shall	2624249	33.136	48	35	0.535
1885	mystery	54678	0.69	1	1	0.534
1886	Paris	54729	0.691	1	1	0.533
1887	though	1040761	13.141	19	13	0.532
1888	brings	54834	0.692	1	1	0.53
1889	)	3126749	39.481	57	42	0.53
1890	willingly	54908	0.693	1	1	0.528
1891	thereupon	55032	0.695	1	1	0.525
1892	meaning	110075	1.39	2	2	0.525
1893	discover	55186	0.697	1	1	0.521
1894	name	607418	7.67	11	11	0.52
1895	children	387096	4.888	7	7	0.518
1896	Henry	110662	1.397	2	1	0.517
1897	*	55385	0.699	1	1	0.516
1898	ordinance	55547	0.701	1	1	0.512
1899	departed	55560	0.702	1	1	0.511
1900	void	55647	0.703	1	1	0.509
1901	sold	55694	0.703	1	1	0.508
1902	Satan	111662	1.41	2	2	0.504
1903	equal	111972	1.414	2	2	0.5
1904	singular	56003	0.707	1	1	0.5
1905	forty	56096	0.708	1	1	0.498
1906	breast	56115	0.709	1	1	0.497
1907	gone	112323	1.418	2	2	0.496
1908	rather	393402	4.967	7	7	0.495
1909	meant	112513	1.421	2	1	0.493
1910	mountains	56383	0.712	1	1	0.49
1911	hard	169293	2.138	3	3	0.489
1912	Mass	56555	0.714	1	1	0.486
1913	doth	963309	12.163	17	15	0.483
1914	lived	113584	1.434	2	2	0.48
1915	swear	56939	0.719	1	1	0.476
1916	clearly	57009	0.72	1	1	0.474
1917	touch	57247	0.723	1	1	0.468
1918	upon	2522161	31.847	44	30	0.466
1919	folly	57369	0.724	1	1	0.465
1920	wit	172149	2.174	3	1	0.465
1921	stomach	57673	0.728	1	1	0.458
1922	Arms	173309	2.188	3	3	0.455
1923	seeing	231216	2.92	4	4	0.454
1924	convenient	57866	0.731	1	1	0.453
1925	report	58002	0.732	1	1	0.449
1926	sudden	58065	0.733	1	1	0.448
1927	Keeping	58223	0.735	1	1	0.444
1928	remember	116819	1.475	2	2	0.439
1929	giving	117136	1.479	2	2	0.435
1930	diseases	58776	0.742	1	1	0.43
1931	English	176398	2.227	3	3	0.43
1932	paid	58812	0.743	1	1	0.429
1933	up	1119358	14.134	19	13	0.427
1934	proved	118293	1.494	2	2	0.421
1935	with	6743369	85.147	114	73	0.421
1936	your	2073026	26.176	35	21	0.419
1937	down	533657	6.738	9	8	0.418
1938	&	2737777	34.569	46	30	0.412
1939	therein	178975	2.26	3	3	0.409
1940	allowed	59743	0.754	1	1	0.407
1941	supper	60000	0.758	1	1	0.4
1942	names	120160	1.517	2	2	0.399
1943	where	1086411	13.718	18	15	0.392
1944	indeed	301803	3.811	5	5	0.392
1945	21.	60549	0.765	1	1	0.387
1946	mortal	60563	0.765	1	1	0.387
1947	breath	60807	0.768	1	1	0.381
1948	excellency	60896	0.769	1	1	0.379
1949	Because	1157094	14.61	19	17	0.379
1950	change	122021	1.541	2	2	0.376
1951	substance	122160	1.543	2	2	0.375
1952	12.	122418	1.546	2	1	0.372
1953	arise	61558	0.777	1	1	0.363
1954	Town	184940	2.335	3	3	0.361
1955	wild	61696	0.779	1	1	0.36
1956	priest	123560	1.56	2	2	0.358
1957	want	185706	2.345	3	3	0.355
1958	Italy	62147	0.785	1	1	0.35
1959	scarce	62192	0.785	1	1	0.349
1960	The	59190422	747.38	947	239	0.342
1961	Repent	62610	0.791	1	1	0.339
1962	value	62647	0.791	1	1	0.338
1963	money	188212	2.377	3	2	0.336
1964	pleasures	62853	0.794	1	1	0.334
1965	rejoice	63078	0.797	1	1	0.328
1966	away	504942	6.376	8	5	0.327
1967	trust	126242	1.594	2	2	0.327
1968	under	696455	8.794	11	8	0.323
1969	north	63334	0.8	1	1	0.322
1970	Verse	254782	3.217	4	3	0.314
1971	3.	318523	4.022	5	4	0.314
1972	saw	191431	2.417	3	2	0.312
1973	clean	63893	0.807	1	1	0.31
1974	6.	191822	2.422	3	2	0.309
1975	Alexander	64017	0.808	1	1	0.307
1976	you	3714542	46.902	58	37	0.306
1977	gives	192161	2.426	3	3	0.306
1978	see	961542	12.141	15	12	0.305
1979	west	64326	0.812	1	1	0.3
1980	known	257669	3.254	4	4	0.298
1981	glorious	128843	1.627	2	2	0.298
1982	earth	451529	5.701	7	7	0.296
1983	of	39170514	494.594	607	203	0.295
1984	g	64551	0.815	1	1	0.295
1985	absolute	64604	0.816	1	1	0.294
1986	Pleased	129448	1.635	2	2	0.291
1987	is	12301699	155.33	189	90	0.283
1988	avoid	65191	0.823	1	1	0.281
1989	seed	130549	1.648	2	2	0.279
1990	former	261116	3.297	4	3	0.279
1991	that	17465266	220.529	267	136	0.276
1992	affirm	65605	0.828	1	1	0.272
1993	,	97296499	1228.534	1483	318	0.272
1994	hours	65642	0.829	1	1	0.271
1995	times	394191	4.977	6	6	0.27
1996	thus	788750	9.959	12	12	0.269
1997	brought	394377	4.98	6	5	0.269
1998	lying	65748	0.83	1	1	0.268
1999	state	329799	4.164	5	5	0.264
2000	Gentleman	66021	0.834	1	1	0.263
2001	errors	66120	0.835	1	1	0.26
2002	ibid	66183	0.836	1	1	0.259
2003	went	264770	3.343	4	3	0.259
2004	wherein	332751	4.202	5	5	0.251
2005	success	67089	0.847	1	1	0.239
2006	language	67133	0.848	1	1	0.238
2007	applied	67388	0.851	1	1	0.233
2008	Clergy	67422	0.851	1	1	0.232
2009	Observe	135204	1.707	2	2	0.228
2010	outward	135202	1.707	2	2	0.228
2011	three	474878	5.996	7	6	0.223
2012	satisfied	67883	0.857	1	1	0.222
2013	dare	135920	1.716	2	2	0.221
2014	say	1089806	13.761	16	14	0.218
2015	fair	204535	2.583	3	3	0.216
2016	twelve	68218	0.861	1	1	0.215
2017	or	6140246	77.531	90	58	0.215
2018	e	136544	1.724	2	1	0.214
2019	(	3147389	39.741	46	29	0.211
2020	argument	136912	1.729	2	2	0.21
2021	mary	68927	0.87	1	1	0.2
2022	worship	206782	2.611	3	3	0.2
2023	six	138046	1.743	2	2	0.198
2024	Witnesses	69349	0.876	1	1	0.192
2025	tender	69450	0.877	1	1	0.19
2026	Hence	139086	1.756	2	2	0.188
2027	Mankind	69641	0.879	1	1	0.186
2028	sons	139530	1.762	2	2	0.183
2029	show	349122	4.408	5	5	0.182
2030	Ghost	139834	1.766	2	2	0.18
2031	parts	350458	4.425	5	5	0.176
2032	.	39047260	493.038	555	172	0.171
2033	l	70403	0.889	1	1	0.17
2034	stones	70601	0.892	1	1	0.166
2035	yet	1835928	23.182	26	24	0.166
2036	created	70624	0.892	1	1	0.165
2037	thine	141265	1.784	2	2	0.165
2038	thinks	71088	0.898	1	1	0.156
2039	blood	426566	5.386	6	5	0.156
2040	Protestants	71207	0.899	1	1	0.153
2041	fathers	213875	2.701	3	3	0.152
2042	properly	71363	0.901	1	1	0.15
2043	wickedness	71915	0.908	1	1	0.139
2044	public	215912	2.726	3	3	0.138
2045	likewise	215998	2.727	3	3	0.137
2046	home	144093	1.819	2	2	0.137
2047	Double	72073	0.91	1	1	0.136
2048	there	2595192	32.769	36	28	0.136
2049	courage	72091	0.91	1	1	0.136
2050	had	2740575	34.604	38	31	0.135
2051	toward	72140	0.911	1	1	0.135
2052	knows	144623	1.826	2	1	0.131
2053	now	1519152	19.182	21	15	0.131
2054	afterward	72483	0.915	1	1	0.128
2055	sure	217623	2.748	3	3	0.127
2056	forward	72541	0.916	1	1	0.127
2057	20	145215	1.834	2	2	0.125
2058	pleasant	72707	0.918	1	1	0.123
2059	am	509469	6.433	7	6	0.122
2060	behind	73039	0.922	1	1	0.117
2061	F.	73082	0.923	1	1	0.116
2062	kingdoms	73313	0.926	1	1	0.111
2063	out	1686345	21.293	23	20	0.111
2064	London	146866	1.854	2	2	0.109
2065	for	9369441	118.305	127	77	0.102
2066	Albeit	73943	0.934	1	1	0.099
2067	red	74028	0.935	1	1	0.097
2068	and	37698224	476.004	508	204	0.094
2069	wherewith	74362	0.939	1	1	0.091
2070	wilt	74391	0.939	1	1	0.09
2071	taking	148788	1.879	2	2	0.09
2072	court	223217	2.819	3	3	0.09
2073	require	74426	0.94	1	1	0.09
2074	performed	74489	0.941	1	1	0.088
2075	ruin	74606	0.942	1	1	0.086
2076	universal	74773	0.944	1	1	0.083
2077	get	149760	1.891	2	1	0.081
2078	Commands	74993	0.947	1	1	0.079
2079	needs	150472	1.9	2	2	0.074
2080	necessity	150548	1.901	2	2	0.073
2081	quality	75538	0.954	1	1	0.068
2082	Fell	151275	1.91	2	2	0.066
2083	seen	227877	2.877	3	3	0.06
2084	Master	228418	2.884	3	3	0.057
2085	doctrine	304623	3.846	4	4	0.056
2086	hereafter	76216	0.962	1	1	0.055
2087	Figure	76261	0.963	1	1	0.055
2088	A.	153020	1.932	2	1	0.05
2089	cast	229673	2.9	3	3	0.049
2090	wish	76763	0.969	1	1	0.045
2091	ignorance	77023	0.973	1	1	0.04
2092	besides	231481	2.923	3	3	0.038
2093	18.	77389	0.977	1	1	0.033
2094	prepared	77762	0.982	1	1	0.026
2095	be	9896153	124.956	127	80	0.023
2096	28	77934	0.984	1	1	0.023
2097	Visible	77964	0.984	1	1	0.023
2098	credit	77984	0.985	1	1	0.022
2099	memory	78094	0.986	1	1	0.02
2100	birth	78181	0.987	1	1	0.019
2101	gain	78199	0.987	1	1	0.018
2102	I	6187300	78.125	79	47	0.016
2103	poor	313465	3.958	4	3	0.015
2104	loved	78391	0.99	1	1	0.015
2105	must	1333555	16.838	17	15	0.014
2106	proof	78647	0.993	1	1	0.01
2107	here	866663	10.943	11	11	0.007
2108	estate	157763	1.992	2	2	0.006
2109	Christs	158654	2.003	2	2	-0.002
2110	until	158797	2.005	2	2	-0.004
2111	faithful	159195	2.01	2	2	-0.007
2112	followed	79683	1.006	1	1	-0.009
2113	spiritual	239256	3.021	3	3	-0.01
2114	who	2315377	29.236	29	23	-0.012
2115	their	5435041	68.627	68	37	-0.013
2116	wars	79970	1.01	1	1	-0.014
2117	virtue	240899	3.042	3	3	-0.02
2118	back	161359	2.037	2	2	-0.027
2119	let	968524	12.229	12	12	-0.027
2120	further	242781	3.066	3	3	-0.031
2121	profession	81244	1.026	1	1	-0.037
2122	lastly	81334	1.027	1	1	-0.038
2123	entered	81333	1.027	1	1	-0.038
2124	should	1871070	23.625	23	21	-0.039
2125	endeavour	81395	1.028	1	1	-0.04
2126	Knight	81427	1.028	1	1	-0.04
2127	sick	81507	1.029	1	1	-0.042
2128	long	571124	7.211	7	6	-0.043
2129	added	81800	1.033	1	1	-0.047
2130	&#x113;	491365	6.204	6	5	-0.048
2131	seek	163878	2.069	2	1	-0.049
2132	small	246878	3.117	3	3	-0.055
2133	Pet	82435	1.041	1	1	-0.058
2134	old	414305	5.231	5	5	-0.065
2135	my	2492426	31.471	30	20	-0.069
2136	un	83123	1.05	1	1	-0.07
2137	living	166437	2.102	2	2	-0.071
2138	Romans	83232	1.051	1	1	-0.072
2139	acknowledge	83501	1.054	1	1	-0.076
2140	made	1503973	18.99	18	17	-0.077
2141	Church	1175787	14.846	14	13	-0.085
2142	grief	84127	1.062	1	1	-0.087
2143	Realm	84195	1.063	1	1	-0.088
2144	5	338721	4.277	4	3	-0.097
2145	on	1948583	24.604	23	21	-0.097
2146	virtues	84914	1.072	1	1	-0.101
2147	whatsoever	170245	2.15	2	2	-0.104
2148	most	1280269	16.166	15	14	-0.108
2149	deal	85541	1.08	1	1	-0.111
2150	no	2739631	34.593	32	27	-0.112
2151	inward	85678	1.082	1	1	-0.113
2152	at	3182175	40.18	37	28	-0.119
2153	destroy	86113	1.087	1	1	-0.121
2154	haste	258415	3.263	3	3	-0.121
2155	&#x101;	258515	3.264	3	3	-0.122
2156	joined	86338	1.09	1	1	-0.125
2157	never	778679	9.832	9	9	-0.128
2158	me	1731164	21.859	20	16	-0.128
2159	named	86879	1.097	1	1	-0.134
2160	Whether	435425	5.498	5	5	-0.137
2161	Disciples	87362	1.103	1	1	-0.142
2162	some	1845849	23.307	21	19	-0.15
2163	laws	264682	3.342	3	2	-0.156
2164	terms	88303	1.115	1	1	-0.157
2165	return	177443	2.241	2	2	-0.164
2166	original	88923	1.123	1	1	-0.167
2167	did	1515759	19.139	17	16	-0.171
2168	Against	1339213	16.91	15	11	-0.173
2169	neither	537051	6.781	6	6	-0.177
2170	wrought	89617	1.132	1	1	-0.178
2171	number	269531	3.403	3	3	-0.182
2172	forced	89873	1.135	1	1	-0.182
2173	sins	361871	4.569	4	4	-0.192
2174	Tree	90586	1.144	1	1	-0.194
2175	will	2993503	37.798	33	29	-0.196
2176	take	907131	11.454	10	10	-0.196
2177	Thirdly	90751	1.146	1	1	-0.196
2178	black	90820	1.147	1	1	-0.198
2179	this	6548918	82.691	72	45	-0.2
2180	easy	91240	1.152	1	1	-0.204
2181	Papists	91413	1.154	1	1	-0.207
2182	guilty	91473	1.155	1	1	-0.208
2183	sum	91719	1.158	1	1	-0.212
2184	Honourable	91740	1.158	1	1	-0.212
2185	stay	91988	1.162	1	1	-0.216
2186	Laid	184949	2.335	2	2	-0.224
2187	surely	92689	1.17	1	1	-0.227
2188	learning	92794	1.172	1	1	-0.229
2189	understand	185715	2.345	2	2	-0.23
2190	are	5017099	63.349	54	42	-0.23
2191	do	2417629	30.527	26	25	-0.232
2192	Heads	93035	1.175	1	1	-0.232
2193	but	6983890	88.184	75	46	-0.234
2194	written	186305	2.352	2	2	-0.234
2195	pleasure	186565	2.356	2	2	-0.236
2196	sentence	93324	1.178	1	1	-0.237
2197	saint	186918	2.36	2	2	-0.239
2198	ask	93732	1.184	1	1	-0.243
2199	High	281250	3.551	3	2	-0.243
2200	greater	281340	3.552	3	3	-0.244
2201	Duke	187759	2.371	2	2	-0.245
2202	he	9215356	116.36	98	68	-0.248
2203	marriage	94195	1.189	1	1	-0.25
2204	history	94546	1.194	1	1	-0.256
2205	about	661900	8.358	7	7	-0.256
2206	affection	95087	1.201	1	1	-0.264
2207	per	190947	2.411	2	1	-0.27
2208	15.	95551	1.207	1	1	-0.271
2209	suffer	191145	2.414	2	2	-0.271
2210	would	1733888	21.893	18	16	-0.282
2211	they	6960305	87.886	72	51	-0.288
2212	M.	193517	2.444	2	1	-0.289
2213	as	9292085	117.328	96	61	-0.289
2214	leaves	96805	1.222	1	1	-0.29
2215	if	3293480	41.586	34	28	-0.291
2216	resolved	96934	1.224	1	1	-0.292
2217	ways	194504	2.456	2	2	-0.296
2218	degrees	97256	1.228	1	1	-0.296
2219	battle	97585	1.232	1	1	-0.301
2220	one	2538275	32.05	26	22	-0.302
2221	first	1465032	18.499	15	11	-0.302
2222	making	195439	2.468	2	2	-0.303
2223	12	195478	2.468	2	2	-0.303
2224	commonly	97748	1.234	1	1	-0.304
2225	died	97793	1.235	1	1	-0.304
2226	after	1272516	16.068	13	11	-0.306
2227	fire	294315	3.716	3	2	-0.309
2228	quod	196567	2.482	2	2	-0.312
2229	continued	98376	1.242	1	1	-0.313
2230	fit	197019	2.488	2	2	-0.315
2231	man	1972758	24.909	20	18	-0.317
2232	worth	99043	1.251	1	1	-0.323
2233	few	199429	2.518	2	2	-0.332
2234	et	199777	2.523	2	2	-0.335
2235	perhaps	99958	1.262	1	1	-0.336
2236	continue	100553	1.27	1	1	-0.344
2237	said	1514302	19.121	15	14	-0.35
2238	his	9217642	116.388	91	60	-0.355
2239	age	202681	2.559	2	2	-0.356
2240	6	304045	3.839	3	3	-0.356
2241	says	304429	3.844	3	3	-0.358
2242	proceed	101566	1.282	1	1	-0.359
2243	content	101607	1.283	1	1	-0.36
2244	into	1727535	21.813	17	16	-0.36
2245	express	101655	1.284	1	1	-0.36
2246	Job	101876	1.286	1	1	-0.363
2247	have	4691254	59.235	46	35	-0.365
2248	exercise	102303	1.292	1	1	-0.369
2249	La	204980	2.588	2	2	-0.372
2250	;	9536348	120.413	93	59	-0.373
2251	feet	102703	1.297	1	1	-0.375
2252	to	27864128	351.832	271	126	-0.377
2253	oath	102906	1.299	1	1	-0.378
2254	slain	102937	1.3	1	1	-0.378
2255	only	1544540	19.502	15	13	-0.379
2256	speech	103090	1.302	1	1	-0.38
2257	wholly	103124	1.302	1	1	-0.381
2258	not	8929558	112.751	86	58	-0.391
2259	Pro	103839	1.311	1	1	-0.391
2260	John	415725	5.249	4	3	-0.392
2261	consider	208021	2.627	2	2	-0.393
2262	9	208082	2.627	2	2	-0.394
2263	suppose	104105	1.315	1	1	-0.395
2264	sign	104160	1.315	1	1	-0.395
2265	can	1982819	25.037	19	18	-0.398
2266	born	104623	1.321	1	1	-0.402
2267	charity	104646	1.321	1	1	-0.402
2268	love	838220	10.584	8	5	-0.404
2269	humane	105132	1.328	1	1	-0.409
2270	5.	210462	2.657	2	2	-0.41
2271	longer	105304	1.33	1	1	-0.411
2272	divers	210634	2.66	2	2	-0.411
2273	self	948089	11.971	9	8	-0.412
2274	Pride	105444	1.331	1	1	-0.413
2275	cap	211323	2.668	2	2	-0.416
2276	22	105972	1.338	1	1	-0.42
2277	declared	106222	1.341	1	1	-0.424
2278	were	2871299	36.255	27	21	-0.425
2279	case	319514	4.034	3	2	-0.427
2280	13.	106799	1.349	1	1	-0.431
2281	add	106899	1.35	1	1	-0.433
2282	matter	427808	5.402	4	4	-0.433
2283	pure	107081	1.352	1	1	-0.435
2284	special	107206	1.354	1	1	-0.437
2285	Break	107397	1.356	1	1	-0.439
2286	mighty	107406	1.356	1	1	-0.44
2287	by	7416468	93.646	69	47	-0.441
2288	manifest	107661	1.359	1	1	-0.443
2289	was	5179337	65.398	48	38	-0.446
2290	carry	108052	1.364	1	1	-0.448
2291	free	216340	2.732	2	1	-0.45
2292	give	758276	9.575	7	7	-0.452
2293	drawn	108352	1.368	1	1	-0.452
2294	desired	108540	1.371	1	1	-0.455
2295	error	108610	1.371	1	1	-0.456
2296	opinion	217543	2.747	2	2	-0.458
2297	ever	652700	8.241	6	6	-0.458
2298	hands	327530	4.136	3	3	-0.463
2299	in	20011385	252.678	183	104	-0.465
2300	all	5908829	74.609	54	39	-0.466
2301	been	1095200	13.829	10	9	-0.468
2302	mentioned	110171	1.391	1	1	-0.476
2303	which	6940930	87.641	63	47	-0.476
2304	being	1764433	22.279	16	13	-0.478
2305	le	110821	1.399	1	1	-0.485
2306	walk	111166	1.404	1	1	-0.489
2307	Prophets	111696	1.41	1	1	-0.496
2308	note	111981	1.414	1	1	-0.5
2309	R.	112114	1.416	1	1	-0.501
2310	heard	225126	2.843	2	2	-0.507
2311	less	337828	4.266	3	3	-0.508
2312	Lady	112639	1.422	1	1	-0.508
2313	caused	113016	1.427	1	1	-0.513
2314	such	2262212	28.564	20	18	-0.514
2315	how	1244740	15.717	11	10	-0.515
2316	wrath	113648	1.435	1	1	-0.521
2317	committed	115180	1.454	1	1	-0.54
2318	River	115702	1.461	1	1	-0.547
2319	11.	115752	1.462	1	1	-0.548
2320	What	2320680	29.303	20	14	-0.551
2321	members	116122	1.466	1	1	-0.552
2322	near	232787	2.939	2	2	-0.555
2323	&#x16b;	232932	2.941	2	2	-0.556
2324	tongue	116704	1.474	1	1	-0.559
2325	Follows	118360	1.495	1	1	-0.58
2326	set	595126	7.515	5	5	-0.588
2327	so	5366625	67.763	45	31	-0.591
2328	lay	238823	3.016	2	2	-0.592
2329	consent	119423	1.508	1	1	-0.593
2330	2.	358494	4.527	3	2	-0.593
2331	Cold	119553	1.51	1	1	-0.594
2332	came	478712	6.045	4	4	-0.596
2333	E.	119746	1.512	1	1	-0.596
2334	makes	359288	4.537	3	3	-0.597
2335	&c	479189	6.051	4	4	-0.597
2336	send	120341	1.52	1	1	-0.604
2337	wise	241600	3.051	2	2	-0.609
2338	believe	363239	4.587	3	3	-0.612
2339	thee	728077	9.193	6	5	-0.616
2340	even	607522	7.671	5	5	-0.617
2341	put	607656	7.673	5	3	-0.618
2342	sin	729699	9.214	6	5	-0.619
2343	hold	243646	3.076	2	2	-0.621
2344	civil	121918	1.539	1	1	-0.622
2345	takes	123079	1.554	1	1	-0.636
2346	past	123448	1.559	1	1	-0.64
2347	goods	123513	1.56	1	1	-0.641
2348	!	371996	4.697	3	2	-0.647
2349	speak	374513	4.729	3	3	-0.657
2350	more	2262327	28.566	18	17	-0.666
2351	oh	126299	1.595	1	1	-0.673
2352	four	252980	3.194	2	2	-0.675
2353	till	379902	4.797	3	3	-0.677
2354	enemies	253975	3.207	2	2	-0.681
2355	look	255208	3.222	2	2	-0.688
2356	none	383245	4.839	3	3	-0.69
2357	whilst	127767	1.613	1	1	-0.69
2358	confess	127821	1.614	1	1	-0.691
2359	taught	128541	1.623	1	1	-0.699
2360	difference	128593	1.624	1	1	-0.699
2361	creatures	128964	1.628	1	1	-0.703
2362	come	1165618	14.718	9	9	-0.71
2363	sacrifice	130353	1.646	1	1	-0.719
2364	ten	130362	1.646	1	1	-0.719
2365	Earl	132012	1.667	1	1	-0.737
2366	meet	132574	1.674	1	1	-0.743
2367	light	399350	5.043	3	3	-0.749
2368	him	4270811	53.926	32	24	-0.753
2369	please	133516	1.686	1	1	-0.754
2370	prophet	133904	1.691	1	1	-0.758
2371	unto	1880305	23.742	14	14	-0.762
2372	10.	134546	1.699	1	1	-0.765
2373	S.	403850	5.099	3	3	-0.765
2374	run	134767	1.702	1	1	-0.767
2375	draw	134904	1.703	1	1	-0.768
2376	private	134915	1.704	1	1	-0.769
2377	godly	135636	1.713	1	1	-0.776
2378	read	271950	3.434	2	2	-0.78
2379	another	682313	8.615	5	5	-0.785
2380	therefore	1231317	15.548	9	7	-0.789
2381	forth	410791	5.187	3	3	-0.79
2382	either	552589	6.977	4	4	-0.803
2383	lawful	138238	1.746	1	1	-0.804
2384	Those	1667771	21.058	12	11	-0.811
2385	2	973176	12.288	7	7	-0.812
2386	whereof	279030	3.523	2	2	-0.817
2387	holy	701649	8.86	5	5	-0.825
2388	[	280684	3.544	2	2	-0.825
2389	just	281045	3.549	2	2	-0.827
2390	knowledge	282458	3.567	2	2	-0.835
2391	praise	141937	1.792	1	1	-0.842
2392	Angels	142073	1.794	1	1	-0.843
2393	appears	142173	1.795	1	1	-0.844
2394	before	1422340	17.96	10	9	-0.845
2395	years	427133	5.393	3	3	-0.846
2396	law	712338	8.995	5	5	-0.847
2397	3	571164	7.212	4	4	-0.85
2398	end	571167	7.212	4	4	-0.85
2399	also	1433690	18.103	10	9	-0.856
2400	day	864384	10.914	6	5	-0.863
2401	'd	144543	1.825	1	1	-0.868
2402	hope	292642	3.695	2	2	-0.886
2403	foot	146629	1.851	1	1	-0.889
2404	afterwards	146805	1.854	1	1	-0.89
2405	know	736780	9.303	5	5	-0.896
2406	commanded	147447	1.862	1	1	-0.897
2407	child	148012	1.869	1	1	-0.902
2408	together	444738	5.616	3	3	-0.904
2409	delivered	148308	1.873	1	1	-0.905
2410	Notwithstanding	148685	1.877	1	1	-0.909
2411	16	148850	1.88	1	1	-0.91
2412	&c.	299097	3.777	2	2	-0.917
2413	whence	149816	1.892	1	1	-0.92
2414	last	450430	5.687	3	3	-0.923
2415	matters	150676	1.903	1	1	-0.928
2416	shalt	151151	1.909	1	1	-0.932
2417	easily	151870	1.918	1	1	-0.939
2418	behold	152112	1.921	1	1	-0.942
2419	speaks	153099	1.933	1	1	-0.951
2420	desire	306364	3.868	2	2	-0.952
2421	unless	154621	1.952	1	1	-0.965
2422	five	154870	1.956	1	1	-0.968
2423	country	310285	3.918	2	2	-0.97
2424	excellent	155285	1.961	1	1	-0.971
2425	sweet	155475	1.963	1	1	-0.973
2426	well	1096551	13.846	7	7	-0.984
2427	again	627628	7.925	4	4	-0.986
2428	Peter	156920	1.981	1	1	-0.987
2429	bread	156950	1.982	1	1	-0.987
2430	already	157133	1.984	1	1	-0.988
2431	hand	471988	5.96	3	3	-0.99
2432	find	472931	5.972	3	3	-0.993
2433	might	949632	11.991	6	6	-0.999
2434	sayeth	633645	8.001	4	4	-1
2435	least	319491	4.034	2	2	-1.012
2436	between	321208	4.056	2	2	-1.02
2437	has	321926	4.065	2	2	-1.023
2438	act	322490	4.072	2	2	-1.026
2439	1	1451762	18.331	9	7	-1.026
2440	right	484646	6.12	3	3	-1.028
2441	Late	162556	2.053	1	1	-1.037
2442	se	163405	2.063	1	1	-1.045
2443	from	3924250	49.55	24	21	-1.046
2444	given	491070	6.201	3	3	-1.047
2445	lost	164242	2.074	1	1	-1.052
2446	told	164509	2.077	1	1	-1.055
2447	reason	664880	8.395	4	4	-1.07
2448	seem	166761	2.106	1	1	-1.074
2449	question	167153	2.111	1	1	-1.078
2450	when	2343068	29.585	14	14	-1.079
2451	worthy	168026	2.122	1	1	-1.085
2452	bodies	169090	2.135	1	1	-1.094
2453	perfect	170422	2.152	1	1	-1.106
2454	Ministers	171247	2.162	1	1	-1.113
2455	thereby	172833	2.182	1	1	-1.126
2456	form	173701	2.193	1	1	-1.133
2457	sight	174034	2.198	1	1	-1.136
2458	Queen	174640	2.205	1	1	-1.141
2459	within	355110	4.484	2	2	-1.165
2460	water	355806	4.493	2	2	-1.168
2461	11	177974	2.247	1	1	-1.168
2462	body	712249	8.993	4	4	-1.169
2463	charge	178431	2.253	1	1	-1.172
2464	joy	178769	2.257	1	1	-1.175
2465	Bishops	179221	2.263	1	1	-1.178
2466	chief	180904	2.284	1	1	-1.192
2467	qui	180997	2.285	1	1	-1.192
2468	lib.	181181	2.288	1	1	-1.194
2469	without	1089706	13.759	6	6	-1.197
2470	mine	181777	2.295	1	1	-1.199
2471	promise	182124	2.3	1	1	-1.201
2472	strong	182777	2.308	1	1	-1.207
2473	father	550491	6.951	3	3	-1.212
2474	Wherefore	183911	2.322	1	1	-1.215
2475	certain	370843	4.683	2	2	-1.227
2476	world	932868	11.779	5	5	-1.236
2477	we	4105074	51.834	22	17	-1.236
2478	true	751380	9.487	4	4	-1.246
2479	second	377815	4.771	2	2	-1.254
2480	among	379416	4.791	2	2	-1.26
2481	themselves	761621	9.617	4	3	-1.266
2482	faith	762492	9.628	4	4	-1.267
2483	alone	190842	2.41	1	1	-1.269
2484	present	383135	4.838	2	2	-1.274
2485	I.	191916	2.423	1	1	-1.277
2486	righteousness	192253	2.428	1	1	-1.279
2487	kingdom	388117	4.901	2	2	-1.293
2488	Saints	194939	2.461	1	1	-1.299
2489	cause	585252	7.39	3	3	-1.301
2490	both	976138	12.325	5	5	-1.302
2491	strength	196140	2.477	1	1	-1.308
2492	bear	196568	2.482	1	1	-1.312
2493	soon	198528	2.507	1	1	-1.326
2494	These	1985969	25.076	10	10	-1.326
2495	means	397591	5.02	2	2	-1.328
2496	serve	198842	2.511	1	1	-1.328
2497	done	601055	7.589	3	3	-1.339
2498	greatest	200955	2.537	1	1	-1.343
2499	use	603174	7.616	3	3	-1.344
2500	place	808630	10.21	4	4	-1.352
2501	v.	202373	2.555	1	1	-1.353
2502	coming	203089	2.564	1	1	-1.359
2503	religion	406309	5.13	2	2	-1.359
2504	ought	406522	5.133	2	2	-1.36
2505	Cor.	203716	2.572	1	1	-1.363
2506	much	1448309	18.287	7	6	-1.385
2507	appear	209107	2.64	1	1	-1.401
2508	every	1057014	13.347	5	5	-1.416
2509	Princes	212093	2.678	1	1	-1.421
2510	found	426408	5.384	2	2	-1.429
2511	nothing	640275	8.085	3	3	-1.43
2512	Gods	640962	8.093	3	3	-1.432
2513	himself	1068396	13.49	5	4	-1.432
2514	words	643917	8.131	3	3	-1.438
2515	]	429805	5.427	2	2	-1.44
2516	help	220081	2.779	1	1	-1.475
2517	whereby	220196	2.78	1	1	-1.475
2518	it	11231693	141.819	51	41	-1.475
2519	P.	440626	5.564	2	1	-1.476
2520	especially	220705	2.787	1	1	-1.479
2521	our	3333885	42.096	15	13	-1.489
2522	Psal.	222362	2.808	1	1	-1.489
2523	does	222564	2.81	1	1	-1.491
2524	new	447014	5.644	2	2	-1.497
2525	care	224334	2.833	1	1	-1.502
2526	blessed	226222	2.856	1	1	-1.514
2527	government	226390	2.859	1	1	-1.515
2528	sometimes	226924	2.865	1	1	-1.519
2529	Wisdom	228022	2.879	1	1	-1.526
2530	respect	229329	2.896	1	1	-1.534
2531	often	229358	2.896	1	1	-1.534
2532	men	1835942	23.182	8	8	-1.535
2533	them	4855982	61.315	21	16	-1.546
2534	10	233570	2.949	1	1	-1.56
2535	Sea	233892	2.953	1	1	-1.562
2536	stand	235721	2.976	1	1	-1.574
2537	death	707920	8.939	3	3	-1.575
2538	may	2661871	33.611	11	9	-1.611
2539	Justice	242072	3.057	1	1	-1.612
2540	Souls	242572	3.063	1	1	-1.615
2541	third	242706	3.065	1	1	-1.616
2542	took	243304	3.072	1	1	-1.619
2543	mean	244094	3.082	1	1	-1.624
2544	any	2444028	30.86	10	9	-1.626
2545	US	2216337	27.985	9	7	-1.637
2546	side	250068	3.158	1	1	-1.659
2547	7	251211	3.172	1	1	-1.665
2548	way	756236	9.549	3	3	-1.67
2549	too	521045	6.579	2	2	-1.718
2550	truth	521766	6.588	2	2	-1.72
2551	leave	264688	3.342	1	1	-1.741
2552	whole	534092	6.744	2	2	-1.754
2553	good	1608969	20.316	6	5	-1.76
2554	think	539870	6.817	2	2	-1.769
2555	able	271961	3.434	1	1	-1.78
2556	over	545201	6.884	2	2	-1.783
2557	Part	827721	10.451	3	3	-1.801
2558	used	278736	3.52	1	1	-1.815
2559	heart	559805	7.069	2	2	-1.821
2560	Die	284558	3.593	1	1	-1.845
2561	eyes	285959	3.611	1	1	-1.852
2562	gave	290757	3.671	1	1	-1.876
2563	c	292350	3.691	1	1	-1.884
2564	thing	892670	11.272	3	3	-1.91
2565	book	299396	3.78	1	1	-1.919
2566	authority	299886	3.787	1	1	-1.921
2567	while	300747	3.797	1	1	-1.925
2568	Christian	303553	3.833	1	1	-1.938
2569	always	304181	3.841	1	1	-1.941
2570	land	307074	3.877	1	1	-1.955
2571	l.	308378	3.894	1	1	-1.961
2572	two	926661	11.701	3	3	-1.964
2573	England	309285	3.905	1	1	-1.965
2574	Christ	1858951	23.472	6	6	-1.968
2575	little	624322	7.883	2	2	-1.979
2576	same	1256120	15.861	4	4	-1.987
2577	own	1256418	15.864	4	4	-1.988
2578	works	315242	3.981	1	1	-1.993
2579	off	323311	4.082	1	1	-2.029
2580	Scripture	324647	4.099	1	1	-2.035
2581	order	331304	4.183	1	1	-2.065
2582	general	331599	4.187	1	1	-2.066
2583	others	665440	8.402	2	2	-2.071
2584	full	343239	4.334	1	1	-2.116
2585	sent	348162	4.396	1	1	-2.136
2586	other	2103223	26.557	6	6	-2.146
2587	year	352165	4.447	1	1	-2.153
2588	thought	352735	4.454	1	1	-2.155
2589	above	357391	4.513	1	1	-2.174
2590	evil	357919	4.519	1	1	-2.176
2591	Non	359411	4.538	1	1	-2.182
2592	Person	366738	4.631	1	1	-2.211
2593	honour	374182	4.725	1	1	-2.24
2594	persons	384539	4.856	1	1	-2.28
2595	very	1174247	14.827	3	3	-2.305
2596	days	393520	4.969	1	1	-2.313
2597	est	394171	4.977	1	1	-2.315
2598	rest	396125	5.002	1	1	-2.322
2599	could	808277	10.206	2	2	-2.351
2600	fear	406154	5.128	1	1	-2.359
2601	mind	407887	5.15	1	1	-2.365
2602	since	412107	5.204	1	1	-2.38
2603	ye	825703	10.426	2	2	-2.382
2604	God	4174430	52.709	10	9	-2.398
2605	work	425644	5.375	1	1	-2.426
2606	innon-Latinalphabet	427513	5.398	1	1	-2.432
2607	4	434750	5.49	1	1	-2.457
2608	people	885047	11.175	2	1	-2.482
2609	things	1357990	17.147	3	3	-2.515
2610	/	905998	11.44	2	1	-2.516
2611	thereof	458302	5.787	1	1	-2.533
2612	than	940786	11.879	2	2	-2.57
2613	life	948809	11.98	2	2	-2.583
2614	Lord	1459090	18.424	3	2	-2.619
2615	according	502781	6.349	1	1	-2.666
2616	Grace	516661	6.524	1	1	-2.706
2617	soul	555660	7.016	1	1	-2.811
2618	having	579260	7.314	1	1	-2.871
2619	Nature	607747	7.674	1	1	-2.94
2620	spirit	654859	8.269	1	1	-3.048
2621	word	751485	9.489	1	1	-3.246
2622	power	776557	9.805	1	1	-3.294
2623	de	804522	10.159	1	1	-3.345
2624	King	1308410	16.521	1	1	-4.046
2625	time	1426900	18.017	1	1	-4.171
2626	onermatch	1	0	1	1	n/a
2627	otkens.	1	0	1	1	n/a
2628	pareuan	1	0	1	1	n/a
2629	Apoalop.	1	0	1	1	n/a
2630	Babylon-Rome	2	0	1	1	n/a
2631	Raynera	3	0	1	1	n/a
2632	Ile-	1	0	1	1	n/a
2633	floars	3	0	1	1	n/a
2634	aaut	3	0	1	1	n/a
2635	pocche	2	0	1	1	n/a
2636	Heauens-Queene	1	0	1	1	n/a
2637	Tinhead	3	0	1	1	n/a
2638	Ienocinating	1	0	1	1	n/a
2639	Iumblers	1	0	1	1	n/a
2640	Shalborne	3	0	1	1	n/a
2641	Paot	1	0	1	1	n/a
2642	fagoot	1	0	1	1	n/a
2643	Ioyers	3	0	1	1	n/a
2644	whoore-maister	1	0	1	1	n/a
2645	sucke-blood	1	0	1	1	n/a
2646	Chimny-sweepe	2	0	1	1	n/a
2647	baggadg	3	0	1	1	n/a
2648	desabled	1	0	1	1	n/a
2649	cojur	1	0	1	1	n/a
2650	atttired	1	0	1	1	n/a
2651	him-sefe	3	0	1	1	n/a
2652	subberbian	1	0	1	1	n/a
2653	Shee-creatures	2	0	1	1	n/a
2654	Ahijch'	1	0	1	1	n/a
2655	golden-purple	1	0	1	1	n/a
2656	Vowe.	1	0	1	1	n/a
2657	ill-dors	1	0	1	1	n/a
2658	bloud-desiring	3	0	1	1	n/a
2659	whit-lyuerd	1	0	1	1	n/a
2660	bunk	3	0	1	1	n/a
2661	Vsher-like	2	0	1	1	n/a
2662	Ferrests	1	0	1	1	n/a
2663	sanguin-coloured	1	0	1	1	n/a
2664	Gnisippus	1	0	1	1	n/a
2665	Beasbearer	1	0	1	1	n/a
2666	Menandros	2	0	1	1	n/a
2667	Shor-ditch	1	0	1	1	n/a
2668	to'you	1	0	1	1	n/a
2669	brothelly	2	0	1	1	n/a
2670	17.3.6.	1	0	1	1	n/a
2671	whore-Nunnes	1	0	1	1	n/a
2672	th'Israelitish	1	0	1	1	n/a
2673	pisse'hem	1	0	1	1	n/a
2674	merchancts	1	0	1	1	n/a
2675	Charatza	3	0	1	1	n/a
2676	douean	1	0	1	1	n/a
2677	Auentius	3	0	1	1	n/a
2678	volpeggiando	2	0	1	1	n/a
2679	Rev-17.4.	1	0	1	1	n/a
2680	Penula-Scortea	1	0	1	1	n/a
2681	Epillogus	1	0	1	1	n/a
2682	vrdgd	3	0	1	1	n/a
2683	bewty	2	0	1	1	n/a
2684	Keuyll	2	0	1	1	n/a
2685	Yeatton	1	0	1	1	n/a
2686	Cylleborus	3	0	1	1	n/a
2687	ro'ten	1	0	1	1	n/a
2688	brkerage	1	0	1	1	n/a
2689	lenocinating	1	0	1	1	n/a
2690	rtieth	1	0	1	1	n/a
2691	nell'olio	1	0	1	1	n/a
2692	Cattilines	1	0	1	1	n/a
2693	osseruauan	1	0	1	1	n/a
2694	shame-lesse	2	0	1	1	n/a
2695	adultrat	1	0	1	1	n/a
2696	Cockatrize	1	0	1	1	n/a
2697	godon'	1	0	1	1	n/a
2698	Periuriavidet	1	0	1	1	n/a
2699	Cowfeild	3	0	1	1	n/a
2700	publike-professed	1	0	1	1	n/a
2701	espalls	1	0	1	1	n/a
2702	flesh-seller	1	0	1	1	n/a
2703	by'th'haire	1	0	1	1	n/a
