https://cqpweb.lancs.ac.uk/eebov3/concordance.php?pp=1&theData=%7Bwhore%2FN%7D&qmode=sq_nocase&del=begin%26t%3D-%7Cyear%7E1607%26t%3D-%7Cyear%7E1608%26t%3D-%7Cyear%7E1609%26t%3D-%7Cyear%7E1610%26t%3D-%7Cyear%7E1611%26t%3D-%7Cyear%7E1612%26t%3D-%7Cyear%7E1613%26t%3D-%7Cyear%7E1614%26t%3D-%7Cyear%7E1615%26t%3D-%7Cyear%7E1616&del=end&uT=yThere are 2,794 different words in your collocation database for "[lemma="(whore)_SUBST"%c]". (Your query "{whore/N}", restricted to texts meeting criteria "<em>year</em>: <em>1607</em> or <em>1608</em> or <em>1609</em> or <em>1610</em> or <em>1611</em> or <em>1612</em> or <em>1613</em> or <em>1614</em> or <em>1615</em> or <em>1616</em>",  returned 1,597 matches in 354 different texts)  
__________________

No.	Word	Total no. in whole corpus	Expected collocate frequency	Observed collocate frequency	In no. of texts	Mutual information value

1	Daphitas	4	0	2	2	14.288
2	dedle	6	0	2	1	14.288
3	runke	8	0	1	1	13.288
4	fizes	15	0	2	1	13.288
5	vuoto	6	0	1	1	13.288
6	purchs	7	0	1	1	13.288
7	drippingpan	7	0	1	1	13.288
8	Bewailling	5	0	1	1	13.288
9	garden-pot	7	0	1	1	13.288
10	bowling-alleys	10	0	1	1	13.288
11	Keynell	4	0	1	1	13.288
12	strumpett	8	0	1	1	13.288
13	acccursed	5	0	1	1	13.288
14	estreme	7	0	1	1	13.288
15	vccide	5	0	1	1	13.288
16	haunt'st	9	0	1	1	13.288
17	cocubines	4	0	1	1	13.288
18	Titcombe	5	0	1	1	13.288
19	sniueling	11	0	1	1	13.288
20	Rauran	5	0	1	1	13.288
21	filthine	5	0	1	1	13.288
22	Shpheards	6	0	1	1	13.288
23	Egiale	4	0	1	1	13.288
24	cosned	6	0	1	1	13.288
25	pleasd'	4	0	1	1	13.288
26	fulnsse	11	0	1	1	13.288
27	Greene-sicknes	4	0	1	1	13.288
28	Seuington	5	0	1	1	13.288
29	free-bred	8	0	1	1	13.288
30	nethermore	9	0	1	1	13.288
31	Oleasters	9	0	1	1	13.288
32	conuengano	7	0	1	1	13.288
33	Smalshanke	8	0	1	1	13.288
34	Bobylon	7	0	1	1	13.288
35	Padars	6	0	1	1	13.288
36	plaisure	6	0	1	1	13.288
37	stickering	4	0	1	1	13.288
38	ale-house-haunter	7	0	1	1	13.288
39	d'otto	7	0	1	1	13.288
40	cunnin	8	0	1	1	13.288
41	baster	11	0	1	1	13.288
42	huir	7	0	1	1	13.288
43	whorekeepers	8	0	1	1	13.288
44	himhimselfe	18	0	2	2	13.288
45	Cocatrise	5	0	1	1	13.288
46	hostolano	5	0	1	1	13.288
47	Conny-catcht	4	0	1	1	13.288
48	infiora	5	0	1	1	13.288
49	flexable	11	0	1	1	13.288
50	frigge	5	0	1	1	13.288
51	rose-coloured	26	0	2	1	12.703
52	preceder	17	0	1	1	12.288
53	dindi	17	0	1	1	12.288
54	aporne	13	0	1	1	12.288
55	Hyene	12	0	1	1	12.288
56	uermore	12	0	1	1	12.288
57	vndoeing	17	0	1	1	12.288
58	yongmans	13	0	1	1	12.288
59	skerry	15	0	1	1	12.288
60	runk	13	0	1	1	12.288
61	errate	13	0	1	1	12.288
62	permane	14	0	1	1	12.288
63	Coulston	18	0	1	1	12.288
64	wether-cocke	16	0	1	1	12.288
65	hagged	14	0	1	1	12.288
66	Benwash	16	0	1	1	12.288
67	Philira	16	0	1	1	12.288
68	Meritrix	17	0	1	1	12.288
69	montains	32	0	2	1	12.288
70	th'embraces	13	0	1	1	12.288
71	Empoysoner	14	0	1	1	12.288
72	Gentileman	17	0	1	1	12.288
73	Seuants	14	0	1	1	12.288
74	Elcombe	14	0	1	1	12.288
75	panderly	13	0	1	1	12.288
76	Turnbull-street	15	0	1	1	12.288
77	daned	16	0	1	1	12.288
78	deflowreth	15	0	1	1	12.288
79	Guiaca	17	0	1	1	12.288
80	make-shift	15	0	1	1	12.288
81	Southweeke	12	0	1	1	12.288
82	diece	15	0	1	1	12.288
83	brodell	12	0	1	1	12.288
84	Hackster	40	0.001	2	1	11.966
85	for-ward	21	0	1	1	11.703
86	follia	22	0	1	1	11.703
87	god-lesse	19	0	1	1	11.703
88	besmeere	19	0	1	1	11.703
89	mising	26	0	1	1	11.703
90	father-hoods	24	0	1	1	11.703
91	Slud	21	0	1	1	11.703
92	Bael	25	0	1	1	11.703
93	Youl'	22	0	1	1	11.703
94	tutt	20	0	1	1	11.703
95	Eddington	20	0	1	1	11.703
96	weekelie	20	0	1	1	11.703
97	Pellices	23	0	1	1	11.703
98	federacie	22	0	1	1	11.703
99	Kiges	23	0	1	1	11.703
100	Fleire	52	0.001	2	1	11.48
101	purple-coloured	28	0	1	1	11.288
102	censurd	32	0	1	1	11.288
103	Lupae	33	0	1	1	11.288
104	aisse	30	0	1	1	11.288
105	diuersorium	32	0	1	1	11.288
106	Roisters	69	0.001	2	2	11.118
107	Babilons	136	0.002	4	3	11.118
108	Puncks	37	0.001	1	1	10.966
109	montans	34	0.001	1	1	10.966
110	exlent	34	0.001	1	1	10.966
111	Frust	34	0.001	1	1	10.966
112	disases	34	0.001	1	1	10.966
113	maisterfull	34	0.001	1	1	10.966
114	tel'st	36	0.001	1	1	10.966
115	tyller	41	0.001	1	1	10.966
116	strumpettes	35	0.001	1	1	10.966
117	wheer	41	0.001	1	1	10.966
118	auanti	37	0.001	1	1	10.966
119	Apocalips.	48	0.001	1	1	10.703
120	plaing	46	0.001	1	1	10.703
121	Murdresse	45	0.001	1	1	10.703
122	Madianite	47	0.001	1	1	10.703
123	pope-holy	43	0.001	1	1	10.703
124	Hak.	47	0.001	1	1	10.703
125	smotest	48	0.001	1	1	10.703
126	Cuckold-maker	47	0.001	1	1	10.703
127	Selk	47	0.001	1	1	10.703
128	Callirhoe	43	0.001	1	1	10.703
129	Searlet	46	0.001	1	1	10.703
130	quattro	140	0.002	3	1	10.625
131	Sisse	54	0.001	1	1	10.48
132	deuotes	49	0.001	1	1	10.48
133	inganno	49	0.001	1	1	10.48
134	Festinus	54	0.001	1	1	10.48
135	S'hart	52	0.001	1	1	10.48
136	34.26	49	0.001	1	1	10.48
137	sonno	114	0.002	2	1	10.381
138	Pandors	62	0.001	1	1	10.288
139	demes	60	0.001	1	1	10.288
140	Barrowists	59	0.001	1	1	10.288
141	piglia	68	0.001	1	1	10.118
142	detestati	69	0.001	1	1	10.118
143	yeerelie	68	0.001	1	1	10.118
144	sheel	69	0.001	1	1	10.118
145	buggerie	67	0.001	1	1	10.118
146	Soluat	67	0.001	1	1	10.118
147	buggerers	139	0.002	2	2	10.118
148	bavin	65	0.001	1	1	10.118
149	Elst	65	0.001	1	1	10.118
150	catil.	69	0.001	1	1	10.118
151	Seriants	65	0.001	1	1	10.118
152	consumd	74	0.001	1	1	9.966
153	cullers	76	0.001	1	1	9.966
154	hugger-mugger	73	0.001	1	1	9.966
155	bordell	79	0.001	1	1	9.966
156	disloialty	76	0.001	1	1	9.966
157	Gosh	76	0.001	1	1	9.966
158	pandars	149	0.002	2	2	9.966
159	Puncke	73	0.001	1	1	9.966
160	panders	464	0.006	6	5	9.918
161	not-withstanding	81	0.001	1	1	9.828
162	scullery	86	0.001	1	1	9.828
163	tradeth	80	0.001	1	1	9.828
164	38.4.	80	0.001	1	1	9.828
165	Geneura	88	0.001	1	1	9.703
166	saes	92	0.001	1	1	9.703
167	busked	90	0.001	1	1	9.703
168	negotiators	88	0.001	1	1	9.703
169	matutino	92	0.001	1	1	9.703
170	stomaco	93	0.001	1	1	9.703
171	matutine	94	0.001	1	1	9.703
172	fino	91	0.001	1	1	9.703
173	Canckred	98	0.001	1	1	9.587
174	VVhores	100	0.001	1	1	9.587
175	Insooth	95	0.001	1	1	9.587
176	Pursn	98	0.001	1	1	9.587
177	Sthenelus	96	0.001	1	1	9.587
178	Bbl	106	0.001	1	1	9.48
179	Abhominati	213	0.003	2	2	9.48
180	Hypocrita	107	0.001	1	1	9.48
181	roysters	216	0.003	2	2	9.43
182	baud	767	0.01	7	6	9.423
183	heast	113	0.002	1	1	9.381
184	pander	805	0.011	7	6	9.354
185	punck	117	0.002	1	1	9.288
186	Standley	119	0.002	1	1	9.288
187	23.27	248	0.003	2	2	9.243
188	vildest	131	0.002	1	1	9.2
189	concubynes	127	0.002	1	1	9.2
190	Vlis	125	0.002	1	1	9.2
191	atis.	130	0.002	1	1	9.2
192	ably	139	0.002	1	1	9.118
193	wiving	134	0.002	1	1	9.118
194	satiat	132	0.002	1	1	9.118
195	straps	138	0.002	1	1	9.118
196	likt	135	0.002	1	1	9.118
197	Circean	135	0.002	1	1	9.118
198	housekeepers	132	0.002	1	1	9.118
199	Babylonicall	136	0.002	1	1	9.118
200	Histriones	138	0.002	1	1	9.118
201	thed	132	0.002	1	1	9.118
202	Ramage	143	0.002	1	1	9.04
203	spick	141	0.002	1	1	9.04
204	horse-leach	145	0.002	1	1	9.04
205	sordide	146	0.002	1	1	9.04
206	bawdery	144	0.002	1	1	9.04
207	monger	153	0.002	1	1	8.966
208	Lausanna	154	0.002	1	1	8.966
209	Bue	150	0.002	1	1	8.966
210	Sherte	150	0.002	1	1	8.966
211	Chip	608	0.008	4	1	8.948
212	bawds	1844	0.025	12	11	8.936
213	brothel-house	157	0.002	1	1	8.895
214	deckings	157	0.002	1	1	8.895
215	arrant	1596	0.021	10	9	8.882
216	Babylons	987	0.013	6	4	8.839
217	silthy	169	0.002	1	1	8.828
218	sties	162	0.002	1	1	8.828
219	deput	162	0.002	1	1	8.828
220	impudentlie	163	0.002	1	1	8.828
221	Baynton	175	0.002	1	1	8.764
222	Gond	175	0.002	1	1	8.764
223	ede	538	0.007	3	1	8.723
224	trulls	181	0.002	1	1	8.703
225	bloodthirsty	180	0.002	1	1	8.703
226	fleer	180	0.002	1	1	8.703
227	meane-while	178	0.002	1	1	8.703
228	Pree	182	0.002	1	1	8.703
229	Acca	183	0.002	1	1	8.703
230	bisogna	181	0.002	1	1	8.703
231	Iezabels	181	0.002	1	1	8.703
232	lupa	184	0.002	1	1	8.703
233	Brothels	180	0.002	1	1	8.703
234	fresche	183	0.002	1	1	8.703
235	963	193	0.003	1	1	8.587
236	quouis	198	0.003	1	1	8.587
237	VENVS	195	0.003	1	1	8.587
238	vtcunque	196	0.003	1	1	8.587
239	Steple	417	0.006	2	1	8.506
240	clips	211	0.003	1	1	8.48
241	somwhere	208	0.003	1	1	8.48
242	purpled	209	0.003	1	1	8.48
243	mongers	208	0.003	1	1	8.48
244	Ilf	430	0.006	2	1	8.455
245	anco	220	0.003	1	1	8.43
246	Brad	443	0.006	2	1	8.405
247	arrand	229	0.003	1	1	8.381
248	ryotous	230	0.003	1	1	8.334
249	cloistered	469	0.006	2	1	8.334
250	Wolfish	230	0.003	1	1	8.334
251	selt	239	0.003	1	1	8.288
252	piace	238	0.003	1	1	8.288
253	nick-names	242	0.003	1	1	8.288
254	Bradley	495	0.007	2	1	8.243
255	Babilon	5325	0.071	21	16	8.214
256	Agamemnons	254	0.003	1	1	8.2
257	Calmest	256	0.003	1	1	8.2
258	Cut-purse	258	0.003	1	1	8.2
259	queans	255	0.003	1	1	8.2
260	proiected	253	0.003	1	1	8.2
261	17.16.	255	0.003	1	1	8.2
262	virilis	253	0.003	1	1	8.2
263	stews	2587	0.034	10	4	8.183
264	shauelings	260	0.004	1	1	8.158
265	Innkeeper	262	0.004	1	1	8.158
266	faythlesse	263	0.004	1	1	8.158
267	Babyl	270	0.004	1	1	8.118
268	citato.	269	0.004	1	1	8.118
269	wakening	270	0.004	1	1	8.118
270	strumpet	3285	0.044	12	11	8.104
271	Babil	279	0.004	1	1	8.078
272	break-fast	275	0.004	1	1	8.078
273	pandar	282	0.004	1	1	8.078
274	strayes	284	0.004	1	1	8.04
275	subtler	285	0.004	1	1	8.04
276	fornications	1721	0.023	6	6	8.033
277	17.5.	581	0.008	2	2	8.021
278	Thamesis	292	0.004	1	1	8.002
279	unshamefast	294	0.004	1	1	8.002
280	overworn	297	0.004	1	1	8.002
281	haie	303	0.004	1	1	7.966
282	exponed	299	0.004	1	1	7.966
283	courtesans	1216	0.016	4	3	7.948
284	whorish	1842	0.025	6	6	7.936
285	Fortun	310	0.004	1	1	7.93
286	20.4.	310	0.004	1	1	7.93
287	Charibdis	308	0.004	1	1	7.93
288	Laz	311	0.004	1	1	7.93
289	21.9.	311	0.004	1	1	7.93
290	17.2.	314	0.004	1	1	7.895
291	bawd	2878	0.038	9	9	7.88
292	Babylon	38888	0.517	121	62	7.872
293	sportful	324	0.004	1	1	7.861
294	17.4.	323	0.004	1	1	7.861
295	18.2.	331	0.004	1	1	7.828
296	Iezabel	1348	0.018	4	4	7.804
297	Ston	336	0.005	1	1	7.796
298	whoremaster	337	0.005	1	1	7.796
299	stincke	342	0.005	1	1	7.796
300	VVard	339	0.005	1	1	7.796
301	Gelli	349	0.005	1	1	7.764
302	701	350	0.005	1	1	7.764
303	vncleanesse	345	0.005	1	1	7.764
304	Kni	350	0.005	1	1	7.764
305	Ganimede	349	0.005	1	1	7.764
306	sheele	357	0.005	1	1	7.733
307	hyre	1435	0.019	4	4	7.71
308	Lactant	358	0.005	1	1	7.703
309	Beadles	360	0.005	1	1	7.703
310	censureth	361	0.005	1	1	7.703
311	Cittyes	366	0.005	1	1	7.673
312	solacing	372	0.005	1	1	7.673
313	ruffian	735	0.01	2	2	7.673
314	besot	372	0.005	1	1	7.673
315	Uicar	379	0.005	1	1	7.644
316	meno	381	0.005	1	1	7.615
317	strumpets	1159	0.015	3	3	7.606
318	Sabboths	392	0.005	1	1	7.587
319	675	388	0.005	1	1	7.587
320	cut-throat	392	0.005	1	1	7.587
321	Salust.	395	0.005	1	1	7.587
322	17.6.	397	0.005	1	1	7.56
323	Ione	804	0.011	2	2	7.546
324	roughs	404	0.005	1	1	7.533
325	Punk	404	0.005	1	1	7.533
326	quelli	404	0.005	1	1	7.533
327	Farina	414	0.006	1	1	7.506
328	Ganymede	424	0.006	1	1	7.48
329	323.	419	0.006	1	1	7.48
330	Lax	844	0.011	2	1	7.48
331	Doncaster	418	0.006	1	1	7.48
332	Ramping	427	0.006	1	1	7.455
333	Stoke	884	0.012	2	1	7.417
334	surfeits	1332	0.018	3	3	7.405
335	prostituting	452	0.006	1	1	7.381
336	Cyp	449	0.006	1	1	7.381
337	Theodora	1369	0.018	3	1	7.365
338	tyeth	458	0.006	1	1	7.357
339	Ashton	1396	0.019	3	1	7.341
340	17.1.	463	0.006	1	1	7.334
341	Heathenisme	470	0.006	1	1	7.334
342	reat	470	0.006	1	1	7.334
343	TIB	942	0.013	2	1	7.322
344	meretrix	474	0.006	1	1	7.31
345	skirts	2878	0.038	6	2	7.295
346	harlots	5276	0.07	11	7	7.294
347	adulteress	1919	0.026	4	3	7.293
348	FLAM	479	0.006	1	1	7.288
349	al'	479	0.006	1	1	7.288
350	Electra	486	0.007	1	1	7.265
351	Sappho	500	0.007	1	1	7.243
352	domes	510	0.007	1	1	7.2
353	hee'le	522	0.007	1	1	7.179
354	1530	516	0.007	1	1	7.179
355	etc.	519	0.007	1	1	7.179
356	Colliers	516	0.007	1	1	7.179
357	Dol	1048	0.014	2	1	7.169
358	chalked	530	0.007	1	1	7.158
359	some-times	524	0.007	1	1	7.158
360	sei	536	0.007	1	1	7.138
361	Babylon.	534	0.007	1	1	7.138
362	RON	531	0.007	1	1	7.138
363	Enchanters	544	0.007	1	1	7.118
364	Tinkers	545	0.007	1	1	7.118
365	fiddlers	1087	0.014	2	2	7.118
366	Coach-man	549	0.007	1	1	7.098
367	yond	549	0.007	1	1	7.098
368	noue	551	0.007	1	1	7.098
369	17.7.	551	0.007	1	1	7.098
370	7.22.	551	0.007	1	1	7.098
371	dome	3321	0.044	6	4	7.088
372	courtesan	1103	0.015	2	2	7.088
373	Churchman	564	0.008	1	1	7.059
374	Madonna	571	0.008	1	1	7.04
375	Norff	570	0.008	1	1	7.04
376	scarlet	9179	0.122	16	15	7.036
377	Shees	580	0.008	1	1	7.021
378	CET	1174	0.016	2	2	7.002
379	Dubito	589	0.008	1	1	7.002
380	gulls	585	0.008	1	1	7.002
381	whore	20634	0.274	35	16	6.997
382	pocky	594	0.008	1	1	6.984
383	eing	598	0.008	1	1	6.984
384	Sist	594	0.008	1	1	6.984
385	Iesabel	602	0.008	1	1	6.966
386	15.4.	604	0.008	1	1	6.966
387	mossy	603	0.008	1	1	6.966
388	shameless	6711	0.089	11	10	6.948
389	sig	4901	0.065	8	1	6.941
390	lecher	616	0.008	1	1	6.93
391	12.4.	620	0.008	1	1	6.93
392	pocks	618	0.008	1	1	6.93
393	Apocal.	1266	0.017	2	2	6.895
394	Foist	632	0.008	1	1	6.895
395	prostituted	1269	0.017	2	2	6.887
396	Cara	642	0.009	1	1	6.878
397	17.4	642	0.009	1	1	6.878
398	Kate	1290	0.017	2	1	6.87
399	carding	645	0.009	1	1	6.861
400	Carthusian	658	0.009	1	1	6.845
401	Beach	652	0.009	1	1	6.845
402	Ruffians	1326	0.018	2	2	6.828
403	soldiars	672	0.009	1	1	6.812
404	fore-head	2008	0.027	3	3	6.812
405	ruffle	669	0.009	1	1	6.812
406	Whoremonger	678	0.009	1	1	6.796
407	weddings	679	0.009	1	1	6.796
408	frigida	681	0.009	1	1	6.796
409	droves	682	0.009	1	1	6.78
410	swaggering	689	0.009	1	1	6.764
411	Megara	694	0.009	1	1	6.764
412	Gardiners	703	0.009	1	1	6.749
413	7.9.	707	0.009	1	1	6.733
414	quaff	710	0.009	1	1	6.733
415	varlets	709	0.009	1	1	6.733
416	Thamar	1424	0.019	2	2	6.725
417	Jesters	728	0.01	1	1	6.688
418	rioting	728	0.01	1	1	6.688
419	nr	733	0.01	1	1	6.688
420	Anacreon	740	0.01	1	1	6.673
421	malapert	737	0.01	1	1	6.673
422	13.4.	741	0.01	1	1	6.673
423	Mantuan	734	0.01	1	1	6.673
424	Babylonian	2956	0.039	4	4	6.669
425	Grammarian	1485	0.02	2	2	6.666
426	ch'	750	0.01	1	1	6.644
427	hiring	760	0.01	1	1	6.63
428	victuallers	770	0.01	1	1	6.615
429	Sophy	771	0.01	1	1	6.615
430	soothing	779	0.01	1	1	6.601
431	locust	774	0.01	1	1	6.601
432	Aul	785	0.01	1	1	6.587
433	wasteful	784	0.01	1	1	6.587
434	dicing	785	0.01	1	1	6.587
435	brace	1591	0.021	2	2	6.567
436	Bastards	3979	0.053	5	4	6.563
437	Gis	801	0.011	1	1	6.56
438	hire	8785	0.117	11	10	6.559
439	plaid	4003	0.053	5	5	6.554
440	bawdy	1610	0.021	2	2	6.546
441	concubines	4078	0.054	5	4	6.527
442	tyrannised	817	0.011	1	1	6.52
443	Questa	826	0.011	1	1	6.506
444	purple	18224	0.242	22	15	6.506
445	husb	1665	0.022	2	2	6.5
446	Tinker	835	0.011	1	1	6.493
447	shelf	845	0.011	1	1	6.48
448	discoverers	846	0.011	1	1	6.48
449	geld	842	0.011	1	1	6.48
450	Adulterer	4237	0.056	5	4	6.473
451	sanctitatis	853	0.011	1	1	6.468
452	mortgaged	851	0.011	1	1	6.468
453	3.3.	1739	0.023	2	2	6.436
454	played	11334	0.151	13	12	6.432
455	sled	871	0.012	1	1	6.43
456	Flo	2645	0.035	3	1	6.417
457	Paramour	878	0.012	1	1	6.417
458	Iulia	1778	0.024	2	1	6.405
459	Mol	891	0.012	1	1	6.405
460	Prouer.	888	0.012	1	1	6.405
461	Cuckold	2667	0.035	3	3	6.405
462	Babel	9790	0.13	11	5	6.403
463	insatiate	894	0.012	1	1	6.393
464	abjured	1792	0.024	2	2	6.393
465	whoremongers	1796	0.024	2	2	6.387
466	filthines	1803	0.024	2	2	6.381
467	Iehoram	902	0.012	1	1	6.381
468	surmounting	904	0.012	1	1	6.381
469	Jester	911	0.012	1	1	6.369
470	hunts	1820	0.024	2	2	6.369
471	Apoc	918	0.012	1	1	6.357
472	Omn	927	0.012	1	1	6.345
473	decking	927	0.012	1	1	6.345
474	Epitaphs	937	0.012	1	1	6.334
475	Lambeth	1928	0.026	2	2	6.288
476	Babylonish	2911	0.039	3	3	6.276
477	screen	989	0.013	1	1	6.254
478	Tamar	995	0.013	1	1	6.243
479	Distaff	1002	0.013	1	1	6.232
480	Iudaea	2003	0.027	2	1	6.232
481	sits	23190	0.308	23	15	6.222
482	dice	6226	0.083	6	6	6.181
483	Flora	2078	0.028	2	2	6.179
484	Helen	2091	0.028	2	2	6.169
485	knaves	5254	0.07	5	4	6.163
486	Russian	1061	0.014	1	1	6.148
487	laps	1058	0.014	1	1	6.148
488	scratch	2144	0.029	2	2	6.133
489	rides	4321	0.057	4	3	6.123
490	Nan	1085	0.014	1	1	6.118
491	Jade	2169	0.029	2	2	6.118
492	ransack	1088	0.015	1	1	6.108
493	gallantly	2181	0.029	2	2	6.108
494	carter	2182	0.029	2	2	6.108
495	whores	5508	0.073	5	3	6.094
496	forehead	12159	0.162	11	11	6.09
497	heinously	1105	0.015	1	1	6.088
498	3.3	3339	0.044	3	2	6.078
499	Apologists	1113	0.015	1	1	6.078
500	Griffin	1114	0.015	1	1	6.078
501	Fairies	1122	0.015	1	1	6.069
502	hounds	5657	0.075	5	3	6.057
503	cibo	1134	0.015	1	1	6.049
504	treasuries	1138	0.015	1	1	6.049
505	misshapen	1145	0.015	1	1	6.04
506	crabbed	1153	0.015	1	1	6.03
507	adulterous	3504	0.047	3	3	6.012
508	Aston	1175	0.016	1	1	6.002
509	Dra	1172	0.016	1	1	6.002
510	fir	1177	0.016	1	1	6.002
511	cavilling	1191	0.016	1	1	5.984
512	Parasite	1198	0.016	1	1	5.975
513	FLA	1211	0.016	1	1	5.957
514	LEECH	1220	0.016	1	1	5.948
515	deuell	1230	0.016	1	1	5.939
516	Susan	1225	0.016	1	1	5.939
517	bitch	1244	0.017	1	1	5.921
518	Senex	1244	0.017	1	1	5.921
519	Pis	1247	0.017	1	1	5.913
520	quelle	1254	0.017	1	1	5.904
521	GROIN	1258	0.017	1	1	5.904
522	alack	1260	0.017	1	1	5.904
523	ight	2517	0.033	2	1	5.904
524	Anti-christ	1261	0.017	1	1	5.895
525	arrayed	3816	0.051	3	3	5.887
526	succeded	1277	0.017	1	1	5.878
527	desolate	12933	0.172	10	8	5.863
528	soundest	1298	0.017	1	1	5.861
529	hed	1292	0.017	1	1	5.861
530	discoverer	1292	0.017	1	1	5.861
531	civitas	1309	0.017	1	1	5.845
532	Oyster	1314	0.018	1	1	5.837
533	Ethnic	1318	0.018	1	1	5.837
534	thriving	2636	0.035	2	2	5.837
535	hackney	1328	0.018	1	1	5.828
536	envies	2650	0.035	2	2	5.828
537	Ambo	1335	0.018	1	1	5.82
538	exemptions	1334	0.018	1	1	5.82
539	imitates	1329	0.018	1	1	5.82
540	whats	2675	0.036	2	2	5.816
541	gorgeous	2688	0.036	2	2	5.808
542	Taverns	2699	0.036	2	2	5.8
543	incontinence	1354	0.018	1	1	5.796
544	Francesco	1362	0.018	1	1	5.788
545	Sodomites	2734	0.036	2	1	5.784
546	Tush	2736	0.036	2	2	5.784
547	haunts	1373	0.018	1	1	5.78
548	Littleton	2767	0.037	2	1	5.764
549	brags	2791	0.037	2	2	5.752
550	rogue	6990	0.093	5	4	5.75
551	ken	2811	0.037	2	2	5.745
552	selfe	1407	0.019	1	1	5.741
553	Aethiopians	1407	0.019	1	1	5.741
554	jugglers	1418	0.019	1	1	5.733
555	Lear	1424	0.019	1	1	5.725
556	dalliance	1431	0.019	1	1	5.718
557	Gentility	1448	0.019	1	1	5.703
558	LV	1444	0.019	1	1	5.703
559	complexions	2917	0.039	2	1	5.692
560	deceives	4413	0.059	3	3	5.678
561	credits	1472	0.02	1	1	5.673
562	faced	2948	0.039	2	2	5.673
563	transforming	1481	0.02	1	1	5.666
564	longo	1481	0.02	1	1	5.666
565	pene	1489	0.02	1	1	5.658
566	cudgel	1509	0.02	1	1	5.644
567	paltry	1506	0.02	1	1	5.644
568	inhabitant	3014	0.04	2	1	5.644
569	impudent	12093	0.161	8	7	5.638
570	gamesters	1523	0.02	1	1	5.63
571	Harlot	9167	0.122	6	6	5.622
572	Huntingdon	1546	0.021	1	1	5.608
573	squires	1550	0.021	1	1	5.601
574	Palmerin	1557	0.021	1	1	5.594
575	Insula	1565	0.021	1	1	5.587
576	egregious	1584	0.021	1	1	5.573
577	Apoc.	11083	0.147	7	7	5.572
578	worshipper	1595	0.021	1	1	5.56
579	Rogero	1632	0.022	1	1	5.526
580	masked	1635	0.022	1	1	5.526
581	perjuries	1632	0.022	1	1	5.526
582	Chapt.	3271	0.044	2	1	5.523
583	Prou.	8310	0.11	5	5	5.501
584	riots	1679	0.022	1	1	5.487
585	strengths	1683	0.022	1	1	5.48
586	concubine	3397	0.045	2	2	5.471
587	deceiving	5099	0.068	3	3	5.47
588	'hem	1711	0.023	1	1	5.461
589	multorum	1716	0.023	1	1	5.455
590	enticed	3439	0.046	2	2	5.452
591	Angeli	1746	0.023	1	1	5.43
592	Hag	1766	0.024	1	1	5.411
593	gentlewomen	3546	0.047	2	1	5.408
594	Thief	23047	0.306	13	13	5.408
595	knave	8870	0.118	5	5	5.408
596	opprobrious	1778	0.024	1	1	5.405
597	fornication	14235	0.189	8	8	5.403
598	Minos	1795	0.024	1	1	5.393
599	yon	1802	0.024	1	1	5.387
600	thrift	1809	0.024	1	1	5.381
601	peerless	1823	0.024	1	1	5.369
602	Lechery	3660	0.049	2	2	5.363
603	Cerberus	1833	0.024	1	1	5.363
604	troth	5489	0.073	3	3	5.363
605	adulterate	1837	0.024	1	1	5.357
606	waxen	1850	0.025	1	1	5.345
607	tyrannise	1873	0.025	1	1	5.328
608	nel	1881	0.025	1	1	5.322
609	gull	1888	0.025	1	1	5.316
610	surfeiting	1890	0.025	1	1	5.316
611	hampton	1895	0.025	1	1	5.31
612	hoard	1895	0.025	1	1	5.31
613	Revel	21061	0.28	11	8	5.297
614	benumbed	1916	0.026	1	1	5.293
615	Vermilion	1928	0.026	1	1	5.288
616	Badges	1924	0.026	1	1	5.288
617	clip	1933	0.026	1	1	5.282
618	Syon	1931	0.026	1	1	5.282
619	Vulcan	3887	0.052	2	1	5.276
620	flatters	1941	0.026	1	1	5.276
621	Dews	1939	0.026	1	1	5.276
622	l'	5856	0.078	3	1	5.269
623	Bristow	1967	0.026	1	1	5.26
624	Apocalypse	3947	0.052	2	1	5.254
625	incestuous	3954	0.053	2	2	5.252
626	whoredoms	1981	0.026	1	1	5.249
627	bers	1984	0.026	1	1	5.243
628	Sono	1988	0.026	1	1	5.243
629	dishonest	6002	0.08	3	3	5.234
630	defiling	2018	0.027	1	1	5.222
631	snuff	2050	0.027	1	1	5.2
632	wink	4136	0.055	2	2	5.187
633	TAllow	2068	0.028	1	1	5.184
634	lure	2079	0.028	1	1	5.179
635	players	4154	0.055	2	2	5.179
636	Marcellinus	2075	0.028	1	1	5.179
637	detested	4228	0.056	2	2	5.153
638	sleeve	2112	0.028	1	1	5.153
639	entice	4278	0.057	2	2	5.138
640	foil	4299	0.057	2	2	5.13
641	Sophia	2152	0.029	1	1	5.128
642	drunkard	6511	0.087	3	3	5.116
643	sci	2175	0.029	1	1	5.113
644	beseeming	2182	0.029	1	1	5.108
645	hate	65701	0.873	30	22	5.103
646	Cooper	2193	0.029	1	1	5.103
647	Bed-chamber	2195	0.029	1	1	5.098
648	Swan	4395	0.058	2	1	5.098
649	infamous	11020	0.146	5	5	5.094
650	banqueting	2202	0.029	1	1	5.093
651	famished	2203	0.029	1	1	5.093
652	ith	4421	0.059	2	1	5.09
653	pestered	2227	0.03	1	1	5.078
654	Apo.	2232	0.03	1	1	5.078
655	renounced	6702	0.089	3	3	5.075
656	rampant	2244	0.03	1	1	5.069
657	wenches	2248	0.03	1	1	5.064
658	i'	2248	0.03	1	1	5.064
659	ide	2263	0.03	1	1	5.054
660	SATIRE	2307	0.031	1	1	5.03
661	piss	2312	0.031	1	1	5.026
662	mocks	2314	0.031	1	1	5.026
663	rife	2309	0.031	1	1	5.026
664	annal	2322	0.031	1	1	5.021
665	laments	2326	0.031	1	1	5.016
666	Roan	2337	0.031	1	1	5.012
667	contends	2343	0.031	1	1	5.007
668	mercenary	4683	0.062	2	2	5.007
669	certo	2340	0.031	1	1	5.007
670	Grecian	9382	0.125	4	3	5.005
671	cancelled	2362	0.031	1	1	4.993
672	buys	2372	0.032	1	1	4.989
673	Dau	2388	0.032	1	1	4.979
674	mints	2393	0.032	1	1	4.975
675	Hue	4842	0.064	2	1	4.959
676	stumbled	2431	0.032	1	1	4.952
677	wipe	7298	0.097	3	3	4.952
678	wallow	2438	0.032	1	1	4.948
679	beast	81566	1.084	33	17	4.929
680	Conti	2476	0.033	1	1	4.926
681	Bachelor	2474	0.033	1	1	4.926
682	Hound	2485	0.033	1	1	4.921
683	horned	2489	0.033	1	1	4.917
684	rogues	5001	0.066	2	1	4.913
685	prostitute	2508	0.033	1	1	4.908
686	wedlock	5013	0.067	2	1	4.908
687	whoredom	7526	0.1	3	2	4.907
688	Lu	2514	0.033	1	1	4.904
689	videatur	2517	0.033	1	1	4.904
690	Ioane	2539	0.034	1	1	4.891
691	customers	2545	0.034	1	1	4.887
692	playing	10275	0.137	4	4	4.873
693	terminus	2577	0.034	1	1	4.87
694	dissolute	5161	0.069	2	2	4.866
695	enticing	2596	0.035	1	1	4.857
696	brazen	10407	0.138	4	2	4.855
697	Crocodile	2605	0.035	1	1	4.853
698	exalting	2631	0.035	1	1	4.841
699	repelled	2629	0.035	1	1	4.841
700	Dee	2650	0.035	1	1	4.828
701	marred	2667	0.035	1	1	4.82
702	Parlour	2678	0.036	1	1	4.812
703	204	2681	0.036	1	1	4.812
704	railed	2685	0.036	1	1	4.808
705	tolerated	5375	0.071	2	2	4.808
706	wed	5405	0.072	2	2	4.8
707	amplified	2713	0.036	1	1	4.796
708	gangrene	2729	0.036	1	1	4.784
709	whoring	2742	0.036	1	1	4.78
710	filthy	30299	0.403	11	11	4.772
711	matrons	2766	0.037	1	1	4.768
712	worser	2821	0.038	1	1	4.737
713	crew	8469	0.113	3	3	4.737
714	riotous	2846	0.038	1	1	4.725
715	hug	2849	0.038	1	1	4.725
716	performs	5696	0.076	2	1	4.724
717	Butcher	2859	0.038	1	1	4.718
718	Hospital	8600	0.114	3	3	4.715
719	Sergius	2869	0.038	1	1	4.714
720	prate	2866	0.038	1	1	4.714
721	abhorring	2902	0.039	1	1	4.699
722	Greke	2929	0.039	1	1	4.684
723	tumbling	2926	0.039	1	1	4.684
724	gauge	2936	0.039	1	1	4.68
725	las	2947	0.039	1	1	4.677
726	drunken	11882	0.158	4	4	4.664
727	Crust	2975	0.04	1	1	4.662
728	wouldest	2973	0.04	1	1	4.662
729	bathing	2983	0.04	1	1	4.658
730	Ames	3008	0.04	1	1	4.644
731	gaming	3021	0.04	1	1	4.64
732	ragged	3017	0.04	1	1	4.64
733	enchantments	3037	0.04	1	1	4.633
734	181	3043	0.04	1	1	4.63
735	dreaming	3042	0.04	1	1	4.63
736	Coaches	3043	0.04	1	1	4.63
737	hunter	3051	0.041	1	1	4.626
738	kneeled	3058	0.041	1	1	4.622
739	Squire	6126	0.081	2	2	4.619
740	Proclaims	3074	0.041	1	1	4.615
741	lash	3070	0.041	1	1	4.615
742	laughs	3075	0.041	1	1	4.615
743	Witch	9245	0.123	3	3	4.611
744	maiden	6187	0.082	2	2	4.605
745	Armenians	3103	0.041	1	1	4.601
746	Hip	3106	0.041	1	1	4.598
747	lace	3116	0.041	1	1	4.594
748	Fugitive	3133	0.042	1	1	4.587
749	ast	3134	0.042	1	1	4.587
750	pollute	3138	0.042	1	1	4.584
751	importune	3148	0.042	1	1	4.58
752	Upholding	3149	0.042	1	1	4.58
753	dregs	6317	0.084	2	2	4.575
754	lucky	3186	0.042	1	1	4.563
755	unchaste	3200	0.043	1	1	4.556
756	unsatisfied	3210	0.043	1	1	4.553
757	Rams	3216	0.043	1	1	4.55
758	healths	3230	0.043	1	1	4.543
759	83.	3226	0.043	1	1	4.543
760	drunk	35533	0.472	11	9	4.543
761	118.	3248	0.043	1	1	4.536
762	descry	3254	0.043	1	1	4.533
763	174	3264	0.043	1	1	4.526
764	Albion	3266	0.043	1	1	4.526
765	fewer	9844	0.131	3	2	4.52
766	Agamemnon	3283	0.044	1	1	4.52
767	swept	3288	0.044	1	1	4.516
768	attired	3308	0.044	1	1	4.51
769	Defame	3314	0.044	1	1	4.506
770	Prodigality	3344	0.044	1	1	4.493
771	winters	3340	0.044	1	1	4.493
772	Mist	10075	0.134	3	1	4.487
773	strip	3365	0.045	1	1	4.484
774	Cozen	3380	0.045	1	1	4.477
775	divorced	3378	0.045	1	1	4.477
776	graceless	3413	0.045	1	1	4.464
777	Geneua	3422	0.046	1	1	4.458
778	Henricus	3438	0.046	1	1	4.452
779	Communis	3459	0.046	1	1	4.445
780	villainous	3467	0.046	1	1	4.439
781	extortion	3485	0.046	1	1	4.433
782	swayed	3487	0.046	1	1	4.433
783	ditch	10469	0.139	3	3	4.431
784	filthiness	10515	0.14	3	3	4.425
785	plays	17593	0.234	5	5	4.419
786	patet	3529	0.047	1	1	4.414
787	figured	7080	0.094	2	1	4.411
788	clients	3539	0.047	1	1	4.411
789	Hateful	10655	0.142	3	3	4.406
790	abominations	10678	0.142	3	3	4.403
791	vne	3563	0.047	1	1	4.402
792	enchanted	3569	0.047	1	1	4.399
793	pulling	7151	0.095	2	2	4.396
794	boys	14311	0.19	4	4	4.395
795	described	42932	0.57	12	6	4.395
796	mistresses	3604	0.048	1	1	4.384
797	maintains	7229	0.096	2	1	4.381
798	84.	3627	0.048	1	1	4.375
799	Idolatrous	14523	0.193	4	4	4.374
800	giddy	3649	0.049	1	1	4.366
801	tolerate	3668	0.049	1	1	4.36
802	impudently	3698	0.049	1	1	4.348
803	Calf	11111	0.148	3	3	4.345
804	hunting	14846	0.197	4	4	4.342
805	thieves	22285	0.296	6	3	4.341
806	frost	7484	0.099	2	2	4.331
807	costly	11277	0.15	3	2	4.324
808	Mercer	3762	0.05	1	1	4.322
809	Helena	3775	0.05	1	1	4.319
810	PAP	3784	0.05	1	1	4.313
811	rascal	3785	0.05	1	1	4.313
812	swears	7600	0.101	2	2	4.308
813	VIT	7616	0.101	2	1	4.305
814	Drag	3808	0.051	1	1	4.305
815	stratagems	3824	0.051	1	1	4.299
816	tempts	3862	0.051	1	1	4.285
817	consume	19326	0.257	5	5	4.284
818	marry	38694	0.514	10	9	4.282
819	cards	7740	0.103	2	2	4.282
820	silks	3896	0.052	1	1	4.271
821	sells	3915	0.052	1	1	4.265
822	Inns	3946	0.052	1	1	4.254
823	Pluto	3953	0.053	1	1	4.252
824	Fl	3957	0.053	1	1	4.249
825	rect	3967	0.053	1	1	4.246
826	woo	3978	0.053	1	1	4.243
827	hunt	12065	0.16	3	3	4.226
828	cup	48330	0.642	12	10	4.224
829	Chalice	4028	0.054	1	1	4.224
830	puritan	4033	0.054	1	1	4.222
831	reprehended	4037	0.054	1	1	4.222
832	matchless	4042	0.054	1	1	4.219
833	marries	4061	0.054	1	1	4.214
834	descriptions	4060	0.054	1	1	4.214
835	purse	16277	0.216	4	4	4.21
836	suburbs	8156	0.108	2	1	4.207
837	play	61168	0.813	15	13	4.206
838	herds	4094	0.054	1	1	4.2
839	dirty	4102	0.055	1	1	4.198
840	Ierem.	4126	0.055	1	1	4.19
841	fits	16510	0.219	4	4	4.189
842	Lustful	4133	0.055	1	1	4.187
843	riot	8272	0.11	2	2	4.186
844	Trojan	4173	0.055	1	1	4.174
845	savours	4180	0.056	1	1	4.171
846	pi	4201	0.056	1	1	4.164
847	ay	4212	0.056	1	1	4.158
848	Qual	4234	0.056	1	1	4.153
849	reviled	4228	0.056	1	1	4.153
850	adventured	4242	0.056	1	1	4.151
851	protesting	4251	0.057	1	1	4.146
852	Kin	17056	0.227	4	1	4.142
853	erst	4270	0.057	1	1	4.141
854	Sly	4313	0.057	1	1	4.125
855	prefers	4321	0.057	1	1	4.123
856	deck	4329	0.058	1	1	4.12
857	basest	4331	0.058	1	1	4.12
858	spends	4330	0.058	1	1	4.12
859	stale	4338	0.058	1	1	4.118
860	whenas	4341	0.058	1	1	4.115
861	buckler	4371	0.058	1	1	4.105
862	Sergeants	4379	0.058	1	1	4.103
863	whereinto	4395	0.058	1	1	4.098
864	anni	4404	0.059	1	1	4.095
865	tragical	4479	0.06	1	1	4.071
866	usurping	4491	0.06	1	1	4.066
867	discharging	4492	0.06	1	1	4.066
868	decked	4505	0.06	1	1	4.064
869	peevish	4508	0.06	1	1	4.061
870	tormenting	4522	0.06	1	1	4.056
871	bewail	9117	0.121	2	2	4.046
872	revile	4565	0.061	1	1	4.045
873	op	4574	0.061	1	1	4.04
874	hatched	4584	0.061	1	1	4.037
875	effeminate	4666	0.062	1	1	4.012
876	stays	9340	0.124	2	2	4.01
877	embracing	9401	0.125	2	2	4.001
878	Eclipsed	4703	0.063	1	1	4
879	hired	9416	0.125	2	2	3.999
880	profaned	4710	0.063	1	1	3.998
881	craving	4719	0.063	1	1	3.995
882	Lactantius	4730	0.063	1	1	3.993
883	dr	9464	0.126	2	2	3.992
884	painted	23662	0.314	5	5	3.992
885	Sixtus	4735	0.063	1	1	3.991
886	dunghill	4743	0.063	1	1	3.989
887	corrupting	4784	0.064	1	1	3.977
888	trim	4802	0.064	1	1	3.97
889	villainies	4813	0.064	1	1	3.968
890	scurvy	4826	0.064	1	1	3.964
891	Rome	271183	3.602	56	32	3.958
892	velvet	4856	0.065	1	1	3.955
893	Mask	4856	0.065	1	1	3.955
894	masculine	4862	0.065	1	1	3.952
895	funerals	4870	0.065	1	1	3.95
896	nostrils	9776	0.13	2	2	3.945
897	17.	83120	1.104	17	11	3.944
898	deposition	4899	0.065	1	1	3.941
899	oppressors	4931	0.066	1	1	3.932
900	circa	9894	0.131	2	1	3.928
901	poisonous	4944	0.066	1	1	3.928
902	Luc	4952	0.066	1	1	3.926
903	servile	9971	0.133	2	2	3.916
904	detected	5017	0.067	1	1	3.908
905	abandon	10068	0.134	2	2	3.903
906	160	5050	0.067	1	1	3.898
907	Ieremie	5090	0.068	1	1	3.887
908	plagued	5100	0.068	1	1	3.885
909	Romes	5130	0.068	1	1	3.876
910	adulterers	5137	0.068	1	1	3.874
911	spotted	5160	0.069	1	1	3.868
912	coloured	10332	0.137	2	2	3.866
913	significant	5185	0.069	1	1	3.859
914	linked	5190	0.069	1	1	3.859
915	lovingly	5212	0.069	1	1	3.853
916	finest	5244	0.07	1	1	3.843
917	strangled	5256	0.07	1	1	3.841
918	purer	5259	0.07	1	1	3.839
919	strives	5260	0.07	1	1	3.839
920	familiarly	5276	0.07	1	1	3.834
921	display	5310	0.071	1	1	3.826
922	entreaty	5321	0.071	1	1	3.822
923	beautified	5350	0.071	1	1	3.814
924	detestable	10704	0.142	2	2	3.814
925	gallants	5377	0.071	1	1	3.808
926	hawks	5379	0.072	1	1	3.806
927	widow	21540	0.286	4	4	3.805
928	partially	5392	0.072	1	1	3.804
929	robes	10833	0.144	2	1	3.797
930	calais	10880	0.145	2	2	3.791
931	occupy	5453	0.072	1	1	3.788
932	tolerable	10937	0.145	2	2	3.783
933	lascivious	5471	0.073	1	1	3.782
934	earths	5493	0.073	1	1	3.776
935	ds	5503	0.073	1	1	3.774
936	't	11120	0.148	2	2	3.759
937	Caves	5567	0.074	1	1	3.756
938	formality	5567	0.074	1	1	3.756
939	Antichrist	50530	0.671	9	7	3.745
940	throats	5620	0.075	1	1	3.743
941	Nuns	5658	0.075	1	1	3.733
942	Murderers	11345	0.151	2	2	3.73
943	extol	5693	0.076	1	1	3.725
944	Mer	5689	0.076	1	1	3.725
945	Rev.	51328	0.682	9	4	3.723
946	blasphemous	11428	0.152	2	1	3.72
947	daughters	40010	0.532	7	7	3.719
948	Maist	17147	0.228	3	2	3.719
949	presuming	5718	0.076	1	1	3.718
950	Abominable	22990	0.305	4	4	3.711
951	proudly	5842	0.078	1	1	3.688
952	XXVII	5851	0.078	1	1	3.686
953	FA	11810	0.157	2	1	3.672
954	frighted	5925	0.079	1	1	3.667
955	veil	11849	0.157	2	1	3.667
956	filth	11883	0.158	2	2	3.663
957	Puritans	5981	0.08	1	1	3.653
958	Ware	12046	0.16	2	2	3.644
959	deem	6043	0.08	1	1	3.638
960	MON	18249	0.242	3	1	3.63
961	Exeunt	12174	0.162	2	2	3.629
962	infect	6100	0.081	1	1	3.626
963	tempting	6108	0.081	1	1	3.624
964	wife	214853	2.854	35	23	3.616
965	youthful	6171	0.082	1	1	3.608
966	adultery	24714	0.328	4	4	3.607
967	Hierarchy	6183	0.082	1	1	3.606
968	husbands	30992	0.412	5	5	3.602
969	desolation	12402	0.165	2	2	3.602
970	contrive	6209	0.083	1	1	3.599
971	prostrate	6239	0.083	1	1	3.592
972	suggestions	6262	0.083	1	1	3.587
973	sowed	6293	0.084	1	1	3.58
974	therewithal	6336	0.084	1	1	3.57
975	livings	6392	0.085	1	1	3.558
976	Friar	12819	0.17	2	1	3.554
977	damnation	32064	0.426	5	3	3.553
978	sway	12829	0.17	2	1	3.553
979	bewitched	6431	0.085	1	1	3.55
980	Comedy	6476	0.086	1	1	3.54
981	syllable	6553	0.087	1	1	3.523
982	blush	13133	0.175	2	2	3.519
983	ink	6606	0.088	1	1	3.51
984	greedy	13232	0.176	2	2	3.508
985	dispense	13245	0.176	2	2	3.507
986	fiftly	6621	0.088	1	1	3.506
987	stealing	6657	0.088	1	1	3.5
988	whipped	6660	0.089	1	1	3.498
989	Englishmen	6677	0.089	1	1	3.495
990	wears	6709	0.089	1	1	3.488
991	striking	6712	0.089	1	1	3.487
992	lovers	26913	0.358	4	4	3.484
993	wanton	20242	0.269	3	3	3.48
994	sleeps	6751	0.09	1	1	3.479
995	attendants	6755	0.09	1	1	3.479
996	woman	183598	2.439	27	23	3.469
997	forlorn	6805	0.09	1	1	3.468
998	harbour	13726	0.182	2	2	3.456
999	Dragons	6883	0.091	1	1	3.452
1000	chaste	20646	0.274	3	3	3.451
1001	tha	6903	0.092	1	1	3.447
1002	openly	41440	0.551	6	4	3.446
1003	Proverbs	6913	0.092	1	1	3.445
1004	boy	27639	0.367	4	3	3.445
1005	liberally	6929	0.092	1	1	3.442
1006	57.	6936	0.092	1	1	3.441
1007	qu'il	6952	0.092	1	1	3.438
1008	Emblem	6983	0.093	1	1	3.43
1009	peculiarly	7015	0.093	1	1	3.424
1010	drunkards	7021	0.093	1	1	3.422
1011	fist	7028	0.093	1	1	3.42
1012	Heathenish	7043	0.094	1	1	3.417
1013	Slave	21201	0.282	3	2	3.413
1014	augment	7169	0.095	1	1	3.393
1015	thirteenth	7168	0.095	1	1	3.393
1016	wives	57399	0.763	8	8	3.391
1017	Commentary	7188	0.096	1	1	3.388
1018	inflict	7264	0.097	1	1	3.373
1019	Neptune	7330	0.097	1	1	3.36
1020	laity	7349	0.098	1	1	3.357
1021	Commune	7351	0.098	1	1	3.357
1022	subtle	36810	0.489	5	3	3.354
1023	Goat	7386	0.098	1	1	3.35
1024	entangled	7389	0.098	1	1	3.348
1025	Mars	22203	0.295	3	3	3.347
1026	buying	7410	0.098	1	1	3.345
1027	scorned	7420	0.099	1	1	3.342
1028	compares	7453	0.099	1	1	3.336
1029	ducats	7478	0.099	1	1	3.332
1030	virginity	7524	0.1	1	1	3.323
1031	becometh	7573	0.101	1	1	3.313
1032	authorized	7582	0.101	1	1	3.312
1033	staying	7629	0.101	1	1	3.303
1034	bellies	7635	0.101	1	1	3.302
1035	arrogance	7646	0.102	1	1	3.299
1036	reversion	7647	0.102	1	1	3.299
1037	unusual	7667	0.102	1	1	3.296
1038	murdering	7679	0.102	1	1	3.293
1039	painting	7700	0.102	1	1	3.289
1040	withered	7711	0.102	1	1	3.288
1041	Jer	23150	0.308	3	3	3.286
1042	odious	23239	0.309	3	3	3.281
1043	tear	15500	0.206	2	2	3.28
1044	recreation	7766	0.103	1	1	3.276
1045	start	7796	0.104	1	1	3.271
1046	stripped	7820	0.104	1	1	3.267
1047	thirsty	7834	0.104	1	1	3.264
1048	remorse	7838	0.104	1	1	3.264
1049	reigns	15787	0.21	2	2	3.254
1050	nu	7900	0.105	1	1	3.253
1051	Aeneas	7910	0.105	1	1	3.25
1052	joins	7933	0.105	1	1	3.246
1053	keeps	40024	0.532	5	4	3.233
1054	pick	8026	0.107	1	1	3.23
1055	Hostess	8115	0.108	1	1	3.214
1056	burn	40670	0.54	5	5	3.21
1057	Baal	8157	0.108	1	1	3.206
1058	55.	8173	0.109	1	1	3.203
1059	attire	8194	0.109	1	1	3.2
1060	price	57392	0.762	7	6	3.199
1061	Bar	32896	0.437	4	3	3.194
1062	penny	16458	0.219	2	2	3.194
1063	Alex	8301	0.11	1	1	3.18
1064	curiously	8315	0.111	1	1	3.178
1065	married	66560	0.884	8	7	3.178
1066	waters	83222	1.106	10	9	3.177
1067	ugly	8331	0.111	1	1	3.175
1068	strings	8377	0.111	1	1	3.167
1069	impediment	8393	0.112	1	1	3.165
1070	clad	8414	0.112	1	1	3.161
1071	termed	25438	0.338	3	3	3.15
1072	dross	8493	0.113	1	1	3.148
1073	seat	51212	0.68	6	5	3.141
1074	aboard	8546	0.114	1	1	3.139
1075	rent	42785	0.568	5	3	3.137
1076	damned	34243	0.455	4	4	3.136
1077	Ram	8617	0.115	1	1	3.127
1078	sisters	17302	0.23	2	2	3.122
1079	lots	8708	0.116	1	1	3.112
1080	diseased	8769	0.117	1	1	3.102
1081	bells	8768	0.117	1	1	3.102
1082	kiss	26340	0.35	3	2	3.1
1083	damnable	17583	0.234	2	2	3.098
1084	unexpected	8797	0.117	1	1	3.097
1085	plains	8832	0.117	1	1	3.092
1086	magnificence	8848	0.118	1	1	3.089
1087	grain	17694	0.235	2	2	3.089
1088	expounds	8875	0.118	1	1	3.084
1089	famous	88824	1.18	10	6	3.083
1090	steed	8886	0.118	1	1	3.083
1091	wore	8942	0.119	1	1	3.073
1092	Beggar	8945	0.119	1	1	3.073
1093	steal	17906	0.238	2	2	3.072
1094	paint	8989	0.119	1	1	3.066
1095	fashions	9013	0.12	1	1	3.063
1096	Dragon	18054	0.24	2	2	3.06
1097	defiled	18090	0.24	2	2	3.057
1098	powered	9056	0.12	1	1	3.055
1099	hie	9054	0.12	1	1	3.055
1100	stately	18235	0.242	2	2	3.046
1101	enters	18257	0.243	2	2	3.044
1102	leading	18263	0.243	2	2	3.043
1103	drown	9177	0.122	1	1	3.036
1104	quoth	36867	0.49	4	3	3.03
1105	likelihood	9249	0.123	1	1	3.024
1106	diminished	9251	0.123	1	1	3.024
1107	bearing	37031	0.492	4	1	3.024
1108	naked	46459	0.617	5	5	3.018
1109	tricks	9354	0.124	1	1	3.008
1110	impure	9368	0.124	1	1	3.007
1111	richly	9389	0.125	1	1	3.003
1112	Hist.	18785	0.25	2	2	3.003
1113	closely	9419	0.125	1	1	2.999
1114	Gentlewoman	9432	0.125	1	1	2.997
1115	Benefices	9458	0.126	1	1	2.993
1116	disposing	9453	0.126	1	1	2.993
1117	Tobacco	9488	0.126	1	1	2.989
1118	brave	38044	0.505	4	4	2.985
1119	husband	105631	1.403	11	11	2.971
1120	nakedness	9651	0.128	1	1	2.964
1121	hills	29127	0.387	3	3	2.955
1122	abhor	19419	0.258	2	2	2.955
1123	Exit	19436	0.258	2	2	2.953
1124	flattering	9757	0.13	1	1	2.948
1125	censured	9756	0.13	1	1	2.948
1126	feeds	9833	0.131	1	1	2.937
1127	whereon	19704	0.262	2	2	2.934
1128	furniture	9851	0.131	1	1	2.933
1129	fo	9885	0.131	1	1	2.929
1130	jealous	19806	0.263	2	2	2.926
1131	Lawyer	9909	0.132	1	1	2.926
1132	destruction	89423	1.188	9	6	2.922
1133	snow	19897	0.264	2	2	2.92
1134	golden	49785	0.661	5	4	2.919
1135	permit	29877	0.397	3	2	2.918
1136	Excepting	9977	0.133	1	1	2.916
1137	doors	29993	0.398	3	2	2.913
1138	Sack	10141	0.135	1	1	2.892
1139	nere	20350	0.27	2	2	2.887
1140	permitted	30542	0.406	3	1	2.886
1141	disobedient	10184	0.135	1	1	2.886
1142	unclean	30723	0.408	3	3	2.878
1143	glories	10254	0.136	1	1	2.876
1144	witches	10286	0.137	1	1	2.872
1145	agreeing	10294	0.137	1	1	2.871
1146	fool	41266	0.548	4	4	2.867
1147	seduced	10324	0.137	1	1	2.867
1148	discovering	10322	0.137	1	1	2.867
1149	sister	51618	0.686	5	5	2.866
1150	match	20690	0.275	2	1	2.864
1151	dancing	10351	0.138	1	1	2.862
1152	lusty	10354	0.138	1	1	2.862
1153	fond	20744	0.276	2	2	2.859
1154	presumptuous	10383	0.138	1	1	2.858
1155	bag	10396	0.138	1	1	2.856
1156	condemnation	31282	0.416	3	3	2.852
1157	fetched	10432	0.139	1	1	2.851
1158	forsake	52263	0.694	5	5	2.848
1159	beautiful	31363	0.417	3	3	2.848
1160	yearly	31375	0.417	3	2	2.848
1161	parson	10471	0.139	1	1	2.846
1162	honest	83801	1.113	8	8	2.845
1163	Revelation	41988	0.558	4	4	2.842
1164	asks	10519	0.14	1	1	2.84
1165	abused	31590	0.42	3	3	2.838
1166	breeds	10535	0.14	1	1	2.838
1167	68	10551	0.14	1	1	2.834
1168	Mistress	42310	0.562	4	4	2.831
1169	politic	21242	0.282	2	2	2.825
1170	dost	31931	0.424	3	3	2.822
1171	facto	10681	0.142	1	1	2.817
1172	spent	53460	0.71	5	5	2.816
1173	train	21461	0.285	2	2	2.81
1174	description	42949	0.571	4	4	2.81
1175	numbered	10774	0.143	1	1	2.805
1176	deep	75511	1.003	7	7	2.803
1177	obstinacy	10790	0.143	1	1	2.803
1178	keep	313074	4.159	29	16	2.802
1179	perdition	10866	0.144	1	1	2.793
1180	Pox	10902	0.145	1	1	2.788
1181	expenses	10928	0.145	1	1	2.784
1182	parcel	10999	0.146	1	1	2.775
1183	afternoon	11049	0.147	1	1	2.768
1184	horns	22193	0.295	2	2	2.762
1185	room	55576	0.738	5	4	2.76
1186	Jest	11120	0.148	1	1	2.759
1187	notorious	22363	0.297	2	2	2.751
1188	flourished	11210	0.149	1	1	2.748
1189	judged	56237	0.747	5	5	2.743
1190	witty	11290	0.15	1	1	2.737
1191	spouse	22595	0.3	2	2	2.736
1192	protestation	11307	0.15	1	1	2.735
1193	ed	11308	0.15	1	1	2.735
1194	aspect	11323	0.15	1	1	2.733
1195	dim	11370	0.151	1	1	2.727
1196	afflict	11385	0.151	1	1	2.725
1197	corners	11488	0.153	1	1	2.712
1198	prima	11491	0.153	1	1	2.712
1199	hearken	23019	0.306	2	1	2.709
1200	Ice	11552	0.154	1	1	2.704
1201	committing	11606	0.154	1	1	2.697
1202	twelfth	11669	0.155	1	1	2.69
1203	Bees	11695	0.155	1	1	2.686
1204	sitting	35270	0.469	3	3	2.679
1205	abomination	11757	0.156	1	1	2.679
1206	usurped	11791	0.157	1	1	2.675
1207	Roman	141472	1.879	12	10	2.675
1208	habit	35431	0.471	3	3	2.672
1209	bleeding	11828	0.157	1	1	2.67
1210	eke	11837	0.157	1	1	2.669
1211	Jew	23762	0.316	2	2	2.663
1212	maids	11895	0.158	1	1	2.662
1213	hears	23785	0.316	2	2	2.662
1214	XVIII	11914	0.158	1	1	2.659
1215	loud	23920	0.318	2	2	2.654
1216	alliance	12060	0.16	1	1	2.642
1217	pleaseth	24152	0.321	2	1	2.64
1218	compel	12119	0.161	1	1	2.635
1219	advance	36366	0.483	3	3	2.635
1220	Marie	12146	0.161	1	1	2.632
1221	Iudah	12172	0.162	1	1	2.629
1222	amorous	12171	0.162	1	1	2.629
1223	discontent	12204	0.162	1	1	2.625
1224	pagan	12292	0.163	1	1	2.614
1225	overthrow	36900	0.49	3	2	2.614
1226	fetch	24696	0.328	2	2	2.608
1227	bastard	12394	0.165	1	1	2.603
1228	gray	12411	0.165	1	1	2.6
1229	Malignant	12436	0.165	1	1	2.598
1230	potent	12467	0.166	1	1	2.594
1231	worn	12479	0.166	1	1	2.592
1232	murderer	12581	0.167	1	1	2.581
1233	slander	12613	0.168	1	1	2.578
1234	Israell	12654	0.168	1	1	2.573
1235	Troy	12678	0.168	1	1	2.57
1236	discovered	63467	0.843	5	5	2.568
1237	blinded	12718	0.169	1	1	2.566
1238	lamentable	12732	0.169	1	1	2.564
1239	hated	25471	0.338	2	2	2.563
1240	women	152987	2.032	12	10	2.562
1241	attendance	12777	0.17	1	1	2.559
1242	lodge	12832	0.171	1	1	2.552
1243	stamp	12866	0.171	1	1	2.549
1244	she	1006738	13.373	78	55	2.544
1245	Heretical	12934	0.172	1	1	2.541
1246	Traffic	12930	0.172	1	1	2.541
1247	hide	38812	0.516	3	3	2.541
1248	51	25891	0.344	2	1	2.54
1249	agent	12951	0.172	1	1	2.54
1250	suspected	25911	0.344	2	2	2.539
1251	forsooth	12960	0.172	1	1	2.538
1252	raging	13043	0.173	1	1	2.529
1253	Lover	26112	0.347	2	2	2.527
1254	minus	13087	0.174	1	1	2.525
1255	maintain	78757	1.046	6	6	2.52
1256	Hosts	13174	0.175	1	1	2.515
1257	territories	13207	0.175	1	1	2.511
1258	Lev	13206	0.175	1	1	2.511
1259	her	1811491	24.064	137	84	2.509
1260	departing	13235	0.176	1	1	2.508
1261	eleven	13249	0.176	1	1	2.506
1262	Dame	13246	0.176	1	1	2.506
1263	bloody	53730	0.714	4	2	2.487
1264	despite	13448	0.179	1	1	2.485
1265	Venus	26929	0.358	2	2	2.483
1266	manifestation	13497	0.179	1	1	2.48
1267	virgin	54072	0.718	4	4	2.477
1268	coals	13558	0.18	1	1	2.473
1269	converted	40728	0.541	3	2	2.471
1270	doctrines	40858	0.543	3	3	2.466
1271	Chase	13640	0.181	1	1	2.464
1272	spoils	13640	0.181	1	1	2.464
1273	evidently	27408	0.364	2	1	2.458
1274	lust	54865	0.729	4	4	2.456
1275	secretary	13724	0.182	1	1	2.456
1276	dares	13753	0.183	1	1	2.452
1277	sung	13767	0.183	1	1	2.451
1278	Antichristian	13777	0.183	1	1	2.45
1279	steward	13843	0.184	1	1	2.443
1280	Gal	55443	0.737	4	2	2.441
1281	morrow	27739	0.369	2	1	2.44
1282	handful	13872	0.184	1	1	2.44
1283	wisest	14043	0.187	1	1	2.423
1284	wolves	14045	0.187	1	1	2.422
1285	tending	14059	0.187	1	1	2.42
1286	Fly	84799	1.127	6	6	2.413
1287	spleen	14135	0.188	1	1	2.413
1288	subtlety	14163	0.188	1	1	2.41
1289	parable	14171	0.188	1	1	2.41
1290	Ha	28655	0.381	2	1	2.394
1291	cunning	28670	0.381	2	2	2.393
1292	supposes	14355	0.191	1	1	2.391
1293	Tomb	14393	0.191	1	1	2.387
1294	'll	158479	2.105	11	9	2.385
1295	assemblies	28871	0.384	2	2	2.383
1296	Horses	58059	0.771	4	3	2.375
1297	Ah	29075	0.386	2	2	2.373
1298	ipso	14545	0.193	1	1	2.372
1299	bay	14718	0.196	1	1	2.355
1300	fairest	14727	0.196	1	1	2.354
1301	excused	14733	0.196	1	1	2.353
1302	shameful	14747	0.196	1	1	2.352
1303	Con	14750	0.196	1	1	2.352
1304	Devils	59091	0.785	4	3	2.349
1305	Israel	162651	2.161	11	9	2.348
1306	covetousness	29703	0.395	2	2	2.342
1307	23.	59639	0.792	4	4	2.336
1308	publicly	29824	0.396	2	2	2.336
1309	di	44811	0.595	3	2	2.333
1310	fervent	14967	0.199	1	1	2.331
1311	shoot	14986	0.199	1	1	2.328
1312	merry	30040	0.399	2	1	2.326
1313	game	15105	0.201	1	1	2.317
1314	feathers	15142	0.201	1	1	2.314
1315	blew	15173	0.202	1	1	2.31
1316	loco	15190	0.202	1	1	2.309
1317	condemned	91164	1.211	6	6	2.309
1318	foe	15213	0.202	1	1	2.307
1319	unnatural	15260	0.203	1	1	2.303
1320	muse	15327	0.204	1	1	2.296
1321	argues	15381	0.204	1	1	2.291
1322	base	61654	0.819	4	4	2.288
1323	dog	30988	0.412	2	2	2.281
1324	represent	31012	0.412	2	1	2.279
1325	58	15554	0.207	1	1	2.275
1326	'm	31244	0.415	2	2	2.269
1327	expound	15629	0.208	1	1	2.268
1328	judgment	235552	3.129	15	10	2.261
1329	deserts	15722	0.209	1	1	2.26
1330	eats	15783	0.21	1	1	2.254
1331	corrupt	63197	0.84	4	4	2.252
1332	hairs	15863	0.211	1	1	2.247
1333	penitent	15876	0.211	1	1	2.245
1334	lewd	15983	0.212	1	1	2.236
1335	cries	32046	0.426	2	2	2.232
1336	're	16048	0.213	1	1	2.23
1337	doubtless	32131	0.427	2	2	2.228
1338	Deuteronomy	64271	0.854	4	4	2.228
1339	fitly	16083	0.214	1	1	2.227
1340	worse	96916	1.287	6	6	2.221
1341	meanest	16212	0.215	1	1	2.215
1342	deaths	16238	0.216	1	1	2.213
1343	win	32483	0.432	2	2	2.213
1344	hereunto	16278	0.216	1	1	2.21
1345	proclaimed	16275	0.216	1	1	2.21
1346	silly	16358	0.217	1	1	2.202
1347	sale	16370	0.218	1	1	2.201
1348	female	16395	0.218	1	1	2.199
1349	quarrel	32992	0.438	2	2	2.19
1350	impious	16500	0.219	1	1	2.19
1351	peoples	33008	0.439	2	2	2.189
1352	destroyed	66138	0.879	4	1	2.187
1353	maid	33079	0.439	2	2	2.186
1354	iniquities	16575	0.22	1	1	2.183
1355	causing	16632	0.221	1	1	2.179
1356	mother	150593	2.001	9	8	2.17
1357	col	16743	0.222	1	1	2.169
1358	lie	168129	2.233	10	9	2.163
1359	offenders	16839	0.224	1	1	2.16
1360	treasure	50519	0.671	3	3	2.16
1361	foretold	16838	0.224	1	1	2.16
1362	renew	16858	0.224	1	1	2.159
1363	ma	16855	0.224	1	1	2.159
1364	complained	16882	0.224	1	1	2.156
1365	soil	16992	0.226	1	1	2.148
1366	admired	17008	0.226	1	1	2.146
1367	Infidels	17053	0.227	1	1	2.142
1368	cleared	17054	0.227	1	1	2.142
1369	advanced	34128	0.453	2	2	2.141
1370	visit	34153	0.454	2	2	2.14
1371	studies	17122	0.227	1	1	2.137
1372	ornaments	17222	0.229	1	1	2.128
1373	discerned	17249	0.229	1	1	2.126
1374	become	172873	2.296	10	8	2.123
1375	infected	17325	0.23	1	1	2.12
1376	scorn	34703	0.461	2	2	2.117
1377	deceitful	17392	0.231	1	1	2.114
1378	accursed	17442	0.232	1	1	2.11
1379	regiment	17461	0.232	1	1	2.108
1380	bands	17458	0.232	1	1	2.108
1381	trusted	17518	0.233	1	1	2.103
1382	esteemed	52613	0.699	3	3	2.102
1383	arising	17551	0.233	1	1	2.101
1384	Gall	17567	0.233	1	1	2.099
1385	Apostasy	17588	0.234	1	1	2.098
1386	Catholics	17885	0.238	1	1	2.073
1387	stage	17895	0.238	1	1	2.073
1388	meddle	17894	0.238	1	1	2.073
1389	type	17907	0.238	1	1	2.072
1390	smooth	17906	0.238	1	1	2.072
1391	captains	35824	0.476	2	1	2.071
1392	betrayed	18001	0.239	1	1	2.064
1393	bears	54088	0.719	3	3	2.062
1394	kept	180349	2.396	10	6	2.061
1395	celebrated	18043	0.24	1	1	2.061
1396	corrupted	36122	0.48	2	2	2.059
1397	Luther	36123	0.48	2	2	2.059
1398	comprehended	18167	0.241	1	1	2.051
1399	cheer	18188	0.242	1	1	2.049
1400	marked	18201	0.242	1	1	2.048
1401	fol.	54629	0.726	3	2	2.048
1402	drunkenness	18268	0.243	1	1	2.043
1403	turned	109846	1.459	6	4	2.04
1404	redeem	18342	0.244	1	1	2.037
1405	Proud	73660	0.979	4	4	2.031
1406	monarch	18420	0.245	1	1	2.031
1407	modest	18444	0.245	1	1	2.029
1408	minor	18443	0.245	1	1	2.029
1409	lets	18569	0.247	1	1	2.019
1410	sometime	55884	0.742	3	3	2.015
1411	Captive	18662	0.248	1	1	2.012
1412	hell	149518	1.986	8	6	2.01
1413	judging	18760	0.249	1	1	2.005
1414	sit	131502	1.747	7	4	2.003
1415	shame	94222	1.252	5	5	1.998
1416	commodity	18888	0.251	1	1	1.995
1417	masters	75576	1.004	4	4	1.994
1418	adorned	18908	0.251	1	1	1.993
1419	vile	37856	0.503	2	2	1.992
1420	Italian	18997	0.252	1	1	1.986
1421	overthrown	19023	0.253	1	1	1.985
1422	stranger	38063	0.506	2	2	1.984
1423	tempest	19049	0.253	1	1	1.983
1424	humbled	19062	0.253	1	1	1.982
1425	touch	57247	0.761	3	3	1.98
1426	houses	114523	1.521	6	3	1.98
1427	17	133873	1.778	7	6	1.977
1428	imitation	19146	0.254	1	1	1.975
1429	common	346098	4.598	18	17	1.969
1430	reprove	19294	0.256	1	1	1.964
1431	impiety	19301	0.256	1	1	1.964
1432	qualities	38805	0.516	2	2	1.956
1433	mingled	19412	0.258	1	1	1.955
1434	Tertullian	19440	0.258	1	1	1.953
1435	forbidden	38907	0.517	2	1	1.952
1436	del	19504	0.259	1	1	1.948
1437	intelligence	19523	0.259	1	1	1.947
1438	habitation	19587	0.26	1	1	1.942
1439	paid	58812	0.781	3	3	1.941
1440	embraced	19758	0.263	1	1	1.93
1441	valiant	39573	0.526	2	2	1.928
1442	wool	19852	0.264	1	1	1.923
1443	hollow	19871	0.264	1	1	1.921
1444	ti	19951	0.265	1	1	1.916
1445	simplicity	20072	0.267	1	1	1.907
1446	careless	20099	0.267	1	1	1.905
1447	gentlemen	60495	0.804	3	3	1.9
1448	Lent	20167	0.268	1	1	1.9
1449	counterfeit	20191	0.268	1	1	1.899
1450	excellency	60896	0.809	3	2	1.891
1451	great	1790493	23.785	88	39	1.887
1452	vp	20410	0.271	1	1	1.883
1453	kindred	20409	0.271	1	1	1.883
1454	notable	40823	0.542	2	1	1.883
1455	burned	20536	0.273	1	1	1.874
1456	"	41388	0.55	2	1	1.863
1457	tribute	20800	0.276	1	1	1.856
1458	Enter	145726	1.936	7	7	1.854
1459	swearing	20821	0.277	1	1	1.854
1460	rewards	20903	0.278	1	1	1.848
1461	rot	20942	0.278	1	1	1.846
1462	Lewis	20972	0.279	1	1	1.844
1463	foes	20990	0.279	1	1	1.843
1464	Es	21017	0.279	1	1	1.841
1465	seated	21058	0.28	1	1	1.838
1466	fr	63238	0.84	3	3	1.837
1467	superstitious	21092	0.28	1	1	1.835
1468	mystical	21135	0.281	1	1	1.832
1469	Bellarmine	21215	0.282	1	1	1.827
1470	precious	85205	1.132	4	4	1.821
1471	Proverb	21331	0.283	1	1	1.819
1472	Tale	21357	0.284	1	1	1.818
1473	pence	21465	0.285	1	1	1.81
1474	encourage	21511	0.286	1	1	1.807
1475	foul	43393	0.576	2	2	1.795
1476	Wales	21702	0.288	1	1	1.794
1477	daughter	108707	1.444	5	5	1.792
1478	fidelity	21748	0.289	1	1	1.791
1479	compared	43800	0.582	2	1	1.781
1480	busy	21920	0.291	1	1	1.78
1481	Laugh	21938	0.291	1	1	1.779
1482	jealousy	21960	0.292	1	1	1.777
1483	Chair	21959	0.292	1	1	1.777
1484	Irish	22076	0.293	1	1	1.77
1485	human	22158	0.294	1	1	1.765
1486	knees	22165	0.294	1	1	1.764
1487	scope	22219	0.295	1	1	1.76
1488	virgins	22219	0.295	1	1	1.76
1489	got	88984	1.182	4	4	1.759
1490	reputation	44574	0.592	2	2	1.756
1491	fall	267911	3.559	12	11	1.754
1492	gotten	44665	0.593	2	2	1.753
1493	il	44690	0.594	2	1	1.752
1494	secrets	22386	0.297	1	1	1.75
1495	eggs	22433	0.298	1	1	1.747
1496	ruled	22509	0.299	1	1	1.742
1497	Idol	22562	0.3	1	1	1.738
1498	weeping	22605	0.3	1	1	1.736
1499	entertainment	22650	0.301	1	1	1.733
1500	begins	45496	0.604	2	2	1.726
1501	boldness	22766	0.302	1	1	1.725
1502	settled	45575	0.605	2	2	1.724
1503	similitude	22791	0.303	1	1	1.724
1504	throne	68392	0.909	3	2	1.723
1505	indignation	22811	0.303	1	1	1.723
1506	prosper	22839	0.303	1	1	1.721
1507	admire	22861	0.304	1	1	1.719
1508	shadow	45786	0.608	2	2	1.717
1509	grown	45966	0.611	2	2	1.712
1510	appeared	69228	0.92	3	3	1.706
1511	urged	23145	0.308	1	1	1.701
1512	vice	46611	0.619	2	2	1.692
1513	stroke	23344	0.31	1	1	1.689
1514	showing	46685	0.62	2	2	1.689
1515	minded	23388	0.311	1	1	1.686
1516	?	2527462	33.574	108	60	1.686
1517	call	328774	4.367	14	13	1.681
1518	merchant	23511	0.312	1	1	1.679
1519	Thrown	23518	0.312	1	1	1.679
1520	judgements	47124	0.626	2	2	1.676
1521	Cyprian	23570	0.313	1	1	1.675
1522	a	14471665	192.239	613	196	1.673
1523	dwell	70987	0.943	3	2	1.67
1524	thinks	71088	0.944	3	3	1.668
1525	dance	23697	0.315	1	1	1.667
1526	rich	142318	1.891	6	5	1.666
1527	Bad	95210	1.265	4	2	1.661
1528	trade	71989	0.956	3	2	1.649
1529	Shake	24043	0.319	1	1	1.647
1530	lies	96467	1.282	4	4	1.642
1531	earnest	48238	0.641	2	2	1.642
1532	boast	24120	0.32	1	1	1.642
1533	afterward	72483	0.963	3	3	1.64
1534	ante	24167	0.321	1	1	1.639
1535	worst	48340	0.642	2	2	1.639
1536	farewell	24180	0.321	1	1	1.638
1537	whiles	24191	0.321	1	1	1.638
1538	eat	145185	1.929	6	3	1.637
1539	Fox	24216	0.322	1	1	1.636
1540	decreed	24249	0.322	1	1	1.634
1541	younger	24318	0.323	1	1	1.63
1542	clock	24334	0.323	1	1	1.63
1543	pull	24362	0.324	1	1	1.628
1544	coat	24384	0.324	1	1	1.626
1545	seeks	24462	0.325	1	1	1.622
1546	young	171502	2.278	7	6	1.619
1547	became	73544	0.977	3	3	1.619
1548	spoken	147126	1.954	6	6	1.618
1549	mourning	24529	0.326	1	1	1.618
1550	bed	73593	0.978	3	3	1.618
1551	histories	24576	0.327	1	1	1.615
1552	col.	49217	0.654	2	1	1.613
1553	garment	24609	0.327	1	1	1.613
1554	hatred	49444	0.657	2	2	1.606
1555	lights	24751	0.329	1	1	1.605
1556	woods	24782	0.329	1	1	1.603
1557	Angel	74694	0.992	3	1	1.596
1558	imperfect	24941	0.331	1	1	1.594
1559	companions	24999	0.332	1	1	1.59
1560	dwells	25035	0.333	1	1	1.588
1561	burnt	50113	0.666	2	2	1.587
1562	goes	100413	1.334	4	4	1.584
1563	secretly	25285	0.336	1	1	1.574
1564	nose	25309	0.336	1	1	1.573
1565	properties	25319	0.336	1	1	1.572
1566	putting	50647	0.673	2	2	1.572
1567	loves	76043	1.01	3	3	1.57
1568	marvel	25347	0.337	1	1	1.57
1569	smell	25352	0.337	1	1	1.57
1570	consecrated	25356	0.337	1	1	1.57
1571	covetous	25513	0.339	1	1	1.561
1572	sex	25550	0.339	1	1	1.559
1573	commit	51155	0.68	2	2	1.557
1574	fellow	51208	0.68	2	2	1.556
1575	prophecy	51210	0.68	2	2	1.556
1576	clothed	25607	0.34	1	1	1.556
1577	commandments	51345	0.682	2	2	1.552
1578	signification	25765	0.342	1	1	1.547
1579	Philosopher	25888	0.344	1	1	1.54
1580	twenty	103869	1.38	4	4	1.536
1581	opening	25968	0.345	1	1	1.535
1582	peculiar	51984	0.691	2	2	1.534
1583	looks	52264	0.694	2	2	1.526
1584	Pan	26291	0.349	1	1	1.518
1585	ass	26382	0.351	1	1	1.513
1586	calling	105619	1.403	4	4	1.511
1587	foolish	52888	0.703	2	2	1.509
1588	wanted	26501	0.352	1	1	1.506
1589	tom	26564	0.353	1	1	1.503
1590	Popish	53150	0.706	2	1	1.502
1591	refuse	53146	0.706	2	1	1.502
1592	Lays	26622	0.354	1	1	1.5
1593	behaviour	26702	0.355	1	1	1.495
1594	Britain	26773	0.356	1	1	1.492
1595	open	187653	2.493	7	6	1.49
1596	Castle	80430	1.068	3	3	1.49
1597	garments	26823	0.356	1	1	1.489
1598	modesty	26836	0.357	1	1	1.488
1599	broke	26875	0.357	1	1	1.486
1600	conversation	53957	0.717	2	2	1.48
1601	communicate	27013	0.359	1	1	1.479
1602	secret	108173	1.437	4	4	1.477
1603	apparel	27082	0.36	1	1	1.475
1604	soldiers	136167	1.809	5	3	1.467
1605	loath	27335	0.363	1	1	1.462
1606	44	27360	0.363	1	1	1.46
1607	Wine	164447	2.185	6	6	1.458
1608	like	1070087	14.215	39	35	1.456
1609	called	768363	10.207	28	20	1.456
1610	dispose	27603	0.367	1	1	1.447
1611	Temples	27639	0.367	1	1	1.445
1612	friend	138523	1.84	5	4	1.442
1613	forsaken	27796	0.369	1	1	1.438
1614	undertake	27793	0.369	1	1	1.438
1615	hanged	27832	0.37	1	1	1.436
1616	sold	55694	0.74	2	2	1.435
1617	slaves	28066	0.373	1	1	1.424
1618	Ecclesiae	28090	0.373	1	1	1.422
1619	else	281410	3.738	10	8	1.42
1620	accounted	56307	0.748	2	1	1.419
1621	Followers	28164	0.374	1	1	1.419
1622	render	56345	0.749	2	2	1.418
1623	drink	140890	1.872	5	5	1.418
1624	Wholesome	28319	0.376	1	1	1.41
1625	compare	28481	0.378	1	1	1.402
1626	yield	85483	1.136	3	3	1.402
1627	Apply	57357	0.762	2	2	1.392
1628	solid	28842	0.383	1	1	1.384
1629	hole	28915	0.384	1	1	1.38
1630	borne	86876	1.154	3	2	1.378
1631	Vision	28960	0.385	1	1	1.378
1632	sudden	58065	0.771	2	2	1.375
1633	Keeping	58223	0.773	2	2	1.371
1634	weather	29174	0.388	1	1	1.368
1635	season	58435	0.776	2	2	1.365
1636	Simon	29226	0.388	1	1	1.365
1637	zealous	29282	0.389	1	1	1.362
1638	cry	87922	1.168	3	3	1.361
1639	miracle	29540	0.392	1	1	1.35
1640	condemn	59378	0.789	2	2	1.342
1641	sober	29705	0.395	1	1	1.342
1642	daily	119047	1.581	4	4	1.339
1643	term	59683	0.793	2	2	1.335
1644	rank	29920	0.398	1	1	1.331
1645	signify	59908	0.796	2	2	1.33
1646	entertain	30000	0.399	1	1	1.327
1647	O	541781	7.197	18	12	1.323
1648	seven	120863	1.606	4	4	1.317
1649	face	181454	2.41	6	5	1.316
1650	super	30308	0.403	1	1	1.313
1651	thou	1398203	18.574	46	34	1.308
1652	commend	30571	0.406	1	1	1.3
1653	wretched	30683	0.408	1	1	1.295
1654	speeches	30693	0.408	1	1	1.294
1655	star	30709	0.408	1	1	1.294
1656	absence	30716	0.408	1	1	1.293
1657	testify	30813	0.409	1	1	1.289
1658	surely	92689	1.231	3	3	1.285
1659	dream	30913	0.411	1	1	1.284
1660	Idols	30951	0.411	1	1	1.282
1661	bring	310345	4.123	10	10	1.278
1662	Mr	31112	0.413	1	1	1.275
1663	whose	468798	6.227	15	15	1.268
1664	riches	93796	1.246	3	3	1.268
1665	terror	31309	0.416	1	1	1.266
1666	deed	62715	0.833	2	2	1.263
1667	company	157530	2.093	5	4	1.257
1668	hot	94567	1.256	3	3	1.256
1669	bringeth	31606	0.42	1	1	1.252
1670	medicine	31615	0.42	1	1	1.252
1671	better	443737	5.895	14	12	1.248
1672	later	31782	0.422	1	1	1.244
1673	wished	31831	0.423	1	1	1.242
1674	bondage	31829	0.423	1	1	1.242
1675	hang	31830	0.423	1	1	1.242
1676	presume	31879	0.424	1	1	1.24
1677	beauty	95667	1.271	3	3	1.239
1678	admirable	31909	0.424	1	1	1.238
1679	make	1313915	17.454	41	37	1.232
1680	interpretation	32092	0.426	1	1	1.23
1681	dogs	32101	0.426	1	1	1.23
1682	consequently	64502	0.857	2	2	1.223
1683	Fie	32306	0.429	1	1	1.221
1684	upper	32317	0.429	1	1	1.22
1685	purchase	32356	0.43	1	1	1.218
1686	maintenance	32482	0.432	1	1	1.213
1687	diligent	32533	0.432	1	1	1.21
1688	something	97686	1.298	3	3	1.209
1689	Francis	32629	0.433	1	1	1.206
1690	greatness	65345	0.868	2	1	1.204
1691	withal	98276	1.306	3	2	1.2
1692	innocent	65570	0.871	2	2	1.199
1693	divide	32819	0.436	1	1	1.198
1694	an	2497908	33.182	76	54	1.196
1695	torments	32888	0.437	1	1	1.195
1696	Why	394748	5.244	12	10	1.194
1697	ashes	32944	0.438	1	1	1.192
1698	serves	32991	0.438	1	1	1.19
1699	executed	33017	0.439	1	1	1.189
1700	chose	33127	0.44	1	1	1.184
1701	Chapter	132959	1.766	4	1	1.179
1702	discovery	33358	0.443	1	1	1.174
1703	summer	33500	0.445	1	1	1.168
1704	turn	167524	2.225	5	4	1.168
1705	growing	33517	0.445	1	1	1.167
1706	wax	33550	0.446	1	1	1.166
1707	hazard	33564	0.446	1	1	1.165
1708	colour	100836	1.34	3	2	1.163
1709	sees	33635	0.447	1	1	1.162
1710	Fortune	101130	1.343	3	3	1.159
1711	Catholic	101512	1.349	3	3	1.154
1712	Hen	33893	0.45	1	1	1.151
1713	soldier	33917	0.451	1	1	1.15
1714	triumph	33934	0.451	1	1	1.149
1715	house	407406	5.412	12	11	1.149
1716	Alas	67915	0.902	2	1	1.148
1717	horse	136110	1.808	4	4	1.146
1718	bred	34100	0.453	1	1	1.142
1719	Poet	34204	0.454	1	1	1.138
1720	professed	34256	0.455	1	1	1.136
1721	pleasing	34281	0.455	1	1	1.135
1722	reproach	34657	0.46	1	1	1.119
1723	beaten	34661	0.46	1	1	1.119
1724	bare	69451	0.923	2	1	1.116
1725	blame	34974	0.465	1	1	1.106
1726	broad	35012	0.465	1	1	1.104
1727	hath	1823449	24.222	52	42	1.102
1728	Forbear	35085	0.466	1	1	1.101
1729	Art	315875	4.196	9	6	1.101
1730	cut	140466	1.866	4	4	1.1
1731	fight	105643	1.403	3	3	1.096
1732	fools	35223	0.468	1	1	1.096
1733	Fate	35533	0.472	1	1	1.083
1734	ran	35556	0.472	1	1	1.082
1735	pay	106691	1.417	3	2	1.082
1736	laying	35626	0.473	1	1	1.079
1737	wrong	71272	0.947	2	2	1.079
1738	properly	71363	0.948	2	2	1.077
1739	song	35727	0.475	1	1	1.075
1740	stock	35766	0.475	1	1	1.074
1741	acknowledged	35881	0.477	1	1	1.069
1742	amongst	251926	3.347	7	7	1.065
1743	hither	36037	0.479	1	1	1.063
1744	despair	36035	0.479	1	1	1.063
1745	moreover	72198	0.959	2	2	1.06
1746	pleasant	72707	0.966	2	2	1.05
1747	birds	36376	0.483	1	1	1.049
1748	Priests	145909	1.938	4	4	1.045
1749	comes	255457	3.393	7	7	1.045
1750	's	1833403	24.355	50	34	1.038
1751	fail	73352	0.974	2	2	1.037
1752	prove	220093	2.924	6	5	1.037
1753	practised	36690	0.487	1	1	1.037
1754	meaning	110075	1.462	3	3	1.037
1755	resolve	36730	0.488	1	1	1.035
1756	noble	146938	1.952	4	4	1.035
1757	Vast	36772	0.489	1	1	1.034
1758	mouths	36905	0.49	1	1	1.029
1759	clothes	36950	0.491	1	1	1.027
1760	nor	1146191	15.226	31	24	1.026
1761	Jesuits	37256	0.495	1	1	1.015
1762	spend	37287	0.495	1	1	1.014
1763	T	186780	2.481	5	5	1.011
1764	diverse	37369	0.496	1	1	1.01
1765	temptation	37377	0.497	1	1	1.01
1766	midst	74832	0.994	2	2	1.009
1767	enough	225014	2.989	6	6	1.005
1768	numbers	37529	0.499	1	1	1.004
1769	fifty	37601	0.5	1	1	1.001
1770	money	188212	2.5	5	4	1
1771	SHine	37727	0.501	1	1	0.997
1772	impossible	75536	1.003	2	2	0.995
1773	vengeance	37813	0.502	1	1	0.993
1774	punishment	113533	1.508	3	3	0.992
1775	separated	37858	0.503	1	1	0.992
1776	lived	113584	1.509	3	3	0.992
1777	lips	38066	0.506	1	1	0.984
1778	omnes	38114	0.506	1	1	0.982
1779	Host	38170	0.507	1	1	0.98
1780	practise	76565	1.017	2	2	0.976
1781	saw	191431	2.543	5	3	0.975
1782	tyranny	38301	0.509	1	1	0.975
1783	Popes	76677	1.019	2	2	0.973
1784	maintained	38390	0.51	1	1	0.971
1785	FINIS	38468	0.511	1	1	0.969
1786	seeing	231216	3.071	6	6	0.966
1787	18.	77389	1.028	2	2	0.96
1788	specially	38732	0.515	1	1	0.959
1789	drew	38764	0.515	1	1	0.958
1790	Next	271507	3.607	7	5	0.957
1791	truly	193999	2.577	5	5	0.956
1792	Essay	38918	0.517	1	1	0.952
1793	spare	38949	0.517	1	1	0.951
1794	fourthly	38947	0.517	1	1	0.951
1795	teaching	39101	0.519	1	1	0.945
1796	Lordship	39217	0.521	1	1	0.941
1797	turns	39404	0.523	1	1	0.934
1798	proved	118293	1.571	3	3	0.933
1799	nay	158341	2.103	4	3	0.927
1800	lo	39596	0.526	1	1	0.927
1801	once	277740	3.689	7	6	0.924
1802	19	119133	1.583	3	2	0.923
1803	flesh	279311	3.71	7	4	0.916
1804	terrible	39921	0.53	1	1	0.915
1805	fashion	39934	0.531	1	1	0.915
1806	nought	39966	0.531	1	1	0.913
1807	names	120160	1.596	3	3	0.91
1808	ends	80149	1.065	2	2	0.91
1809	confessed	40109	0.533	1	1	0.908
1810	runs	40288	0.535	1	1	0.902
1811	comparison	40468	0.538	1	1	0.895
1812	fain	40564	0.539	1	1	0.892
1813	Calls	121932	1.62	3	3	0.889
1814	substance	122160	1.623	3	3	0.886
1815	many	1356675	18.022	33	24	0.873
1816	Priest	123560	1.641	3	3	0.87
1817	ladies	41212	0.548	1	1	0.869
1818	sir	371184	4.931	9	9	0.868
1819	old	414305	5.504	10	10	0.862
1820	proves	41434	0.55	1	1	0.861
1821	still	373001	4.955	9	9	0.861
1822	Colours	41565	0.552	1	1	0.857
1823	Germany	41636	0.553	1	1	0.854
1824	Accept	41690	0.554	1	1	0.853
1825	altogether	83475	1.109	2	2	0.851
1826	honey	41845	0.556	1	1	0.847
1827	Manners	41947	0.557	1	1	0.844
1828	Gates	42043	0.559	1	1	0.84
1829	then	2700348	35.871	64	44	0.835
1830	head	338290	4.494	8	7	0.832
1831	mad	42332	0.562	1	1	0.831
1832	nine	42485	0.564	1	1	0.825
1833	fact	42577	0.566	1	1	0.822
1834	cursed	42622	0.566	1	1	0.821
1835	Grand	42729	0.568	1	1	0.817
1836	adds	42811	0.569	1	1	0.814
1837	destroy	86113	1.144	2	2	0.806
1838	frequent	43207	0.574	1	1	0.801
1839	18	129797	1.724	3	3	0.799
1840	arms	173309	2.302	4	4	0.797
1841	name	607418	8.069	14	13	0.795
1842	named	86879	1.154	2	2	0.793
1843	Night	217853	2.894	5	5	0.789
1844	28.	43571	0.579	1	1	0.789
1845	endeavours	43626	0.58	1	1	0.787
1846	mark	131282	1.744	3	3	0.783
1847	spread	43759	0.581	1	1	0.783
1848	returned	87529	1.163	2	2	0.783
1849	doth	963309	12.796	22	16	0.782
1850	Ergo	43824	0.582	1	1	0.78
1851	Bringing	44028	0.585	1	1	0.774
1852	humbly	44038	0.585	1	1	0.773
1853	Ibid.	44084	0.586	1	1	0.772
1854	terms	88303	1.173	2	2	0.77
1855	nations	132713	1.763	3	3	0.767
1856	captain	88772	1.179	2	2	0.762
1857	Yes	44644	0.593	1	1	0.754
1858	privileges	44698	0.594	1	1	0.752
1859	false	224466	2.982	5	5	0.746
1860	usual	44893	0.596	1	1	0.746
1861	white	134914	1.792	3	3	0.743
1862	Beat	45020	0.598	1	1	0.742
1863	Treatise	45102	0.599	1	1	0.739
1864	34	45179	0.6	1	1	0.737
1865	abuse	45195	0.6	1	1	0.736
1866	mans	181090	2.406	4	4	0.734
1867	tree	90586	1.203	2	2	0.733
1868	:	8018849	106.521	177	99	0.733
1869	dare	135920	1.806	3	3	0.733
1870	brethren	136332	1.811	3	3	0.728
1871	begun	45469	0.604	1	1	0.727
1872	stead	45532	0.605	1	1	0.725
1873	guard	45684	0.607	1	1	0.72
1874	cried	45966	0.611	1	1	0.712
1875	stay	91988	1.222	2	2	0.711
1876	rage	46100	0.612	1	1	0.707
1877	live	322774	4.288	7	7	0.707
1878	merciful	46370	0.616	1	1	0.699
1879	strange	139257	1.85	3	3	0.698
1880	thy	1346327	17.884	29	18	0.697
1881	gate	46617	0.619	1	1	0.691
1882	Saint	186918	2.483	4	3	0.688
1883	16.	93810	1.246	2	2	0.682
1884	madam	46920	0.623	1	1	0.682
1885	si	141064	1.874	3	2	0.679
1886	marriage	94195	1.251	2	2	0.677
1887	clear	141407	1.878	3	2	0.675
1888	city	377406	5.013	8	6	0.674
1889	W.	47212	0.627	1	1	0.673
1890	rightly	47299	0.628	1	1	0.67
1891	mixed	47413	0.63	1	1	0.667
1892	wherein	332751	4.42	7	6	0.663
1893	son	570683	7.581	12	11	0.663
1894	Showed	142959	1.899	3	3	0.66
1895	Devil	190658	2.533	4	4	0.659
1896	shall	2624249	34.86	55	39	0.658
1897	d	143450	1.906	3	2	0.655
1898	fury	47909	0.636	1	1	0.652
1899	warrant	48147	0.64	1	1	0.645
1900	ashamed	48199	0.64	1	1	0.643
1901	fine	96522	1.282	2	2	0.641
1902	speaking	96859	1.287	2	2	0.636
1903	go	533648	7.089	11	8	0.634
1904	violent	48514	0.645	1	1	0.634
1905	portion	48529	0.645	1	1	0.633
1906	working	48604	0.646	1	1	0.631
1907	burning	48634	0.646	1	1	0.63
1908	wh	48807	0.648	1	1	0.625
1909	died	97793	1.299	2	2	0.622
1910	noted	48905	0.65	1	1	0.622
1911	whom	782727	10.398	16	14	0.622
1912	London	146866	1.951	3	3	0.621
1913	charged	49036	0.651	1	1	0.618
1914	rather	393402	5.226	8	8	0.614
1915	abundance	49441	0.657	1	1	0.606
1916	id	49498	0.658	1	1	0.605
1917	forget	49494	0.658	1	1	0.605
1918	news	49502	0.658	1	1	0.605
1919	loss	99713	1.325	2	2	0.594
1920	get	149760	1.989	3	2	0.593
1921	&#x14d;	499329	6.633	10	10	0.592
1922	senses	49966	0.664	1	1	0.591
1923	bones	50056	0.665	1	1	0.589
1924	Lamb	50063	0.665	1	1	0.589
1925	suffered	100182	1.331	2	2	0.588
1926	journey	50247	0.668	1	1	0.583
1927	because	1157094	15.371	23	20	0.581
1928	Dominion	50446	0.67	1	1	0.578
1929	7.	151741	2.016	3	3	0.574
1930	posterity	50699	0.674	1	1	0.57
1931	gold	152169	2.021	3	3	0.57
1932	content	101607	1.35	2	2	0.567
1933	express	101655	1.35	2	2	0.567
1934	ARM	50968	0.677	1	1	0.563
1935	tell	255280	3.391	5	5	0.56
1936	fair	204535	2.717	4	4	0.558
1937	exercise	102303	1.359	2	2	0.557
1938	magistrate	51237	0.681	1	1	0.555
1939	testimony	102732	1.365	2	2	0.551
1940	upon	2522161	33.504	49	29	0.548
1941	fill	51476	0.684	1	1	0.548
1942	plain	154580	2.053	3	3	0.547
1943	holiness	103065	1.369	2	2	0.547
1944	known	257669	3.423	5	5	0.547
1945	careful	51701	0.687	1	1	0.542
1946	admitted	51831	0.689	1	1	0.538
1947	Kings	363629	4.83	7	6	0.535
1948	learn	104113	1.383	2	2	0.532
1949	bless	52076	0.692	1	1	0.532
1950	former	261116	3.469	5	4	0.528
1951	believing	52233	0.694	1	1	0.527
1952	pen	52272	0.694	1	1	0.526
1953	parties	52516	0.698	1	1	0.52
1954	hid	52578	0.698	1	1	0.518
1955	excuse	52632	0.699	1	1	0.516
1956	promised	105333	1.399	2	2	0.515
1957	suddenly	53066	0.705	1	1	0.505
1958	hundred	212307	2.82	4	3	0.504
1959	3.	318523	4.231	6	5	0.504
1960	!	371996	4.942	7	4	0.502
1961	instance	53150	0.706	1	1	0.502
1962	taken	481305	6.394	9	8	0.493
1963	yea	321813	4.275	6	6	0.489
1964	mouth	161086	2.14	3	3	0.487
1965	Setting	53750	0.714	1	1	0.486
1966	back	161359	2.144	3	3	0.485
1967	Heir	53990	0.717	1	1	0.48
1968	drawn	108352	1.439	2	2	0.475
1969	knew	162531	2.159	3	3	0.475
1970	chap	271060	3.601	5	3	0.474
1971	error	108610	1.443	2	2	0.471
1972	With	6743369	89.578	124	79	0.469
1973	consequence	54571	0.725	1	1	0.464
1974	Paris	54729	0.727	1	1	0.46
1975	brings	54834	0.728	1	1	0.457
1976	)	3126749	41.535	57	41	0.457
1977	hereby	55021	0.731	1	1	0.452
1978	thereupon	55032	0.731	1	1	0.452
1979	discover	55186	0.733	1	1	0.448
1980	humours	55201	0.733	1	1	0.448
1981	Henry	110662	1.47	2	1	0.444
1982	*	55385	0.736	1	1	0.443
1983	ordinance	55547	0.738	1	1	0.439
1984	void	55647	0.739	1	1	0.436
1985	court	223217	2.965	4	4	0.432
1986	Satan	111662	1.483	2	2	0.431
1987	equal	111972	1.487	2	2	0.427
1988	your	2073026	27.538	37	20	0.426
1989	forty	56096	0.745	1	1	0.424
1990	breast	56115	0.745	1	1	0.424
1991	gone	112323	1.492	2	2	0.423
1992	mountains	56383	0.749	1	1	0.417
1993	hard	169293	2.249	3	3	0.416
1994	Mass	56555	0.751	1	1	0.413
1995	swear	56939	0.756	1	1	0.403
1996	clearly	57009	0.757	1	1	0.401
1997	Idolatry	57073	0.758	1	1	0.4
1998	You	3714542	49.343	65	35	0.398
1999	folly	57369	0.762	1	1	0.392
2000	wit	172149	2.287	3	1	0.392
2001	cast	229673	3.051	4	4	0.391
2002	stomach	57673	0.766	1	1	0.384
2003	though	1040761	13.825	18	12	0.381
2004	fallen	57829	0.768	1	1	0.38
2005	convenient	57866	0.769	1	1	0.38
2006	persuade	57909	0.769	1	1	0.378
2007	report	58002	0.771	1	1	0.376
2008	is	12301699	163.414	212	100	0.376
2009	under	696455	9.252	12	9	0.375
2010	perish	58343	0.775	1	1	0.368
2011	remember	116819	1.552	2	2	0.366
2012	giving	117136	1.556	2	2	0.362
2013	That	17465266	232.005	298	138	0.361
2014	diseases	58776	0.781	1	1	0.357
2015	English	176398	2.343	3	3	0.356
2016	fire	294315	3.91	5	4	0.355
2017	hart	58913	0.783	1	1	0.354
2018	John	415725	5.522	7	4	0.342
2019	therein	178975	2.378	3	3	0.336
2020	neither	537051	7.134	9	8	0.335
2021	allowed	59743	0.794	1	1	0.334
2022	supper	60000	0.797	1	1	0.327
2023	Pope	240165	3.19	4	4	0.326
2024	th	180132	2.393	3	3	0.326
2025	out	1686345	22.401	28	21	0.322
2026	where	1086411	14.432	18	15	0.319
2027	21.	60549	0.804	1	1	0.314
2028	mortal	60563	0.805	1	1	0.314
2029	thus	788750	10.478	13	13	0.311
2030	spring	60792	0.808	1	1	0.308
2031	breath	60807	0.808	1	1	0.308
2032	Doctrine	304623	4.047	5	5	0.305
2033	blood	426566	5.666	7	6	0.305
2034	civil	121918	1.62	2	2	0.304
2035	change	122021	1.621	2	2	0.303
2036	the	59190422	786.275	969	238	0.301
2037	12.	122418	1.626	2	1	0.298
2038	arise	61558	0.818	1	1	0.29
2039	Town	184940	2.457	3	3	0.288
2040	heed	61679	0.819	1	1	0.288
2041	wicked	246712	3.277	4	4	0.287
2042	wild	61696	0.82	1	1	0.287
2043	goods	123513	1.641	2	2	0.286
2044	Italy	62147	0.826	1	1	0.277
2045	up	1119358	14.869	18	12	0.276
2046	scarce	62192	0.826	1	1	0.276
2047	except	124877	1.659	2	2	0.27
2048	pretended	62449	0.83	1	1	0.27
2049	Repent	62610	0.832	1	1	0.266
2050	value	62647	0.832	1	1	0.265
2051	,	97296499	1292.469	1547	312	0.259
2052	pity	62915	0.836	1	1	0.259
2053	each	252025	3.348	4	4	0.257
2054	rejoice	63078	0.838	1	1	0.255
2055	away	504942	6.708	8	5	0.254
2056	Now	1519152	20.18	24	15	0.25
2057	north	63334	0.841	1	1	0.249
2058	betwixt	127079	1.688	2	2	0.245
2059	&	2737777	36.368	43	29	0.242
2060	am	509469	6.768	8	7	0.241
2061	Verse	254782	3.385	4	3	0.241
2062	Whilst	127767	1.697	2	2	0.237
2063	clean	63893	0.849	1	1	0.237
2064	.	39047260	518.697	611	176	0.236
2065	confess	127821	1.698	2	2	0.236
2066	6.	191822	2.548	3	2	0.236
2067	of	39170514	520.334	611	205	0.232
2068	estates	64246	0.853	1	1	0.229
2069	door	64326	0.855	1	1	0.227
2070	west	64326	0.855	1	1	0.227
2071	glorious	128843	1.712	2	2	0.225
2072	earth	451529	5.998	7	7	0.223
2073	children	387096	5.142	6	6	0.223
2074	g	64551	0.858	1	1	0.222
2075	haste	258415	3.433	4	4	0.221
2076	absolute	64604	0.858	1	1	0.221
2077	&#x101;	258515	3.434	4	4	0.22
2078	constant	64819	0.861	1	1	0.216
2079	making	195439	2.596	3	3	0.209
2080	avoid	65191	0.866	1	1	0.208
2081	seed	130549	1.734	2	2	0.206
2082	or	6140246	81.566	94	61	0.205
2083	for	9369441	124.462	143	86	0.2
2084	affirm	65605	0.872	1	1	0.198
2085	hours	65642	0.872	1	1	0.198
2086	fit	197019	2.617	3	3	0.197
2087	times	394191	5.236	6	6	0.196
2088	lying	65748	0.873	1	1	0.195
2089	state	329799	4.381	5	5	0.191
2090	Gentleman	66021	0.877	1	1	0.189
2091	endure	66031	0.877	1	1	0.189
2092	Who	2315377	30.757	35	27	0.186
2093	ibid	66183	0.879	1	1	0.186
2094	down	533657	7.089	8	7	0.174
2095	save	133689	1.776	2	1	0.171
2096	prophet	133904	1.779	2	2	0.169
2097	success	67089	0.891	1	1	0.166
2098	fifth	67116	0.892	1	1	0.166
2099	language	67133	0.892	1	1	0.165
2100	number	269531	3.58	4	4	0.16
2101	Clergy	67422	0.896	1	1	0.159
2102	private	134915	1.792	2	2	0.158
2103	miserable	67471	0.896	1	1	0.158
2104	outward	135202	1.796	2	2	0.155
2105	observe	135204	1.796	2	2	0.155
2106	three	474878	6.308	7	6	0.15
2107	satisfied	67883	0.902	1	1	0.149
2108	say	1089806	14.477	16	15	0.144
2109	twelve	68218	0.906	1	1	0.142
2110	e	136544	1.814	2	1	0.141
2111	(	3147389	41.809	46	29	0.138
2112	argument	136912	1.819	2	2	0.137
2113	see	961542	12.773	14	11	0.132
2114	mary	68927	0.916	1	1	0.127
2115	worship	206782	2.747	3	3	0.127
2116	six	138046	1.834	2	2	0.125
2117	thousand	207672	2.759	3	3	0.121
2118	my	2492426	33.109	36	24	0.121
2119	me	1731164	22.997	25	19	0.121
2120	Witnesses	69349	0.921	1	1	0.118
2121	hence	139086	1.848	2	2	0.114
2122	on	1948583	25.885	28	25	0.113
2123	Mankind	69641	0.925	1	1	0.112
2124	take	907131	12.05	13	13	0.109
2125	Ghost	139834	1.858	2	2	0.107
2126	parts	350458	4.655	5	5	0.103
2127	5.	210462	2.796	3	3	0.102
2128	Greater	281340	3.737	4	4	0.098
2129	l	70403	0.935	1	1	0.097
2130	and	37698224	500.776	534	200	0.093
2131	stones	70601	0.938	1	1	0.092
2132	created	70624	0.938	1	1	0.092
2133	thine	141265	1.877	2	2	0.092
2134	Princes	212093	2.817	3	2	0.091
2135	choose	71078	0.944	1	1	0.083
2136	Protestants	71207	0.946	1	1	0.08
2137	Fathers	213875	2.841	3	3	0.079
2138	utterly	71440	0.949	1	1	0.076
2139	makes	359288	4.773	5	5	0.067
2140	wickedness	71915	0.955	1	1	0.066
2141	likewise	215998	2.869	3	3	0.064
2142	home	144093	1.914	2	2	0.063
2143	Double	72073	0.957	1	1	0.063
2144	courage	72091	0.958	1	1	0.063
2145	toward	72140	0.958	1	1	0.061
2146	knows	144623	1.921	2	1	0.058
2147	forward	72541	0.964	1	1	0.053
2148	sure	217623	2.891	3	3	0.053
2149	20	145215	1.929	2	2	0.052
2150	be	9896153	131.459	136	79	0.049
2151	behind	73039	0.97	1	1	0.044
2152	F.	73082	0.971	1	1	0.043
2153	first	1465032	19.461	20	13	0.039
2154	kingdoms	73313	0.974	1	1	0.038
2155	Yet	1835928	24.388	25	23	0.036
2156	I	6187300	82.191	84	49	0.031
2157	wealth	73703	0.979	1	1	0.03
2158	Albeit	73943	0.982	1	1	0.026
2159	red	74028	0.983	1	1	0.024
2160	there	2595192	34.474	35	27	0.022
2161	wherewith	74362	0.988	1	1	0.018
2162	wilt	74391	0.988	1	1	0.017
2163	require	74426	0.989	1	1	0.016
2164	performed	74489	0.99	1	1	0.015
2165	let	968524	12.866	13	13	0.015
2166	ruin	74606	0.991	1	1	0.013
2167	writ	74728	0.993	1	1	0.011
2168	universal	74773	0.993	1	1	0.01
2169	Commands	74993	0.996	1	1	0.005
2170	needs	150472	1.999	2	2	0.001
2171	necessity	150548	2	2	2	0
2172	would	1733888	23.033	23	19	-0.002
2173	indeed	301803	4.009	4	4	-0.003
2174	agree	75479	1.003	1	1	-0.004
2175	quality	75538	1.003	1	1	-0.005
2176	Do	2417629	32.115	32	29	-0.005
2177	Fell	151275	2.01	2	2	-0.007
2178	seen	227877	3.027	3	3	-0.013
2179	says	304429	4.044	4	4	-0.016
2180	hereafter	76216	1.012	1	1	-0.018
2181	Figure	76261	1.013	1	1	-0.019
2182	A.	153020	2.033	2	1	-0.023
2183	speaks	153099	2.034	2	2	-0.024
2184	desire	306364	4.07	4	4	-0.025
2185	wish	76763	1.02	1	1	-0.028
2186	ignorance	77023	1.023	1	1	-0.033
2187	besides	231481	3.075	3	3	-0.036
2188	excellent	155285	2.063	2	2	-0.045
2189	misery	77670	1.032	1	1	-0.045
2190	sweet	155475	2.065	2	2	-0.046
2191	prepared	77762	1.033	1	1	-0.047
2192	never	778679	10.344	10	10	-0.049
2193	28	77934	1.035	1	1	-0.05
2194	Visible	77964	1.036	1	1	-0.051
2195	credit	77984	1.036	1	1	-0.051
2196	memory	78094	1.037	1	1	-0.053
2197	birth	78181	1.039	1	1	-0.055
2198	gain	78199	1.039	1	1	-0.055
2199	no	2739631	36.393	35	29	-0.056
2200	had	2740575	36.405	35	29	-0.057
2201	loved	78391	1.041	1	1	-0.058
2202	proof	78647	1.045	1	1	-0.063
2203	cruel	78662	1.045	1	1	-0.063
2204	their	5435041	72.198	69	38	-0.065
2205	brought	394377	5.239	5	4	-0.067
2206	made	1503973	19.979	19	18	-0.072
2207	sayeth	633645	8.417	8	7	-0.073
2208	can	1982819	26.339	25	22	-0.075
2209	signifies	79472	1.056	1	1	-0.078
2210	faithful	159195	2.115	2	2	-0.08
2211	followed	79683	1.059	1	1	-0.082
2212	spiritual	239256	3.178	3	3	-0.083
2213	wars	79970	1.062	1	1	-0.087
2214	most	1280269	17.007	16	15	-0.088
2215	Secondly	160056	2.126	2	2	-0.088
2216	virtue	240899	3.2	3	3	-0.093
2217	wise	241600	3.209	3	3	-0.097
2218	third	242706	3.224	3	3	-0.104
2219	profession	81244	1.079	1	1	-0.11
2220	lastly	81334	1.08	1	1	-0.112
2221	entered	81333	1.08	1	1	-0.112
2222	should	1871070	24.855	23	20	-0.112
2223	endeavour	81395	1.081	1	1	-0.113
2224	Knight	81427	1.082	1	1	-0.113
2225	sick	81507	1.083	1	1	-0.115
2226	added	81800	1.087	1	1	-0.12
2227	seek	163878	2.177	2	1	-0.122
2228	told	164509	2.185	2	2	-0.128
2229	small	246878	3.28	3	3	-0.129
2230	Pet	82435	1.095	1	1	-0.131
2231	un	83123	1.104	1	1	-0.143
2232	Romans	83232	1.106	1	1	-0.145
2233	acknowledge	83501	1.109	1	1	-0.15
2234	Church	1175787	15.619	14	13	-0.158
2235	grief	84127	1.118	1	1	-0.16
2236	Realm	84195	1.118	1	1	-0.161
2237	5	338721	4.5	4	3	-0.17
2238	after	1272516	16.904	15	13	-0.172
2239	virtues	84914	1.128	1	1	-0.174
2240	set	595126	7.906	7	7	-0.176
2241	stands	85073	1.13	1	1	-0.176
2242	years	427133	5.674	5	5	-0.182
2243	will	2993503	39.765	35	30	-0.184
2244	deal	85541	1.136	1	1	-0.184
2245	matter	427808	5.683	5	5	-0.185
2246	inward	85678	1.138	1	1	-0.187
2247	here	866663	11.513	10	10	-0.203
2248	Whether	435425	5.784	5	5	-0.21
2249	show	349122	4.638	4	4	-0.213
2250	he	9215356	122.415	105	73	-0.221
2251	rise	87880	1.167	1	1	-0.223
2252	some	1845849	24.52	21	19	-0.224
2253	are	5017099	66.646	57	42	-0.226
2254	passion	88077	1.17	1	1	-0.227
2255	leave	264688	3.516	3	3	-0.229
2256	went	264770	3.517	3	2	-0.229
2257	this	6548918	86.995	74	43	-0.233
2258	notice	88877	1.181	1	1	-0.24
2259	original	88923	1.181	1	1	-0.24
2260	what	2320680	30.828	26	18	-0.246
2261	against	1339213	17.79	15	11	-0.246
2262	but	6983890	92.773	78	45	-0.25
2263	wrought	89617	1.191	1	1	-0.252
2264	man	1972758	26.206	22	20	-0.252
2265	defence	89679	1.191	1	1	-0.253
2266	forced	89873	1.194	1	1	-0.256
2267	sins	361871	4.807	4	4	-0.265
2268	Empire	90491	1.202	1	1	-0.266
2269	Thirdly	90751	1.206	1	1	-0.27
2270	black	90820	1.206	1	1	-0.271
2271	at	3182175	42.271	35	26	-0.272
2272	not	8929558	118.619	98	62	-0.275
2273	easy	91240	1.212	1	1	-0.277
2274	Papists	91413	1.214	1	1	-0.28
2275	guilty	91473	1.215	1	1	-0.281
2276	Honourable	91740	1.219	1	1	-0.285
2277	Laid	184949	2.457	2	2	-0.297
2278	learning	92794	1.233	1	1	-0.302
2279	lands	92853	1.233	1	1	-0.303
2280	want	185706	2.467	2	2	-0.303
2281	love	838220	11.135	9	6	-0.307
2282	ever	652700	8.67	7	7	-0.309
2283	pleasure	186565	2.478	2	2	-0.309
2284	sentence	93324	1.24	1	1	-0.31
2285	speak	374513	4.975	4	4	-0.315
2286	ask	93732	1.245	1	1	-0.316
2287	Duke	187759	2.494	2	2	-0.319
2288	his	9217642	122.446	98	66	-0.321
2289	history	94546	1.256	1	1	-0.329
2290	about	661900	8.793	7	7	-0.329
2291	therefore	1231317	16.357	13	8	-0.331
2292	self	948089	12.594	10	9	-0.333
2293	left	284479	3.779	3	1	-0.333
2294	object	94992	1.262	1	1	-0.336
2295	affection	95087	1.263	1	1	-0.337
2296	long	571124	7.587	6	5	-0.339
2297	alone	190842	2.535	2	2	-0.342
2298	per	190947	2.537	2	1	-0.343
2299	15.	95551	1.269	1	1	-0.344
2300	delight	95852	1.273	1	1	-0.349
2301	I.	191916	2.549	2	2	-0.35
2302	M.	193517	2.571	2	1	-0.362
2303	If	3293480	43.75	34	27	-0.364
2304	resolved	96934	1.288	1	1	-0.365
2305	begin	97196	1.291	1	1	-0.369
2306	ways	194504	2.584	2	2	-0.369
2307	degrees	97256	1.292	1	1	-0.369
2308	;	9536348	126.679	98	65	-0.37
2309	battle	97585	1.296	1	1	-0.374
2310	12	195478	2.597	2	2	-0.377
2311	commonly	97748	1.299	1	1	-0.377
2312	as	9292085	123.434	95	63	-0.378
2313	infinite	97821	1.299	1	1	-0.378
2314	everlasting	98162	1.304	1	1	-0.383
2315	given	491070	6.523	5	5	-0.384
2316	&#x113;	491365	6.527	5	4	-0.385
2317	quod	196567	2.611	2	2	-0.385
2318	continued	98376	1.307	1	1	-0.386
2319	worth	99043	1.316	1	1	-0.396
2320	soon	198528	2.637	2	2	-0.399
2321	Beasts	99530	1.322	1	1	-0.403
2322	few	199429	2.649	2	2	-0.406
2323	perhaps	99958	1.328	1	1	-0.409
2324	by	7416468	98.519	74	45	-0.413
2325	continue	100553	1.336	1	1	-0.418
2326	to	27864128	370.142	277	125	-0.418
2327	did	1515759	20.135	15	14	-0.425
2328	even	607522	8.07	6	6	-0.428
2329	put	607656	8.072	6	4	-0.428
2330	age	202681	2.692	2	2	-0.429
2331	6	304045	4.039	3	3	-0.429
2332	was	5179337	68.801	51	38	-0.432
2333	proceed	101566	1.349	1	1	-0.432
2334	into	1727535	22.948	17	16	-0.433
2335	Job	101876	1.353	1	1	-0.436
2336	have	4691254	62.318	46	35	-0.438
2337	la	204980	2.723	2	2	-0.445
2338	feet	102703	1.364	1	1	-0.448
2339	oath	102906	1.367	1	1	-0.451
2340	slain	102937	1.367	1	1	-0.451
2341	speech	103090	1.369	1	1	-0.454
2342	Pro	103839	1.379	1	1	-0.464
2343	consider	208021	2.763	2	2	-0.466
2344	9	208082	2.764	2	2	-0.467
2345	suppose	104105	1.383	1	1	-0.468
2346	sign	104160	1.384	1	1	-0.468
2347	poor	313465	4.164	3	2	-0.473
2348	born	104623	1.39	1	1	-0.475
2349	charity	104646	1.39	1	1	-0.475
2350	humane	105132	1.397	1	1	-0.482
2351	longer	105304	1.399	1	1	-0.484
2352	divers	210634	2.798	2	2	-0.484
2353	Pride	105444	1.401	1	1	-0.486
2354	might	949632	12.615	9	7	-0.487
2355	one	2538275	33.718	24	20	-0.49
2356	22	105972	1.408	1	1	-0.493
2357	declared	106222	1.411	1	1	-0.497
2358	case	319514	4.244	3	2	-0.501
2359	13.	106799	1.419	1	1	-0.505
2360	add	106899	1.42	1	1	-0.506
2361	pure	107081	1.422	1	1	-0.508
2362	They	6960305	92.459	65	48	-0.508
2363	so	5366625	71.289	50	34	-0.512
2364	Break	107397	1.427	1	1	-0.513
2365	mighty	107406	1.427	1	1	-0.513
2366	manifest	107661	1.43	1	1	-0.516
2367	Public	215912	2.868	2	2	-0.52
2368	carry	108052	1.435	1	1	-0.521
2369	free	216340	2.874	2	1	-0.523
2370	give	758276	10.073	7	7	-0.525
2371	desired	108540	1.442	1	1	-0.528
2372	opinion	217543	2.89	2	2	-0.531
2373	hands	327530	4.351	3	3	-0.536
2374	dear	109293	1.452	1	1	-0.538
2375	mentioned	110171	1.464	1	1	-0.549
2376	being	1764433	23.438	16	13	-0.551
2377	either	552589	7.341	5	5	-0.554
2378	le	110821	1.472	1	1	-0.558
2379	must	1333555	17.715	12	11	-0.562
2380	walk	111166	1.477	1	1	-0.562
2381	together	444738	5.908	4	4	-0.563
2382	does	222564	2.957	2	2	-0.564
2383	Prophets	111696	1.484	1	1	-0.569
2384	new	447014	5.938	4	4	-0.57
2385	note	111981	1.488	1	1	-0.573
2386	R.	112114	1.489	1	1	-0.575
2387	care	224334	2.98	2	1	-0.575
2388	heard	225126	2.991	2	2	-0.58
2389	last	450430	5.983	4	4	-0.581
2390	less	337828	4.488	3	3	-0.581
2391	Lady	112639	1.496	1	1	-0.581
2392	caused	113016	1.501	1	1	-0.586
2393	such	2262212	30.051	20	18	-0.587
2394	How	1244740	16.535	11	10	-0.588
2395	fourth	113523	1.508	1	1	-0.593
2396	all	5908829	78.492	52	38	-0.594
2397	wrath	113648	1.51	1	1	-0.594
2398	Master	228418	3.034	2	2	-0.601
2399	end	571167	7.587	5	5	-0.602
2400	respect	229329	3.046	2	2	-0.607
2401	were	2871299	38.142	25	20	-0.609
2402	committed	115180	1.53	1	1	-0.614
2403	River	115702	1.537	1	1	-0.62
2404	11.	115752	1.538	1	1	-0.621
2405	members	116122	1.543	1	1	-0.625
2406	in	20011385	265.828	172	97	-0.628
2407	near	232787	3.092	2	2	-0.629
2408	&#x16b;	232932	3.094	2	2	-0.63
2409	said	1514302	20.116	13	12	-0.63
2410	world	932868	12.392	8	7	-0.631
2411	tongue	116704	1.55	1	1	-0.633
2412	which	6940930	92.202	59	42	-0.644
2413	Gen.	118079	1.569	1	1	-0.649
2414	Follows	118360	1.572	1	1	-0.653
2415	him	4270811	56.733	36	27	-0.656
2416	only	1544540	20.517	13	12	-0.658
2417	Those	1667771	22.154	14	12	-0.662
2418	lay	238823	3.173	2	2	-0.666
2419	2.	358494	4.762	3	2	-0.667
2420	Cold	119553	1.588	1	1	-0.667
2421	E.	119746	1.591	1	1	-0.67
2422	&c	479189	6.366	4	4	-0.67
2423	sake	119831	1.592	1	1	-0.671
2424	send	120341	1.599	1	1	-0.677
2425	believe	363239	4.825	3	3	-0.686
2426	thee	728077	9.672	6	5	-0.689
2427	further	242781	3.225	2	2	-0.689
2428	sin	729699	9.693	6	5	-0.692
2429	been	1095200	14.548	9	8	-0.693
2430	Hold	243646	3.237	2	2	-0.694
2431	takes	123079	1.635	1	1	-0.709
2432	day	864384	11.482	7	6	-0.714
2433	understood	125485	1.667	1	1	-0.737
2434	again	627628	8.337	5	5	-0.738
2435	more	2262327	30.052	18	17	-0.739
2436	trust	126242	1.677	1	1	-0.746
2437	oh	126299	1.678	1	1	-0.746
2438	four	252980	3.361	2	2	-0.749
2439	till	379902	5.047	3	3	-0.75
2440	enemies	253975	3.374	2	2	-0.754
2441	look	255208	3.39	2	2	-0.761
2442	none	383245	5.091	3	3	-0.763
2443	carried	127788	1.698	1	1	-0.763
2444	nothing	640275	8.505	5	5	-0.766
2445	difference	128593	1.708	1	1	-0.772
2446	creatures	128964	1.713	1	1	-0.777
2447	Pleased	129448	1.72	1	1	-0.782
2448	come	1165618	15.484	9	9	-0.783
2449	grant	129668	1.723	1	1	-0.785
2450	sacrifice	130353	1.732	1	1	-0.792
2451	Earl	132012	1.754	1	1	-0.81
2452	laws	264682	3.516	2	1	-0.814
2453	meet	132574	1.761	1	1	-0.816
2454	light	399350	5.305	3	3	-0.822
2455	please	133516	1.774	1	1	-0.827
2456	unto	1880305	24.978	14	14	-0.835
2457	10.	134546	1.787	1	1	-0.838
2458	run	134767	1.79	1	1	-0.84
2459	draw	134904	1.792	1	1	-0.842
2460	religion	406309	5.397	3	3	-0.847
2461	read	271950	3.613	2	2	-0.853
2462	Another	682313	9.064	5	5	-0.858
2463	hear	273421	3.632	2	2	-0.861
2464	when	2343068	31.125	17	17	-0.873
2465	lawful	138238	1.836	1	1	-0.877
2466	whereof	279030	3.707	2	2	-0.89
2467	Sons	139530	1.854	1	1	-0.89
2468	holy	701649	9.321	5	5	-0.898
2469	[	280684	3.729	2	2	-0.899
2470	just	281045	3.733	2	2	-0.9
2471	High	281250	3.736	2	1	-0.902
2472	knowledge	282458	3.752	2	2	-0.908
2473	praise	141937	1.886	1	1	-0.915
2474	Angels	142073	1.887	1	1	-0.916
2475	appears	142173	1.889	1	1	-0.917
2476	Die	284558	3.78	2	2	-0.918
2477	actions	142378	1.891	1	1	-0.919
2478	law	712338	9.463	5	5	-0.92
2479	following	142882	1.898	1	1	-0.924
2480	]	429805	5.71	3	3	-0.928
2481	Air	144042	1.913	1	1	-0.936
2482	'd	144543	1.92	1	1	-0.941
2483	Cause	585252	7.774	4	4	-0.959
2484	hope	292642	3.887	2	2	-0.959
2485	foot	146629	1.948	1	1	-0.962
2486	afterwards	146805	1.95	1	1	-0.964
2487	know	736780	9.787	5	5	-0.969
2488	commanded	147447	1.959	1	1	-0.97
2489	child	148012	1.966	1	1	-0.975
2490	delivered	148308	1.97	1	1	-0.978
2491	Notwithstanding	148685	1.975	1	1	-0.982
2492	taking	148788	1.977	1	1	-0.983
2493	16	148850	1.977	1	1	-0.984
2494	whence	149816	1.99	1	1	-0.993
2495	servants	149996	1.993	1	1	-0.995
2496	true	751380	9.981	5	5	-0.997
2497	matters	150676	2.002	1	1	-1.001
2498	every	1057014	14.041	7	7	-1.004
2499	easily	151870	2.017	1	1	-1.012
2500	behold	152112	2.021	1	1	-1.015
2501	unless	154621	2.054	1	1	-1.038
2502	five	154870	2.057	1	1	-1.041
2503	country	310285	4.122	2	2	-1.043
2504	without	1089706	14.476	7	7	-1.048
2505	Peter	156920	2.085	1	1	-1.06
2506	bread	156950	2.085	1	1	-1.06
2507	already	157133	2.087	1	1	-1.062
2508	office	157520	2.093	1	1	-1.065
2509	find	472931	6.282	3	3	-1.066
2510	estate	157763	2.096	1	1	-1.067
2511	Before	1422340	18.894	9	8	-1.07
2512	France	158078	2.1	1	1	-1.07
2513	thoughts	158076	2.1	1	1	-1.07
2514	Christs	158654	2.108	1	1	-1.076
2515	until	158797	2.109	1	1	-1.077
2516	least	319491	4.244	2	2	-1.085
2517	between	321208	4.267	2	2	-1.093
2518	act	322490	4.284	2	2	-1.099
2519	right	484646	6.438	3	3	-1.102
2520	2	973176	12.928	6	6	-1.107
2521	Late	162556	2.159	1	1	-1.111
2522	se	163405	2.171	1	1	-1.118
2523	lost	164242	2.182	1	1	-1.126
2524	reason	664880	8.832	4	4	-1.143
2525	living	166437	2.211	1	1	-1.145
2526	seem	166761	2.215	1	1	-1.147
2527	men	1835942	24.388	11	11	-1.149
2528	question	167153	2.22	1	1	-1.151
2529	worthy	168026	2.232	1	1	-1.158
2530	bodies	169090	2.246	1	1	-1.167
2531	whatsoever	170245	2.262	1	1	-1.177
2532	perfect	170422	2.264	1	1	-1.179
2533	from	3924250	52.129	23	19	-1.18
2534	Ministers	171247	2.275	1	1	-1.186
2535	thereby	172833	2.296	1	1	-1.199
2536	form	173701	2.307	1	1	-1.206
2537	sight	174034	2.312	1	1	-1.209
2538	Queen	174640	2.32	1	1	-1.214
2539	return	177443	2.357	1	1	-1.237
2540	within	355110	4.717	2	2	-1.238
2541	ill	177562	2.359	1	1	-1.238
2542	water	355806	4.727	2	2	-1.241
2543	11	177974	2.364	1	1	-1.241
2544	body	712249	9.461	4	4	-1.242
2545	himself	1068396	14.192	6	5	-1.242
2546	charge	178431	2.37	1	1	-1.245
2547	joy	178769	2.375	1	1	-1.248
2548	them	4855982	64.506	27	21	-1.256
2549	think	539870	7.172	3	3	-1.257
2550	chief	180904	2.403	1	1	-1.265
2551	lib.	181181	2.407	1	1	-1.267
2552	1	1451762	19.285	8	6	-1.269
2553	mine	181777	2.415	1	1	-1.272
2554	beginning	182083	2.419	1	1	-1.274
2555	promise	182124	2.419	1	1	-1.275
2556	well	1096551	14.566	6	6	-1.28
2557	strong	182777	2.428	1	1	-1.28
2558	Wherefore	183911	2.443	1	1	-1.289
2559	began	184715	2.454	1	1	-1.295
2560	certain	370843	4.926	2	2	-1.3
2561	understand	185715	2.467	1	1	-1.303
2562	written	186305	2.475	1	1	-1.307
2563	we	4105074	54.531	22	17	-1.31
2564	any	2444028	32.466	13	10	-1.32
2565	second	377815	5.019	2	2	-1.327
2566	way	756236	10.046	4	4	-1.329
2567	among	379416	5.04	2	2	-1.333
2568	may	2661871	35.36	14	12	-1.337
2569	3	571164	7.587	3	3	-1.339
2570	faith	762492	10.129	4	4	-1.34
2571	suffer	191145	2.539	1	1	-1.344
2572	learned	191725	2.547	1	1	-1.349
2573	gives	192161	2.553	1	1	-1.352
2574	kingdom	388117	5.156	2	2	-1.366
2575	Saints	194939	2.59	1	1	-1.373
2576	very	1174247	15.599	6	6	-1.378
2577	strength	196140	2.606	1	1	-1.382
2578	bear	196568	2.611	1	1	-1.385
2579	sort	197789	2.627	1	1	-1.394
2580	means	397591	5.282	2	2	-1.401
2581	et	199777	2.654	1	1	-1.408
2582	done	601055	7.984	3	3	-1.412
2583	greatest	200955	2.669	1	1	-1.417
2584	use	603174	8.013	3	3	-1.417
2585	good	1608969	21.373	8	7	-1.418
2586	S.	403850	5.365	2	2	-1.423
2587	place	808630	10.742	4	4	-1.425
2588	force	202958	2.696	1	1	-1.431
2589	coming	203089	2.698	1	1	-1.432
2590	ought	406522	5.4	2	2	-1.433
2591	Cor.	203716	2.706	1	1	-1.436
2592	forth	410791	5.457	2	2	-1.448
2593	rule	207621	2.758	1	1	-1.464
2594	our	3333885	44.287	16	12	-1.469
2595	appear	209107	2.778	1	1	-1.474
2596	own	1256418	16.69	6	6	-1.476
2597	Emperor	209536	2.783	1	1	-1.477
2598	Cap	211323	2.807	1	1	-1.489
2599	saying	211699	2.812	1	1	-1.492
2600	work	425644	5.654	2	2	-1.499
2601	Gods	640962	8.514	3	3	-1.505
2602	Apostle	213865	2.841	1	1	-1.506
2603	words	643917	8.554	3	3	-1.512
2604	it	11231693	149.2	52	42	-1.521
2605	4	434750	5.775	2	2	-1.53
2606	whereby	220196	2.925	1	1	-1.548
2607	P.	440626	5.853	2	1	-1.549
2608	These	1985969	26.381	9	9	-1.552
2609	especially	220705	2.932	1	1	-1.552
2610	others	665440	8.84	3	3	-1.559
2611	Psal.	222362	2.954	1	1	-1.563
2612	blessed	226222	3.005	1	1	-1.587
2613	Wisdom	228022	3.029	1	1	-1.599
2614	often	229358	3.047	1	1	-1.607
2615	two	926661	12.31	4	4	-1.622
2616	10	233570	3.103	1	1	-1.634
2617	Sea	233892	3.107	1	1	-1.636
2618	stand	235721	3.131	1	1	-1.647
2619	pass	235903	3.134	1	1	-1.648
2620	death	707920	9.404	3	3	-1.648
2621	hand	471988	6.27	2	2	-1.648
2622	also	1433690	19.045	6	6	-1.666
2623	came	478712	6.359	2	2	-1.669
2624	purpose	240680	3.197	1	1	-1.677
2625	much	1448309	19.239	6	5	-1.681
2626	Justice	242072	3.216	1	1	-1.685
2627	Pray	242183	3.217	1	1	-1.686
2628	Souls	242572	3.222	1	1	-1.688
2629	both	976138	12.967	4	4	-1.697
2630	mean	244094	3.243	1	1	-1.697
2631	side	250068	3.322	1	1	-1.732
2632	necessary	250405	3.326	1	1	-1.734
2633	7	251211	3.337	1	1	-1.739
2634	receive	254239	3.377	1	1	-1.756
2635	grace	516661	6.863	2	2	-1.779
2636	too	521045	6.922	2	2	-1.791
2637	truth	521766	6.931	2	2	-1.793
2638	whole	534092	7.095	2	2	-1.827
2639	able	271961	3.613	1	1	-1.853
2640	over	545201	7.242	2	2	-1.856
2641	father	550491	7.313	2	2	-1.87
2642	part	827721	10.995	3	3	-1.874
2643	us	2216337	29.441	8	6	-1.88
2644	used	278736	3.703	1	1	-1.889
2645	heart	559805	7.436	2	2	-1.895
2646	sense	285637	3.794	1	1	-1.924
2647	eyes	285959	3.799	1	1	-1.925
2648	gave	290757	3.862	1	1	-1.949
2649	c	292350	3.884	1	1	-1.957
2650	people	885047	11.757	3	2	-1.97
2651	thing	892670	11.858	3	3	-1.983
2652	&c.	299097	3.973	1	1	-1.99
2653	book	299396	3.977	1	1	-1.992
2654	authority	299886	3.984	1	1	-1.994
2655	other	2103223	27.939	7	7	-1.997
2656	while	300747	3.995	1	1	-1.998
2657	Christian	303553	4.032	1	1	-2.012
2658	nature	607747	8.073	2	2	-2.013
2659	always	304181	4.041	1	1	-2.015
2660	land	307074	4.079	1	1	-2.028
2661	l.	308378	4.096	1	1	-2.034
2662	England	309285	4.109	1	1	-2.039
2663	kind	310094	4.119	1	1	-2.042
2664	than	940786	12.497	3	3	-2.059
2665	works	315242	4.188	1	1	-2.066
2666	life	948809	12.604	3	3	-2.071
2667	has	321926	4.276	1	1	-2.096
2668	off	323311	4.295	1	1	-2.103
2669	Scripture	324647	4.313	1	1	-2.109
2670	order	331304	4.401	1	1	-2.138
2671	general	331599	4.405	1	1	-2.139
2672	full	343239	4.56	1	1	-2.189
2673	sent	348162	4.625	1	1	-2.209
2674	year	352165	4.678	1	1	-2.226
2675	thought	352735	4.686	1	1	-2.228
2676	above	357391	4.748	1	1	-2.247
2677	evil	357919	4.755	1	1	-2.249
2678	Person	366738	4.872	1	1	-2.284
2679	Christ	1858951	24.694	5	5	-2.304
2680	word	751485	9.983	2	2	-2.319
2681	God	4174430	55.452	11	10	-2.334
2682	themselves	761621	10.117	2	2	-2.339
2683	present	383135	5.09	1	1	-2.348
2684	persons	384539	5.108	1	1	-2.353
2685	days	393520	5.227	1	1	-2.386
2686	rest	396125	5.262	1	1	-2.396
2687	de	804522	10.687	2	1	-2.418
2688	could	808277	10.737	2	2	-2.425
2689	fear	406154	5.395	1	1	-2.432
2690	mind	407887	5.418	1	1	-2.438
2691	Ye	825703	10.969	2	2	-2.455
2692	same	1256120	16.686	3	3	-2.476
2693	found	426408	5.664	1	1	-2.502
2694	innon-Latinalphabet	427513	5.679	1	1	-2.506
2695	things	1357990	18.039	3	3	-2.588
2696	/	905998	12.035	2	1	-2.589
2697	thereof	458302	6.088	1	1	-2.606
2698	Lord	1459090	19.382	3	2	-2.692
2699	according	502781	6.679	1	1	-2.74
2700	heaven	503504	6.689	1	1	-2.742
2701	soul	555660	7.381	1	1	-2.884
2702	having	579260	7.695	1	1	-2.944
2703	little	624322	8.293	1	1	-3.052
2704	spirit	654859	8.699	1	1	-3.121
2705	power	776557	10.316	1	1	-3.367
2706	King	1308410	17.381	1	1	-4.119
2707	time	1426900	18.955	1	1	-4.244
2708	adultrat	1	0	1	1	n/a
2709	Ile-	1	0	1	1	n/a
2710	desabled	1	0	1	1	n/a
2711	brothelly	2	0	1	1	n/a
2712	th'osteria	1	0	1	1	n/a
2713	espalls	1	0	1	1	n/a
2714	ill-dors	1	0	1	1	n/a
2715	pisse'hem	1	0	1	1	n/a
2716	by'th'haire	1	0	1	1	n/a
2717	sucke-blood	1	0	1	1	n/a
2718	ro'ten	1	0	1	1	n/a
2719	Chimny-sweepe	2	0	1	1	n/a
2720	Ahijch'	1	0	1	1	n/a
2721	hithershe	1	0	1	1	n/a
2722	Ienocinating	1	0	1	1	n/a
2723	Beasbearer	1	0	1	1	n/a
2724	him-sefe	3	0	1	1	n/a
2725	Tinhead	3	0	1	1	n/a
2726	flesh-seller	1	0	1	1	n/a
2727	pocche	2	0	1	1	n/a
2728	volpeggiando	2	0	1	1	n/a
2729	osseruauan	1	0	1	1	n/a
2730	atttired	1	0	1	1	n/a
2731	lenocinating	1	0	1	1	n/a
2732	floars	3	0	1	1	n/a
2733	vrdgd	3	0	1	1	n/a
2734	whit-lyuerd	1	0	1	1	n/a
2735	brazen-fac'et	1	0	1	1	n/a
2736	17.3.6.	1	0	1	1	n/a
2737	golden-purple	1	0	1	1	n/a
2738	otkens.	1	0	1	1	n/a
2739	Apoalop.	1	0	1	1	n/a
2740	Yeatton	1	0	1	1	n/a
2741	Mutford.	1	0	1	1	n/a
2742	th'Israelitish	1	0	1	1	n/a
2743	sanguin-coloured	1	0	1	1	n/a
2744	Shee-creatures	2	0	1	1	n/a
2745	For'his	2	0	1	1	n/a
2746	descripti-	3	0	1	1	n/a
2747	whoore-maister	1	0	1	1	n/a
2748	Gnisippus	1	0	1	1	n/a
2749	douean	1	0	1	1	n/a
2750	Cattilines	1	0	1	1	n/a
2751	nell'olio	1	0	1	1	n/a
2752	Keuyll	2	0	1	1	n/a
2753	bewty	2	0	1	1	n/a
2754	bloud-desiring	3	0	1	1	n/a
2755	Charatza	3	0	1	1	n/a
2756	Epillogus	1	0	1	1	n/a
2757	Cockatrize	1	0	1	1	n/a
2758	wanton-touch	1	0	1	1	n/a
2759	brkerage	1	0	1	1	n/a
2760	onermatch	1	0	1	1	n/a
2761	to'you	1	0	1	1	n/a
2762	fagoot	1	0	1	1	n/a
2763	Cowfeild	3	0	1	1	n/a
2764	Auentius	3	0	1	1	n/a
2765	Babylon-Rome	2	0	1	1	n/a
2766	Rev-17.4.	1	0	1	1	n/a
2767	Zilid	1	0	1	1	n/a
2768	Schoenicole	1	0	1	1	n/a
2769	pareuan	1	0	1	1	n/a
2770	Menandros	2	0	1	1	n/a
2771	avute	1	0	1	1	n/a
2772	whore-Nunnes	1	0	1	1	n/a
2773	rtieth	1	0	1	1	n/a
2774	ckold	1	0	1	1	n/a
2775	Penula-Scortea	1	0	1	1	n/a
2776	leawdeof	1	0	1	1	n/a
2777	publike-professed	1	0	1	1	n/a
2778	godon'	1	0	1	1	n/a
2779	merchancts	1	0	1	1	n/a
2780	bunk	3	0	1	1	n/a
2781	SVRLY	1	0	1	1	n/a
2782	Paot	1	0	1	1	n/a
2783	Shalborne	3	0	1	1	n/a
2784	Shor-ditch	1	0	1	1	n/a
2785	Cylleborus	3	0	1	1	n/a
2786	baggadg	3	0	1	1	n/a
2787	Vowe.	1	0	1	1	n/a
2788	subberbian	1	0	1	1	n/a
2789	Heauens-Queene	1	0	1	1	n/a
2790	cojur	1	0	1	1	n/a
2791	Ferrests	1	0	1	1	n/a
2792	shame-lesse	2	0	1	1	n/a
2793	Vsher-like	2	0	1	1	n/a
2794	Raynera	3	0	1	1	n/a
