https://cqpweb.lancs.ac.uk/eebov3/concordance.php?pp=1&theData=%7Bwhore%2FN%7D&qmode=sq_nocase&del=begin%26t%3D-%7Cyear%7E1608%26t%3D-%7Cyear%7E1609%26t%3D-%7Cyear%7E1610%26t%3D-%7Cyear%7E1611%26t%3D-%7Cyear%7E1612%26t%3D-%7Cyear%7E1613%26t%3D-%7Cyear%7E1614%26t%3D-%7Cyear%7E1615%26t%3D-%7Cyear%7E1616%26t%3D-%7Cyear%7E1617&del=end&uT=yThere are 2,688 different words in your collocation database for "[lemma="(whore)_SUBST"%c]". (Your query "{whore/N}", restricted to texts meeting criteria "<em>year</em>: <em>1608</em> or <em>1609</em> or <em>1610</em> or <em>1611</em> or <em>1612</em> or <em>1613</em> or <em>1614</em> or <em>1615</em> or <em>1616</em> or <em>1617</em>",  returned 1,499 matches in 335 different texts)  
__________________

No.	Word	Total no. in whole corpus	Expected collocate frequency	Observed collocate frequency	In no. of texts	Mutual information value

1	dedle	6	0	2	1	14.288
2	hostolano	5	0	1	1	13.288
3	Bewailling	5	0	1	1	13.288
4	fizes	15	0	2	1	13.288
5	uermore	12	0	1	1	13.288
6	Shpheards	6	0	1	1	13.288
7	brodell	12	0	1	1	13.288
8	filthine	5	0	1	1	13.288
9	free-bred	8	0	1	1	13.288
10	acccursed	5	0	1	1	13.288
11	Titcombe	5	0	1	1	13.288
12	conuengano	7	0	1	1	13.288
13	vccide	5	0	1	1	13.288
14	plaisure	6	0	1	1	13.288
15	Rauran	5	0	1	1	13.288
16	Hyene	12	0	1	1	13.288
17	sniueling	11	0	1	1	13.288
18	flexable	11	0	1	1	13.288
19	frigge	5	0	1	1	13.288
20	purchs	7	0	1	1	13.288
21	vuoto	6	0	1	1	13.288
22	huir	7	0	1	1	13.288
23	bowling-alleys	10	0	1	1	13.288
24	infiora	5	0	1	1	13.288
25	whorekeepers	8	0	1	1	13.288
26	himhimselfe	18	0	2	2	13.288
27	garden-pot	7	0	1	1	13.288
28	drippingpan	7	0	1	1	13.288
29	Prisse	6	0	1	1	13.288
30	estreme	7	0	1	1	13.288
31	cosned	6	0	1	1	13.288
32	Bobylon	7	0	1	1	13.288
33	strumpett	8	0	1	1	13.288
34	fulnsse	11	0	1	1	13.288
35	runke	8	0	1	1	13.288
36	baster	11	0	1	1	13.288
37	Smalshanke	8	0	1	1	13.288
38	nethermore	9	0	1	1	13.288
39	Oleasters	9	0	1	1	13.288
40	Southweeke	12	0	1	1	13.288
41	Padars	6	0	1	1	13.288
42	d'otto	7	0	1	1	13.288
43	Seuington	5	0	1	1	13.288
44	preceder	17	0	1	1	12.288
45	Philira	16	0	1	1	12.288
46	runk	13	0	1	1	12.288
47	Guiaca	17	0	1	1	12.288
48	tutt	20	0	1	1	12.288
49	besmeere	19	0	1	1	12.288
50	Seuants	14	0	1	1	12.288
51	permane	14	0	1	1	12.288
52	Meritrix	17	0	1	1	12.288
53	Elcombe	14	0	1	1	12.288
54	deflowreth	15	0	1	1	12.288
55	Turnbull-street	15	0	1	1	12.288
56	Eddington	20	0	1	1	12.288
57	errate	13	0	1	1	12.288
58	Benwash	16	0	1	1	12.288
59	Empoysoner	14	0	1	1	12.288
60	weekelie	20	0	1	1	12.288
61	aporne	13	0	1	1	12.288
62	diece	15	0	1	1	12.288
63	yongmans	13	0	1	1	12.288
64	th'embraces	13	0	1	1	12.288
65	wether-cocke	16	0	1	1	12.288
66	make-shift	15	0	1	1	12.288
67	Gentileman	17	0	1	1	12.288
68	hagged	14	0	1	1	12.288
69	vndoeing	17	0	1	1	12.288
70	dindi	17	0	1	1	12.288
71	panderly	13	0	1	1	12.288
72	god-lesse	19	0	1	1	12.288
73	Coulston	18	0	1	1	12.288
74	Montains	32	0	2	1	12.288
75	skerry	15	0	1	1	12.288
76	SWeet-lipt	22	0	1	1	11.703
77	purple-coloured	28	0	1	1	11.703
78	for-ward	21	0	1	1	11.703
79	father-hoods	24	0	1	1	11.703
80	Kiges	23	0	1	1	11.703
81	Lenaea	26	0	1	1	11.703
82	Hyporisie	21	0	1	1	11.703
83	federacie	22	0	1	1	11.703
84	follia	22	0	1	1	11.703
85	Trimtram	24	0	1	1	11.703
86	Bael	25	0	1	1	11.703
87	aisse	30	0	1	1	11.288
88	disases	34	0	1	1	11.288
89	diuersorium	32	0	1	1	11.288
90	maisterfull	34	0	1	1	11.288
91	strumpettes	35	0	1	1	11.288
92	tel'st	36	0	1	1	11.288
93	censurd	32	0	1	1	11.288
94	Lupae	33	0	1	1	11.288
95	montans	34	0	1	1	11.288
96	Frust	34	0	1	1	11.288
97	sweae	33	0	1	1	11.288
98	Roisters	69	0.001	2	2	11.118
99	auanti	37	0.001	1	1	10.966
100	wheer	41	0.001	1	1	10.966
101	pope-holy	43	0.001	1	1	10.966
102	tyller	41	0.001	1	1	10.966
103	Puncks	37	0.001	1	1	10.966
104	Callirhoe	43	0.001	1	1	10.966
105	Witteberg	42	0.001	1	1	10.966
106	dorh	43	0.001	1	1	10.966
107	quattro	140	0.002	3	1	10.785
108	Babilons	136	0.002	3	2	10.785
109	Cuckold-maker	47	0.001	1	1	10.703
110	Searlet	46	0.001	1	1	10.703
111	Hak.	47	0.001	1	1	10.703
112	Madianite	47	0.001	1	1	10.703
113	34.26	49	0.001	1	1	10.703
114	Selk	47	0.001	1	1	10.703
115	Apocalips.	48	0.001	1	1	10.703
116	snee	48	0.001	1	1	10.703
117	Murdresse	45	0.001	1	1	10.703
118	inganno	49	0.001	1	1	10.703
119	deuotes	49	0.001	1	1	10.703
120	plaing	46	0.001	1	1	10.703
121	Bau	95	0.001	2	1	10.703
122	smotest	48	0.001	1	1	10.703
123	S'hart	52	0.001	1	1	10.703
124	Festinus	54	0.001	1	1	10.48
125	demes	60	0.001	1	1	10.48
126	sonno	114	0.001	2	1	10.48
127	Pandors	62	0.001	1	1	10.288
128	bavin	65	0.001	1	1	10.288
129	piglia	68	0.001	1	1	10.288
130	yeerelie	68	0.001	1	1	10.288
131	Elst	65	0.001	1	1	10.288
132	Soluat	67	0.001	1	1	10.288
133	Seriants	65	0.001	1	1	10.288
134	Buggerers	139	0.002	2	2	10.2
135	disloialty	76	0.001	1	1	10.118
136	detestati	69	0.001	1	1	10.118
137	Gosh	76	0.001	1	1	10.118
138	consumd	74	0.001	1	1	10.118
139	sheel	69	0.001	1	1	10.118
140	catil.	69	0.001	1	1	10.118
141	Puncke	73	0.001	1	1	10.118
142	Edome	72	0.001	1	1	10.118
143	Baud	767	0.01	10	7	10.025
144	not-withstanding	81	0.001	1	1	9.966
145	bordell	79	0.001	1	1	9.966
146	tradeth	80	0.001	1	1	9.966
147	plaguy	78	0.001	1	1	9.966
148	38.4.	80	0.001	1	1	9.966
149	busked	90	0.001	1	1	9.828
150	matutino	92	0.001	1	1	9.828
151	Gulles	86	0.001	1	1	9.828
152	fino	91	0.001	1	1	9.828
153	negotiators	88	0.001	1	1	9.828
154	Pursn	98	0.001	1	1	9.703
155	Insooth	95	0.001	1	1	9.703
156	stomaco	93	0.001	1	1	9.703
157	Dog-daies	98	0.001	1	1	9.703
158	matutine	94	0.001	1	1	9.703
159	Sthenelus	96	0.001	1	1	9.703
160	Bbl	106	0.001	1	1	9.587
161	Hypocrita	107	0.001	1	1	9.587
162	roysters	216	0.003	2	2	9.533
163	Chau	218	0.003	2	1	9.533
164	Abhominati	213	0.003	2	2	9.533
165	Phis	109	0.001	1	1	9.48
166	heast	113	0.001	1	1	9.48
167	Pander	805	0.01	7	6	9.451
168	strolling	123	0.002	1	1	9.381
169	Standley	119	0.002	1	1	9.381
170	23.27	248	0.003	2	2	9.334
171	satiat	132	0.002	1	1	9.288
172	Vlis	125	0.002	1	1	9.288
173	concubynes	127	0.002	1	1	9.288
174	atis.	130	0.002	1	1	9.288
175	housekeepers	132	0.002	1	1	9.288
176	Babylonicall	136	0.002	1	1	9.2
177	straps	138	0.002	1	1	9.2
178	Circean	135	0.002	1	1	9.2
179	wiving	134	0.002	1	1	9.2
180	ably	139	0.002	1	1	9.2
181	spick	141	0.002	1	1	9.118
182	Ramage	143	0.002	1	1	9.118
183	bawdery	144	0.002	1	1	9.118
184	horse-leach	145	0.002	1	1	9.118
185	sordide	146	0.002	1	1	9.118
186	Sherte	150	0.002	1	1	9.04
187	monger	153	0.002	1	1	9.04
188	pandars	149	0.002	1	1	9.04
189	Chip	608	0.008	4	1	9.04
190	Panders	464	0.006	3	3	9.015
191	impudentlie	163	0.002	1	1	8.966
192	brothel-house	157	0.002	1	1	8.966
193	deckings	157	0.002	1	1	8.966
194	deput	162	0.002	1	1	8.966
195	sties	162	0.002	1	1	8.966
196	whoremaster	337	0.004	2	2	8.895
197	silthy	169	0.002	1	1	8.895
198	fleer	180	0.002	1	1	8.828
199	Baynton	175	0.002	1	1	8.828
200	meane-while	178	0.002	1	1	8.828
201	Brothels	180	0.002	1	1	8.828
202	Ede	538	0.007	3	1	8.807
203	fresche	183	0.002	1	1	8.764
204	bawds	1844	0.023	10	10	8.764
205	Acca	183	0.002	1	1	8.764
206	bisogna	181	0.002	1	1	8.764
207	trulls	181	0.002	1	1	8.764
208	Iezabels	181	0.002	1	1	8.764
209	lupa	184	0.002	1	1	8.764
210	Theyle	194	0.002	1	1	8.703
211	vtcunque	196	0.002	1	1	8.703
212	VENVS	195	0.002	1	1	8.703
213	963	193	0.002	1	1	8.703
214	Babylons	987	0.012	5	3	8.667
215	quouis	198	0.003	1	1	8.644
216	clips	211	0.003	1	1	8.587
217	Steple	417	0.005	2	1	8.587
218	purpled	209	0.003	1	1	8.587
219	somwhere	208	0.003	1	1	8.587
220	anco	220	0.003	1	1	8.533
221	Brad	443	0.006	2	1	8.506
222	Wolfish	230	0.003	1	1	8.43
223	ryotous	230	0.003	1	1	8.43
224	arrand	229	0.003	1	1	8.43
225	cloistered	469	0.006	2	1	8.43
226	stews	2587	0.032	11	5	8.412
227	nick-names	242	0.003	1	1	8.381
228	selt	239	0.003	1	1	8.381
229	piace	238	0.003	1	1	8.381
230	Bradley	495	0.006	2	1	8.334
231	Calmest	256	0.003	1	1	8.288
232	queans	255	0.003	1	1	8.288
233	proiected	253	0.003	1	1	8.288
234	shauelings	260	0.003	1	1	8.288
235	Cut-purse	258	0.003	1	1	8.288
236	Agamemnons	254	0.003	1	1	8.288
237	virilis	253	0.003	1	1	8.288
238	17.16.	255	0.003	1	1	8.288
239	faythlesse	263	0.003	1	1	8.243
240	citato.	269	0.003	1	1	8.2
241	wakening	270	0.003	1	1	8.2
242	break-fast	275	0.003	1	1	8.2
243	Babilon	5325	0.066	19	14	8.161
244	Babil	279	0.004	1	1	8.158
245	pandar	282	0.004	1	1	8.158
246	strayes	284	0.004	1	1	8.158
247	Mitred	287	0.004	1	1	8.118
248	Thamesis	292	0.004	1	1	8.118
249	17.5.	581	0.007	2	2	8.118
250	subtler	285	0.004	1	1	8.118
251	unshamefast	294	0.004	1	1	8.078
252	overworn	297	0.004	1	1	8.078
253	exponed	299	0.004	1	1	8.078
254	Charibdis	308	0.004	1	1	8.04
255	haie	303	0.004	1	1	8.04
256	whorish	1842	0.023	6	6	8.027
257	pocks	618	0.008	2	2	8.021
258	20.4.	310	0.004	1	1	8.002
259	Fortun	310	0.004	1	1	8.002
260	17.2.	314	0.004	1	1	8.002
261	21.9.	311	0.004	1	1	8.002
262	Babels	948	0.012	3	1	7.99
263	arrant	1596	0.02	5	5	7.973
264	sportful	324	0.004	1	1	7.966
265	17.4.	323	0.004	1	1	7.966
266	strumpet	3285	0.041	10	9	7.93
267	18.2.	331	0.004	1	1	7.93
268	Babylon	38888	0.485	118	62	7.927
269	VVard	339	0.004	1	1	7.895
270	Ston	336	0.004	1	1	7.895
271	Iezabel	1348	0.017	4	4	7.895
272	fornications	1721	0.022	5	5	7.861
273	vncleanesse	345	0.004	1	1	7.861
274	stincke	342	0.004	1	1	7.861
275	701	350	0.004	1	1	7.828
276	Gelli	349	0.004	1	1	7.828
277	hyre	1435	0.018	4	4	7.804
278	bawd	2878	0.036	8	8	7.8
279	censureth	361	0.005	1	1	7.796
280	sheele	357	0.005	1	1	7.796
281	Beadles	360	0.005	1	1	7.796
282	Lactant	358	0.005	1	1	7.796
283	Cittyes	366	0.005	1	1	7.764
284	ruffian	735	0.009	2	2	7.764
285	solacing	372	0.005	1	1	7.764
286	besot	372	0.005	1	1	7.764
287	Uicar	379	0.005	1	1	7.733
288	675	388	0.005	1	1	7.703
289	meno	381	0.005	1	1	7.703
290	strumpets	1159	0.015	3	3	7.693
291	Salust.	395	0.005	1	1	7.673
292	wasteful	784	0.01	2	2	7.673
293	17.6.	397	0.005	1	1	7.644
294	quelli	404	0.005	1	1	7.644
295	roughs	404	0.005	1	1	7.644
296	Punk	404	0.005	1	1	7.644
297	Courtesans	1216	0.015	3	2	7.625
298	Farina	414	0.005	1	1	7.587
299	Lax	844	0.011	2	1	7.573
300	Ramping	427	0.005	1	1	7.56
301	Ganymede	424	0.005	1	1	7.56
302	Stoke	884	0.011	2	1	7.506
303	surfeits	1332	0.017	3	3	7.498
304	Troyes	889	0.011	2	1	7.493
305	prostituting	452	0.006	1	1	7.48
306	Cyp	449	0.006	1	1	7.48
307	Theodora	1369	0.017	3	1	7.455
308	tyeth	458	0.006	1	1	7.455
309	Ashton	1396	0.017	3	1	7.43
310	17.1.	463	0.006	1	1	7.43
311	TIB	942	0.012	2	1	7.417
312	reat	470	0.006	1	1	7.405
313	meretrix	474	0.006	1	1	7.405
314	Heathenisme	470	0.006	1	1	7.405
315	Thamar	1424	0.018	3	3	7.397
316	adulteress	1919	0.024	4	3	7.387
317	skirts	2878	0.036	6	2	7.385
318	FLAM	479	0.006	1	1	7.381
319	al'	479	0.006	1	1	7.381
320	Epigram.	481	0.006	1	1	7.381
321	Electra	486	0.006	1	1	7.357
322	sham	1495	0.019	3	1	7.334
323	Sappho	500	0.006	1	1	7.334
324	Colliers	516	0.006	1	1	7.288
325	1530	516	0.006	1	1	7.288
326	domes	510	0.006	1	1	7.288
327	etc.	519	0.007	1	1	7.265
328	hee'le	522	0.007	1	1	7.265
329	Colo	524	0.007	1	1	7.265
330	some-times	524	0.007	1	1	7.265
331	chalked	530	0.007	1	1	7.243
332	RON	531	0.007	1	1	7.243
333	sei	536	0.007	1	1	7.222
334	Babylon.	534	0.007	1	1	7.222
335	yond	549	0.007	1	1	7.2
336	tinkers	545	0.007	1	1	7.2
337	fiddlers	1087	0.014	2	2	7.2
338	Coach-man	549	0.007	1	1	7.2
339	17.7.	551	0.007	1	1	7.179
340	noue	551	0.007	1	1	7.179
341	dome	3321	0.041	6	4	7.179
342	7.22.	551	0.007	1	1	7.179
343	Churchman	564	0.007	1	1	7.158
344	Norff	570	0.007	1	1	7.138
345	Shees	580	0.007	1	1	7.118
346	Dubito	589	0.007	1	1	7.098
347	CET	1174	0.015	2	2	7.098
348	gulls	585	0.007	1	1	7.098
349	pocky	594	0.007	1	1	7.078
350	mossy	603	0.008	1	1	7.059
351	eing	598	0.008	1	1	7.059
352	Iesabel	602	0.008	1	1	7.059
353	15.4.	604	0.008	1	1	7.059
354	to't	603	0.008	1	1	7.059
355	shameless	6711	0.084	11	10	7.038
356	sig	4901	0.061	8	1	7.033
357	12.4.	620	0.008	1	1	7.021
358	lecher	616	0.008	1	1	7.021
359	whore	20634	0.257	33	13	7.003
360	prostituted	1269	0.016	2	2	6.984
361	Foist	632	0.008	1	1	6.984
362	Apocal.	1266	0.016	2	2	6.984
363	Cara	642	0.008	1	1	6.966
364	carding	645	0.008	1	1	6.966
365	17.4	642	0.008	1	1	6.966
366	Kate	1290	0.016	2	1	6.957
367	Beach	652	0.008	1	1	6.948
368	Carthusian	658	0.008	1	1	6.93
369	harlots	5276	0.066	8	6	6.926
370	ruffians	1326	0.017	2	2	6.921
371	fore-head	2008	0.025	3	3	6.907
372	soldiars	672	0.008	1	1	6.895
373	weddings	679	0.009	1	1	6.878
374	frigida	681	0.009	1	1	6.878
375	Whoremonger	678	0.009	1	1	6.878
376	swaggering	689	0.009	1	1	6.861
377	Megara	694	0.009	1	1	6.845
378	varlets	709	0.009	1	1	6.828
379	Gardiners	703	0.009	1	1	6.828
380	adulterer	4237	0.053	6	5	6.828
381	7.9.	707	0.009	1	1	6.828
382	quaff	710	0.009	1	1	6.812
383	13.4.	741	0.009	1	1	6.764
384	Mantuan	734	0.009	1	1	6.764
385	malapert	737	0.009	1	1	6.764
386	Anacreon	740	0.009	1	1	6.764
387	Babylonian	2956	0.037	4	4	6.76
388	Grammarian	1485	0.019	2	2	6.756
389	ch'	750	0.009	1	1	6.733
390	hiring	760	0.01	1	1	6.718
391	scarlet	9179	0.114	12	11	6.713
392	victuallers	770	0.01	1	1	6.703
393	soothing	779	0.01	1	1	6.688
394	locust	774	0.01	1	1	6.688
395	Aul	785	0.01	1	1	6.673
396	dicing	785	0.01	1	1	6.673
397	brace	1591	0.02	2	2	6.658
398	Egregious	1584	0.02	2	2	6.658
399	Ione	804	0.01	1	1	6.644
400	Babel	9790	0.122	12	6	6.619
401	tyrannised	817	0.01	1	1	6.615
402	Questa	826	0.01	1	1	6.601
403	husb	1665	0.021	2	2	6.587
404	geld	842	0.011	1	1	6.573
405	kepeth	846	0.011	1	1	6.573
406	shelf	845	0.011	1	1	6.573
407	discoverers	846	0.011	1	1	6.573
408	mortgaged	851	0.011	1	1	6.56
409	sanctitatis	853	0.011	1	1	6.56
410	3.3.	1739	0.022	2	2	6.526
411	played	11334	0.141	13	12	6.524
412	sled	871	0.011	1	1	6.52
413	Paramour	878	0.011	1	1	6.52
414	hire	8785	0.11	10	9	6.513
415	Prouer.	888	0.011	1	1	6.493
416	cuckold	2667	0.033	3	3	6.493
417	Mol	891	0.011	1	1	6.493
418	insatiate	894	0.011	1	1	6.493
419	abjured	1792	0.022	2	2	6.487
420	whoremongers	1796	0.022	2	2	6.48
421	Iehoram	902	0.011	1	1	6.48
422	filthines	1803	0.023	2	2	6.474
423	surmounting	904	0.011	1	1	6.468
424	muttering	909	0.011	1	1	6.468
425	hunts	1820	0.023	2	2	6.461
426	Jester	911	0.011	1	1	6.455
427	Apoc	918	0.011	1	1	6.455
428	Cobblers	911	0.011	1	1	6.455
429	decking	927	0.012	1	1	6.43
430	Epitaphs	937	0.012	1	1	6.417
431	Babylonish	2911	0.036	3	3	6.369
432	Tamar	995	0.012	1	1	6.334
433	plaid	4003	0.05	4	4	6.325
434	Distaff	1002	0.013	1	1	6.322
435	Iudaea	2003	0.025	2	1	6.322
436	sits	23190	0.289	23	15	6.314
437	Flora	2078	0.026	2	2	6.271
438	Helen	2091	0.026	2	2	6.26
439	Russian	1061	0.013	1	1	6.243
440	laps	1058	0.013	1	1	6.243
441	scratch	2144	0.027	2	2	6.227
442	purple	18224	0.227	17	12	6.225
443	Carter	2182	0.027	2	2	6.2
444	ransack	1088	0.014	1	1	6.2
445	whores	5508	0.069	5	3	6.185
446	heinously	1105	0.014	1	1	6.179
447	Courtesan	1103	0.014	1	1	6.179
448	3.3	3339	0.042	3	2	6.172
449	Griffin	1114	0.014	1	1	6.169
450	Apologists	1113	0.014	1	1	6.169
451	Fairies	1122	0.014	1	1	6.158
452	cibo	1134	0.014	1	1	6.148
453	treasuries	1138	0.014	1	1	6.138
454	misshapen	1145	0.014	1	1	6.128
455	crabbed	1153	0.014	1	1	6.118
456	adulterous	3504	0.044	3	3	6.101
457	Dra	1172	0.015	1	1	6.098
458	Aston	1175	0.015	1	1	6.088
459	fir	1177	0.015	1	1	6.088
460	Russ	1192	0.015	1	1	6.069
461	cavilling	1191	0.015	1	1	6.069
462	Parasite	1198	0.015	1	1	6.069
463	FLA	1211	0.015	1	1	6.049
464	LEECH	1220	0.015	1	1	6.04
465	deuell	1230	0.015	1	1	6.03
466	bitch	1244	0.016	1	1	6.012
467	Senex	1244	0.016	1	1	6.012
468	quelle	1254	0.016	1	1	6.002
469	ight	2517	0.031	2	1	5.993
470	Anti-christ	1261	0.016	1	1	5.993
471	GROIN	1258	0.016	1	1	5.993
472	arrayed	3816	0.048	3	3	5.978
473	succeded	1277	0.016	1	1	5.975
474	discoverer	1292	0.016	1	1	5.957
475	hed	1292	0.016	1	1	5.957
476	desolate	12933	0.161	10	8	5.954
477	soundest	1298	0.016	1	1	5.948
478	civitas	1309	0.016	1	1	5.939
479	knaves	5254	0.066	4	3	5.932
480	Oyster	1314	0.016	1	1	5.93
481	Ethnic	1318	0.016	1	1	5.93
482	thriving	2636	0.033	2	2	5.926
483	envies	2650	0.033	2	2	5.921
484	Ambo	1335	0.017	1	1	5.913
485	imitates	1329	0.017	1	1	5.913
486	exemptions	1334	0.017	1	1	5.913
487	hackney	1328	0.017	1	1	5.913
488	Whats	2675	0.033	2	2	5.904
489	gorgeous	2688	0.034	2	2	5.9
490	forehead	12159	0.152	9	9	5.892
491	Taverns	2699	0.034	2	2	5.891
492	incontinence	1354	0.017	1	1	5.887
493	concubines	4078	0.051	3	3	5.884
494	Tush	2736	0.034	2	2	5.874
495	Littleton	2767	0.035	2	1	5.857
496	brags	2791	0.035	2	2	5.845
497	rogue	6990	0.087	5	4	5.841
498	Aethiopians	1407	0.018	1	1	5.837
499	ken	2811	0.035	2	2	5.837
500	selfe	1407	0.018	1	1	5.837
501	jugglers	1418	0.018	1	1	5.82
502	Lear	1424	0.018	1	1	5.812
503	dalliance	1431	0.018	1	1	5.812
504	LV	1444	0.018	1	1	5.796
505	Gentility	1448	0.018	1	1	5.788
506	complexions	2917	0.036	2	1	5.78
507	deceives	4413	0.055	3	3	5.769
508	credits	1472	0.018	1	1	5.764
509	transforming	1481	0.019	1	1	5.756
510	longo	1481	0.019	1	1	5.756
511	pene	1489	0.019	1	1	5.749
512	paltry	1506	0.019	1	1	5.733
513	inhabitant	3014	0.038	2	1	5.733
514	cudgel	1509	0.019	1	1	5.733
515	gamesters	1523	0.019	1	1	5.718
516	squires	1550	0.019	1	1	5.695
517	Huntingdon	1546	0.019	1	1	5.695
518	Palmerin	1557	0.019	1	1	5.688
519	Insula	1565	0.02	1	1	5.68
520	worshipper	1595	0.02	1	1	5.651
521	Rogero	1632	0.02	1	1	5.622
522	perjuries	1632	0.02	1	1	5.622
523	masked	1635	0.02	1	1	5.615
524	Chapt.	3271	0.041	2	1	5.615
525	Prou.	8310	0.104	5	5	5.593
526	riots	1679	0.021	1	1	5.58
527	strengths	1683	0.021	1	1	5.573
528	deceiving	5099	0.064	3	3	5.56
529	'hem	1711	0.021	1	1	5.553
530	multorum	1716	0.021	1	1	5.546
531	enticed	3439	0.043	2	2	5.543
532	drudgery	1722	0.022	1	1	5.54
533	impudent	12093	0.151	7	6	5.537
534	Angeli	1746	0.022	1	1	5.52
535	Hag	1766	0.022	1	1	5.506
536	Charon	1762	0.022	1	1	5.506
537	gentlewomen	3546	0.044	2	1	5.5
538	opprobrious	1778	0.022	1	1	5.493
539	bolder	1796	0.022	1	1	5.48
540	Minos	1795	0.022	1	1	5.48
541	thrift	1809	0.023	1	1	5.468
542	peerless	1823	0.023	1	1	5.461
543	Lechery	3660	0.046	2	2	5.455
544	harlot	9167	0.114	5	5	5.451
545	Cerberus	1833	0.023	1	1	5.449
546	Apoc.	11083	0.138	6	6	5.44
547	waxen	1850	0.023	1	1	5.436
548	tyrannise	1873	0.023	1	1	5.417
549	nel	1881	0.024	1	1	5.411
550	gull	1888	0.024	1	1	5.411
551	hoard	1895	0.024	1	1	5.405
552	surfeiting	1890	0.024	1	1	5.405
553	sociable	1895	0.024	1	1	5.405
554	hampton	1895	0.024	1	1	5.405
555	benumbed	1916	0.024	1	1	5.387
556	thief	23047	0.287	12	12	5.384
557	Badges	1924	0.024	1	1	5.381
558	Vermilion	1928	0.024	1	1	5.381
559	Lambeth	1928	0.024	1	1	5.381
560	Syon	1931	0.024	1	1	5.375
561	clip	1933	0.024	1	1	5.375
562	Dews	1939	0.024	1	1	5.369
563	flatters	1941	0.024	1	1	5.369
564	Vulcan	3887	0.049	2	1	5.366
565	l'	5856	0.073	3	1	5.361
566	Apocalypse	3947	0.049	2	1	5.345
567	bers	1984	0.025	1	1	5.339
568	whoredoms	1981	0.025	1	1	5.339
569	Bastards	3979	0.05	2	2	5.334
570	Sono	1988	0.025	1	1	5.334
571	dishonest	6002	0.075	3	3	5.326
572	fornication	14235	0.178	7	7	5.301
573	snuff	2050	0.026	1	1	5.288
574	Maiden	6187	0.077	3	3	5.282
575	wink	4136	0.052	2	2	5.276
576	dice	6226	0.078	3	3	5.273
577	Marcellinus	2075	0.026	1	1	5.271
578	players	4154	0.052	2	2	5.271
579	lure	2079	0.026	1	1	5.271
580	Revel	21061	0.263	10	7	5.251
581	sleeve	2112	0.026	1	1	5.249
582	detested	4228	0.053	2	2	5.246
583	entice	4278	0.053	2	2	5.23
584	Cloisters	2143	0.027	1	1	5.227
585	Sophia	2152	0.027	1	1	5.222
586	foil	4299	0.054	2	2	5.222
587	rides	4321	0.054	2	2	5.214
588	drunkard	6511	0.081	3	3	5.207
589	sci	2175	0.027	1	1	5.206
590	gallantly	2181	0.027	1	1	5.2
591	beseeming	2182	0.027	1	1	5.2
592	hate	65701	0.819	30	22	5.195
593	Bed-chamber	2195	0.027	1	1	5.19
594	Swan	4395	0.055	2	1	5.19
595	famished	2203	0.028	1	1	5.184
596	banqueting	2202	0.028	1	1	5.184
597	ith	4421	0.055	2	1	5.182
598	knave	8870	0.111	4	4	5.177
599	Epig.	2233	0.028	1	1	5.169
600	Apo.	2232	0.028	1	1	5.169
601	renounced	6702	0.084	3	3	5.165
602	rampant	2244	0.028	1	1	5.158
603	i'	2248	0.028	1	1	5.158
604	ide	2263	0.028	1	1	5.148
605	rife	2309	0.029	1	1	5.118
606	piss	2312	0.029	1	1	5.118
607	SATIRE	2307	0.029	1	1	5.118
608	Witch	9245	0.115	4	4	5.117
609	mocks	2314	0.029	1	1	5.113
610	laments	2326	0.029	1	1	5.108
611	annal	2322	0.029	1	1	5.108
612	Roan	2337	0.029	1	1	5.103
613	certo	2340	0.029	1	1	5.098
614	mercenary	4683	0.058	2	2	5.098
615	contends	2343	0.029	1	1	5.098
616	Grecian	9382	0.117	4	3	5.095
617	cancelled	2362	0.03	1	1	5.083
618	buys	2372	0.03	1	1	5.078
619	Dau	2388	0.03	1	1	5.069
620	mints	2393	0.03	1	1	5.069
621	Trim	4802	0.06	2	2	5.061
622	Hue	4842	0.06	2	1	5.049
623	stumbled	2431	0.03	1	1	5.045
624	wipe	7298	0.091	3	3	5.043
625	wallow	2438	0.03	1	1	5.04
626	Bachelor	2474	0.031	1	1	5.021
627	Conti	2476	0.031	1	1	5.016
628	Hound	2485	0.031	1	1	5.012
629	horned	2489	0.031	1	1	5.012
630	wedlock	5013	0.063	2	1	5
631	whoredom	7526	0.094	3	2	4.999
632	prostitute	2508	0.031	1	1	4.998
633	Lu	2514	0.031	1	1	4.998
634	videatur	2517	0.031	1	1	4.993
635	customers	2545	0.032	1	1	4.979
636	Ioane	2539	0.032	1	1	4.979
637	Ieremie	5090	0.064	2	2	4.977
638	Beast	81566	1.017	32	16	4.976
639	terminus	2577	0.032	1	1	4.961
640	dissolute	5161	0.064	2	2	4.957
641	enticing	2596	0.032	1	1	4.948
642	brazen	10407	0.13	4	2	4.946
643	Crocodile	2605	0.033	1	1	4.943
644	repelled	2629	0.033	1	1	4.93
645	exalting	2631	0.033	1	1	4.93
646	Dee	2650	0.033	1	1	4.921
647	display	5310	0.066	2	2	4.917
648	marred	2667	0.033	1	1	4.908
649	Parlour	2678	0.033	1	1	4.904
650	204	2681	0.033	1	1	4.904
651	railed	2685	0.034	1	1	4.9
652	wed	5405	0.067	2	2	4.891
653	amplified	2713	0.034	1	1	4.887
654	gangrene	2729	0.034	1	1	4.878
655	whoring	2742	0.034	1	1	4.87
656	troth	5489	0.068	2	2	4.87
657	Infamous	11020	0.137	4	4	4.864
658	matrons	2766	0.035	1	1	4.857
659	crew	8469	0.106	3	3	4.828
660	hounds	5657	0.071	2	2	4.826
661	Plymouth	2842	0.035	1	1	4.82
662	riotous	2846	0.036	1	1	4.816
663	performs	5696	0.071	2	1	4.816
664	hug	2849	0.036	1	1	4.816
665	Butcher	2859	0.036	1	1	4.812
666	Sergius	2869	0.036	1	1	4.804
667	abhorring	2902	0.036	1	1	4.788
668	recall	5820	0.073	2	1	4.784
669	tumbling	2926	0.037	1	1	4.776
670	Greke	2929	0.037	1	1	4.776
671	gauge	2936	0.037	1	1	4.772
672	las	2947	0.037	1	1	4.768
673	faced	2948	0.037	1	1	4.764
674	drunk	35533	0.443	12	10	4.76
675	drunken	11882	0.148	4	4	4.754
676	Crust	2975	0.037	1	1	4.752
677	bathing	2983	0.037	1	1	4.749
678	stakes	2993	0.037	1	1	4.745
679	Capt	8989	0.112	3	1	4.742
680	Ames	3008	0.038	1	1	4.737
681	ragged	3017	0.038	1	1	4.733
682	gaming	3021	0.038	1	1	4.729
683	181	3043	0.038	1	1	4.722
684	enchantments	3037	0.038	1	1	4.722
685	Coaches	3043	0.038	1	1	4.722
686	kneeled	3058	0.038	1	1	4.714
687	squire	6126	0.076	2	2	4.71
688	lash	3070	0.038	1	1	4.707
689	Proclaims	3074	0.038	1	1	4.707
690	laughs	3075	0.038	1	1	4.707
691	Armenians	3103	0.039	1	1	4.692
692	pollute	3138	0.039	1	1	4.677
693	Fugitive	3133	0.039	1	1	4.677
694	ast	3134	0.039	1	1	4.677
695	importune	3148	0.039	1	1	4.669
696	dregs	6317	0.079	2	2	4.666
697	lucky	3186	0.04	1	1	4.655
698	thieves	22285	0.278	7	4	4.655
699	unchaste	3200	0.04	1	1	4.647
700	unsatisfied	3210	0.04	1	1	4.644
701	Rams	3216	0.04	1	1	4.64
702	bewitched	6431	0.08	2	2	4.64
703	consume	19326	0.241	6	6	4.638
704	83.	3226	0.04	1	1	4.637
705	healths	3230	0.04	1	1	4.633
706	descry	3254	0.041	1	1	4.622
707	Albion	3266	0.041	1	1	4.619
708	174	3264	0.041	1	1	4.619
709	fewer	9844	0.123	3	2	4.612
710	attired	3308	0.041	1	1	4.601
711	winters	3340	0.042	1	1	4.587
712	Prodigality	3344	0.042	1	1	4.584
713	Mist	10075	0.126	3	1	4.578
714	Russell	3357	0.042	1	1	4.577
715	filthy	30299	0.378	9	9	4.574
716	strip	3365	0.042	1	1	4.573
717	divorced	3378	0.042	1	1	4.57
718	Cozen	3380	0.042	1	1	4.57
719	concubine	3397	0.042	1	1	4.56
720	graceless	3413	0.043	1	1	4.553
721	playing	10275	0.128	3	3	4.55
722	factors	3437	0.043	1	1	4.543
723	Henricus	3438	0.043	1	1	4.543
724	Communis	3459	0.043	1	1	4.536
725	swayed	3487	0.044	1	1	4.523
726	ditch	10469	0.131	3	3	4.523
727	extortion	3485	0.044	1	1	4.523
728	filthiness	10515	0.131	3	3	4.516
729	marry	38694	0.483	11	10	4.511
730	patet	3529	0.044	1	1	4.506
731	clients	3539	0.044	1	1	4.503
732	figured	7080	0.088	2	1	4.501
733	Hateful	10655	0.133	3	3	4.497
734	abominations	10678	0.133	3	3	4.494
735	Strains	3562	0.044	1	1	4.493
736	vne	3563	0.044	1	1	4.493
737	pulling	7151	0.089	2	2	4.487
738	boys	14311	0.178	4	4	4.487
739	described	42932	0.535	12	6	4.487
740	Insult	3586	0.045	1	1	4.484
741	maintains	7229	0.09	2	1	4.472
742	84.	3627	0.045	1	1	4.468
743	Idolatrous	14523	0.181	4	4	4.465
744	giddy	3649	0.046	1	1	4.458
745	tolerate	3668	0.046	1	1	4.452
746	impudently	3698	0.046	1	1	4.439
747	Calf	11111	0.139	3	3	4.437
748	hunting	14846	0.185	4	4	4.434
749	compares	7453	0.093	2	2	4.428
750	frost	7484	0.093	2	2	4.422
751	costly	11277	0.141	3	2	4.415
752	Mercer	3762	0.047	1	1	4.414
753	Helena	3775	0.047	1	1	4.408
754	PAP	3784	0.047	1	1	4.405
755	rascal	3785	0.047	1	1	4.405
756	swears	7600	0.095	2	2	4.399
757	VIT	7616	0.095	2	1	4.396
758	play	61168	0.763	16	14	4.391
759	tempts	3862	0.048	1	1	4.375
760	silks	3896	0.049	1	1	4.363
761	sells	3915	0.049	1	1	4.357
762	painted	23662	0.295	6	6	4.346
763	Inns	3946	0.049	1	1	4.345
764	Pluto	3953	0.049	1	1	4.342
765	incestuous	3954	0.049	1	1	4.342
766	rect	3967	0.05	1	1	4.336
767	woo	3978	0.05	1	1	4.334
768	Chalice	4028	0.05	1	1	4.316
769	reprehended	4037	0.05	1	1	4.313
770	puritan	4033	0.05	1	1	4.313
771	matchless	4042	0.05	1	1	4.31
772	descriptions	4060	0.051	1	1	4.305
773	marries	4061	0.051	1	1	4.305
774	purse	16277	0.203	4	4	4.3
775	suburbs	8156	0.102	2	1	4.298
776	dirty	4102	0.051	1	1	4.291
777	Ierem.	4126	0.051	1	1	4.282
778	fits	16510	0.206	4	4	4.28
779	Lustful	4133	0.052	1	1	4.279
780	riot	8272	0.103	2	2	4.278
781	Trojan	4173	0.052	1	1	4.265
782	savours	4180	0.052	1	1	4.263
783	pi	4201	0.052	1	1	4.254
784	wrestle	4215	0.053	1	1	4.249
785	reviled	4228	0.053	1	1	4.246
786	Qual	4234	0.053	1	1	4.243
787	adventured	4242	0.053	1	1	4.241
788	protesting	4251	0.053	1	1	4.238
789	Kin	17056	0.213	4	1	4.233
790	erst	4270	0.053	1	1	4.232
791	Hospital	8600	0.107	2	2	4.222
792	Sly	4313	0.054	1	1	4.216
793	prefers	4321	0.054	1	1	4.214
794	deck	4329	0.054	1	1	4.211
795	spends	4330	0.054	1	1	4.211
796	stale	4338	0.054	1	1	4.208
797	whenas	4341	0.054	1	1	4.208
798	buckler	4371	0.055	1	1	4.198
799	Sergeants	4379	0.055	1	1	4.195
800	cup	48330	0.603	11	9	4.19
801	whereinto	4395	0.055	1	1	4.19
802	plays	17593	0.219	4	4	4.188
803	anni	4404	0.055	1	1	4.187
804	tragical	4479	0.056	1	1	4.164
805	usurping	4491	0.056	1	1	4.158
806	discharging	4492	0.056	1	1	4.158
807	decked	4505	0.056	1	1	4.153
808	tormenting	4522	0.056	1	1	4.148
809	bewail	9117	0.114	2	2	4.137
810	revile	4565	0.057	1	1	4.135
811	op	4574	0.057	1	1	4.133
812	Rome	271183	3.381	59	33	4.125
813	effeminate	4666	0.058	1	1	4.103
814	Eclipsed	4703	0.059	1	1	4.093
815	embracing	9401	0.117	2	2	4.093
816	profaned	4710	0.059	1	1	4.09
817	hired	9416	0.117	2	2	4.09
818	Sixtus	4735	0.059	1	1	4.083
819	Lactantius	4730	0.059	1	1	4.083
820	dr	9464	0.118	2	2	4.083
821	dunghill	4743	0.059	1	1	4.081
822	sucked	4736	0.059	1	1	4.081
823	corrupting	4784	0.06	1	1	4.066
824	nakedness	9651	0.12	2	2	4.055
825	scurvy	4826	0.06	1	1	4.054
826	velvet	4856	0.061	1	1	4.047
827	masculine	4862	0.061	1	1	4.045
828	funerals	4870	0.061	1	1	4.042
829	nostrils	9776	0.122	2	2	4.036
830	17.	83120	1.036	17	11	4.036
831	deposition	4899	0.061	1	1	4.033
832	oppressors	4931	0.062	1	1	4.023
833	poisonous	4944	0.062	1	1	4.021
834	adultery	24714	0.308	5	5	4.02
835	circa	9894	0.123	2	1	4.019
836	Luc	4952	0.062	1	1	4.019
837	passengers	4981	0.062	1	1	4.009
838	rogues	5001	0.062	1	1	4.002
839	detected	5017	0.063	1	1	3.998
840	abandon	10068	0.126	2	2	3.994
841	Antichrist	50530	0.63	10	8	3.989
842	160	5050	0.063	1	1	3.989
843	plagued	5100	0.064	1	1	3.975
844	Romes	5130	0.064	1	1	3.966
845	adulterers	5137	0.064	1	1	3.964
846	coloured	10332	0.129	2	2	3.957
847	significant	5185	0.065	1	1	3.952
848	linked	5190	0.065	1	1	3.95
849	lovingly	5212	0.065	1	1	3.943
850	defy	5226	0.065	1	1	3.939
851	finest	5244	0.065	1	1	3.935
852	strangled	5256	0.066	1	1	3.932
853	strives	5260	0.066	1	1	3.93
854	purer	5259	0.066	1	1	3.93
855	familiarly	5276	0.066	1	1	3.926
856	entreaty	5321	0.066	1	1	3.915
857	beautified	5350	0.067	1	1	3.906
858	detestable	10704	0.134	2	2	3.905
859	gallants	5377	0.067	1	1	3.9
860	tolerated	5375	0.067	1	1	3.9
861	hawks	5379	0.067	1	1	3.898
862	widow	21540	0.269	4	4	3.896
863	partially	5392	0.067	1	1	3.895
864	robes	10833	0.135	2	1	3.888
865	darling	5419	0.068	1	1	3.887
866	calais	10880	0.136	2	2	3.882
867	occupy	5453	0.068	1	1	3.878
868	tolerable	10937	0.136	2	2	3.874
869	ds	5503	0.069	1	1	3.866
870	't	11120	0.139	2	2	3.85
871	formality	5567	0.069	1	1	3.849
872	furies	5605	0.07	1	1	3.839
873	throats	5620	0.07	1	1	3.834
874	Nuns	5658	0.071	1	1	3.826
875	murderers	11345	0.142	2	2	3.821
876	Mer	5689	0.071	1	1	3.818
877	Rev.	51328	0.64	9	4	3.814
878	vassals	5714	0.071	1	1	3.812
879	blasphemous	11428	0.143	2	1	3.811
880	maist	17147	0.214	3	2	3.811
881	presuming	5718	0.071	1	1	3.81
882	Abominable	22990	0.287	4	4	3.802
883	committing	11606	0.145	2	2	3.789
884	proudly	5842	0.073	1	1	3.78
885	XXVII	5851	0.073	1	1	3.776
886	FA	11810	0.147	2	1	3.763
887	veil	11849	0.148	2	1	3.759
888	frighted	5925	0.074	1	1	3.758
889	filth	11883	0.148	2	2	3.754
890	Hark	5947	0.074	1	1	3.752
891	Puritans	5981	0.075	1	1	3.745
892	Ware	12046	0.15	2	2	3.735
893	hunt	12065	0.15	2	2	3.733
894	deem	6043	0.075	1	1	3.731
895	MON	18249	0.228	3	1	3.721
896	stink	6090	0.076	1	1	3.72
897	Exeunt	12174	0.152	2	2	3.72
898	infect	6100	0.076	1	1	3.716
899	tempting	6108	0.076	1	1	3.714
900	youthful	6171	0.077	1	1	3.701
901	Hierarchy	6183	0.077	1	1	3.697
902	desolation	12402	0.155	2	2	3.693
903	contrive	6209	0.077	1	1	3.692
904	prostrate	6239	0.078	1	1	3.684
905	suggestions	6262	0.078	1	1	3.679
906	sowed	6293	0.079	1	1	3.671
907	therewithal	6336	0.079	1	1	3.662
908	wives	57399	0.716	9	9	3.652
909	Friar	12819	0.16	2	1	3.646
910	damnation	32064	0.4	5	3	3.645
911	sway	12829	0.16	2	1	3.644
912	Comedy	6476	0.081	1	1	3.631
913	swine	12952	0.162	2	1	3.63
914	Exit	19436	0.242	3	3	3.63
915	students	6548	0.082	1	1	3.615
916	syllable	6553	0.082	1	1	3.614
917	blush	13133	0.164	2	2	3.61
918	ink	6606	0.082	1	1	3.601
919	greedy	13232	0.165	2	2	3.599
920	detestation	6614	0.083	1	1	3.599
921	dispense	13245	0.165	2	2	3.599
922	fiftly	6621	0.083	1	1	3.598
923	repenting	6657	0.083	1	1	3.591
924	stealing	6657	0.083	1	1	3.591
925	whipped	6660	0.083	1	1	3.591
926	Englishmen	6677	0.083	1	1	3.586
927	wears	6709	0.084	1	1	3.579
928	striking	6712	0.084	1	1	3.579
929	lovers	26913	0.336	4	4	3.575
930	Phoebus	6740	0.084	1	1	3.573
931	wanton	20242	0.252	3	3	3.571
932	attendants	6755	0.084	1	1	3.57
933	forlorn	6805	0.085	1	1	3.56
934	Dragons	6883	0.086	1	1	3.543
935	tha	6903	0.086	1	1	3.538
936	openly	41440	0.517	6	4	3.538
937	Boy	27639	0.345	4	3	3.537
938	Proverbs	6913	0.086	1	1	3.536
939	liberally	6929	0.086	1	1	3.533
940	57.	6936	0.087	1	1	3.531
941	qu'il	6952	0.087	1	1	3.528
942	Emblem	6983	0.087	1	1	3.521
943	rival	7012	0.087	1	1	3.516
944	drunkards	7021	0.088	1	1	3.515
945	peculiarly	7015	0.088	1	1	3.515
946	fist	7028	0.088	1	1	3.513
947	Heathenish	7043	0.088	1	1	3.51
948	oftener	7075	0.088	1	1	3.503
949	Ha	28655	0.357	4	2	3.485
950	augment	7169	0.089	1	1	3.484
951	Commentary	7188	0.09	1	1	3.48
952	inflict	7264	0.091	1	1	3.464
953	Neptune	7330	0.091	1	1	3.452
954	laity	7349	0.092	1	1	3.449
955	Commune	7351	0.092	1	1	3.447
956	shameful	14747	0.184	2	2	3.443
957	Goat	7386	0.092	1	1	3.441
958	entangled	7389	0.092	1	1	3.441
959	Mars	22203	0.277	3	3	3.438
960	wife	214853	2.679	29	18	3.436
961	scorned	7420	0.093	1	1	3.434
962	ducats	7478	0.093	1	1	3.424
963	virginity	7524	0.094	1	1	3.414
964	becometh	7573	0.094	1	1	3.405
965	authorized	7582	0.095	1	1	3.404
966	staying	7629	0.095	1	1	3.394
967	arrogance	7646	0.095	1	1	3.391
968	unusual	7667	0.096	1	1	3.387
969	murdering	7679	0.096	1	1	3.385
970	painting	7700	0.096	1	1	3.381
971	withered	7711	0.096	1	1	3.379
972	Jer	23150	0.289	3	3	3.378
973	odious	23239	0.29	3	3	3.372
974	husbands	30992	0.386	4	4	3.372
975	tear	15500	0.193	2	2	3.371
976	recreation	7766	0.097	1	1	3.369
977	stripped	7820	0.098	1	1	3.358
978	Band	15714	0.196	2	1	3.352
979	reigns	15787	0.197	2	2	3.345
980	nu	7900	0.099	1	1	3.344
981	Aeneas	7910	0.099	1	1	3.342
982	joins	7933	0.099	1	1	3.338
983	woman	183598	2.289	23	21	3.329
984	Daughters	40010	0.499	5	5	3.325
985	keeps	40024	0.499	5	4	3.325
986	pick	8026	0.1	1	1	3.32
987	Hostess	8115	0.101	1	1	3.305
988	Baal	8157	0.102	1	1	3.298
989	55.	8173	0.102	1	1	3.295
990	silly	16358	0.204	2	2	3.293
991	penny	16458	0.205	2	2	3.285
992	Alex	8301	0.104	1	1	3.272
993	curiously	8315	0.104	1	1	3.27
994	ugly	8331	0.104	1	1	3.267
995	strings	8377	0.104	1	1	3.26
996	impediment	8393	0.105	1	1	3.257
997	Revelation	41988	0.524	5	5	3.256
998	clad	8414	0.105	1	1	3.253
999	Mistress	42310	0.528	5	5	3.245
1000	sports	8466	0.106	1	1	3.243
1001	termed	25438	0.317	3	3	3.241
1002	dross	8493	0.106	1	1	3.239
1003	seat	51212	0.639	6	5	3.232
1004	aboard	8546	0.107	1	1	3.23
1005	rent	42785	0.534	5	3	3.228
1006	Ram	8617	0.107	1	1	3.219
1007	lots	8708	0.109	1	1	3.203
1008	kiss	26340	0.328	3	2	3.191
1009	damnable	17583	0.219	2	2	3.19
1010	unexpected	8797	0.11	1	1	3.188
1011	plains	8832	0.11	1	1	3.183
1012	magnificence	8848	0.11	1	1	3.18
1013	grain	17694	0.221	2	2	3.18
1014	habit	35431	0.442	4	4	3.179
1015	expounds	8875	0.111	1	1	3.175
1016	famous	88824	1.108	10	6	3.175
1017	steed	8886	0.111	1	1	3.174
1018	steal	17906	0.223	2	2	3.163
1019	paint	8989	0.112	1	1	3.157
1020	fashions	9013	0.112	1	1	3.153
1021	Dragon	18054	0.225	2	2	3.151
1022	powered	9056	0.113	1	1	3.147
1023	hie	9054	0.113	1	1	3.147
1024	enters	18257	0.228	2	2	3.135
1025	leading	18263	0.228	2	2	3.135
1026	crossed	9149	0.114	1	1	3.132
1027	drown	9177	0.114	1	1	3.128
1028	proud	73660	0.918	8	7	3.123
1029	quoth	36867	0.46	4	3	3.121
1030	overthrow	36900	0.46	4	3	3.12
1031	diminished	9251	0.115	1	1	3.117
1032	likelihood	9249	0.115	1	1	3.117
1033	Waters	83222	1.038	9	8	3.117
1034	conversant	9246	0.115	1	1	3.117
1035	bearing	37031	0.462	4	1	3.115
1036	naked	46459	0.579	5	5	3.11
1037	stays	9340	0.117	1	1	3.102
1038	tricks	9354	0.117	1	1	3.1
1039	richly	9389	0.117	1	1	3.094
1040	Hist.	18785	0.234	2	2	3.094
1041	closely	9419	0.117	1	1	3.09
1042	Benefices	9458	0.118	1	1	3.084
1043	disposing	9453	0.118	1	1	3.084
1044	Tobacco	9488	0.118	1	1	3.079
1045	married	66560	0.83	7	6	3.076
1046	Countess	9549	0.119	1	1	3.07
1047	price	57392	0.716	6	5	3.068
1048	abhor	19419	0.242	2	2	3.046
1049	Hills	29127	0.363	3	3	3.046
1050	censured	9756	0.122	1	1	3.04
1051	flattering	9757	0.122	1	1	3.039
1052	feeds	9833	0.123	1	1	3.028
1053	furniture	9851	0.123	1	1	3.026
1054	whereon	19704	0.246	2	2	3.025
1055	fo	9885	0.123	1	1	3.02
1056	Lawyer	9909	0.124	1	1	3.016
1057	Snow	19897	0.248	2	2	3.011
1058	permit	29877	0.373	3	2	3.01
1059	servile	9971	0.124	1	1	3.008
1060	Excepting	9977	0.124	1	1	3.007
1061	Sack	10141	0.126	1	1	2.984
1062	burn	40670	0.507	4	4	2.98
1063	permitted	30542	0.381	3	1	2.978
1064	disobedient	10184	0.127	1	1	2.977
1065	unclean	30723	0.383	3	3	2.969
1066	glories	10254	0.128	1	1	2.967
1067	agreeing	10294	0.128	1	1	2.961
1068	fool	41266	0.515	4	4	2.959
1069	seduced	10324	0.129	1	1	2.958
1070	discovering	10322	0.129	1	1	2.958
1071	chaste	20646	0.257	2	2	2.958
1072	match	20690	0.258	2	1	2.955
1073	lusty	10354	0.129	1	1	2.953
1074	fond	20744	0.259	2	2	2.951
1075	Synagogue	10391	0.13	1	1	2.948
1076	condemnation	31282	0.39	3	3	2.943
1077	fetched	10432	0.13	1	1	2.942
1078	forsake	52263	0.652	5	5	2.94
1079	yearly	31375	0.391	3	2	2.939
1080	parson	10471	0.131	1	1	2.937
1081	honest	83801	1.045	8	8	2.937
1082	asks	10519	0.131	1	1	2.93
1083	abused	31590	0.394	3	3	2.929
1084	breeds	10535	0.131	1	1	2.928
1085	68	10551	0.132	1	1	2.926
1086	husband	105631	1.317	10	10	2.925
1087	slave	21201	0.264	2	2	2.92
1088	granting	10607	0.132	1	1	2.918
1089	Politic	21242	0.265	2	2	2.916
1090	dost	31931	0.398	3	3	2.914
1091	facto	10681	0.133	1	1	2.908
1092	spent	53460	0.667	5	5	2.907
1093	description	42949	0.536	4	4	2.901
1094	numbered	10774	0.134	1	1	2.896
1095	deep	75511	0.942	7	7	2.894
1096	obstinacy	10790	0.135	1	1	2.894
1097	win	32483	0.405	3	3	2.889
1098	Roman	141472	1.764	13	11	2.882
1099	pox	10902	0.136	1	1	2.879
1100	women	152987	1.908	14	12	2.876
1101	expenses	10928	0.136	1	1	2.875
1102	parcel	10999	0.137	1	1	2.867
1103	65	11021	0.137	1	1	2.864
1104	horns	22193	0.277	2	2	2.854
1105	notorious	22363	0.279	2	2	2.843
1106	flourished	11210	0.14	1	1	2.839
1107	witty	11290	0.141	1	1	2.828
1108	spouse	22595	0.282	2	2	2.828
1109	ed	11308	0.141	1	1	2.826
1110	protestation	11307	0.141	1	1	2.826
1111	dim	11370	0.142	1	1	2.818
1112	advanced	34128	0.426	3	3	2.818
1113	afflict	11385	0.142	1	1	2.816
1114	damned	34243	0.427	3	3	2.813
1115	prodigal	11427	0.143	1	1	2.811
1116	corners	11488	0.143	1	1	2.804
1117	prima	11491	0.143	1	1	2.803
1118	hearken	23019	0.287	2	1	2.801
1119	keep	313074	3.904	27	15	2.79
1120	twelfth	11669	0.146	1	1	2.781
1121	Bees	11695	0.146	1	1	2.778
1122	abomination	11757	0.147	1	1	2.77
1123	sitting	35270	0.44	3	3	2.77
1124	usurped	11791	0.147	1	1	2.766
1125	bleeding	11828	0.148	1	1	2.761
1126	eke	11837	0.148	1	1	2.76
1127	hears	23785	0.297	2	2	2.753
1128	maids	11895	0.148	1	1	2.753
1129	XVIII	11914	0.149	1	1	2.75
1130	loud	23920	0.298	2	2	2.745
1131	Bride	12056	0.15	1	1	2.734
1132	alliance	12060	0.15	1	1	2.733
1133	pleaseth	24152	0.301	2	1	2.732
1134	compel	12119	0.151	1	1	2.726
1135	advance	36366	0.453	3	3	2.726
1136	Iudah	12172	0.152	1	1	2.72
1137	amorous	12171	0.152	1	1	2.72
1138	discontent	12204	0.152	1	1	2.716
1139	Subtle	36810	0.459	3	1	2.708
1140	bastard	12394	0.155	1	1	2.694
1141	gray	12411	0.155	1	1	2.692
1142	poisoned	12446	0.155	1	1	2.688
1143	golden	49785	0.621	4	3	2.688
1144	potent	12467	0.155	1	1	2.686
1145	worn	12479	0.156	1	1	2.684
1146	murderer	12581	0.157	1	1	2.672
1147	slander	12613	0.157	1	1	2.668
1148	Israell	12654	0.158	1	1	2.664
1149	Troy	12678	0.158	1	1	2.661
1150	discovered	63467	0.791	5	5	2.66
1151	blinded	12718	0.159	1	1	2.657
1152	lamentable	12732	0.159	1	1	2.655
1153	destruction	89423	1.115	7	4	2.65
1154	attendance	12777	0.159	1	1	2.65
1155	lodge	12832	0.16	1	1	2.644
1156	sister	51618	0.644	4	4	2.636
1157	Traffic	12930	0.161	1	1	2.633
1158	hide	38812	0.484	3	3	2.632
1159	51	25891	0.323	2	1	2.631
1160	agent	12951	0.162	1	1	2.63
1161	forsooth	12960	0.162	1	1	2.63
1162	raging	13043	0.163	1	1	2.621
1163	Lover	26112	0.326	2	2	2.619
1164	80	13074	0.163	1	1	2.617
1165	minus	13087	0.163	1	1	2.615
1166	maintain	78757	0.982	6	6	2.611
1167	Hosts	13174	0.164	1	1	2.606
1168	territories	13207	0.165	1	1	2.602
1169	Lev	13206	0.165	1	1	2.602
1170	departing	13235	0.165	1	1	2.599
1171	Dame	13246	0.165	1	1	2.598
1172	bloody	53730	0.67	4	2	2.578
1173	despite	13448	0.168	1	1	2.576
1174	Venus	26929	0.336	2	2	2.574
1175	manifestation	13497	0.168	1	1	2.571
1176	coals	13558	0.169	1	1	2.564
1177	Protector	13587	0.169	1	1	2.561
1178	doctrines	40858	0.509	3	3	2.558
1179	Chase	13640	0.17	1	1	2.556
1180	spoils	13640	0.17	1	1	2.556
1181	evidently	27408	0.342	2	1	2.549
1182	lust	54865	0.684	4	4	2.548
1183	harbour	13726	0.171	1	1	2.547
1184	dares	13753	0.172	1	1	2.544
1185	sung	13767	0.172	1	1	2.542
1186	Antichristian	13777	0.172	1	1	2.541
1187	her	1811491	22.587	131	79	2.536
1188	Gal	55443	0.691	4	2	2.533
1189	morrow	27739	0.346	2	1	2.532
1190	handful	13872	0.173	1	1	2.531
1191	wisest	14043	0.175	1	1	2.514
1192	wolves	14045	0.175	1	1	2.514
1193	Wholesome	28319	0.353	2	2	2.502
1194	subtlety	14163	0.177	1	1	2.501
1195	parable	14171	0.177	1	1	2.501
1196	cunning	28670	0.358	2	2	2.484
1197	supposes	14355	0.179	1	1	2.482
1198	Tomb	14393	0.18	1	1	2.478
1199	assemblies	28871	0.36	2	2	2.474
1200	foul	43393	0.541	3	3	2.471
1201	Ah	29075	0.363	2	2	2.464
1202	ipso	14545	0.181	1	1	2.463
1203	bay	14718	0.184	1	1	2.446
1204	fairest	14727	0.184	1	1	2.445
1205	excused	14733	0.184	1	1	2.445
1206	Con	14750	0.184	1	1	2.443
1207	Devils	59091	0.737	4	3	2.441
1208	Israel	162651	2.028	11	9	2.439
1209	Covetousness	29703	0.37	2	2	2.433
1210	publicly	29824	0.372	2	2	2.427
1211	fervent	14967	0.187	1	1	2.422
1212	Indian	14985	0.187	1	1	2.42
1213	merry	30040	0.375	2	1	2.417
1214	mother	150593	1.878	10	9	2.413
1215	Lightly	15080	0.188	1	1	2.411
1216	game	15105	0.188	1	1	2.409
1217	feathers	15142	0.189	1	1	2.405
1218	loco	15190	0.189	1	1	2.4
1219	condemned	91164	1.137	6	6	2.4
1220	loves	76043	0.948	5	4	2.399
1221	foe	15213	0.19	1	1	2.398
1222	unnatural	15260	0.19	1	1	2.394
1223	muse	15327	0.191	1	1	2.388
1224	argues	15381	0.192	1	1	2.382
1225	base	61654	0.769	4	4	2.38
1226	dog	30988	0.386	2	2	2.372
1227	represent	31012	0.387	2	1	2.371
1228	58	15554	0.194	1	1	2.367
1229	expound	15629	0.195	1	1	2.359
1230	beautiful	31363	0.391	2	2	2.354
1231	judgment	235552	2.937	15	10	2.353
1232	deserts	15722	0.196	1	1	2.351
1233	she	1006738	12.553	64	48	2.35
1234	eats	15783	0.197	1	1	2.345
1235	'll	158479	1.976	10	8	2.339
1236	penitent	15876	0.198	1	1	2.336
1237	lewd	15983	0.199	1	1	2.327
1238	cries	32046	0.4	2	2	2.323
1239	're	16048	0.2	1	1	2.321
1240	dogs	32101	0.4	2	2	2.321
1241	Deuteronomy	64271	0.801	4	4	2.319
1242	fitly	16083	0.201	1	1	2.318
1243	meanest	16212	0.202	1	1	2.307
1244	deaths	16238	0.203	1	1	2.304
1245	proclaimed	16275	0.203	1	1	2.301
1246	hereunto	16278	0.203	1	1	2.3
1247	Sheriff	16356	0.204	1	1	2.294
1248	sale	16370	0.204	1	1	2.293
1249	female	16395	0.204	1	1	2.291
1250	Bar	32896	0.41	2	1	2.286
1251	hatred	49444	0.617	3	3	2.283
1252	impious	16500	0.206	1	1	2.281
1253	quarrel	32992	0.411	2	2	2.281
1254	peoples	33008	0.412	2	2	2.281
1255	destroyed	66138	0.825	4	1	2.278
1256	maid	33079	0.413	2	2	2.278
1257	iniquities	16575	0.207	1	1	2.274
1258	causing	16632	0.207	1	1	2.27
1259	marks	33471	0.417	2	1	2.261
1260	col	16743	0.209	1	1	2.26
1261	foretold	16838	0.21	1	1	2.252
1262	treasure	50519	0.63	3	3	2.252
1263	offenders	16839	0.21	1	1	2.252
1264	renew	16858	0.21	1	1	2.25
1265	ma	16855	0.21	1	1	2.25
1266	complained	16882	0.211	1	1	2.248
1267	Fly	84799	1.057	5	5	2.242
1268	admired	17008	0.212	1	1	2.237
1269	cleared	17054	0.213	1	1	2.234
1270	Infidels	17053	0.213	1	1	2.234
1271	visit	34153	0.426	2	2	2.232
1272	studies	17122	0.214	1	1	2.228
1273	ornaments	17222	0.215	1	1	2.22
1274	discerned	17249	0.215	1	1	2.217
1275	become	172873	2.156	10	8	2.214
1276	stuff	17295	0.216	1	1	2.214
1277	infected	17325	0.216	1	1	2.211
1278	scorn	34703	0.433	2	2	2.209
1279	deceitful	17392	0.217	1	1	2.205
1280	Accursed	17442	0.218	1	1	2.201
1281	bands	17458	0.218	1	1	2.2
1282	regiment	17461	0.218	1	1	2.2
1283	trusted	17518	0.218	1	1	2.195
1284	esteemed	52613	0.656	3	3	2.193
1285	arising	17551	0.219	1	1	2.192
1286	Gall	17567	0.219	1	1	2.191
1287	Apostasy	17588	0.219	1	1	2.189
1288	laying	35626	0.444	2	2	2.171
1289	pillars	17842	0.223	1	1	2.168
1290	Catholics	17885	0.223	1	1	2.165
1291	stage	17895	0.223	1	1	2.164
1292	meddle	17894	0.223	1	1	2.164
1293	type	17907	0.223	1	1	2.163
1294	smooth	17906	0.223	1	1	2.163
1295	Esa	17912	0.223	1	1	2.163
1296	captains	35824	0.447	2	1	2.163
1297	sport	17952	0.224	1	1	2.16
1298	betrayed	18001	0.224	1	1	2.156
1299	trade	71989	0.898	4	3	2.156
1300	virgin	54072	0.674	3	3	2.154
1301	bears	54088	0.674	3	3	2.153
1302	celebrated	18043	0.225	1	1	2.152
1303	Luther	36123	0.45	2	2	2.151
1304	corrupted	36122	0.45	2	2	2.151
1305	defiled	18090	0.226	1	1	2.148
1306	comprehended	18167	0.227	1	1	2.142
1307	marked	18201	0.227	1	1	2.14
1308	Clerk	18200	0.227	1	1	2.14
1309	stately	18235	0.227	1	1	2.137
1310	drunkenness	18268	0.228	1	1	2.134
1311	redeem	18342	0.229	1	1	2.128
1312	monarch	18420	0.23	1	1	2.122
1313	modest	18444	0.23	1	1	2.12
1314	minor	18443	0.23	1	1	2.12
1315	room	55576	0.693	3	2	2.114
1316	lets	18569	0.232	1	1	2.111
1317	sometime	55884	0.697	3	3	2.106
1318	lodging	18632	0.232	1	1	2.106
1319	Captive	18662	0.233	1	1	2.103
1320	lie	168129	2.096	9	8	2.102
1321	hell	149518	1.864	8	6	2.101
1322	judged	56237	0.701	3	3	2.097
1323	judging	18760	0.234	1	1	2.096
1324	flat	18766	0.234	1	1	2.095
1325	plagues	18774	0.234	1	1	2.095
1326	sit	131502	1.64	7	4	2.094
1327	shame	94222	1.175	5	5	2.09
1328	commodity	18888	0.236	1	1	2.086
1329	adorned	18908	0.236	1	1	2.084
1330	vile	37856	0.472	2	2	2.083
1331	Italian	18997	0.237	1	1	2.078
1332	brave	38044	0.474	2	2	2.076
1333	overthrown	19023	0.237	1	1	2.076
1334	stranger	38063	0.475	2	2	2.075
1335	tempest	19049	0.238	1	1	2.074
1336	humbled	19062	0.238	1	1	2.073
1337	touch	57247	0.714	3	3	2.071
1338	imitation	19146	0.239	1	1	2.067
1339	reprove	19294	0.241	1	1	2.055
1340	impiety	19301	0.241	1	1	2.055
1341	worse	96916	1.208	5	5	2.049
1342	qualities	38805	0.484	2	2	2.048
1343	mingled	19412	0.242	1	1	2.047
1344	Tertullian	19440	0.242	1	1	2.045
1345	forbidden	38907	0.485	2	1	2.044
1346	del	19504	0.243	1	1	2.04
1347	intelligence	19523	0.243	1	1	2.039
1348	habitation	19587	0.244	1	1	2.034
1349	paid	58812	0.733	3	3	2.032
1350	embraced	19758	0.246	1	1	2.021
1351	jealous	19806	0.247	1	1	2.017
1352	wool	19852	0.248	1	1	2.014
1353	23.	59639	0.744	3	3	2.012
1354	simplicity	20072	0.25	1	1	1.998
1355	careless	20099	0.251	1	1	1.997
1356	drink	140890	1.757	7	7	1.994
1357	constable	20148	0.251	1	1	1.993
1358	Lent	20167	0.252	1	1	1.991
1359	counterfeit	20191	0.252	1	1	1.99
1360	fain	40564	0.506	2	2	1.983
1361	excellency	60896	0.759	3	2	1.982
1362	nere	20350	0.254	1	1	1.979
1363	common	346098	4.315	17	16	1.978
1364	converted	40728	0.508	2	2	1.978
1365	vp	20410	0.255	1	1	1.974
1366	notable	40823	0.509	2	1	1.974
1367	"	41388	0.516	2	1	1.954
1368	tribute	20800	0.259	1	1	1.947
1369	swearing	20821	0.26	1	1	1.946
1370	rot	20942	0.261	1	1	1.937
1371	foes	20990	0.262	1	1	1.934
1372	spoken	147126	1.835	7	7	1.932
1373	Es	21017	0.262	1	1	1.932
1374	seated	21058	0.263	1	1	1.929
1375	great	1790493	22.325	85	36	1.929
1376	corrupt	63197	0.788	3	3	1.929
1377	unprofitable	21130	0.264	1	1	1.924
1378	mystical	21135	0.264	1	1	1.924
1379	Bellarmine	21215	0.265	1	1	1.919
1380	precious	85205	1.062	4	4	1.913
1381	Proverb	21331	0.266	1	1	1.911
1382	Tale	21357	0.266	1	1	1.909
1383	young	171502	2.138	8	7	1.903
1384	train	21461	0.268	1	1	1.902
1385	encourage	21511	0.268	1	1	1.899
1386	Wales	21702	0.271	1	1	1.886
1387	fidelity	21748	0.271	1	1	1.883
1388	compared	43800	0.546	2	1	1.873
1389	Laugh	21938	0.274	1	1	1.87
1390	Stile	21951	0.274	1	1	1.869
1391	jealousy	21960	0.274	1	1	1.869
1392	Chair	21959	0.274	1	1	1.869
1393	turned	109846	1.37	5	3	1.868
1394	tempted	22002	0.274	1	1	1.866
1395	Irish	22076	0.275	1	1	1.861
1396	knees	22165	0.276	1	1	1.855
1397	scope	22219	0.277	1	1	1.852
1398	virgins	22219	0.277	1	1	1.852
1399	got	88984	1.11	4	4	1.85
1400	reputation	44574	0.556	2	2	1.847
1401	17	133873	1.669	6	5	1.846
1402	Yes	44644	0.557	2	2	1.845
1403	il	44690	0.557	2	1	1.844
1404	secrets	22386	0.279	1	1	1.841
1405	di	44811	0.559	2	1	1.84
1406	eggs	22433	0.28	1	1	1.838
1407	ruled	22509	0.281	1	1	1.833
1408	kept	180349	2.249	8	6	1.831
1409	Idol	22562	0.281	1	1	1.83
1410	weeping	22605	0.282	1	1	1.827
1411	boldness	22766	0.284	1	1	1.817
1412	settled	45575	0.568	2	2	1.815
1413	similitude	22791	0.284	1	1	1.815
1414	Throne	68392	0.853	3	2	1.815
1415	indignation	22811	0.284	1	1	1.814
1416	prosper	22839	0.285	1	1	1.812
1417	admire	22861	0.285	1	1	1.811
1418	shadow	45786	0.571	2	2	1.809
1419	grown	45966	0.573	2	2	1.803
1420	appeared	69228	0.863	3	3	1.797
1421	friend	138523	1.727	6	5	1.797
1422	urged	23145	0.289	1	1	1.793
1423	obeyed	23197	0.289	1	1	1.79
1424	vice	46611	0.581	2	2	1.783
1425	showing	46685	0.582	2	2	1.781
1426	minded	23388	0.292	1	1	1.778
1427	Thrown	23518	0.293	1	1	1.77
1428	merchant	23511	0.293	1	1	1.77
1429	judgements	47124	0.588	2	2	1.767
1430	Cyprian	23570	0.294	1	1	1.767
1431	dwell	70987	0.885	3	2	1.761
1432	thinks	71088	0.886	3	3	1.759
1433	dance	23697	0.296	1	1	1.759
1434	entering	23761	0.296	1	1	1.755
1435	Jew	23762	0.296	1	1	1.755
1436	Shake	24043	0.3	1	1	1.738
1437	warrant	48147	0.6	2	2	1.736
1438	boast	24120	0.301	1	1	1.734
1439	lies	96467	1.203	4	4	1.734
1440	earnest	48238	0.602	2	2	1.733
1441	ante	24167	0.301	1	1	1.731
1442	worst	48340	0.603	2	2	1.73
1443	farewell	24180	0.302	1	1	1.73
1444	whiles	24191	0.302	1	1	1.729
1445	Fox	24216	0.302	1	1	1.728
1446	decreed	24249	0.302	1	1	1.725
1447	clock	24334	0.303	1	1	1.721
1448	pull	24362	0.304	1	1	1.719
1449	seeks	24462	0.305	1	1	1.713
1450	became	73544	0.917	3	3	1.71
1451	mourning	24529	0.306	1	1	1.709
1452	histories	24576	0.306	1	1	1.707
1453	complaint	24586	0.307	1	1	1.706
1454	garment	24609	0.307	1	1	1.705
1455	fetch	24696	0.308	1	1	1.699
1456	woods	24782	0.309	1	1	1.694
1457	Angel	74694	0.931	3	1	1.688
1458	imperfect	24941	0.311	1	1	1.685
1459	companions	24999	0.312	1	1	1.682
1460	dwells	25035	0.312	1	1	1.679
1461	burnt	50113	0.625	2	2	1.679
1462	masters	75576	0.942	3	3	1.671
1463	secretly	25285	0.315	1	1	1.665
1464	properties	25319	0.316	1	1	1.663
1465	putting	50647	0.632	2	2	1.663
1466	marvel	25347	0.316	1	1	1.662
1467	smell	25352	0.316	1	1	1.662
1468	consecrated	25356	0.316	1	1	1.661
1469	Hated	25471	0.318	1	1	1.655
1470	covetous	25513	0.318	1	1	1.652
1471	?	2527462	31.514	99	54	1.651
1472	sex	25550	0.319	1	1	1.65
1473	a	14471665	180.442	566	181	1.649
1474	commit	51155	0.638	2	2	1.649
1475	prophecy	51210	0.639	2	2	1.647
1476	fellow	51208	0.639	2	2	1.647
1477	clothed	25607	0.319	1	1	1.647
1478	commandments	51345	0.64	2	2	1.643
1479	convinced	25766	0.321	1	1	1.638
1480	signification	25765	0.321	1	1	1.638
1481	Philosopher	25888	0.323	1	1	1.631
1482	suspected	25911	0.323	1	1	1.63
1483	twenty	103869	1.295	4	4	1.627
1484	opening	25968	0.324	1	1	1.627
1485	peculiar	51984	0.648	2	2	1.625
1486	Streets	26115	0.326	1	1	1.619
1487	looks	52264	0.652	2	2	1.618
1488	ass	26382	0.329	1	1	1.604
1489	foolish	52888	0.659	2	2	1.601
1490	wanted	26501	0.33	1	1	1.598
1491	tom	26564	0.331	1	1	1.594
1492	refuse	53146	0.663	2	1	1.594
1493	Popish	53150	0.663	2	1	1.594
1494	pay	106691	1.33	4	3	1.588
1495	behaviour	26702	0.333	1	1	1.587
1496	deadly	26719	0.333	1	1	1.586
1497	Britain	26773	0.334	1	1	1.583
1498	fall	267911	3.341	10	9	1.582
1499	open	187653	2.34	7	6	1.581
1500	castle	80430	1.003	3	3	1.581
1501	garments	26823	0.334	1	1	1.58
1502	modesty	26836	0.335	1	1	1.579
1503	broke	26875	0.335	1	1	1.577
1504	communicate	27013	0.337	1	1	1.57
1505	secret	108173	1.349	4	4	1.568
1506	apparel	27082	0.338	1	1	1.566
1507	suspicion	27149	0.339	1	1	1.563
1508	daughter	108707	1.355	4	4	1.561
1509	horse	136110	1.697	5	5	1.559
1510	soldiers	136167	1.698	5	3	1.558
1511	fol.	54629	0.681	2	1	1.554
1512	loath	27335	0.341	1	1	1.553
1513	44	27360	0.341	1	1	1.552
1514	call	328774	4.099	12	10	1.55
1515	dispose	27603	0.344	1	1	1.539
1516	Temples	27639	0.345	1	1	1.537
1517	undertake	27793	0.347	1	1	1.529
1518	forsaken	27796	0.347	1	1	1.529
1519	hanged	27832	0.347	1	1	1.527
1520	sold	55694	0.694	2	2	1.526
1521	slaves	28066	0.35	1	1	1.515
1522	Ecclesiae	28090	0.35	1	1	1.514
1523	woe	28149	0.351	1	1	1.51
1524	accounted	56307	0.702	2	1	1.51
1525	Followers	28164	0.351	1	1	1.51
1526	render	56345	0.703	2	2	1.509
1527	compare	28481	0.355	1	1	1.494
1528	yield	85483	1.066	3	3	1.493
1529	Apply	57357	0.715	2	2	1.484
1530	solid	28842	0.36	1	1	1.476
1531	hole	28915	0.361	1	1	1.472
1532	borne	86876	1.083	3	2	1.47
1533	Vision	28960	0.361	1	1	1.47
1534	Eat	145185	1.81	5	2	1.466
1535	keeping	58223	0.726	2	2	1.462
1536	Enter	145726	1.817	5	5	1.46
1537	weather	29174	0.364	1	1	1.459
1538	season	58435	0.729	2	2	1.457
1539	zealous	29282	0.365	1	1	1.454
1540	cry	87922	1.096	3	3	1.452
1541	honesty	29498	0.368	1	1	1.443
1542	miracle	29540	0.368	1	1	1.441
1543	better	443737	5.533	15	13	1.439
1544	Captain	88772	1.107	3	3	1.438
1545	condemn	59378	0.74	2	2	1.434
1546	daily	119047	1.484	4	4	1.43
1547	term	59683	0.744	2	2	1.426
1548	rank	29920	0.373	1	1	1.422
1549	signify	59908	0.747	2	2	1.421
1550	doors	29993	0.374	1	1	1.419
1551	entertain	30000	0.374	1	1	1.419
1552	gentlemen	60495	0.754	2	2	1.407
1553	super	30308	0.378	1	1	1.404
1554	Anointed	30642	0.382	1	1	1.388
1555	speeches	30693	0.383	1	1	1.386
1556	star	30709	0.383	1	1	1.385
1557	called	768363	9.581	25	18	1.384
1558	testify	30813	0.384	1	1	1.38
1559	SURELY	92689	1.156	3	3	1.376
1560	dream	30913	0.385	1	1	1.376
1561	Idols	30951	0.386	1	1	1.374
1562	Mr	31112	0.388	1	1	1.366
1563	'm	31244	0.39	1	1	1.36
1564	riches	93796	1.17	3	3	1.359
1565	else	281410	3.509	9	7	1.359
1566	terror	31309	0.39	1	1	1.357
1567	deed	62715	0.782	2	2	1.355
1568	like	1070087	13.343	34	30	1.35
1569	amongst	251926	3.141	8	8	1.349
1570	hot	94567	1.179	3	3	1.347
1571	bringeth	31606	0.394	1	1	1.343
1572	medicine	31615	0.394	1	1	1.343
1573	fr	63238	0.789	2	2	1.343
1574	later	31782	0.396	1	1	1.335
1575	bondage	31829	0.397	1	1	1.333
1576	hang	31830	0.397	1	1	1.333
1577	wished	31831	0.397	1	1	1.333
1578	presume	31879	0.398	1	1	1.331
1579	interpretation	32092	0.4	1	1	1.322
1580	Doubtless	32131	0.401	1	1	1.32
1581	consequently	64502	0.804	2	2	1.314
1582	Fie	32306	0.403	1	1	1.312
1583	upper	32317	0.403	1	1	1.312
1584	purchase	32356	0.403	1	1	1.31
1585	diligent	32533	0.406	1	1	1.302
1586	something	97686	1.218	3	3	1.3
1587	Francis	32629	0.407	1	1	1.298
1588	greatness	65345	0.815	2	1	1.295
1589	withal	98276	1.225	3	2	1.292
1590	divide	32819	0.409	1	1	1.289
1591	Wine	164447	2.05	5	5	1.286
1592	torments	32888	0.41	1	1	1.286
1593	ashes	32944	0.411	1	1	1.283
1594	serves	32991	0.411	1	1	1.281
1595	executed	33017	0.412	1	1	1.28
1596	chose	33127	0.413	1	1	1.276
1597	Chapter	132959	1.658	4	1	1.271
1598	discovery	33358	0.416	1	1	1.266
1599	suffered	100182	1.249	3	3	1.264
1600	goes	100413	1.252	3	3	1.261
1601	whose	468798	5.845	14	14	1.26
1602	growing	33517	0.418	1	1	1.259
1603	wax	33550	0.418	1	1	1.257
1604	hazard	33564	0.419	1	1	1.257
1605	colour	100836	1.257	3	2	1.255
1606	sees	33635	0.419	1	1	1.254
1607	make	1313915	16.383	39	35	1.251
1608	FORTUNE	101130	1.261	3	3	1.25
1609	Hen	33893	0.423	1	1	1.243
1610	soldier	33917	0.423	1	1	1.242
1611	triumph	33934	0.423	1	1	1.241
1612	house	407406	5.08	12	11	1.24
1613	Alas	67915	0.847	2	1	1.24
1614	bred	34100	0.425	1	1	1.234
1615	Poet	34204	0.427	1	1	1.229
1616	professed	34256	0.427	1	1	1.227
1617	pleasing	34281	0.427	1	1	1.226
1618	physic	34467	0.43	1	1	1.218
1619	bring	310345	3.87	9	9	1.218
1620	reproach	34657	0.432	1	1	1.211
1621	beaten	34661	0.432	1	1	1.21
1622	bare	69451	0.866	2	1	1.208
1623	oft	69946	0.872	2	2	1.197
1624	blame	34974	0.436	1	1	1.197
1625	broad	35012	0.437	1	1	1.196
1626	Forbear	35085	0.438	1	1	1.193
1627	calling	105619	1.317	3	3	1.188
1628	Fight	105643	1.317	3	3	1.187
1629	fools	35223	0.439	1	1	1.187
1630	sends	35230	0.439	1	1	1.187
1631	Fate	35533	0.443	1	1	1.175
1632	ran	35556	0.443	1	1	1.174
1633	rich	142318	1.775	4	3	1.173
1634	wrong	71272	0.889	2	2	1.17
1635	properly	71363	0.89	2	2	1.168
1636	song	35727	0.446	1	1	1.167
1637	hath	1823449	22.736	51	41	1.166
1638	stock	35766	0.446	1	1	1.165
1639	acknowledged	35881	0.447	1	1	1.16
1640	despair	36035	0.449	1	1	1.154
1641	hither	36037	0.449	1	1	1.154
1642	moreover	72198	0.9	2	2	1.152
1643	O	541781	6.755	15	9	1.151
1644	afterward	72483	0.904	2	2	1.146
1645	face	181454	2.263	5	4	1.144
1646	pleasant	72707	0.907	2	2	1.141
1647	birds	36376	0.454	1	1	1.141
1648	fail	73352	0.915	2	2	1.129
1649	practised	36690	0.458	1	1	1.128
1650	meaning	110075	1.373	3	3	1.128
1651	resolve	36730	0.458	1	1	1.127
1652	Vast	36772	0.459	1	1	1.125
1653	mouths	36905	0.46	1	1	1.12
1654	clothes	36950	0.461	1	1	1.118
1655	!	371996	4.638	10	5	1.108
1656	Jesuits	37256	0.465	1	1	1.106
1657	an	2497908	31.146	67	48	1.105
1658	spend	37287	0.465	1	1	1.105
1659	temptation	37377	0.466	1	1	1.102
1660	midst	74832	0.933	2	2	1.1
1661	numbers	37529	0.468	1	1	1.096
1662	fifty	37601	0.469	1	1	1.093
1663	money	188212	2.347	5	4	1.091
1664	impossible	75536	0.942	2	2	1.087
1665	quality	75538	0.942	2	2	1.086
1666	thou	1398203	17.434	37	28	1.086
1667	vengeance	37813	0.472	1	1	1.085
1668	separated	37858	0.472	1	1	1.083
1669	lived	113584	1.416	3	3	1.083
1670	apparent	37871	0.472	1	1	1.083
1671	son	570683	7.116	15	10	1.076
1672	lips	38066	0.475	1	1	1.075
1673	omnes	38114	0.475	1	1	1.073
1674	vulgar	38139	0.476	1	1	1.072
1675	Host	38170	0.476	1	1	1.071
1676	houses	114523	1.428	3	1	1.071
1677	's	1833403	22.86	48	33	1.07
1678	practise	76565	0.955	2	2	1.067
1679	Popes	76677	0.956	2	2	1.065
1680	FINIS	38468	0.48	1	1	1.06
1681	seeing	231216	2.883	6	6	1.057
1682	18.	77389	0.965	2	2	1.052
1683	specially	38732	0.483	1	1	1.05
1684	drew	38764	0.483	1	1	1.049
1685	Next	271507	3.385	7	5	1.048
1686	Essay	38918	0.485	1	1	1.043
1687	fourthly	38947	0.486	1	1	1.042
1688	spare	38949	0.486	1	1	1.042
1689	teaching	39101	0.488	1	1	1.037
1690	then	2700348	33.67	69	47	1.035
1691	Lordship	39217	0.489	1	1	1.032
1692	turns	39404	0.491	1	1	1.025
1693	valiant	39573	0.493	1	1	1.019
1694	below	39611	0.494	1	1	1.018
1695	19	119133	1.485	3	2	1.014
1696	36	39832	0.497	1	1	1.01
1697	terrible	39921	0.498	1	1	1.006
1698	fashion	39934	0.498	1	1	1.006
1699	nought	39966	0.498	1	1	1.005
1700	names	120160	1.498	3	3	1.002
1701	ends	80149	0.999	2	2	1.001
1702	confessed	40109	0.5	1	1	1
1703	runs	40288	0.502	1	1	0.993
1704	seven	120863	1.507	3	3	0.993
1705	comparison	40468	0.505	1	1	0.987
1706	calls	121932	1.52	3	3	0.981
1707	Knight	81427	1.015	2	2	0.978
1708	substance	122160	1.523	3	3	0.978
1709	thy	1346327	16.787	33	21	0.975
1710	nor	1146191	14.292	28	23	0.97
1711	priest	123560	1.541	3	3	0.961
1712	ladies	41212	0.514	1	1	0.96
1713	still	373001	4.651	9	9	0.952
1714	Colours	41565	0.518	1	1	0.948
1715	Germany	41636	0.519	1	1	0.946
1716	Accept	41690	0.52	1	1	0.944
1717	honey	41845	0.522	1	1	0.938
1718	doth	963309	12.011	23	17	0.937
1719	Manners	41947	0.523	1	1	0.935
1720	Gates	42043	0.524	1	1	0.932
1721	rare	42119	0.525	1	1	0.929
1722	nine	42485	0.53	1	1	0.917
1723	comes	255457	3.185	6	6	0.914
1724	fact	42577	0.531	1	1	0.913
1725	cursed	42622	0.531	1	1	0.912
1726	wit	172149	2.147	4	2	0.898
1727	destroy	86113	1.074	2	2	0.897
1728	frequent	43207	0.539	1	1	0.892
1729	18	129797	1.618	3	3	0.89
1730	Arms	173309	2.161	4	4	0.888
1731	named	86879	1.083	2	2	0.885
1732	night	217853	2.716	5	5	0.88
1733	28.	43571	0.543	1	1	0.88
1734	endeavours	43626	0.544	1	1	0.878
1735	spread	43759	0.546	1	1	0.874
1736	mark	131282	1.637	3	3	0.874
1737	returned	87529	1.091	2	2	0.874
1738	Ergo	43824	0.546	1	1	0.872
1739	humbly	44038	0.549	1	1	0.865
1740	Ibid.	44084	0.55	1	1	0.863
1741	terms	88303	1.101	2	2	0.861
1742	grows	44157	0.551	1	1	0.861
1743	nations	132713	1.655	3	3	0.858
1744	go	533648	6.654	12	9	0.851
1745	save	133689	1.667	3	2	0.848
1746	gotten	44665	0.557	1	1	0.845
1747	privileges	44698	0.557	1	1	0.843
1748	false	224466	2.799	5	5	0.837
1749	usual	44893	0.56	1	1	0.837
1750	forced	89873	1.121	2	2	0.836
1751	Beat	45020	0.561	1	1	0.833
1752	Treatise	45102	0.562	1	1	0.83
1753	Art	315875	3.939	7	6	0.83
1754	abuse	45195	0.564	1	1	0.828
1755	tree	90586	1.13	2	2	0.824
1756	dare	135920	1.695	3	3	0.824
1757	brethren	136332	1.7	3	3	0.82
1758	begun	45469	0.567	1	1	0.819
1759	begins	45496	0.567	1	1	0.818
1760	stead	45532	0.568	1	1	0.817
1761	cried	45966	0.573	1	1	0.803
1762	stay	91988	1.147	2	2	0.802
1763	rage	46100	0.575	1	1	0.799
1764	once	277740	3.463	6	5	0.793
1765	merciful	46370	0.578	1	1	0.79
1766	strange	139257	1.736	3	3	0.789
1767	flesh	279311	3.483	6	3	0.785
1768	gate	46617	0.581	1	1	0.783
1769	saint	186918	2.331	4	3	0.779
1770	cut	140466	1.751	3	3	0.776
1771	si	141064	1.759	3	2	0.77
1772	marriage	94195	1.175	2	2	0.768
1773	clear	141407	1.763	3	2	0.767
1774	city	377406	4.706	8	6	0.766
1775	W.	47212	0.589	1	1	0.764
1776	rightly	47299	0.59	1	1	0.762
1777	mixed	47413	0.591	1	1	0.758
1778	wherein	332751	4.149	7	6	0.755
1779	showed	142959	1.783	3	3	0.751
1780	Devil	190658	2.377	4	4	0.751
1781	d	143450	1.789	3	2	0.746
1782	beauty	95667	1.193	2	2	0.746
1783	saw	191431	2.387	4	2	0.745
1784	fury	47909	0.597	1	1	0.743
1785	head	338290	4.218	7	6	0.731
1786	speaking	96859	1.208	2	2	0.728
1787	truly	193999	2.419	4	4	0.726
1788	violent	48514	0.605	1	1	0.725
1789	portion	48529	0.605	1	1	0.725
1790	working	48604	0.606	1	1	0.723
1791	burning	48634	0.606	1	1	0.722
1792	Priests	145909	1.819	3	3	0.722
1793	wh	48807	0.609	1	1	0.716
1794	died	97793	1.219	2	2	0.714
1795	noted	48905	0.61	1	1	0.714
1796	London	146866	1.831	3	3	0.712
1797	noble	146938	1.832	3	3	0.711
1798	charged	49036	0.611	1	1	0.71
1799	fire	294315	3.67	6	5	0.709
1800	rather	393402	4.905	8	8	0.706
1801	abundance	49441	0.617	1	1	0.698
1802	forget	49494	0.617	1	1	0.696
1803	id	49498	0.617	1	1	0.696
1804	shall	2624249	32.721	53	37	0.696
1805	loss	99713	1.243	2	2	0.686
1806	get	149760	1.867	3	2	0.684
1807	senses	49966	0.623	1	1	0.683
1808	Lamb	50063	0.624	1	1	0.68
1809	journey	50247	0.627	1	1	0.675
1810	Dominion	50446	0.629	1	1	0.669
1811	7.	151741	1.892	3	3	0.665
1812	name	607418	7.574	12	11	0.664
1813	posterity	50699	0.632	1	1	0.662
1814	gold	152169	1.897	3	3	0.661
1815	Catholic	101512	1.266	2	2	0.66
1816	ARM	50968	0.636	1	1	0.654
1817	exercise	102303	1.276	2	2	0.649
1818	magistrate	51237	0.639	1	1	0.646
1819	upon	2522161	31.448	49	30	0.64
1820	fill	51476	0.642	1	1	0.64
1821	plain	154580	1.927	3	3	0.638
1822	holiness	103065	1.285	2	2	0.638
1823	careful	51701	0.645	1	1	0.634
1824	old	414305	5.166	8	8	0.631
1825	admitted	51831	0.646	1	1	0.63
1826	bless	52076	0.649	1	1	0.623
1827	many	1356675	16.916	26	21	0.62
1828	whom	782727	9.76	15	13	0.62
1829	believing	52233	0.651	1	1	0.619
1830	pen	52272	0.652	1	1	0.617
1831	:	8018849	99.984	153	89	0.614
1832	company	157530	1.964	3	3	0.611
1833	parties	52516	0.655	1	1	0.611
1834	hid	52578	0.656	1	1	0.609
1835	longer	105304	1.313	2	2	0.607
1836	promised	105333	1.313	2	2	0.607
1837	nay	158341	1.974	3	2	0.604
1838	sir	371184	4.628	7	7	0.597
1839	faithful	159195	1.985	3	3	0.596
1840	suddenly	53066	0.662	1	1	0.596
1841	hundred	212307	2.647	4	3	0.596
1842	instance	53150	0.663	1	1	0.594
1843	taken	481305	6.001	9	8	0.585
1844	mouth	161086	2.009	3	3	0.579
1845	back	161359	2.012	3	3	0.576
1846	conversation	53957	0.673	1	1	0.572
1847	drawn	108352	1.351	2	2	0.566
1848	knew	162531	2.027	3	3	0.566
1849	chap	271060	3.38	5	3	0.565
1850	error	108610	1.354	2	2	0.563
1851	consequence	54571	0.68	1	1	0.556
1852	Paris	54729	0.682	1	1	0.551
1853	brings	54834	0.684	1	1	0.549
1854	hereby	55021	0.686	1	1	0.544
1855	prove	220093	2.744	4	3	0.544
1856	thereupon	55032	0.686	1	1	0.543
1857	mentioned	110171	1.374	2	2	0.542
1858	because	1157094	14.427	21	18	0.542
1859	discover	55186	0.688	1	1	0.539
1860	humours	55201	0.688	1	1	0.539
1861	Henry	110662	1.38	2	1	0.536
1862	*	55385	0.691	1	1	0.534
1863	ordinance	55547	0.693	1	1	0.53
1864	void	55647	0.694	1	1	0.527
1865	court	223217	2.783	4	4	0.523
1866	Satan	111662	1.392	2	2	0.523
1867	turn	167524	2.089	3	3	0.522
1868	forty	56096	0.699	1	1	0.516
1869	breast	56115	0.7	1	1	0.515
1870	mountains	56383	0.703	1	1	0.508
1871	why	394748	4.922	7	7	0.508
1872	hard	169293	2.111	3	3	0.507
1873	Mass	56555	0.705	1	1	0.504
1874	feast	56711	0.707	1	1	0.5
1875	punishment	113533	1.416	2	2	0.499
1876	swear	56939	0.71	1	1	0.494
1877	clearly	57009	0.711	1	1	0.492
1878	Idolatry	57073	0.712	1	1	0.491
1879	folly	57369	0.715	1	1	0.483
1880	stomach	57673	0.719	1	1	0.476
1881	fallen	57829	0.721	1	1	0.472
1882	convenient	57866	0.722	1	1	0.471
1883	)	3126749	38.986	54	40	0.47
1884	persuade	57909	0.722	1	1	0.47
1885	report	58002	0.723	1	1	0.468
1886	horses	58059	0.724	1	1	0.466
1887	sudden	58065	0.724	1	1	0.466
1888	perish	58343	0.728	1	1	0.459
1889	view	58441	0.729	1	1	0.457
1890	giving	117136	1.461	2	2	0.454
1891	diseases	58776	0.733	1	1	0.448
1892	English	176398	2.199	3	3	0.448
1893	hart	58913	0.735	1	1	0.445
1894	proved	118293	1.475	2	2	0.439
1895	therein	178975	2.232	3	3	0.427
1896	Neither	537051	6.696	9	8	0.427
1897	allowed	59743	0.745	1	1	0.425
1898	'	59808	0.746	1	1	0.423
1899	makes	359288	4.48	6	6	0.422
1900	sake	119831	1.494	2	2	0.421
1901	th	180132	2.246	3	3	0.418
1902	with	6743369	84.081	112	76	0.414
1903	mans	181090	2.258	3	3	0.41
1904	21.	60549	0.755	1	1	0.405
1905	Kings	363629	4.534	6	5	0.404
1906	spring	60792	0.758	1	1	0.4
1907	that	17465266	217.768	287	133	0.398
1908	doctrine	304623	3.798	5	5	0.397
1909	civil	121918	1.52	2	2	0.396
1910	change	122021	1.521	2	2	0.395
1911	12.	122418	1.526	2	1	0.39
1912	arise	61558	0.768	1	1	0.382
1913	heed	61679	0.769	1	1	0.379
1914	wild	61696	0.769	1	1	0.378
1915	past	123448	1.539	2	1	0.378
1916	goods	123513	1.54	2	2	0.377
1917	want	185706	2.316	3	3	0.374
1918	is	12301699	153.386	198	94	0.368
1919	Italy	62147	0.775	1	1	0.368
1920	scarce	62192	0.776	1	1	0.367
1921	t	186780	2.329	3	3	0.365
1922	except	124877	1.557	2	2	0.361
1923	pretended	62449	0.779	1	1	0.361
1924	Repent	62610	0.781	1	1	0.357
1925	poor	313465	3.909	5	4	0.355
1926	the	59190422	738.025	942	225	0.352
1927	pity	62915	0.785	1	1	0.35
1928	rejoice	63078	0.787	1	1	0.346
1929	away	504942	6.296	8	5	0.346
1930	under	696455	8.684	11	8	0.341
1931	north	63334	0.79	1	1	0.341
1932	sooner	63462	0.791	1	1	0.338
1933	betwixt	127079	1.585	2	2	0.336
1934	&	2737777	34.136	43	29	0.333
1935	am	509469	6.352	8	7	0.333
1936	Verse	254782	3.177	4	3	0.332
1937	3.	318523	3.972	5	4	0.332
1938	whilst	127767	1.593	2	2	0.328
1939	confess	127821	1.594	2	2	0.328
1940	freely	63939	0.797	1	1	0.327
1941	6.	191822	2.392	3	2	0.327
1942	estates	64246	0.801	1	1	0.32
1943	west	64326	0.802	1	1	0.318
1944	door	64326	0.802	1	1	0.318
1945	yea	321813	4.013	5	5	0.317
1946	glorious	128843	1.607	2	2	0.316
1947	earth	451529	5.63	7	7	0.314
1948	g	64551	0.805	1	1	0.313
1949	live	322774	4.025	5	5	0.313
1950	absolute	64604	0.806	1	1	0.312
1951	&#x101;	258515	3.223	4	4	0.311
1952	Your	2073026	25.848	32	18	0.308
1953	take	907131	11.311	14	14	0.308
1954	constant	64819	0.808	1	1	0.307
1955	out	1686345	21.027	26	20	0.306
1956	though	1040761	12.977	16	10	0.302
1957	making	195439	2.437	3	3	0.3
1958	avoid	65191	0.813	1	1	0.299
1959	former	261116	3.256	4	3	0.297
1960	innocent	65570	0.818	1	1	0.291
1961	affirm	65605	0.818	1	1	0.29
1962	hours	65642	0.819	1	1	0.289
1963	fit	197019	2.457	3	3	0.288
1964	Thus	788750	9.835	12	12	0.287
1965	lying	65748	0.82	1	1	0.287
1966	up	1119358	13.957	17	11	0.285
1967	State	329799	4.112	5	5	0.282
1968	Gentleman	66021	0.823	1	1	0.281
1969	endure	66031	0.823	1	1	0.281
1970	Now	1519152	18.942	23	14	0.28
1971	leave	264688	3.3	4	4	0.277
1972	ibid	66183	0.825	1	1	0.277
1973	You	3714542	46.315	56	31	0.274
1974	down	533657	6.654	8	7	0.266
1975	of	39170514	488.404	586	198	0.263
1976	prophet	133904	1.67	2	2	0.26
1977	success	67089	0.837	1	1	0.258
1978	fifth	67116	0.837	1	1	0.257
1979	language	67133	0.837	1	1	0.257
1980	on	1948583	24.296	29	25	0.255
1981	,	97296499	1213.157	1448	293	0.255
1982	number	269531	3.361	4	4	0.251
1983	Clergy	67422	0.841	1	1	0.25
1984	draw	134904	1.682	2	2	0.25
1985	white	134914	1.682	2	2	0.25
1986	private	134915	1.682	2	2	0.25
1987	miserable	67471	0.841	1	1	0.249
1988	outward	135202	1.686	2	2	0.247
1989	observe	135204	1.686	2	2	0.247
1990	satisfied	67883	0.846	1	1	0.241
1991	.	39047260	486.867	575	165	0.24
1992	fair	204535	2.55	3	3	0.234
1993	twelve	68218	0.851	1	1	0.233
1994	e	136544	1.703	2	1	0.232
1995	argument	136912	1.707	2	2	0.228
1996	worship	206782	2.578	3	3	0.219
1997	John	415725	5.184	6	3	0.211
1998	Witnesses	69349	0.865	1	1	0.21
1999	Hence	139086	1.734	2	2	0.206
2000	Mankind	69641	0.868	1	1	0.204
2001	sons	139530	1.74	2	2	0.201
2002	Ghost	139834	1.744	2	2	0.198
2003	parts	350458	4.37	5	5	0.194
2004	5.	210462	2.624	3	3	0.193
2005	greater	281340	3.508	4	4	0.189
2006	l	70403	0.878	1	1	0.188
2007	stones	70601	0.88	1	1	0.184
2008	thine	141265	1.761	2	2	0.183
2009	Princes	212093	2.645	3	2	0.182
2010	choose	71078	0.886	1	1	0.174
2011	blood	426566	5.319	6	5	0.174
2012	Protestants	71207	0.888	1	1	0.172
2013	Fathers	213875	2.667	3	3	0.17
2014	&#x14d;	499329	6.226	7	7	0.169
2015	utterly	71440	0.891	1	1	0.167
2016	wickedness	71915	0.897	1	1	0.157
2017	likewise	215998	2.693	3	3	0.156
2018	home	144093	1.797	2	2	0.155
2019	Double	72073	0.899	1	1	0.154
2020	courage	72091	0.899	1	1	0.154
2021	toward	72140	0.9	1	1	0.153
2022	or	6140246	76.561	85	58	0.151
2023	knows	144623	1.803	2	1	0.149
2024	where	1086411	13.546	15	13	0.147
2025	forward	72541	0.905	1	1	0.145
2026	20	145215	1.811	2	2	0.144
2027	say	1089806	13.588	15	14	0.143
2028	behind	73039	0.911	1	1	0.135
2029	F.	73082	0.911	1	1	0.134
2030	kingdoms	73313	0.914	1	1	0.13
2031	foot	146629	1.828	2	2	0.129
2032	bed	73593	0.918	1	1	0.124
2033	wealth	73703	0.919	1	1	0.122
2034	be	9896153	123.392	134	76	0.119
2035	see	961542	11.989	13	10	0.117
2036	red	74028	0.923	1	1	0.116
2037	There	2595192	32.359	35	26	0.113
2038	for	9369441	116.824	126	79	0.109
2039	wherewith	74362	0.927	1	1	0.109
2040	wilt	74391	0.928	1	1	0.108
2041	require	74426	0.928	1	1	0.108
2042	too	521045	6.497	7	5	0.108
2043	performed	74489	0.929	1	1	0.107
2044	ruin	74606	0.93	1	1	0.104
2045	Who	2315377	28.87	31	24	0.103
2046	writ	74728	0.932	1	1	0.102
2047	universal	74773	0.932	1	1	0.101
2048	care	224334	2.797	3	2	0.101
2049	servants	149996	1.87	2	2	0.097
2050	Commands	74993	0.935	1	1	0.097
2051	enough	225014	2.806	3	3	0.097
2052	needs	150472	1.876	2	2	0.092
2053	necessity	150548	1.877	2	2	0.091
2054	and	37698224	470.046	500	189	0.089
2055	agree	75479	0.941	1	1	0.088
2056	seen	227877	2.841	3	3	0.078
2057	hereafter	76216	0.95	1	1	0.074
2058	Figure	76261	0.951	1	1	0.073
2059	A.	153020	1.908	2	1	0.068
2060	cast	229673	2.864	3	3	0.067
2061	desire	306364	3.82	4	4	0.066
2062	wish	76763	0.957	1	1	0.063
2063	ignorance	77023	0.96	1	1	0.058
2064	first	1465032	18.267	19	12	0.057
2065	misery	77670	0.968	1	1	0.046
2066	sweet	155475	1.939	2	2	0.045
2067	justly	77751	0.97	1	1	0.045
2068	prepared	77762	0.97	1	1	0.045
2069	28	77934	0.972	1	1	0.041
2070	Visible	77964	0.972	1	1	0.041
2071	credit	77984	0.972	1	1	0.04
2072	memory	78094	0.974	1	1	0.038
2073	birth	78181	0.975	1	1	0.037
2074	gain	78199	0.975	1	1	0.037
2075	no	2739631	34.16	35	28	0.035
2076	loved	78391	0.977	1	1	0.033
2077	already	157133	1.959	2	2	0.03
2078	proof	78647	0.981	1	1	0.028
2079	cruel	78662	0.981	1	1	0.028
2080	times	394191	4.915	5	5	0.025
2081	Three	474878	5.921	6	5	0.019
2082	dry	79186	0.987	1	1	0.018
2083	signifies	79472	0.991	1	1	0.013
2084	followed	79683	0.994	1	1	0.009
2085	spiritual	239256	2.983	3	3	0.008
2086	wars	79970	0.997	1	1	0.004
2087	most	1280269	15.963	16	15	0.003
2088	Pope	240165	2.995	3	3	0.003
2089	intended	80059	0.998	1	1	0.003
2090	(	3147389	39.244	39	29	-0.009
2091	souls	242572	3.025	3	2	-0.012
2092	third	242706	3.026	3	3	-0.013
2093	profession	81244	1.013	1	1	-0.019
2094	lastly	81334	1.014	1	1	-0.02
2095	entered	81333	1.014	1	1	-0.02
2096	endeavour	81395	1.015	1	1	-0.021
2097	sick	81507	1.016	1	1	-0.023
2098	added	81800	1.02	1	1	-0.028
2099	seek	163878	2.043	2	1	-0.031
2100	wicked	246712	3.076	3	3	-0.036
2101	told	164509	2.051	2	2	-0.036
2102	small	246878	3.078	3	3	-0.037
2103	Pet	82435	1.028	1	1	-0.04
2104	my	2492426	31.077	30	21	-0.051
2105	un	83123	1.036	1	1	-0.052
2106	Romans	83232	1.038	1	1	-0.054
2107	altogether	83475	1.041	1	1	-0.058
2108	acknowledge	83501	1.041	1	1	-0.058
2109	their	5435041	67.768	65	41	-0.06
2110	each	252025	3.142	3	3	-0.067
2111	5	338721	4.223	4	3	-0.078
2112	after	1272516	15.867	15	13	-0.081
2113	virtues	84914	1.059	1	1	-0.082
2114	set	595126	7.42	7	7	-0.084
2115	stands	85073	1.061	1	1	-0.085
2116	tell	255280	3.183	3	3	-0.085
2117	another	682313	8.508	8	8	-0.089
2118	deal	85541	1.067	1	1	-0.093
2119	matter	427808	5.334	5	5	-0.093
2120	had	2740575	34.171	32	29	-0.095
2121	inward	85678	1.068	1	1	-0.095
2122	known	257669	3.213	3	3	-0.099
2123	haste	258415	3.222	3	3	-0.103
2124	can	1982819	24.723	23	20	-0.104
2125	Do	2417629	30.145	28	26	-0.106
2126	never	778679	9.709	9	9	-0.109
2127	even	607522	7.575	7	7	-0.114
2128	built	87141	1.087	1	1	-0.12
2129	show	349122	4.353	4	4	-0.122
2130	Yet	1835928	22.892	21	19	-0.124
2131	will	2993503	37.325	34	28	-0.135
2132	passion	88077	1.098	1	1	-0.135
2133	went	264770	3.301	3	2	-0.138
2134	at	3182175	39.677	36	28	-0.14
2135	notice	88877	1.108	1	1	-0.148
2136	So	5366625	66.915	60	37	-0.157
2137	wrought	89617	1.117	1	1	-0.16
2138	defence	89679	1.118	1	1	-0.161
2139	this	6548918	81.656	73	43	-0.162
2140	last	450430	5.616	5	5	-0.168
2141	Church	1175787	14.661	13	12	-0.173
2142	sins	361871	4.512	4	4	-0.174
2143	Empire	90491	1.128	1	1	-0.174
2144	Thirdly	90751	1.132	1	1	-0.178
2145	me	1731164	21.585	19	15	-0.184
2146	easy	91240	1.138	1	1	-0.186
2147	would	1733888	21.619	19	15	-0.186
2148	Papists	91413	1.14	1	1	-0.189
2149	guilty	91473	1.141	1	1	-0.19
2150	Honourable	91740	1.144	1	1	-0.194
2151	but	6983890	87.08	76	45	-0.196
2152	Town	184940	2.306	2	2	-0.205
2153	laid	184949	2.306	2	2	-0.205
2154	learning	92794	1.157	1	1	-0.21
2155	lands	92853	1.158	1	1	-0.211
2156	not	8929558	111.34	96	62	-0.214
2157	he	9215356	114.903	99	70	-0.215
2158	pleasure	186565	2.326	2	2	-0.218
2159	sentence	93324	1.164	1	1	-0.219
2160	speak	374513	4.67	4	4	-0.223
2161	ask	93732	1.169	1	1	-0.225
2162	I	6187300	77.147	66	40	-0.225
2163	16.	93810	1.17	1	1	-0.226
2164	history	94546	1.179	1	1	-0.237
2165	About	661900	8.253	7	7	-0.238
2166	are	5017099	62.557	53	39	-0.239
2167	left	284479	3.547	3	1	-0.242
2168	object	94992	1.184	1	1	-0.244
2169	affection	95087	1.186	1	1	-0.246
2170	long	571124	7.121	6	5	-0.247
2171	bad	95210	1.187	1	1	-0.247
2172	per	190947	2.381	2	1	-0.252
2173	15.	95551	1.191	1	1	-0.253
2174	delight	95852	1.195	1	1	-0.257
2175	I.	191916	2.393	2	2	-0.259
2176	fine	96522	1.204	1	1	-0.267
2177	M.	193517	2.413	2	1	-0.271
2178	children	387096	4.827	4	4	-0.271
2179	begin	97196	1.212	1	1	-0.277
2180	degrees	97256	1.213	1	1	-0.278
2181	battle	97585	1.217	1	1	-0.283
2182	12	195478	2.437	2	2	-0.285
2183	commonly	97748	1.219	1	1	-0.285
2184	infinite	97821	1.22	1	1	-0.287
2185	everlasting	98162	1.224	1	1	-0.291
2186	&#x113;	491365	6.127	5	4	-0.293
2187	quod	196567	2.451	2	2	-0.293
2188	should	1871070	23.33	19	17	-0.296
2189	man	1972758	24.598	20	18	-0.299
2190	worth	99043	1.235	1	1	-0.304
2191	his	9217642	114.932	93	64	-0.305
2192	soon	198528	2.475	2	2	-0.308
2193	Beasts	99530	1.241	1	1	-0.312
2194	few	199429	2.487	2	2	-0.314
2195	perhaps	99958	1.246	1	1	-0.318
2196	made	1503973	18.753	15	14	-0.322
2197	saved	100429	1.252	1	1	-0.324
2198	continue	100553	1.254	1	1	-0.326
2199	indeed	301803	3.763	3	3	-0.327
2200	Thomas	100867	1.258	1	1	-0.331
2201	put	607656	7.577	6	4	-0.337
2202	6	304045	3.791	3	3	-0.338
2203	says	304429	3.796	3	3	-0.339
2204	proceed	101566	1.266	1	1	-0.341
2205	by	7416468	92.473	73	45	-0.341
2206	content	101607	1.267	1	1	-0.341
2207	express	101655	1.268	1	1	-0.342
2208	as	9292085	115.86	91	60	-0.348
2209	la	204980	2.556	2	2	-0.354
2210	therefore	1231317	15.353	12	7	-0.355
2211	feet	102703	1.281	1	1	-0.357
2212	testimony	102732	1.281	1	1	-0.357
2213	oath	102906	1.283	1	1	-0.36
2214	slain	102937	1.284	1	1	-0.36
2215	only	1544540	19.258	15	14	-0.361
2216	against	1339213	16.698	13	9	-0.361
2217	speech	103090	1.285	1	1	-0.362
2218	world	932868	11.632	9	8	-0.37
2219	thousand	207672	2.589	2	2	-0.373
2220	9	208082	2.595	2	2	-0.375
2221	suppose	104105	1.298	1	1	-0.376
2222	learn	104113	1.298	1	1	-0.376
2223	sign	104160	1.299	1	1	-0.377
2224	sin	729699	9.098	7	6	-0.378
2225	born	104623	1.305	1	1	-0.383
2226	charity	104646	1.305	1	1	-0.384
2227	;	9536348	118.905	91	61	-0.386
2228	humane	105132	1.311	1	1	-0.391
2229	divers	210634	2.626	2	2	-0.393
2230	self	948089	11.821	9	8	-0.393
2231	pride	105444	1.315	1	1	-0.395
2232	what	2320680	28.936	22	16	-0.395
2233	might	949632	11.841	9	7	-0.396
2234	sayeth	633645	7.901	6	5	-0.397
2235	come	1165618	14.534	11	9	-0.402
2236	22	105972	1.321	1	1	-0.402
2237	declared	106222	1.324	1	1	-0.405
2238	case	319514	3.984	3	2	-0.409
2239	to	27864128	347.428	261	120	-0.413
2240	years	427133	5.326	4	4	-0.413
2241	13.	106799	1.332	1	1	-0.413
2242	add	106899	1.333	1	1	-0.415
2243	pure	107081	1.335	1	1	-0.417
2244	mighty	107406	1.339	1	1	-0.421
2245	]	429805	5.359	4	4	-0.422
2246	let	968524	12.076	9	9	-0.424
2247	manifest	107661	1.342	1	1	-0.425
2248	sound	107925	1.346	1	1	-0.428
2249	Public	215912	2.692	2	2	-0.429
2250	carry	108052	1.347	1	1	-0.43
2251	free	216340	2.698	2	1	-0.432
2252	give	758276	9.455	7	7	-0.434
2253	Here	866663	10.806	8	8	-0.434
2254	some	1845849	23.015	17	16	-0.437
2255	opinion	217543	2.713	2	2	-0.44
2256	sure	217623	2.714	2	2	-0.44
2257	Whether	435425	5.429	4	4	-0.441
2258	dear	109293	1.363	1	1	-0.446
2259	le	110821	1.382	1	1	-0.467
2260	must	1333555	16.628	12	12	-0.471
2261	together	444738	5.545	4	4	-0.471
2262	does	222564	2.775	2	2	-0.473
2263	Prophets	111696	1.393	1	1	-0.478
2264	new	447014	5.574	4	4	-0.479
2265	equal	111972	1.396	1	1	-0.481
2266	note	111981	1.396	1	1	-0.482
2267	R.	112114	1.398	1	1	-0.483
2268	gone	112323	1.401	1	1	-0.486
2269	heard	225126	2.807	2	2	-0.489
2270	less	337828	4.212	3	3	-0.49
2271	Lady	112639	1.405	1	1	-0.49
2272	caused	113016	1.409	1	1	-0.495
2273	fourth	113523	1.416	1	1	-0.501
2274	wrath	113648	1.417	1	1	-0.503
2275	They	6960305	86.786	61	45	-0.509
2276	Master	228418	2.848	2	2	-0.51
2277	respect	229329	2.859	2	2	-0.516
2278	was	5179337	64.579	45	33	-0.521
2279	committed	115180	1.436	1	1	-0.522
2280	one	2538275	31.649	22	18	-0.525
2281	River	115702	1.443	1	1	-0.529
2282	besides	231481	2.886	2	2	-0.529
2283	11.	115752	1.443	1	1	-0.529
2284	members	116122	1.448	1	1	-0.534
2285	near	232787	2.903	2	2	-0.537
2286	&#x16b;	232932	2.904	2	2	-0.538
2287	did	1515759	18.9	13	12	-0.54
2288	tongue	116704	1.455	1	1	-0.541
2289	stand	235721	2.939	2	2	-0.555
2290	Gen.	118079	1.472	1	1	-0.558
2291	Follows	118360	1.476	1	1	-0.561
2292	Cold	119553	1.491	1	1	-0.576
2293	love	838220	10.452	7	7	-0.578
2294	E.	119746	1.493	1	1	-0.578
2295	&c	479189	5.975	4	4	-0.579
2296	send	120341	1.501	1	1	-0.585
2297	virtue	240899	3.004	2	2	-0.587
2298	wise	241600	3.012	2	2	-0.591
2299	believe	363239	4.529	3	3	-0.594
2300	Hold	243646	3.038	2	2	-0.603
2301	mean	244094	3.044	2	2	-0.606
2302	given	491070	6.123	4	4	-0.614
2303	takes	123079	1.535	1	1	-0.618
2304	into	1727535	21.54	14	13	-0.622
2305	have	4691254	58.494	38	31	-0.622
2306	day	864384	10.778	7	6	-0.623
2307	in	20011385	249.515	162	91	-0.623
2308	unto	1880305	23.445	15	14	-0.644
2309	understood	125485	1.565	1	1	-0.646
2310	again	627628	7.826	5	5	-0.646
2311	such	2262212	28.207	18	16	-0.648
2312	more	2262327	28.208	18	17	-0.648
2313	trust	126242	1.574	1	1	-0.655
2314	oh	126299	1.575	1	1	-0.655
2315	among	379416	4.731	3	3	-0.657
2316	till	379902	4.737	3	3	-0.659
2317	look	255208	3.182	2	2	-0.67
2318	carried	127788	1.593	1	1	-0.672
2319	nothing	640275	7.983	5	5	-0.675
2320	difference	128593	1.603	1	1	-0.681
2321	creatures	128964	1.608	1	1	-0.685
2322	him	4270811	53.251	33	25	-0.69
2323	Pleased	129448	1.614	1	1	-0.691
2324	grant	129668	1.617	1	1	-0.693
2325	when	2343068	29.215	18	18	-0.699
2326	sacrifice	130353	1.625	1	1	-0.701
2327	ever	652700	8.138	5	5	-0.703
2328	seed	130549	1.628	1	1	-0.703
2329	prayers	131302	1.637	1	1	-0.711
2330	all	5908829	73.675	45	35	-0.711
2331	brought	394377	4.917	3	3	-0.713
2332	If	3293480	41.065	25	22	-0.716
2333	happy	132157	1.648	1	1	-0.721
2334	laws	264682	3.3	2	1	-0.723
2335	means	397591	4.957	3	3	-0.725
2336	meet	132574	1.653	1	1	-0.725
2337	light	399350	4.979	3	3	-0.731
2338	which	6940930	86.544	52	37	-0.735
2339	please	133516	1.665	1	1	-0.735
2340	himself	1068396	13.322	8	7	-0.736
2341	10.	134546	1.678	1	1	-0.746
2342	think	539870	6.732	4	4	-0.751
2343	religion	406309	5.066	3	3	-0.756
2344	being	1764433	22	13	11	-0.759
2345	hear	273421	3.409	2	2	-0.769
2346	either	552589	6.89	4	4	-0.785
2347	lawful	138238	1.724	1	1	-0.785
2348	holy	701649	8.749	5	5	-0.807
2349	[	280684	3.5	2	2	-0.807
2350	just	281045	3.504	2	2	-0.809
2351	High	281250	3.507	2	1	-0.81
2352	knowledge	282458	3.522	2	2	-0.816
2353	praise	141937	1.77	1	1	-0.824
2354	Angels	142073	1.772	1	1	-0.825
2355	appears	142173	1.773	1	1	-0.826
2356	actions	142378	1.775	1	1	-0.828
2357	body	712249	8.881	5	5	-0.829
2358	3	571164	7.122	4	4	-0.832
2359	end	571167	7.122	4	4	-0.832
2360	following	142882	1.782	1	1	-0.833
2361	Air	144042	1.796	1	1	-0.845
2362	'd	144543	1.802	1	1	-0.85
2363	thee	728077	9.078	5	4	-0.86
2364	cause	585252	7.297	4	4	-0.867
2365	hope	292642	3.649	2	2	-0.867
2366	afterwards	146805	1.831	1	1	-0.872
2367	know	736780	9.187	5	5	-0.878
2368	commanded	147447	1.839	1	1	-0.879
2369	delivered	148308	1.849	1	1	-0.887
2370	Notwithstanding	148685	1.854	1	1	-0.891
2371	taking	148788	1.855	1	1	-0.892
2372	16	148850	1.856	1	1	-0.892
2373	whence	149816	1.868	1	1	-0.901
2374	true	751380	9.369	5	5	-0.906
2375	matters	150676	1.879	1	1	-0.91
2376	every	1057014	13.18	7	7	-0.913
2377	fell	151275	1.886	1	1	-0.915
2378	said	1514302	18.881	10	9	-0.917
2379	those	1667771	20.795	11	10	-0.919
2380	easily	151870	1.894	1	1	-0.921
2381	speaks	153099	1.909	1	1	-0.933
2382	unless	154621	1.928	1	1	-0.947
2383	country	310285	3.869	2	2	-0.952
2384	excellent	155285	1.936	1	1	-0.953
2385	without	1089706	13.587	7	7	-0.957
2386	them	4855982	60.548	31	24	-0.966
2387	well	1096551	13.673	7	7	-0.966
2388	bread	156950	1.957	1	1	-0.969
2389	office	157520	1.964	1	1	-0.974
2390	find	472931	5.897	3	3	-0.975
2391	estate	157763	1.967	1	1	-0.976
2392	France	158078	1.971	1	1	-0.979
2393	thoughts	158076	1.971	1	1	-0.979
2394	Christs	158654	1.978	1	1	-0.984
2395	until	158797	1.98	1	1	-0.986
2396	were	2871299	35.801	18	16	-0.992
2397	Secondly	160056	1.996	1	1	-0.997
2398	between	321208	4.005	2	2	-1.002
2399	words	643917	8.029	4	4	-1.005
2400	act	322490	4.021	2	2	-1.008
2401	right	484646	6.043	3	3	-1.01
2402	place	808630	10.083	5	5	-1.012
2403	2	973176	12.134	6	6	-1.016
2404	Late	162556	2.027	1	1	-1.019
2405	se	163405	2.037	1	1	-1.027
2406	hands	327530	4.084	2	2	-1.03
2407	lost	164242	2.048	1	1	-1.034
2408	Ye	825703	10.295	5	5	-1.042
2409	reason	664880	8.29	4	4	-1.051
2410	living	166437	2.075	1	1	-1.053
2411	seem	166761	2.079	1	1	-1.056
2412	question	167153	2.084	1	1	-1.059
2413	worthy	168026	2.095	1	1	-1.067
2414	bodies	169090	2.108	1	1	-1.076
2415	whatsoever	170245	2.123	1	1	-1.086
2416	perfect	170422	2.125	1	1	-1.087
2417	Ministers	171247	2.135	1	1	-1.094
2418	grace	516661	6.442	3	2	-1.103
2419	thereby	172833	2.155	1	1	-1.108
2420	form	173701	2.166	1	1	-1.115
2421	sight	174034	2.17	1	1	-1.118
2422	Queen	174640	2.178	1	1	-1.123
2423	return	177443	2.213	1	1	-1.146
2424	may	2661871	33.19	15	13	-1.146
2425	command	177468	2.213	1	1	-1.146
2426	within	355110	4.428	2	2	-1.147
2427	ill	177562	2.214	1	1	-1.147
2428	how	1244740	15.52	7	7	-1.149
2429	water	355806	4.436	2	2	-1.149
2430	11	177974	2.219	1	1	-1.15
2431	Law	712338	8.882	4	4	-1.151
2432	charge	178431	2.225	1	1	-1.154
2433	joy	178769	2.229	1	1	-1.156
2434	2.	358494	4.47	2	1	-1.16
2435	lib.	181181	2.259	1	1	-1.176
2436	mine	181777	2.267	1	1	-1.18
2437	beginning	182083	2.27	1	1	-1.183
2438	promise	182124	2.271	1	1	-1.183
2439	strong	182777	2.279	1	1	-1.188
2440	father	550491	6.864	3	3	-1.194
2441	men	1835942	22.892	10	10	-1.195
2442	Wherefore	183911	2.293	1	1	-1.197
2443	began	184715	2.303	1	1	-1.204
2444	understand	185715	2.316	1	1	-1.211
2445	written	186305	2.323	1	1	-1.216
2446	Duke	187759	2.341	1	1	-1.227
2447	second	377815	4.711	2	2	-1.236
2448	life	948809	11.83	5	5	-1.242
2449	faith	762492	9.507	4	4	-1.249
2450	alone	190842	2.38	1	1	-1.251
2451	suffer	191145	2.383	1	1	-1.253
2452	learned	191725	2.391	1	1	-1.257
2453	gives	192161	2.396	1	1	-1.261
2454	kingdom	388117	4.839	2	2	-1.275
2455	ways	194504	2.425	1	1	-1.278
2456	Saints	194939	2.431	1	1	-1.281
2457	strength	196140	2.446	1	1	-1.29
2458	from	3924250	48.93	20	17	-1.291
2459	bear	196568	2.451	1	1	-1.293
2460	sort	197789	2.466	1	1	-1.302
2461	serve	198842	2.479	1	1	-1.31
2462	et	199777	2.491	1	1	-1.317
2463	done	601055	7.494	3	3	-1.321
2464	good	1608969	20.062	8	7	-1.326
2465	S.	403850	5.036	2	2	-1.332
2466	Age	202681	2.527	1	1	-1.338
2467	force	202958	2.531	1	1	-1.339
2468	coming	203089	2.532	1	1	-1.34
2469	Before	1422340	17.735	7	6	-1.341
2470	Cor.	203716	2.54	1	1	-1.345
2471	1	1451762	18.102	7	5	-1.371
2472	rule	207621	2.589	1	1	-1.372
2473	our	3333885	41.569	16	12	-1.377
2474	appear	209107	2.607	1	1	-1.383
2475	own	1256418	15.666	6	6	-1.385
2476	Emperor	209536	2.613	1	1	-1.385
2477	Cap	211323	2.635	1	1	-1.398
2478	saying	211699	2.64	1	1	-1.4
2479	follow	211834	2.641	1	1	-1.401
2480	Gods	640962	7.992	3	3	-1.414
2481	innon-Latinalphabet	427513	5.331	2	2	-1.414
2482	Apostle	213865	2.667	1	1	-1.415
2483	4	434750	5.421	2	2	-1.438
2484	been	1095200	13.656	5	5	-1.45
2485	whereby	220196	2.746	1	1	-1.457
2486	P.	440626	5.494	2	1	-1.458
2487	others	665440	8.297	3	3	-1.468
2488	any	2444028	30.474	11	8	-1.47
2489	Psal.	222362	2.773	1	1	-1.471
2490	blessed	226222	2.821	1	1	-1.496
2491	Wisdom	228022	2.843	1	1	-1.507
2492	often	229358	2.86	1	1	-1.516
2493	10	233570	2.912	1	1	-1.542
2494	Sea	233892	2.916	1	1	-1.544
2495	very	1174247	14.641	5	5	-1.55
2496	pass	235903	2.941	1	1	-1.557
2497	death	707920	8.827	3	3	-1.557
2498	hand	471988	5.885	2	2	-1.557
2499	ground	237796	2.965	1	1	-1.568
2500	lay	238823	2.978	1	1	-1.574
2501	conscience	238823	2.978	1	1	-1.574
2502	also	1433690	17.876	6	6	-1.575
2503	hearts	239757	2.989	1	1	-1.58
2504	purpose	240680	3.001	1	1	-1.585
2505	much	1448309	18.059	6	5	-1.59
2506	Justice	242072	3.018	1	1	-1.594
2507	Pray	242183	3.02	1	1	-1.594
2508	further	242781	3.027	1	1	-1.598
2509	took	243304	3.034	1	1	-1.601
2510	both	976138	12.171	4	4	-1.605
2511	These	1985969	24.762	8	8	-1.63
2512	it	11231693	140.044	45	35	-1.638
2513	necessary	250405	3.122	1	1	-1.643
2514	7	251211	3.132	1	1	-1.647
2515	way	756236	9.429	3	3	-1.652
2516	four	252980	3.154	1	1	-1.657
2517	enemies	253975	3.167	1	1	-1.663
2518	receive	254239	3.17	1	1	-1.664
2519	we	4105074	51.185	16	13	-1.678
2520	dead	259219	3.232	1	1	-1.692
2521	truth	521766	6.506	2	2	-1.702
2522	could	808277	10.078	3	3	-1.748
2523	able	271961	3.391	1	1	-1.762
2524	used	278736	3.476	1	1	-1.797
2525	whereof	279030	3.479	1	1	-1.799
2526	heart	559805	6.98	2	2	-1.803
2527	die	284558	3.548	1	1	-1.827
2528	sense	285637	3.562	1	1	-1.832
2529	eyes	285959	3.566	1	1	-1.834
2530	gave	290757	3.625	1	1	-1.858
2531	c	292350	3.645	1	1	-1.866
2532	people	885047	11.035	3	2	-1.879
2533	thing	892670	11.13	3	3	-1.891
2534	&c.	299097	3.729	1	1	-1.899
2535	book	299396	3.733	1	1	-1.9
2536	authority	299886	3.739	1	1	-1.903
2537	other	2103223	26.224	7	7	-1.905
2538	while	300747	3.75	1	1	-1.907
2539	Christian	303553	3.785	1	1	-1.92
2540	Nature	607747	7.578	2	2	-1.922
2541	several	304872	3.801	1	1	-1.926
2542	land	307074	3.829	1	1	-1.937
2543	l.	308378	3.845	1	1	-1.943
2544	two	926661	11.554	3	3	-1.945
2545	England	309285	3.856	1	1	-1.947
2546	kind	310094	3.867	1	1	-1.951
2547	works	315242	3.931	1	1	-1.975
2548	least	319491	3.984	1	1	-1.994
2549	has	321926	4.014	1	1	-2.005
2550	off	323311	4.031	1	1	-2.011
2551	Scripture	324647	4.048	1	1	-2.017
2552	order	331304	4.131	1	1	-2.046
2553	general	331599	4.135	1	1	-2.048
2554	full	343239	4.28	1	1	-2.098
2555	God	4174430	52.05	12	11	-2.117
2556	sent	348162	4.341	1	1	-2.118
2557	year	352165	4.391	1	1	-2.135
2558	thought	352735	4.398	1	1	-2.137
2559	above	357391	4.456	1	1	-2.156
2560	evil	357919	4.463	1	1	-2.158
2561	Person	366738	4.573	1	1	-2.193
2562	us	2216337	27.635	6	5	-2.203
2563	certain	370843	4.624	1	1	-2.209
2564	Christ	1858951	23.179	5	5	-2.213
2565	word	751485	9.37	2	2	-2.228
2566	themselves	761621	9.496	2	2	-2.247
2567	present	383135	4.777	1	1	-2.256
2568	none	383245	4.779	1	1	-2.257
2569	persons	384539	4.795	1	1	-2.261
2570	days	393520	4.907	1	1	-2.295
2571	rest	396125	4.939	1	1	-2.304
2572	de	804522	10.031	2	1	-2.326
2573	fear	406154	5.064	1	1	-2.34
2574	ought	406522	5.069	1	1	-2.342
2575	mind	407887	5.086	1	1	-2.346
2576	forth	410791	5.122	1	1	-2.357
2577	part	827721	10.321	2	2	-2.367
2578	same	1256120	15.662	3	3	-2.384
2579	work	425644	5.307	1	1	-2.408
2580	found	426408	5.317	1	1	-2.411
2581	things	1357990	16.932	3	3	-2.497
2582	/	905998	11.297	2	1	-2.498
2583	thereof	458302	5.714	1	1	-2.515
2584	came	478712	5.969	1	1	-2.577
2585	Lord	1459090	18.193	3	2	-2.6
2586	according	502781	6.269	1	1	-2.648
2587	heaven	503504	6.278	1	1	-2.65
2588	whole	534092	6.659	1	1	-2.735
2589	over	545201	6.798	1	1	-2.765
2590	soul	555660	6.928	1	1	-2.793
2591	having	579260	7.223	1	1	-2.853
2592	use	603174	7.521	1	1	-2.911
2593	little	624322	7.785	1	1	-2.961
2594	spirit	654859	8.165	1	1	-3.029
2595	power	776557	9.683	1	1	-3.275
2596	than	940786	11.73	1	1	-3.552
2597	King	1308410	16.314	1	1	-4.028
2598	time	1426900	17.792	1	1	-4.153
2599	pleasd'	4	0	1	1	n/a
2600	floars	3	0	1	1	n/a
2601	ro'ten	1	0	1	1	n/a
2602	rtieth	1	0	1	1	n/a
2603	th'osteria	1	0	1	1	n/a
2604	Gnisippus	1	0	1	1	n/a
2605	Babylon-Rome	2	0	1	1	n/a
2606	Shalborne	3	0	1	1	n/a
2607	sucke-blood	1	0	1	1	n/a
2608	leawdeof	1	0	1	1	n/a
2609	stickering	4	0	1	1	n/a
2610	Ile-	1	0	1	1	n/a
2611	Phisick-doctor	1	0	1	1	n/a
2612	Keuyll	2	0	1	1	n/a
2613	Cylleborus	3	0	1	1	n/a
2614	sanguin-coloured	1	0	1	1	n/a
2615	Beasbearer	1	0	1	1	n/a
2616	Schoenicole	1	0	1	1	n/a
2617	brothelly	2	0	1	1	n/a
2618	cocubines	4	0	1	1	n/a
2619	to'you	1	0	1	1	n/a
2620	lenocinating	1	0	1	1	n/a
2621	Ienocinating	1	0	1	1	n/a
2622	17.3.6.	1	0	1	1	n/a
2623	douean	1	0	1	1	n/a
2624	hithershe	1	0	1	1	n/a
2625	desabled	1	0	1	1	n/a
2626	whore-Nunnes	1	0	1	1	n/a
2627	bunk	3	0	1	1	n/a
2628	pisse'hem	1	0	1	1	n/a
2629	th'Israelitish	1	0	1	1	n/a
2630	atttired	1	0	1	1	n/a
2631	Libiduis	3	0	1	1	n/a
2632	Menandros	2	0	1	1	n/a
2633	most.	2	0	1	1	n/a
2634	Daphitas	4	0	2	2	n/a
2635	bewty	2	0	1	1	n/a
2636	SVRLY	1	0	1	1	n/a
2637	pocche	2	0	1	1	n/a
2638	Cattilines	1	0	1	1	n/a
2639	Kepthe	3	0	1	1	n/a
2640	godon'	1	0	1	1	n/a
2641	Vowe.	1	0	1	1	n/a
2642	wanton-touch	1	0	1	1	n/a
2643	whit-lyuerd	1	0	1	1	n/a
2644	ill-dors	1	0	1	1	n/a
2645	brazen-fac'et	1	0	1	1	n/a
2646	Cockatrize	1	0	1	1	n/a
2647	merchancts	1	0	1	1	n/a
2648	Conny-catcht	4	0	1	1	n/a
2649	Heauens-Queene	1	0	1	1	n/a
2650	Vsher-like	2	0	1	1	n/a
2651	osseruauan	1	0	1	1	n/a
2652	Yeatton	1	0	1	1	n/a
2653	flesh-seller	1	0	1	1	n/a
2654	Rev-17.4.	1	0	1	1	n/a
2655	baggadg	3	0	1	1	n/a
2656	otkens.	1	0	1	1	n/a
2657	pareuan	1	0	1	1	n/a
2658	prophetiz	2	0	1	1	n/a
2659	Ahijch'	1	0	1	1	n/a
2660	Greene-sicknes	4	0	1	1	n/a
2661	Cowfeild	3	0	1	1	n/a
2662	descripti-	3	0	1	1	n/a
2663	Shor-ditch	1	0	1	1	n/a
2664	Mutford.	1	0	1	1	n/a
2665	Auentius	3	0	1	1	n/a
2666	him-sefe	3	0	1	1	n/a
2667	fagoot	1	0	1	1	n/a
2668	Ferrests	1	0	1	1	n/a
2669	brkerage	1	0	1	1	n/a
2670	Zilid	1	0	1	1	n/a
2671	For'his	2	0	1	1	n/a
2672	ckold	1	0	1	1	n/a
2673	publike-professed	1	0	1	1	n/a
2674	Tinhead	3	0	1	1	n/a
2675	Apoalop.	1	0	1	1	n/a
2676	nell'olio	1	0	1	1	n/a
2677	volpeggiando	2	0	1	1	n/a
2678	Paot	1	0	1	1	n/a
2679	Keynell	4	0	1	1	n/a
2680	avute	1	0	1	1	n/a
2681	vrdgd	3	0	1	1	n/a
2682	subberbian	1	0	1	1	n/a
2683	Charatza	3	0	1	1	n/a
2684	cojur	1	0	1	1	n/a
2685	adultrat	1	0	1	1	n/a
2686	golden-purple	1	0	1	1	n/a
2687	Raynera	3	0	1	1	n/a
2688	Egiale	4	0	1	1	n/a
