https://cqpweb.lancs.ac.uk/eebov3/concordance.php?pp=1&theData=%7Bwhore%2FN%7D&qmode=sq_nocase&del=begin%26t%3D-%7Cyear%7E1609%26t%3D-%7Cyear%7E1610%26t%3D-%7Cyear%7E1611%26t%3D-%7Cyear%7E1612%26t%3D-%7Cyear%7E1613%26t%3D-%7Cyear%7E1614%26t%3D-%7Cyear%7E1615%26t%3D-%7Cyear%7E1616%26t%3D-%7Cyear%7E1617%26t%3D-%7Cyear%7E1618&del=end&uT=yThere are 2,679 different words in your collocation database for "[lemma="(whore)_SUBST"%c]". (Your query "{whore/N}", restricted to texts meeting criteria "<em>year</em>: <em>1609</em> or <em>1610</em> or <em>1611</em> or <em>1612</em> or <em>1613</em> or <em>1614</em> or <em>1615</em> or <em>1616</em> or <em>1617</em> or <em>1618</em>",  returned 1,502 matches in 332 different texts)  
__________________

No.	Word	Total no. in whole corpus	Expected collocate frequency	Observed collocate frequency	In no. of texts	Mutual information value

1	Pict-hatch	6	0	1	1	13.288
2	WEL-TRI	12	0	1	1	13.288
3	hostolano	5	0	1	1	13.288
4	nethermore	9	0	1	1	13.288
5	bowling-alleys	10	0	1	1	13.288
6	Bewailling	5	0	1	1	13.288
7	Smalshanke	8	0	1	1	13.288
8	Southweeke	12	0	1	1	13.288
9	17.5.6	8	0	1	1	13.288
10	Titcombe	5	0	1	1	13.288
11	Rauran	5	0	1	1	13.288
12	frigge	5	0	1	1	13.288
13	Well-tri	5	0	1	1	13.288
14	conuengano	7	0	1	1	13.288
15	purchs	7	0	1	1	13.288
16	filthine	5	0	1	1	13.288
17	Shpheards	6	0	1	1	13.288
18	whorekeepers	8	0	1	1	13.288
19	Hyene	12	0	1	1	13.288
20	free-bred	8	0	1	1	13.288
21	garden-pot	7	0	1	1	13.288
22	huir	7	0	1	1	13.288
23	Z'oones	9	0	1	1	13.288
24	Oleasters	9	0	1	1	13.288
25	Padars	6	0	1	1	13.288
26	acccursed	5	0	1	1	13.288
27	Seuington	5	0	1	1	13.288
28	cosned	6	0	1	1	13.288
29	himhimselfe	18	0	2	2	13.288
30	fizes	15	0	2	1	13.288
31	vuoto	6	0	1	1	13.288
32	Prisse	6	0	1	1	13.288
33	Fructifier	9	0	1	1	13.288
34	Bobylon	7	0	1	1	13.288
35	brodell	12	0	1	1	13.288
36	fulnsse	11	0	1	1	13.288
37	uermore	12	0	1	1	13.288
38	drippingpan	7	0	1	1	13.288
39	d'otto	7	0	1	1	13.288
40	baster	11	0	1	1	13.288
41	strumpett	8	0	1	1	13.288
42	infiora	5	0	1	1	13.288
43	flexable	11	0	1	1	13.288
44	17.4.5	11	0	1	1	13.288
45	Seuants	14	0	1	1	12.288
46	tutt	20	0	1	1	12.288
47	Elcombe	14	0	1	1	12.288
48	hagged	14	0	1	1	12.288
49	montains	32	0	2	1	12.288
50	th'embraces	13	0	1	1	12.288
51	Gentileman	17	0	1	1	12.288
52	god-lesse	19	0	1	1	12.288
53	vndoeing	17	0	1	1	12.288
54	Empoysoner	14	0	1	1	12.288
55	weekelie	20	0	1	1	12.288
56	besmeere	19	0	1	1	12.288
57	preceder	17	0	1	1	12.288
58	Meritrix	17	0	1	1	12.288
59	yongmans	13	0	1	1	12.288
60	Guiaca	17	0	1	1	12.288
61	make-shift	15	0	1	1	12.288
62	wether-cocke	16	0	1	1	12.288
63	Turnbull-street	15	0	1	1	12.288
64	Benwash	16	0	1	1	12.288
65	permane	14	0	1	1	12.288
66	diece	15	0	1	1	12.288
67	zoones	15	0	1	1	12.288
68	deflowreth	15	0	1	1	12.288
69	Coulston	18	0	1	1	12.288
70	aporne	13	0	1	1	12.288
71	dindi	17	0	1	1	12.288
72	Philira	16	0	1	1	12.288
73	Eddington	20	0	1	1	12.288
74	errate	13	0	1	1	12.288
75	father-hoods	24	0	1	1	11.703
76	for-ward	21	0	1	1	11.703
77	Lenaea	26	0	1	1	11.703
78	follia	22	0	1	1	11.703
79	purple-coloured	28	0	1	1	11.703
80	Hyporisie	21	0	1	1	11.703
81	Bael	25	0	1	1	11.703
82	SWeet-lipt	22	0	1	1	11.703
83	wormsmeat	22	0	1	1	11.703
84	federacie	22	0	1	1	11.703
85	Trimtram	24	0	1	1	11.703
86	tel'st	36	0	1	1	11.288
87	maisterfull	34	0	1	1	11.288
88	Fredegonda	33	0	1	1	11.288
89	sweae	33	0	1	1	11.288
90	Lupae	33	0	1	1	11.288
91	disases	34	0	1	1	11.288
92	Frust	34	0	1	1	11.288
93	diuersorium	32	0	1	1	11.288
94	strumpettes	35	0	1	1	11.288
95	montans	34	0	1	1	11.288
96	censurd	32	0	1	1	11.288
97	Roisters	69	0.001	2	2	11.118
98	Callirhoe	43	0.001	1	1	10.966
99	tyller	41	0.001	1	1	10.966
100	dorh	43	0.001	1	1	10.966
101	pope-holy	43	0.001	1	1	10.966
102	Witteberg	42	0.001	1	1	10.966
103	Puncks	37	0.001	1	1	10.966
104	auanti	37	0.001	1	1	10.966
105	wheer	41	0.001	1	1	10.966
106	quattro	140	0.002	3	1	10.785
107	S'hart	52	0.001	1	1	10.703
108	Murdresse	45	0.001	1	1	10.703
109	Selk	47	0.001	1	1	10.703
110	smotest	48	0.001	1	1	10.703
111	inganno	49	0.001	1	1	10.703
112	Searlet	46	0.001	1	1	10.703
113	34.26	49	0.001	1	1	10.703
114	snee	48	0.001	1	1	10.703
115	Cuckold-maker	47	0.001	1	1	10.703
116	Hak.	47	0.001	1	1	10.703
117	deuotes	49	0.001	1	1	10.703
118	plaing	46	0.001	1	1	10.703
119	Madianite	47	0.001	1	1	10.703
120	Bau	95	0.001	2	1	10.703
121	Feesi	47	0.001	1	1	10.703
122	demes	60	0.001	1	1	10.48
123	sonno	114	0.001	2	1	10.48
124	Festinus	54	0.001	1	1	10.48
125	yeerelie	68	0.001	1	1	10.288
126	Elst	65	0.001	1	1	10.288
127	Pandors	62	0.001	1	1	10.288
128	Soluat	67	0.001	1	1	10.288
129	bavin	65	0.001	1	1	10.288
130	piglia	68	0.001	1	1	10.288
131	Seriants	65	0.001	1	1	10.288
132	Baud	767	0.01	12	9	10.288
133	buggerers	139	0.002	2	2	10.2
134	Puncke	73	0.001	1	1	10.118
135	detestati	69	0.001	1	1	10.118
136	Gosh	76	0.001	1	1	10.118
137	catil.	69	0.001	1	1	10.118
138	sheel	69	0.001	1	1	10.118
139	Edome	72	0.001	1	1	10.118
140	disloialty	76	0.001	1	1	10.118
141	consumd	74	0.001	1	1	10.118
142	tradeth	80	0.001	1	1	9.966
143	38.4.	80	0.001	1	1	9.966
144	bordell	79	0.001	1	1	9.966
145	plaguy	78	0.001	1	1	9.966
146	not-withstanding	81	0.001	1	1	9.966
147	busked	90	0.001	1	1	9.828
148	Gulles	86	0.001	1	1	9.828
149	matutino	92	0.001	1	1	9.828
150	negotiators	88	0.001	1	1	9.828
151	Insooth	95	0.001	1	1	9.703
152	matutine	94	0.001	1	1	9.703
153	Subt	190	0.002	2	1	9.703
154	Dog-daies	98	0.001	1	1	9.703
155	stomaco	93	0.001	1	1	9.703
156	Sthenelus	96	0.001	1	1	9.703
157	Bbl	106	0.001	1	1	9.587
158	Hypocrita	107	0.001	1	1	9.587
159	Chau	218	0.003	2	1	9.533
160	roysters	216	0.003	2	2	9.533
161	abhominati	213	0.003	2	2	9.533
162	Phis	109	0.001	1	1	9.48
163	heast	113	0.001	1	1	9.48
164	Pander	805	0.01	7	6	9.437
165	strolling	123	0.002	1	1	9.381
166	Standley	119	0.002	1	1	9.381
167	Hogs-heads	124	0.002	1	1	9.381
168	23.27	248	0.003	2	2	9.334
169	concubynes	127	0.002	1	1	9.288
170	atis.	130	0.002	1	1	9.288
171	satiat	132	0.002	1	1	9.288
172	Vlis	125	0.002	1	1	9.288
173	housekeepers	132	0.002	1	1	9.288
174	Circean	135	0.002	1	1	9.2
175	straps	138	0.002	1	1	9.2
176	ably	139	0.002	1	1	9.2
177	Babilons	136	0.002	1	1	9.2
178	wiving	134	0.002	1	1	9.2
179	Babylonicall	136	0.002	1	1	9.2
180	sordide	146	0.002	1	1	9.118
181	horse-leach	145	0.002	1	1	9.118
182	Ramage	143	0.002	1	1	9.118
183	spick	141	0.002	1	1	9.118
184	bawdery	144	0.002	1	1	9.118
185	Sherte	150	0.002	1	1	9.04
186	pandars	149	0.002	1	1	9.04
187	Chip	608	0.008	4	1	9.04
188	monger	153	0.002	1	1	9.04
189	Panders	464	0.006	3	3	9.015
190	brothel-house	157	0.002	1	1	8.966
191	sties	162	0.002	1	1	8.966
192	impudentlie	163	0.002	1	1	8.966
193	deckings	157	0.002	1	1	8.966
194	deput	162	0.002	1	1	8.966
195	silthy	169	0.002	1	1	8.895
196	Baynton	175	0.002	1	1	8.828
197	meane-while	178	0.002	1	1	8.828
198	fleer	180	0.002	1	1	8.828
199	tendrels	177	0.002	1	1	8.828
200	Brothels	180	0.002	1	1	8.828
201	bisogna	181	0.002	1	1	8.764
202	fresche	183	0.002	1	1	8.764
203	lupa	184	0.002	1	1	8.764
204	trulls	181	0.002	1	1	8.764
205	Acca	183	0.002	1	1	8.764
206	Iezabels	181	0.002	1	1	8.764
207	Theyle	194	0.002	1	1	8.703
208	vtcunque	196	0.002	1	1	8.703
209	VENVS	195	0.002	1	1	8.703
210	Babylons	987	0.012	5	3	8.667
211	quouis	198	0.003	1	1	8.644
212	bawds	1844	0.023	9	9	8.612
213	purpled	209	0.003	1	1	8.587
214	Steple	417	0.005	2	1	8.587
215	somwhere	208	0.003	1	1	8.587
216	anco	220	0.003	1	1	8.533
217	Brad	443	0.006	2	1	8.506
218	Pasquils	222	0.003	1	1	8.48
219	ryotous	230	0.003	1	1	8.43
220	arrand	229	0.003	1	1	8.43
221	Wolfish	230	0.003	1	1	8.43
222	stews	2587	0.032	11	5	8.412
223	cloistered	469	0.006	2	1	8.405
224	selt	239	0.003	1	1	8.381
225	piace	238	0.003	1	1	8.381
226	nick-names	242	0.003	1	1	8.381
227	Bradley	495	0.006	2	1	8.334
228	virilis	253	0.003	1	1	8.288
229	proiected	253	0.003	1	1	8.288
230	Cut-purse	258	0.003	1	1	8.288
231	Calmest	256	0.003	1	1	8.288
232	23.17	259	0.003	1	1	8.288
233	Agamemnons	254	0.003	1	1	8.288
234	17.16.	255	0.003	1	1	8.288
235	shauelings	260	0.003	1	1	8.288
236	faythlesse	263	0.003	1	1	8.243
237	citato.	269	0.003	1	1	8.2
238	wakening	270	0.003	1	1	8.2
239	break-fast	275	0.003	1	1	8.2
240	Babil	279	0.004	1	1	8.158
241	pandar	282	0.004	1	1	8.158
242	strayes	284	0.004	1	1	8.158
243	Shees	580	0.007	2	2	8.118
244	bawd	2878	0.036	10	10	8.118
245	Mitred	287	0.004	1	1	8.118
246	Bots	289	0.004	1	1	8.118
247	Thamesis	292	0.004	1	1	8.118
248	17.5.	581	0.007	2	2	8.098
249	Babilon	5325	0.067	18	12	8.08
250	pocky	594	0.007	2	2	8.078
251	exponed	299	0.004	1	1	8.078
252	unshamefast	294	0.004	1	1	8.078
253	19.2.	299	0.004	1	1	8.078
254	overworn	297	0.004	1	1	8.078
255	Charibdis	308	0.004	1	1	8.04
256	pocks	618	0.008	2	2	8.021
257	17.2.	314	0.004	1	1	8.002
258	20.4.	310	0.004	1	1	8.002
259	21.9.	311	0.004	1	1	8.002
260	Fortun	310	0.004	1	1	8.002
261	Babels	948	0.012	3	1	7.99
262	17.4.	323	0.004	1	1	7.966
263	sportful	324	0.004	1	1	7.966
264	Vrganda	325	0.004	1	1	7.93
265	18.2.	331	0.004	1	1	7.93
266	whoremaster	337	0.004	1	1	7.895
267	Iezabel	1348	0.017	4	4	7.895
268	VVard	339	0.004	1	1	7.895
269	Ston	336	0.004	1	1	7.895
270	Whoremonger	678	0.009	2	2	7.878
271	stincke	342	0.004	1	1	7.861
272	vncleanesse	345	0.004	1	1	7.861
273	Babylon	38888	0.486	111	58	7.836
274	Gelli	349	0.004	1	1	7.828
275	701	350	0.004	1	1	7.828
276	hyre	1435	0.018	4	4	7.804
277	censureth	361	0.005	1	1	7.796
278	Lactant	358	0.005	1	1	7.796
279	Beadles	360	0.005	1	1	7.796
280	strumpet	3285	0.041	9	8	7.778
281	besot	372	0.005	1	1	7.764
282	solacing	372	0.005	1	1	7.764
283	Cittyes	366	0.005	1	1	7.764
284	whorish	1842	0.023	5	5	7.764
285	Uicar	379	0.005	1	1	7.733
286	meno	381	0.005	1	1	7.703
287	675	388	0.005	1	1	7.703
288	Welt	389	0.005	1	1	7.673
289	Salust.	395	0.005	1	1	7.673
290	wasteful	784	0.01	2	2	7.673
291	arrant	1596	0.02	4	4	7.651
292	17.6.	397	0.005	1	1	7.644
293	Punk	404	0.005	1	1	7.644
294	roughs	404	0.005	1	1	7.644
295	quelli	404	0.005	1	1	7.644
296	Courtesans	1216	0.015	3	2	7.625
297	petticoats	416	0.005	1	1	7.587
298	Farina	414	0.005	1	1	7.587
299	Lax	844	0.011	2	1	7.573
300	Ramping	427	0.005	1	1	7.56
301	Ganymede	424	0.005	1	1	7.56
302	fornications	1721	0.022	4	4	7.54
303	receauer	430	0.005	1	1	7.533
304	Stoke	884	0.011	2	1	7.506
305	surfeits	1332	0.017	3	3	7.498
306	Troyes	889	0.011	2	1	7.493
307	prostituting	452	0.006	1	1	7.48
308	Theodora	1369	0.017	3	1	7.455
309	tyeth	458	0.006	1	1	7.455
310	Ashton	1396	0.017	3	1	7.43
311	17.1.	463	0.006	1	1	7.43
312	TIB	942	0.012	2	1	7.405
313	reat	470	0.006	1	1	7.405
314	meretrix	474	0.006	1	1	7.405
315	Heathenisme	470	0.006	1	1	7.405
316	Thamar	1424	0.018	3	3	7.397
317	skirts	2878	0.036	6	2	7.381
318	Epigram.	481	0.006	1	1	7.381
319	FLAM	479	0.006	1	1	7.381
320	adulteress	1919	0.024	4	3	7.381
321	Electra	486	0.006	1	1	7.357
322	Sappho	500	0.006	1	1	7.334
323	sham	1495	0.019	3	1	7.326
324	1530	516	0.006	1	1	7.288
325	domes	510	0.006	1	1	7.288
326	Colliers	516	0.006	1	1	7.288
327	hee'le	522	0.007	1	1	7.265
328	some-times	524	0.007	1	1	7.265
329	Colo	524	0.007	1	1	7.265
330	etc.	519	0.007	1	1	7.265
331	RON	531	0.007	1	1	7.243
332	Egregious	1584	0.02	3	3	7.243
333	chalked	530	0.007	1	1	7.243
334	whore	20634	0.258	39	15	7.241
335	sei	536	0.007	1	1	7.222
336	Babylon.	534	0.007	1	1	7.222
337	tinkers	545	0.007	1	1	7.2
338	fiddlers	1087	0.014	2	2	7.2
339	7.22.	551	0.007	1	1	7.179
340	noue	551	0.007	1	1	7.179
341	17.7.	551	0.007	1	1	7.179
342	Coach-man	549	0.007	1	1	7.179
343	yond	549	0.007	1	1	7.179
344	dome	3321	0.042	6	4	7.176
345	Churchman	564	0.007	1	1	7.158
346	Norff	570	0.007	1	1	7.138
347	strumpets	1159	0.015	2	2	7.108
348	gulls	585	0.007	1	1	7.098
349	CET	1174	0.015	2	2	7.088
350	Dubito	589	0.007	1	1	7.078
351	15.4.	604	0.008	1	1	7.059
352	mossy	603	0.008	1	1	7.059
353	Iesabel	602	0.008	1	1	7.059
354	to't	603	0.008	1	1	7.059
355	eing	598	0.008	1	1	7.059
356	adulterer	4237	0.053	7	6	7.048
357	scuffle	608	0.008	1	1	7.04
358	shameless	6711	0.084	11	10	7.036
359	sig	4901	0.061	8	1	7.03
360	12.4.	620	0.008	1	1	7.021
361	Apocalips	623	0.008	1	1	7.002
362	Apocal.	1266	0.016	2	2	6.984
363	Foist	632	0.008	1	1	6.984
364	prostituted	1269	0.016	2	2	6.975
365	17.4	642	0.008	1	1	6.966
366	Cara	642	0.008	1	1	6.966
367	Kate	1290	0.016	2	1	6.957
368	Beach	652	0.008	1	1	6.948
369	carding	645	0.008	1	1	6.948
370	Carthusian	658	0.008	1	1	6.93
371	Harlots	5276	0.066	8	6	6.924
372	fore-head	2008	0.025	3	3	6.901
373	soldiars	672	0.008	1	1	6.895
374	frigida	681	0.009	1	1	6.878
375	weddings	679	0.009	1	1	6.878
376	swaggering	689	0.009	1	1	6.861
377	Megara	694	0.009	1	1	6.845
378	Gardiners	703	0.009	1	1	6.828
379	7.9.	707	0.009	1	1	6.828
380	scarlet	9179	0.115	13	12	6.825
381	varlets	709	0.009	1	1	6.812
382	Babylonish	2911	0.036	4	4	6.78
383	ruffian	735	0.009	1	1	6.764
384	Anacreon	740	0.009	1	1	6.764
385	Mantuan	734	0.009	1	1	6.764
386	malapert	737	0.009	1	1	6.764
387	Babylonian	2956	0.037	4	4	6.76
388	Grammarian	1485	0.019	2	2	6.749
389	13.4.	741	0.009	1	1	6.749
390	ch'	750	0.009	1	1	6.733
391	Babel	9790	0.122	13	7	6.732
392	hiring	760	0.01	1	1	6.718
393	victuallers	770	0.01	1	1	6.703
394	soothing	779	0.01	1	1	6.688
395	locust	774	0.01	1	1	6.688
396	dicing	785	0.01	1	1	6.673
397	Aul	785	0.01	1	1	6.673
398	brace	1591	0.02	2	2	6.651
399	hire	8785	0.11	11	10	6.646
400	Ione	804	0.01	1	1	6.644
401	tyrannised	817	0.01	1	1	6.615
402	Questa	826	0.01	1	1	6.601
403	3.3	3339	0.042	4	3	6.584
404	discoverers	846	0.011	1	1	6.56
405	mortgaged	851	0.011	1	1	6.56
406	kepeth	846	0.011	1	1	6.56
407	shelf	845	0.011	1	1	6.56
408	sanctitatis	853	0.011	1	1	6.546
409	3.3.	1739	0.022	2	2	6.526
410	played	11334	0.142	13	12	6.521
411	sled	871	0.011	1	1	6.52
412	Paramour	878	0.011	1	1	6.506
413	Prouer.	888	0.011	1	1	6.493
414	Mol	891	0.011	1	1	6.493
415	abjured	1792	0.022	2	2	6.48
416	insatiate	894	0.011	1	1	6.48
417	whoremongers	1796	0.022	2	2	6.48
418	filthines	1803	0.023	2	2	6.474
419	Iehoram	902	0.011	1	1	6.468
420	surmounting	904	0.011	1	1	6.468
421	hunts	1820	0.023	2	2	6.461
422	Cobblers	911	0.011	1	1	6.455
423	muttering	909	0.011	1	1	6.455
424	Apoc	918	0.012	1	1	6.442
425	sits	23190	0.29	25	16	6.431
426	decking	927	0.012	1	1	6.43
427	Epitaphs	937	0.012	1	1	6.417
428	purple	18224	0.228	19	14	6.383
429	Tamar	995	0.012	1	1	6.334
430	Distaff	1002	0.013	1	1	6.322
431	Iudaea	2003	0.025	2	1	6.322
432	plaid	4003	0.05	4	4	6.322
433	Flora	2078	0.026	2	2	6.265
434	Helen	2091	0.026	2	2	6.26
435	laps	1058	0.013	1	1	6.243
436	Russian	1061	0.013	1	1	6.232
437	scratch	2144	0.027	2	2	6.222
438	ransack	1088	0.014	1	1	6.2
439	carter	2182	0.027	2	2	6.195
440	Courtesan	1103	0.014	1	1	6.179
441	Griffin	1114	0.014	1	1	6.169
442	Apologists	1113	0.014	1	1	6.169
443	Epig.	2233	0.028	2	2	6.164
444	Fairies	1122	0.014	1	1	6.158
445	priuilegio	1135	0.014	1	1	6.138
446	cibo	1134	0.014	1	1	6.138
447	treasuries	1138	0.014	1	1	6.138
448	misshapen	1145	0.014	1	1	6.128
449	crabbed	1153	0.014	1	1	6.118
450	rogue	6990	0.087	6	4	6.103
451	Dra	1172	0.015	1	1	6.098
452	desolate	12933	0.162	11	9	6.089
453	Aston	1175	0.015	1	1	6.088
454	fir	1177	0.015	1	1	6.088
455	gild	1181	0.015	1	1	6.078
456	Russ	1192	0.015	1	1	6.069
457	cavilling	1191	0.015	1	1	6.069
458	Parasite	1198	0.015	1	1	6.059
459	spouses	1203	0.015	1	1	6.059
460	FLA	1211	0.015	1	1	6.049
461	forehead	12159	0.152	10	9	6.041
462	LEECH	1220	0.015	1	1	6.04
463	deuell	1230	0.015	1	1	6.021
464	monopolies	1234	0.015	1	1	6.021
465	bitch	1244	0.016	1	1	6.012
466	Senex	1244	0.016	1	1	6.012
467	ight	2517	0.031	2	1	5.993
468	quelle	1254	0.016	1	1	5.993
469	GROIN	1258	0.016	1	1	5.993
470	Anti-christ	1261	0.016	1	1	5.984
471	allures	1275	0.016	1	1	5.975
472	arrayed	3816	0.048	3	3	5.975
473	succeded	1277	0.016	1	1	5.966
474	discoverer	1292	0.016	1	1	5.957
475	hed	1292	0.016	1	1	5.957
476	soundest	1298	0.016	1	1	5.948
477	Oyster	1314	0.016	1	1	5.93
478	civitas	1309	0.016	1	1	5.93
479	thriving	2636	0.033	2	2	5.926
480	Ethnic	1318	0.017	1	1	5.921
481	envies	2650	0.033	2	2	5.917
482	hackney	1328	0.017	1	1	5.913
483	Ruffians	1326	0.017	1	1	5.913
484	Cuckold	2667	0.033	2	2	5.908
485	exemptions	1334	0.017	1	1	5.904
486	whats	2675	0.033	2	2	5.904
487	gorgeous	2688	0.034	2	2	5.895
488	Taverns	2699	0.034	2	2	5.891
489	incontinence	1354	0.017	1	1	5.887
490	concubines	4078	0.051	3	3	5.881
491	Littleton	2767	0.035	2	1	5.853
492	brags	2791	0.035	2	2	5.841
493	ken	2811	0.035	2	2	5.832
494	Aethiopians	1407	0.018	1	1	5.828
495	selfe	1407	0.018	1	1	5.828
496	jugglers	1418	0.018	1	1	5.82
497	Cans	1426	0.018	1	1	5.812
498	dalliance	1431	0.018	1	1	5.804
499	LV	1444	0.018	1	1	5.796
500	Gentility	1448	0.018	1	1	5.788
501	complexions	2917	0.036	2	1	5.78
502	deceives	4413	0.055	3	3	5.767
503	credits	1472	0.018	1	1	5.764
504	transforming	1481	0.019	1	1	5.756
505	longo	1481	0.019	1	1	5.756
506	pene	1489	0.019	1	1	5.749
507	paltry	1506	0.019	1	1	5.733
508	inhabitant	3014	0.038	2	1	5.729
509	cudgel	1509	0.019	1	1	5.725
510	Ezec.	1520	0.019	1	1	5.718
511	gamesters	1523	0.019	1	1	5.718
512	Huntingdon	1546	0.019	1	1	5.695
513	squires	1550	0.019	1	1	5.688
514	Palmerin	1557	0.02	1	1	5.68
515	Insula	1565	0.02	1	1	5.673
516	fickle	3168	0.04	2	1	5.658
517	worshipper	1595	0.02	1	1	5.651
518	masked	1635	0.02	1	1	5.615
519	Rogero	1632	0.02	1	1	5.615
520	Chapt.	3271	0.041	2	1	5.612
521	FEE-SIMPLE	1643	0.021	1	1	5.608
522	Prou.	8310	0.104	5	5	5.59
523	husb	1665	0.021	1	1	5.587
524	Reu.	3351	0.042	2	1	5.577
525	strengths	1683	0.021	1	1	5.573
526	deceiving	5099	0.064	3	3	5.558
527	multorum	1716	0.021	1	1	5.546
528	'hem	1711	0.021	1	1	5.546
529	drudgery	1722	0.022	1	1	5.54
530	enticed	3439	0.043	2	2	5.54
531	Angeli	1746	0.022	1	1	5.52
532	adulterous	3504	0.044	2	2	5.513
533	Revel	21061	0.263	12	9	5.511
534	Charon	1762	0.022	1	1	5.506
535	Hag	1766	0.022	1	1	5.5
536	opprobrious	1778	0.022	1	1	5.493
537	Minos	1795	0.022	1	1	5.48
538	bolder	1796	0.022	1	1	5.48
539	thrift	1809	0.023	1	1	5.468
540	peerless	1823	0.023	1	1	5.455
541	Lechery	3660	0.046	2	2	5.452
542	Cerberus	1833	0.023	1	1	5.449
543	Harlot	9167	0.115	5	5	5.449
544	whores	5508	0.069	3	2	5.446
545	fawn	1837	0.023	1	1	5.442
546	Apoc.	11083	0.139	6	6	5.437
547	waxen	1850	0.023	1	1	5.436
548	Witch	9245	0.116	5	5	5.436
549	tyrannise	1873	0.023	1	1	5.417
550	nel	1881	0.024	1	1	5.411
551	gull	1888	0.024	1	1	5.405
552	hoard	1895	0.024	1	1	5.399
553	sociable	1895	0.024	1	1	5.399
554	hampton	1895	0.024	1	1	5.399
555	benumbed	1916	0.024	1	1	5.387
556	Badges	1924	0.024	1	1	5.381
557	Vermilion	1928	0.024	1	1	5.375
558	Syon	1931	0.024	1	1	5.375
559	Lambeth	1928	0.024	1	1	5.375
560	Dews	1939	0.024	1	1	5.369
561	clip	1933	0.024	1	1	5.369
562	flatters	1941	0.024	1	1	5.363
563	Vulcan	3887	0.049	2	1	5.363
564	l'	5856	0.073	3	1	5.357
565	deluding	1964	0.025	1	1	5.351
566	Apocalypse	3947	0.049	2	1	5.342
567	whoredoms	1981	0.025	1	1	5.339
568	Sono	1988	0.025	1	1	5.334
569	bers	1984	0.025	1	1	5.334
570	dishonest	6002	0.075	3	3	5.322
571	impudent	12093	0.151	6	5	5.311
572	snuff	2050	0.026	1	1	5.288
573	Maiden	6187	0.077	3	3	5.278
574	wink	4136	0.052	2	2	5.274
575	Marcellinus	2075	0.026	1	1	5.271
576	lure	2079	0.026	1	1	5.265
577	thief	23047	0.288	11	11	5.256
578	sleeve	2112	0.026	1	1	5.243
579	detested	4228	0.053	2	2	5.243
580	entice	4278	0.053	2	2	5.227
581	Cloisters	2143	0.027	1	1	5.222
582	foil	4299	0.054	2	2	5.219
583	Sophia	2152	0.027	1	1	5.216
584	rides	4321	0.054	2	2	5.211
585	drunkard	6511	0.081	3	3	5.206
586	sci	2175	0.027	1	1	5.2
587	gallantly	2181	0.027	1	1	5.2
588	beseeming	2182	0.027	1	1	5.195
589	Bed-chamber	2195	0.027	1	1	5.19
590	Swan	4395	0.055	2	1	5.187
591	famished	2203	0.028	1	1	5.184
592	banqueting	2202	0.028	1	1	5.184
593	ith	4421	0.055	2	1	5.179
594	knave	8870	0.111	4	4	5.174
595	Apo.	2232	0.028	1	1	5.164
596	rampant	2244	0.028	1	1	5.158
597	ide	2263	0.028	1	1	5.143
598	hate	65701	0.821	29	21	5.143
599	SATIRE	2307	0.029	1	1	5.118
600	rife	2309	0.029	1	1	5.118
601	piss	2312	0.029	1	1	5.113
602	mocks	2314	0.029	1	1	5.113
603	annal	2322	0.029	1	1	5.108
604	laments	2326	0.029	1	1	5.103
605	Roan	2337	0.029	1	1	5.098
606	certo	2340	0.029	1	1	5.098
607	mercenary	4683	0.059	2	2	5.095
608	Grecian	9382	0.117	4	3	5.093
609	contends	2343	0.029	1	1	5.093
610	cancelled	2362	0.03	1	1	5.083
611	buys	2372	0.03	1	1	5.078
612	fornication	14235	0.178	6	6	5.077
613	drunken	11882	0.148	5	5	5.074
614	Dau	2388	0.03	1	1	5.069
615	mints	2393	0.03	1	1	5.064
616	Trim	4802	0.06	2	2	5.059
617	stumbled	2431	0.03	1	1	5.04
618	wipe	7298	0.091	3	3	5.04
619	wallow	2438	0.031	1	1	5.035
620	Conti	2476	0.031	1	1	5.016
621	Bachelor	2474	0.031	1	1	5.016
622	Hound	2485	0.031	1	1	5.012
623	horned	2489	0.031	1	1	5.007
624	resent	2493	0.031	1	1	5.007
625	wedlock	5013	0.063	2	1	4.998
626	Whoredom	7526	0.094	3	2	4.996
627	videatur	2517	0.031	1	1	4.993
628	swears	7600	0.095	3	3	4.981
629	Ioane	2539	0.032	1	1	4.979
630	customers	2545	0.032	1	1	4.975
631	Ieremie	5090	0.064	2	2	4.975
632	Romes	5130	0.064	2	2	4.964
633	terminus	2577	0.032	1	1	4.957
634	dissolute	5161	0.065	2	2	4.955
635	enticing	2596	0.032	1	1	4.948
636	Crocodile	2605	0.033	1	1	4.943
637	brazen	10407	0.13	4	2	4.943
638	repelled	2629	0.033	1	1	4.93
639	knaves	5254	0.066	2	2	4.93
640	smother	2628	0.033	1	1	4.93
641	beast	81566	1.019	31	15	4.927
642	exalting	2631	0.033	1	1	4.926
643	Dee	2650	0.033	1	1	4.917
644	display	5310	0.066	2	2	4.915
645	marred	2667	0.033	1	1	4.908
646	abominations	10678	0.133	4	4	4.906
647	Parlour	2678	0.034	1	1	4.9
648	railed	2685	0.034	1	1	4.9
649	204	2681	0.034	1	1	4.9
650	wed	5405	0.068	2	2	4.889
651	amplified	2713	0.034	1	1	4.883
652	gangrene	2729	0.034	1	1	4.874
653	Tush	2736	0.034	1	1	4.87
654	whoring	2742	0.034	1	1	4.866
655	infamous	11020	0.138	4	4	4.86
656	matrons	2766	0.035	1	1	4.853
657	crew	8469	0.106	3	3	4.826
658	accompanies	2828	0.035	1	1	4.824
659	Plymouth	2842	0.036	1	1	4.816
660	performs	5696	0.071	2	1	4.812
661	hug	2849	0.036	1	1	4.812
662	Butcher	2859	0.036	1	1	4.808
663	Sergius	2869	0.036	1	1	4.804
664	Stow	2889	0.036	1	1	4.792
665	abhorring	2902	0.036	1	1	4.784
666	recall	5820	0.073	2	1	4.782
667	tumbling	2926	0.037	1	1	4.772
668	Greke	2929	0.037	1	1	4.772
669	gauge	2936	0.037	1	1	4.768
670	las	2947	0.037	1	1	4.764
671	faced	2948	0.037	1	1	4.764
672	Lordly	2953	0.037	1	1	4.76
673	painted	23662	0.296	8	8	4.758
674	Crust	2975	0.037	1	1	4.749
675	bathing	2983	0.037	1	1	4.745
676	stakes	2993	0.037	1	1	4.741
677	Capt	8989	0.112	3	1	4.74
678	Ames	3008	0.038	1	1	4.733
679	gaming	3021	0.038	1	1	4.729
680	ragged	3017	0.038	1	1	4.729
681	beggary	3028	0.038	1	1	4.725
682	enchantments	3037	0.038	1	1	4.722
683	181	3043	0.038	1	1	4.718
684	Coaches	3043	0.038	1	1	4.718
685	kneeled	3058	0.038	1	1	4.71
686	squire	6126	0.077	2	2	4.708
687	laughs	3075	0.038	1	1	4.703
688	Proclaims	3074	0.038	1	1	4.703
689	Armenians	3103	0.039	1	1	4.688
690	dice	6226	0.078	2	2	4.684
691	ast	3134	0.039	1	1	4.673
692	pollute	3138	0.039	1	1	4.673
693	importune	3148	0.039	1	1	4.669
694	dregs	6317	0.079	2	2	4.664
695	thieves	22285	0.278	7	4	4.652
696	lucky	3186	0.04	1	1	4.651
697	unchaste	3200	0.04	1	1	4.644
698	unsatisfied	3210	0.04	1	1	4.64
699	Rams	3216	0.04	1	1	4.637
700	nakedness	9651	0.121	3	3	4.637
701	83.	3226	0.04	1	1	4.633
702	drunk	35533	0.444	11	9	4.631
703	healths	3230	0.04	1	1	4.63
704	descry	3254	0.041	1	1	4.619
705	174	3264	0.041	1	1	4.615
706	Albion	3266	0.041	1	1	4.615
707	fewer	9844	0.123	3	2	4.608
708	uncivil	3289	0.041	1	1	4.605
709	winters	3340	0.042	1	1	4.584
710	Prodigality	3344	0.042	1	1	4.58
711	renounced	6702	0.084	2	2	4.579
712	Russell	3357	0.042	1	1	4.577
713	Mist	10075	0.126	3	1	4.575
714	Cozen	3380	0.042	1	1	4.567
715	divorced	3378	0.042	1	1	4.567
716	concubine	3397	0.042	1	1	4.56
717	graceless	3413	0.043	1	1	4.553
718	playing	10275	0.128	3	3	4.546
719	factors	3437	0.043	1	1	4.543
720	Henricus	3438	0.043	1	1	4.54
721	Communis	3459	0.043	1	1	4.533
722	extortion	3485	0.044	1	1	4.523
723	swayed	3487	0.044	1	1	4.52
724	ditch	10469	0.131	3	3	4.52
725	filthiness	10515	0.131	3	3	4.513
726	marry	38694	0.483	11	10	4.508
727	patet	3529	0.044	1	1	4.503
728	clients	3539	0.044	1	1	4.5
729	figured	7080	0.089	2	1	4.498
730	Hateful	10655	0.133	3	3	4.494
731	Strains	3562	0.045	1	1	4.49
732	vne	3563	0.045	1	1	4.49
733	pulling	7151	0.089	2	2	4.485
734	described	42932	0.536	12	6	4.484
735	Insult	3586	0.045	1	1	4.48
736	84.	3627	0.045	1	1	4.464
737	Idolatrous	14523	0.181	4	4	4.463
738	giddy	3649	0.046	1	1	4.455
739	tolerate	3668	0.046	1	1	4.449
740	impudently	3698	0.046	1	1	4.436
741	Calf	11111	0.139	3	3	4.434
742	Hunting	14846	0.186	4	4	4.431
743	compares	7453	0.093	2	2	4.425
744	frost	7484	0.094	2	2	4.419
745	costly	11277	0.141	3	2	4.412
746	Mercer	3762	0.047	1	1	4.411
747	Helena	3775	0.047	1	1	4.405
748	PAP	3784	0.047	1	1	4.402
749	rascal	3785	0.047	1	1	4.402
750	filthy	30299	0.379	8	8	4.402
751	forgo	3806	0.048	1	1	4.393
752	fragments	3811	0.048	1	1	4.393
753	VIT	7616	0.095	2	1	4.393
754	play	61168	0.764	16	14	4.388
755	tempts	3862	0.048	1	1	4.372
756	consume	19326	0.242	5	5	4.372
757	silks	3896	0.049	1	1	4.36
758	sells	3915	0.049	1	1	4.354
759	Pluto	3953	0.049	1	1	4.339
760	incestuous	3954	0.049	1	1	4.339
761	corrupts	3974	0.05	1	1	4.334
762	rect	3967	0.05	1	1	4.334
763	Bastards	3979	0.05	1	1	4.331
764	woo	3978	0.05	1	1	4.331
765	Chalice	4028	0.05	1	1	4.313
766	puritan	4033	0.05	1	1	4.31
767	reprehended	4037	0.05	1	1	4.31
768	matchless	4042	0.051	1	1	4.308
769	descriptions	4060	0.051	1	1	4.302
770	marries	4061	0.051	1	1	4.302
771	purse	16277	0.203	4	4	4.298
772	suburbs	8156	0.102	2	1	4.295
773	Ierem.	4126	0.052	1	1	4.279
774	fits	16510	0.206	4	4	4.277
775	Lustful	4133	0.052	1	1	4.276
776	riot	8272	0.103	2	2	4.275
777	poisoned	12446	0.156	3	2	4.27
778	players	4154	0.052	1	1	4.268
779	ugly	8331	0.104	2	2	4.264
780	Trojan	4173	0.052	1	1	4.263
781	savours	4180	0.052	1	1	4.26
782	pi	4201	0.053	1	1	4.252
783	wrestle	4215	0.053	1	1	4.246
784	reviled	4228	0.053	1	1	4.243
785	Qual	4234	0.053	1	1	4.241
786	adventured	4242	0.053	1	1	4.238
787	protesting	4251	0.053	1	1	4.235
788	Kin	17056	0.213	4	1	4.23
789	erst	4270	0.053	1	1	4.23
790	Hospital	8600	0.107	2	2	4.219
791	indulgent	4309	0.054	1	1	4.216
792	Sly	4313	0.054	1	1	4.214
793	prefers	4321	0.054	1	1	4.211
794	spends	4330	0.054	1	1	4.208
795	deck	4329	0.054	1	1	4.208
796	stale	4338	0.054	1	1	4.206
797	whenas	4341	0.054	1	1	4.206
798	sirrah	4365	0.055	1	1	4.198
799	buckler	4371	0.055	1	1	4.195
800	Sergeants	4379	0.055	1	1	4.192
801	usurer	4393	0.055	1	1	4.187
802	whereinto	4395	0.055	1	1	4.187
803	apparelled	4398	0.055	1	1	4.187
804	plays	17593	0.22	4	4	4.186
805	anni	4404	0.055	1	1	4.184
806	beggar	8945	0.112	2	1	4.161
807	tragical	4479	0.056	1	1	4.158
808	discharging	4492	0.056	1	1	4.156
809	usurping	4491	0.056	1	1	4.156
810	tormenting	4522	0.057	1	1	4.146
811	Spittle	4536	0.057	1	1	4.141
812	bewail	9117	0.114	2	2	4.134
813	revile	4565	0.057	1	1	4.133
814	op	4574	0.057	1	1	4.13
815	17.	83120	1.039	18	10	4.115
816	effeminate	4666	0.058	1	1	4.1
817	embracing	9401	0.118	2	2	4.089
818	Eclipsed	4703	0.059	1	1	4.088
819	hired	9416	0.118	2	2	4.088
820	profaned	4710	0.059	1	1	4.088
821	dr	9464	0.118	2	2	4.081
822	Lactantius	4730	0.059	1	1	4.081
823	Sixtus	4735	0.059	1	1	4.078
824	sucked	4736	0.059	1	1	4.078
825	Tobacco	9488	0.119	2	2	4.077
826	dunghill	4743	0.059	1	1	4.076
827	boys	14311	0.179	3	3	4.069
828	Countess	9549	0.119	2	2	4.067
829	corrupting	4784	0.06	1	1	4.064
830	scurvy	4826	0.06	1	1	4.052
831	Rome	271183	3.388	56	31	4.047
832	masculine	4862	0.061	1	1	4.042
833	velvet	4856	0.061	1	1	4.042
834	funerals	4870	0.061	1	1	4.04
835	flattering	9757	0.122	2	2	4.036
836	nostrils	9776	0.122	2	2	4.034
837	oppressors	4931	0.062	1	1	4.021
838	adultery	24714	0.309	5	5	4.017
839	poisonous	4944	0.062	1	1	4.016
840	circa	9894	0.124	2	1	4.016
841	passengers	4981	0.062	1	1	4.007
842	rogues	5001	0.063	1	1	4
843	detected	5017	0.063	1	1	3.995
844	abandon	10068	0.126	2	2	3.991
845	160	5050	0.063	1	1	3.986
846	Antichrist	50530	0.631	10	8	3.986
847	plagued	5100	0.064	1	1	3.973
848	adulterers	5137	0.064	1	1	3.961
849	coloured	10332	0.129	2	2	3.953
850	linked	5190	0.065	1	1	3.948
851	significant	5185	0.065	1	1	3.948
852	lovingly	5212	0.065	1	1	3.941
853	defy	5226	0.065	1	1	3.937
854	finest	5244	0.066	1	1	3.932
855	strives	5260	0.066	1	1	3.928
856	strangled	5256	0.066	1	1	3.928
857	purer	5259	0.066	1	1	3.928
858	entreaty	5321	0.067	1	1	3.911
859	beautified	5350	0.067	1	1	3.904
860	detestable	10704	0.134	2	2	3.903
861	Hood	5353	0.067	1	1	3.902
862	gallants	5377	0.067	1	1	3.895
863	tolerated	5375	0.067	1	1	3.895
864	hawks	5379	0.067	1	1	3.895
865	widow	21540	0.269	4	4	3.894
866	partially	5392	0.067	1	1	3.891
867	robes	10833	0.135	2	1	3.886
868	darling	5419	0.068	1	1	3.885
869	occupy	5453	0.068	1	1	3.876
870	tolerable	10937	0.137	2	2	3.872
871	troth	5489	0.069	1	1	3.866
872	ds	5503	0.069	1	1	3.861
873	't	11120	0.139	2	2	3.848
874	formality	5567	0.07	1	1	3.845
875	furies	5605	0.07	1	1	3.837
876	throats	5620	0.07	1	1	3.832
877	Nuns	5658	0.071	1	1	3.822
878	hounds	5657	0.071	1	1	3.822
879	murderers	11345	0.142	2	2	3.819
880	Mer	5689	0.071	1	1	3.814
881	steel	11392	0.142	2	1	3.813
882	Maist	17147	0.214	3	2	3.808
883	presuming	5718	0.071	1	1	3.808
884	vassals	5714	0.071	1	1	3.808
885	blasphemous	11428	0.143	2	1	3.808
886	abominable	22990	0.287	4	4	3.8
887	Jer	23150	0.289	4	3	3.79
888	committing	11606	0.145	2	2	3.786
889	proudly	5842	0.073	1	1	3.776
890	XXVII	5851	0.073	1	1	3.774
891	abomination	11757	0.147	2	2	3.767
892	FA	11810	0.148	2	1	3.761
893	veil	11849	0.148	2	1	3.756
894	frighted	5925	0.074	1	1	3.756
895	filth	11883	0.149	2	2	3.751
896	Hark	5947	0.074	1	1	3.75
897	Puritans	5981	0.075	1	1	3.743
898	Ware	12046	0.151	2	2	3.732
899	hunt	12065	0.151	2	2	3.73
900	cup	48330	0.604	8	7	3.728
901	deem	6043	0.076	1	1	3.727
902	MON	18249	0.228	3	1	3.718
903	Exeunt	12174	0.152	2	2	3.717
904	stink	6090	0.076	1	1	3.716
905	infect	6100	0.076	1	1	3.714
906	tempting	6108	0.076	1	1	3.712
907	youthful	6171	0.077	1	1	3.697
908	Hierarchy	6183	0.077	1	1	3.695
909	contrive	6209	0.078	1	1	3.688
910	prostrate	6239	0.078	1	1	3.682
911	suggestions	6262	0.078	1	1	3.677
912	sowed	6293	0.079	1	1	3.669
913	therewithal	6336	0.079	1	1	3.658
914	livings	6392	0.08	1	1	3.646
915	Friar	12819	0.16	2	1	3.642
916	Damnation	32064	0.401	5	3	3.642
917	Rev.	51328	0.641	8	3	3.641
918	bewitched	6431	0.08	1	1	3.638
919	Comedy	6476	0.081	1	1	3.628
920	swine	12952	0.162	2	1	3.628
921	students	6548	0.082	1	1	3.612
922	syllable	6553	0.082	1	1	3.61
923	blush	13133	0.164	2	2	3.607
924	ink	6606	0.083	1	1	3.599
925	detestation	6614	0.083	1	1	3.598
926	greedy	13232	0.165	2	2	3.597
927	fiftly	6621	0.083	1	1	3.596
928	dispense	13245	0.166	2	2	3.595
929	stealing	6657	0.083	1	1	3.587
930	repenting	6657	0.083	1	1	3.587
931	whipped	6660	0.083	1	1	3.587
932	daughters	40010	0.5	6	6	3.585
933	striking	6712	0.084	1	1	3.575
934	despite	13448	0.168	2	2	3.573
935	lovers	26913	0.336	4	4	3.573
936	Phoebus	6740	0.084	1	1	3.57
937	wanton	20242	0.253	3	3	3.568
938	attendants	6755	0.084	1	1	3.567
939	forlorn	6805	0.085	1	1	3.556
940	Dragons	6883	0.086	1	1	3.54
941	tha	6903	0.086	1	1	3.536
942	Proverbs	6913	0.086	1	1	3.533
943	liberally	6929	0.087	1	1	3.529
944	57.	6936	0.087	1	1	3.528
945	qu'il	6952	0.087	1	1	3.525
946	Emblem	6983	0.087	1	1	3.52
947	rival	7012	0.088	1	1	3.513
948	peculiarly	7015	0.088	1	1	3.513
949	drunkards	7021	0.088	1	1	3.511
950	fist	7028	0.088	1	1	3.51
951	Heathenish	7043	0.088	1	1	3.506
952	mistress	42310	0.529	6	5	3.505
953	oftener	7075	0.088	1	1	3.5
954	Ha	28655	0.358	4	2	3.482
955	augment	7169	0.09	1	1	3.48
956	wives	57399	0.717	8	8	3.48
957	Commentary	7188	0.09	1	1	3.477
958	maintains	7229	0.09	1	1	3.469
959	inflict	7264	0.091	1	1	3.461
960	Neptune	7330	0.092	1	1	3.449
961	laity	7349	0.092	1	1	3.445
962	Commune	7351	0.092	1	1	3.445
963	shameful	14747	0.184	2	2	3.441
964	lap	7378	0.092	1	1	3.439
965	entangled	7389	0.092	1	1	3.438
966	Goat	7386	0.092	1	1	3.438
967	scorned	7420	0.093	1	1	3.431
968	ducats	7478	0.093	1	1	3.42
969	virginity	7524	0.094	1	1	3.411
970	becometh	7573	0.095	1	1	3.402
971	authorized	7582	0.095	1	1	3.4
972	honest	83801	1.047	11	11	3.393
973	staying	7629	0.095	1	1	3.391
974	permitted	30542	0.382	4	2	3.39
975	arrogance	7646	0.096	1	1	3.388
976	unusual	7667	0.096	1	1	3.384
977	wife	214853	2.684	28	17	3.383
978	murdering	7679	0.096	1	1	3.382
979	painting	7700	0.096	1	1	3.378
980	withered	7711	0.096	1	1	3.376
981	naked	46459	0.58	6	6	3.37
982	odious	23239	0.29	3	3	3.369
983	husbands	30992	0.387	4	4	3.369
984	tear	15500	0.194	2	2	3.368
985	recreation	7766	0.097	1	1	3.366
986	stripped	7820	0.098	1	1	3.355
987	Band	15714	0.196	2	1	3.349
988	nu	7900	0.099	1	1	3.341
989	Aeneas	7910	0.099	1	1	3.339
990	joins	7933	0.099	1	1	3.335
991	woman	183598	2.294	23	21	3.326
992	keeps	40024	0.5	5	4	3.322
993	hedge	8009	0.1	1	1	3.32
994	pick	8026	0.1	1	1	3.318
995	Hostess	8115	0.101	1	1	3.302
996	Baal	8157	0.102	1	1	3.295
997	price	57392	0.717	7	6	3.287
998	penny	16458	0.206	2	2	3.282
999	openly	41440	0.518	5	3	3.272
1000	Alex	8301	0.104	1	1	3.27
1001	curiously	8315	0.104	1	1	3.267
1002	strings	8377	0.105	1	1	3.256
1003	impediment	8393	0.105	1	1	3.253
1004	Revelation	41988	0.525	5	5	3.253
1005	clad	8414	0.105	1	1	3.25
1006	sports	8466	0.106	1	1	3.241
1007	termed	25438	0.318	3	3	3.239
1008	dross	8493	0.106	1	1	3.237
1009	seat	51212	0.64	6	5	3.229
1010	aboard	8546	0.107	1	1	3.227
1011	rent	42785	0.535	5	3	3.226
1012	Ram	8617	0.108	1	1	3.215
1013	lots	8708	0.109	1	1	3.2
1014	kiss	26340	0.329	3	2	3.188
1015	damnable	17583	0.22	2	2	3.186
1016	unexpected	8797	0.11	1	1	3.186
1017	plains	8832	0.11	1	1	3.18
1018	magnificence	8848	0.111	1	1	3.178
1019	grain	17694	0.221	2	2	3.177
1020	habit	35431	0.443	4	4	3.176
1021	expounds	8875	0.111	1	1	3.173
1022	steed	8886	0.111	1	1	3.171
1023	deformed	8948	0.112	1	1	3.161
1024	steal	17906	0.224	2	2	3.16
1025	paint	8989	0.112	1	1	3.155
1026	fashions	9013	0.113	1	1	3.151
1027	Dragon	18054	0.226	2	2	3.148
1028	hie	9054	0.113	1	1	3.144
1029	powered	9056	0.113	1	1	3.144
1030	enters	18257	0.228	2	2	3.132
1031	leading	18263	0.228	2	2	3.132
1032	crossed	9149	0.114	1	1	3.129
1033	drown	9177	0.115	1	1	3.124
1034	subtle	36810	0.46	4	2	3.121
1035	proud	73660	0.92	8	7	3.12
1036	quoth	36867	0.461	4	3	3.118
1037	overthrow	36900	0.461	4	3	3.117
1038	conversant	9246	0.116	1	1	3.114
1039	waters	83222	1.04	9	8	3.114
1040	likelihood	9249	0.116	1	1	3.113
1041	diminished	9251	0.116	1	1	3.113
1042	bearing	37031	0.463	4	1	3.112
1043	adhere	9298	0.116	1	1	3.105
1044	stays	9340	0.117	1	1	3.099
1045	tricks	9354	0.117	1	1	3.097
1046	judging	18760	0.234	2	2	3.093
1047	flat	18766	0.235	2	2	3.092
1048	richly	9389	0.117	1	1	3.092
1049	Hist.	18785	0.235	2	2	3.091
1050	closely	9419	0.118	1	1	3.087
1051	Roman	141472	1.768	15	13	3.085
1052	disposing	9453	0.118	1	1	3.082
1053	Benefices	9458	0.118	1	1	3.081
1054	46.	9502	0.119	1	1	3.075
1055	deluded	9504	0.119	1	1	3.075
1056	abhor	19419	0.243	2	2	3.043
1057	hills	29127	0.364	3	3	3.043
1058	Exit	19436	0.243	2	2	3.042
1059	censured	9756	0.122	1	1	3.036
1060	feeds	9833	0.123	1	1	3.026
1061	whereon	19704	0.246	2	2	3.022
1062	furniture	9851	0.123	1	1	3.022
1063	famous	88824	1.11	9	5	3.02
1064	fo	9885	0.124	1	1	3.017
1065	Lawyer	9909	0.124	1	1	3.014
1066	Snow	19897	0.249	2	2	3.008
1067	permit	29877	0.373	3	2	3.007
1068	servile	9971	0.125	1	1	3.005
1069	Excepting	9977	0.125	1	1	3.005
1070	Sack	10141	0.127	1	1	2.981
1071	burn	40670	0.508	4	4	2.977
1072	disobedient	10184	0.127	1	1	2.975
1073	unclean	30723	0.384	3	3	2.967
1074	glories	10254	0.128	1	1	2.965
1075	agreeing	10294	0.129	1	1	2.959
1076	chaste	20646	0.258	2	2	2.955
1077	discovering	10322	0.129	1	1	2.955
1078	match	20690	0.259	2	1	2.952
1079	lusty	10354	0.129	1	1	2.95
1080	fond	20744	0.259	2	2	2.948
1081	presumptuous	10383	0.13	1	1	2.947
1082	Synagogue	10391	0.13	1	1	2.946
1083	condemnation	31282	0.391	3	3	2.94
1084	fetched	10432	0.13	1	1	2.94
1085	forsake	52263	0.653	5	5	2.937
1086	yearly	31375	0.392	3	2	2.936
1087	parson	10471	0.131	1	1	2.935
1088	abused	31590	0.395	3	3	2.926
1089	breeds	10535	0.132	1	1	2.926
1090	68	10551	0.132	1	1	2.924
1091	husband	105631	1.32	10	10	2.922
1092	slave	21201	0.265	2	2	2.916
1093	granting	10607	0.133	1	1	2.916
1094	hang	31830	0.398	3	2	2.915
1095	dost	31931	0.399	3	3	2.911
1096	facto	10681	0.133	1	1	2.906
1097	description	42949	0.537	4	4	2.898
1098	bloody	53730	0.671	5	3	2.897
1099	fie	32306	0.404	3	2	2.894
1100	numbered	10774	0.135	1	1	2.893
1101	deep	75511	0.943	7	7	2.891
1102	obstinacy	10790	0.135	1	1	2.891
1103	win	32483	0.406	3	3	2.886
1104	calais	10880	0.136	1	1	2.879
1105	pox	10902	0.136	1	1	2.876
1106	parcel	10999	0.137	1	1	2.864
1107	65	11021	0.138	1	1	2.86
1108	Theft	11086	0.139	1	1	2.852
1109	married	66560	0.832	6	5	2.851
1110	horns	22193	0.277	2	2	2.85
1111	Mars	22203	0.277	2	2	2.85
1112	notorious	22363	0.279	2	2	2.84
1113	flourished	11210	0.14	1	1	2.835
1114	Idol	22562	0.282	2	2	2.827
1115	witty	11290	0.141	1	1	2.825
1116	spouse	22595	0.282	2	2	2.825
1117	protestation	11307	0.141	1	1	2.823
1118	Answ.	11309	0.141	1	1	2.823
1119	ed	11308	0.141	1	1	2.823
1120	dim	11370	0.142	1	1	2.815
1121	advanced	34128	0.426	3	3	2.815
1122	afflict	11385	0.142	1	1	2.814
1123	prodigal	11427	0.143	1	1	2.808
1124	corners	11488	0.144	1	1	2.801
1125	prima	11491	0.144	1	1	2.8
1126	hearken	23019	0.288	2	1	2.798
1127	mother	150593	1.882	13	11	2.789
1128	twelfth	11669	0.146	1	1	2.778
1129	sitting	35270	0.441	3	3	2.767
1130	women	152987	1.911	13	11	2.766
1131	usurped	11791	0.147	1	1	2.763
1132	eke	11837	0.148	1	1	2.757
1133	laying	35626	0.445	3	3	2.753
1134	hears	23785	0.297	2	2	2.75
1135	maids	11895	0.149	1	1	2.75
1136	XVIII	11914	0.149	1	1	2.749
1137	loud	23920	0.299	2	2	2.743
1138	keep	313074	3.911	26	14	2.733
1139	Bride	12056	0.151	1	1	2.731
1140	alliance	12060	0.151	1	1	2.73
1141	describes	12069	0.151	1	1	2.729
1142	pleaseth	24152	0.302	2	1	2.729
1143	compel	12119	0.151	1	1	2.724
1144	amorous	12171	0.152	1	1	2.717
1145	Iudah	12172	0.152	1	1	2.717
1146	pledge	12190	0.152	1	1	2.715
1147	discontent	12204	0.153	1	1	2.713
1148	bastard	12394	0.155	1	1	2.692
1149	desolation	12402	0.155	1	1	2.691
1150	delicate	12414	0.155	1	1	2.689
1151	gray	12411	0.155	1	1	2.689
1152	worn	12479	0.156	1	1	2.681
1153	murderer	12581	0.157	1	1	2.669
1154	slander	12613	0.158	1	1	2.666
1155	Israell	12654	0.158	1	1	2.661
1156	Troy	12678	0.158	1	1	2.658
1157	discovered	63467	0.793	5	5	2.657
1158	blinded	12718	0.159	1	1	2.654
1159	lamentable	12732	0.159	1	1	2.652
1160	attendance	12777	0.16	1	1	2.647
1161	destruction	89423	1.117	7	4	2.647
1162	crafty	12823	0.16	1	1	2.642
1163	lodge	12832	0.16	1	1	2.641
1164	sway	12829	0.16	1	1	2.641
1165	Deuteronomy	64271	0.803	5	5	2.638
1166	sister	51618	0.645	4	4	2.633
1167	hide	38812	0.485	3	3	2.629
1168	51	25891	0.324	2	1	2.628
1169	agent	12951	0.162	1	1	2.628
1170	forsooth	12960	0.162	1	1	2.627
1171	raging	13043	0.163	1	1	2.617
1172	Lover	26112	0.326	2	2	2.616
1173	80	13074	0.163	1	1	2.614
1174	minus	13087	0.164	1	1	2.613
1175	Hosts	13174	0.165	1	1	2.603
1176	territories	13207	0.165	1	1	2.599
1177	Lev	13206	0.165	1	1	2.599
1178	departing	13235	0.165	1	1	2.596
1179	Dame	13246	0.166	1	1	2.595
1180	spent	53460	0.668	4	4	2.582
1181	Venus	26929	0.336	2	2	2.572
1182	manifestation	13497	0.169	1	1	2.568
1183	42.	13551	0.169	1	1	2.562
1184	Israel	162651	2.032	12	10	2.562
1185	coals	13558	0.169	1	1	2.561
1186	Protector	13587	0.17	1	1	2.558
1187	doctrines	40858	0.511	3	3	2.555
1188	spoils	13640	0.17	1	1	2.553
1189	Chase	13640	0.17	1	1	2.553
1190	evidently	27408	0.342	2	1	2.546
1191	lust	54865	0.686	4	4	2.545
1192	harbour	13726	0.172	1	1	2.544
1193	dares	13753	0.172	1	1	2.541
1194	fool	41266	0.516	3	3	2.541
1195	sung	13767	0.172	1	1	2.54
1196	Antichristian	13777	0.172	1	1	2.539
1197	Boy	27639	0.345	2	2	2.534
1198	Gal	55443	0.693	4	2	2.53
1199	handful	13872	0.173	1	1	2.529
1200	morrow	27739	0.347	2	1	2.529
1201	forbids	13966	0.175	1	1	2.519
1202	wisest	14043	0.175	1	1	2.511
1203	her	1811491	22.632	129	79	2.511
1204	wolves	14045	0.176	1	1	2.51
1205	Wholesome	28319	0.354	2	2	2.499
1206	subtlety	14163	0.177	1	1	2.499
1207	parable	14171	0.177	1	1	2.498
1208	supposes	14355	0.179	1	1	2.48
1209	Tomb	14393	0.18	1	1	2.476
1210	'll	158479	1.98	11	9	2.474
1211	assemblies	28871	0.361	2	2	2.471
1212	foul	43393	0.542	3	3	2.468
1213	ah	29075	0.363	2	2	2.461
1214	ipso	14545	0.182	1	1	2.46
1215	fairest	14727	0.184	1	1	2.442
1216	excused	14733	0.184	1	1	2.441
1217	Con	14750	0.184	1	1	2.44
1218	covetousness	29703	0.371	2	2	2.43
1219	publicly	29824	0.373	2	2	2.424
1220	fervent	14967	0.187	1	1	2.419
1221	Indian	14985	0.187	1	1	2.417
1222	merry	30040	0.375	2	1	2.414
1223	Lightly	15080	0.188	1	1	2.408
1224	game	15105	0.189	1	1	2.406
1225	mischiefs	15127	0.189	1	1	2.404
1226	feathers	15142	0.189	1	1	2.402
1227	loco	15190	0.19	1	1	2.397
1228	foe	15213	0.19	1	1	2.395
1229	unnatural	15260	0.191	1	1	2.391
1230	muse	15327	0.192	1	1	2.385
1231	argues	15381	0.192	1	1	2.379
1232	merchandise	15488	0.194	1	1	2.37
1233	dog	30988	0.387	2	2	2.369
1234	represent	31012	0.388	2	1	2.368
1235	58	15554	0.194	1	1	2.364
1236	mentions	15583	0.195	1	1	2.361
1237	'm	31244	0.39	2	2	2.357
1238	expound	15629	0.195	1	1	2.356
1239	judgment	235552	2.943	15	10	2.35
1240	deserts	15722	0.196	1	1	2.348
1241	drinks	15747	0.197	1	1	2.346
1242	maintain	78757	0.984	5	5	2.345
1243	eats	15783	0.197	1	1	2.342
1244	reigns	15787	0.197	1	1	2.342
1245	penitent	15876	0.198	1	1	2.334
1246	lewd	15983	0.2	1	1	2.324
1247	cries	32046	0.4	2	2	2.32
1248	're	16048	0.201	1	1	2.318
1249	fitly	16083	0.201	1	1	2.315
1250	meanest	16212	0.203	1	1	2.304
1251	she	1006738	12.578	62	47	2.301
1252	deaths	16238	0.203	1	1	2.301
1253	proclaimed	16275	0.203	1	1	2.298
1254	hereunto	16278	0.203	1	1	2.298
1255	lament	16334	0.204	1	1	2.293
1256	Sheriff	16356	0.204	1	1	2.291
1257	silly	16358	0.204	1	1	2.291
1258	sale	16370	0.205	1	1	2.29
1259	female	16395	0.205	1	1	2.288
1260	Bar	32896	0.411	2	1	2.283
1261	hatred	49444	0.618	3	3	2.28
1262	quarrel	32992	0.412	2	2	2.279
1263	impious	16500	0.206	1	1	2.279
1264	peoples	33008	0.412	2	2	2.278
1265	destroyed	66138	0.826	4	1	2.275
1266	maid	33079	0.413	2	2	2.275
1267	iniquities	16575	0.207	1	1	2.272
1268	causing	16632	0.208	1	1	2.267
1269	marks	33471	0.418	2	1	2.258
1270	col	16743	0.209	1	1	2.257
1271	lie	168129	2.101	10	8	2.251
1272	offenders	16839	0.21	1	1	2.249
1273	foretold	16838	0.21	1	1	2.249
1274	renew	16858	0.211	1	1	2.247
1275	ma	16855	0.211	1	1	2.247
1276	complained	16882	0.211	1	1	2.245
1277	hates	16898	0.211	1	1	2.244
1278	Fly	84799	1.059	5	5	2.239
1279	admired	17008	0.213	1	1	2.234
1280	cleared	17054	0.213	1	1	2.23
1281	Infidels	17053	0.213	1	1	2.23
1282	visit	34153	0.427	2	2	2.229
1283	damned	34243	0.428	2	2	2.225
1284	studies	17122	0.214	1	1	2.225
1285	ornaments	17222	0.215	1	1	2.216
1286	discerned	17249	0.216	1	1	2.214
1287	become	172873	2.16	10	8	2.211
1288	stuff	17295	0.216	1	1	2.21
1289	infected	17325	0.217	1	1	2.208
1290	Accursed	17442	0.218	1	1	2.198
1291	regiment	17461	0.218	1	1	2.196
1292	trusted	17518	0.219	1	1	2.192
1293	esteemed	52613	0.657	3	3	2.19
1294	arising	17551	0.219	1	1	2.189
1295	Gall	17567	0.22	1	1	2.188
1296	Apostasy	17588	0.22	1	1	2.186
1297	pillars	17842	0.223	1	1	2.166
1298	Catholics	17885	0.223	1	1	2.162
1299	stage	17895	0.224	1	1	2.161
1300	smooth	17906	0.224	1	1	2.16
1301	type	17907	0.224	1	1	2.16
1302	Esa	17912	0.224	1	1	2.16
1303	sport	17952	0.224	1	1	2.156
1304	trade	71989	0.899	4	3	2.153
1305	betrayed	18001	0.225	1	1	2.153
1306	virgin	54072	0.676	3	3	2.151
1307	bears	54088	0.676	3	3	2.15
1308	celebrated	18043	0.225	1	1	2.149
1309	Luther	36123	0.451	2	2	2.148
1310	defiled	18090	0.226	1	1	2.146
1311	comprehended	18167	0.227	1	1	2.139
1312	advance	36366	0.454	2	2	2.138
1313	marked	18201	0.227	1	1	2.137
1314	Clerk	18200	0.227	1	1	2.137
1315	stately	18235	0.228	1	1	2.134
1316	drunkenness	18268	0.228	1	1	2.132
1317	redeem	18342	0.229	1	1	2.125
1318	monarch	18420	0.23	1	1	2.12
1319	modest	18444	0.23	1	1	2.118
1320	minor	18443	0.23	1	1	2.118
1321	room	55576	0.694	3	2	2.111
1322	lets	18569	0.232	1	1	2.108
1323	lodging	18632	0.233	1	1	2.103
1324	Captive	18662	0.233	1	1	2.1
1325	judged	56237	0.703	3	3	2.094
1326	plagues	18774	0.235	1	1	2.092
1327	sit	131502	1.643	7	4	2.091
1328	blows	18837	0.235	1	1	2.087
1329	shame	94222	1.177	5	5	2.087
1330	adorned	18908	0.236	1	1	2.082
1331	hot	94567	1.182	5	4	2.081
1332	vile	37856	0.473	2	2	2.08
1333	Italian	18997	0.237	1	1	2.075
1334	loves	76043	0.95	4	3	2.074
1335	brave	38044	0.475	2	2	2.073
1336	overthrown	19023	0.238	1	1	2.073
1337	stranger	38063	0.476	2	2	2.072
1338	tempest	19049	0.238	1	1	2.071
1339	humbled	19062	0.238	1	1	2.07
1340	touch	57247	0.715	3	3	2.069
1341	imitation	19146	0.239	1	1	2.064
1342	common	346098	4.324	18	17	2.058
1343	lies	96467	1.205	5	5	2.053
1344	impiety	19301	0.241	1	1	2.052
1345	reprove	19294	0.241	1	1	2.052
1346	worse	96916	1.211	5	5	2.046
1347	qualities	38805	0.485	2	2	2.045
1348	Tertullian	19440	0.243	1	1	2.042
1349	forbidden	38907	0.486	2	1	2.041
1350	breasts	19504	0.244	1	1	2.037
1351	del	19504	0.244	1	1	2.037
1352	intelligence	19523	0.244	1	1	2.036
1353	habitation	19587	0.245	1	1	2.031
1354	paid	58812	0.735	3	3	2.03
1355	devils	59091	0.738	3	2	2.023
1356	embraced	19758	0.247	1	1	2.019
1357	jealous	19806	0.247	1	1	2.015
1358	wool	19852	0.248	1	1	2.012
1359	23.	59639	0.745	3	3	2.009
1360	36	39832	0.498	2	2	2.007
1361	simplicity	20072	0.251	1	1	1.995
1362	constable	20148	0.252	1	1	1.99
1363	Lent	20167	0.252	1	1	1.989
1364	counterfeit	20191	0.252	1	1	1.987
1365	fain	40564	0.507	2	2	1.981
1366	excellency	60896	0.761	3	2	1.979
1367	nere	20350	0.254	1	1	1.976
1368	converted	40728	0.509	2	2	1.975
1369	notable	40823	0.51	2	1	1.971
1370	vp	20410	0.255	1	1	1.971
1371	base	61654	0.77	3	3	1.961
1372	corner	20657	0.258	1	1	1.954
1373	"	41388	0.517	2	1	1.951
1374	tribute	20800	0.26	1	1	1.944
1375	swearing	20821	0.26	1	1	1.943
1376	great	1790493	22.37	86	36	1.943
1377	rot	20942	0.262	1	1	1.935
1378	foes	20990	0.262	1	1	1.931
1379	Es	21017	0.263	1	1	1.929
1380	seated	21058	0.263	1	1	1.926
1381	corrupt	63197	0.79	3	3	1.926
1382	unprofitable	21130	0.264	1	1	1.921
1383	mystical	21135	0.264	1	1	1.921
1384	Bellarmine	21215	0.265	1	1	1.915
1385	Politic	21242	0.265	1	1	1.914
1386	precious	85205	1.065	4	4	1.91
1387	Proverb	21331	0.267	1	1	1.908
1388	Tale	21357	0.267	1	1	1.906
1389	Hell	149518	1.868	7	5	1.906
1390	train	21461	0.268	1	1	1.899
1391	encourage	21511	0.269	1	1	1.895
1392	Wales	21702	0.271	1	1	1.883
1393	fidelity	21748	0.272	1	1	1.88
1394	compared	43800	0.547	2	1	1.87
1395	call	328774	4.108	15	11	1.869
1396	Laugh	21938	0.274	1	1	1.867
1397	Stile	21951	0.274	1	1	1.867
1398	Chair	21959	0.274	1	1	1.866
1399	jealousy	21960	0.274	1	1	1.866
1400	turned	109846	1.372	5	3	1.865
1401	tempted	22002	0.275	1	1	1.863
1402	Irish	22076	0.276	1	1	1.858
1403	knees	22165	0.277	1	1	1.853
1404	scope	22219	0.278	1	1	1.849
1405	got	88984	1.112	4	4	1.847
1406	reputation	44574	0.557	2	2	1.845
1407	17	133873	1.673	6	5	1.843
1408	Yes	44644	0.558	2	2	1.842
1409	il	44690	0.558	2	1	1.841
1410	secrets	22386	0.28	1	1	1.838
1411	di	44811	0.56	2	1	1.837
1412	eggs	22433	0.28	1	1	1.835
1413	ruled	22509	0.281	1	1	1.83
1414	boldness	22766	0.284	1	1	1.814
1415	settled	45575	0.569	2	2	1.812
1416	similitude	22791	0.285	1	1	1.812
1417	condemned	91164	1.139	4	4	1.812
1418	throne	68392	0.855	3	2	1.812
1419	indignation	22811	0.285	1	1	1.811
1420	prosper	22839	0.285	1	1	1.809
1421	admire	22861	0.286	1	1	1.808
1422	shadow	45786	0.572	2	2	1.806
1423	grown	45966	0.574	2	2	1.8
1424	appeared	69228	0.865	3	3	1.794
1425	friend	138523	1.731	6	5	1.794
1426	urged	23145	0.289	1	1	1.79
1427	obeyed	23197	0.29	1	1	1.787
1428	vice	46611	0.582	2	2	1.78
1429	showing	46685	0.583	2	2	1.778
1430	minded	23388	0.292	1	1	1.775
1431	open	187653	2.345	8	7	1.771
1432	drink	140890	1.76	6	6	1.769
1433	merchant	23511	0.294	1	1	1.768
1434	Thrown	23518	0.294	1	1	1.767
1435	Cyprian	23570	0.295	1	1	1.764
1436	dwell	70987	0.887	3	2	1.758
1437	thinks	71088	0.888	3	3	1.756
1438	dance	23697	0.296	1	1	1.756
1439	entering	23761	0.297	1	1	1.752
1440	Jew	23762	0.297	1	1	1.752
1441	offers	23765	0.297	1	1	1.752
1442	Shake	24043	0.3	1	1	1.735
1443	boast	24120	0.301	1	1	1.731
1444	earnest	48238	0.603	2	2	1.73
1445	ante	24167	0.302	1	1	1.728
1446	worst	48340	0.604	2	2	1.728
1447	whiles	24191	0.302	1	1	1.726
1448	Fox	24216	0.303	1	1	1.725
1449	decreed	24249	0.303	1	1	1.723
1450	younger	24318	0.304	1	1	1.719
1451	clock	24334	0.304	1	1	1.718
1452	pull	24362	0.304	1	1	1.716
1453	wh	48807	0.61	2	2	1.714
1454	seeks	24462	0.306	1	1	1.71
1455	young	171502	2.143	7	6	1.708
1456	became	73544	0.919	3	3	1.707
1457	spoken	147126	1.838	6	6	1.707
1458	histories	24576	0.307	1	1	1.704
1459	complaint	24586	0.307	1	1	1.703
1460	garment	24609	0.308	1	1	1.701
1461	fetch	24696	0.309	1	1	1.697
1462	woods	24782	0.31	1	1	1.692
1463	a	14471665	180.803	582	177	1.687
1464	golden	49785	0.622	2	2	1.685
1465	Angel	74694	0.933	3	1	1.685
1466	imperfect	24941	0.312	1	1	1.682
1467	companions	24999	0.312	1	1	1.679
1468	dwells	25035	0.313	1	1	1.677
1469	burnt	50113	0.626	2	2	1.676
1470	Hypocrisy	25137	0.314	1	1	1.671
1471	masters	75576	0.944	3	3	1.668
1472	treasure	50519	0.631	2	2	1.664
1473	secretly	25285	0.316	1	1	1.662
1474	properties	25319	0.316	1	1	1.661
1475	putting	50647	0.633	2	2	1.66
1476	marvel	25347	0.317	1	1	1.659
1477	smell	25352	0.317	1	1	1.659
1478	consecrated	25356	0.317	1	1	1.658
1479	Hated	25471	0.318	1	1	1.652
1480	covetous	25513	0.319	1	1	1.65
1481	?	2527462	31.577	99	50	1.649
1482	sex	25550	0.319	1	1	1.647
1483	commit	51155	0.639	2	2	1.646
1484	fellow	51208	0.64	2	2	1.644
1485	clothed	25607	0.32	1	1	1.644
1486	prophecy	51210	0.64	2	2	1.644
1487	Magistrate	51237	0.64	2	2	1.644
1488	commandments	51345	0.642	2	2	1.64
1489	kept	180349	2.253	7	5	1.635
1490	convinced	25766	0.322	1	1	1.635
1491	signification	25765	0.322	1	1	1.635
1492	Philosopher	25888	0.323	1	1	1.629
1493	suspected	25911	0.324	1	1	1.627
1494	opening	25968	0.324	1	1	1.624
1495	twenty	103869	1.298	4	4	1.624
1496	peculiar	51984	0.65	2	2	1.623
1497	Streets	26115	0.326	1	1	1.616
1498	looks	52264	0.653	2	2	1.615
1499	43	26174	0.327	1	1	1.613
1500	ass	26382	0.33	1	1	1.601
1501	entreat	26388	0.33	1	1	1.601
1502	foolish	52888	0.661	2	2	1.598
1503	wanted	26501	0.331	1	1	1.595
1504	tom	26564	0.332	1	1	1.591
1505	Popish	53150	0.664	2	1	1.591
1506	refuse	53146	0.664	2	1	1.591
1507	behaviour	26702	0.334	1	1	1.584
1508	deadly	26719	0.334	1	1	1.583
1509	Britain	26773	0.335	1	1	1.58
1510	fall	267911	3.347	10	9	1.579
1511	garments	26823	0.335	1	1	1.577
1512	modesty	26836	0.335	1	1	1.576
1513	broke	26875	0.336	1	1	1.574
1514	communicate	27013	0.338	1	1	1.567
1515	suspicion	27149	0.339	1	1	1.56
1516	daughter	108707	1.358	4	4	1.558
1517	horse	136110	1.701	5	5	1.556
1518	fol.	54629	0.683	2	1	1.551
1519	loath	27335	0.342	1	1	1.55
1520	44	27360	0.342	1	1	1.549
1521	dispose	27603	0.345	1	1	1.536
1522	undertake	27793	0.347	1	1	1.526
1523	forsaken	27796	0.347	1	1	1.526
1524	sold	55694	0.696	2	2	1.523
1525	sometime	55884	0.698	2	2	1.518
1526	slaves	28066	0.351	1	1	1.512
1527	Ecclesiae	28090	0.351	1	1	1.511
1528	woe	28149	0.352	1	1	1.508
1529	accounted	56307	0.704	2	1	1.507
1530	Followers	28164	0.352	1	1	1.507
1531	render	56345	0.704	2	2	1.506
1532	compare	28481	0.356	1	1	1.491
1533	cunning	28670	0.358	1	1	1.481
1534	Apply	57357	0.717	2	2	1.481
1535	solid	28842	0.36	1	1	1.473
1536	hole	28915	0.361	1	1	1.469
1537	borne	86876	1.085	3	2	1.467
1538	Vision	28960	0.362	1	1	1.467
1539	eat	145185	1.814	5	2	1.463
1540	house	407406	5.09	14	13	1.46
1541	keeping	58223	0.727	2	2	1.459
1542	weather	29174	0.365	1	1	1.456
1543	view	58441	0.73	2	2	1.454
1544	zealous	29282	0.366	1	1	1.451
1545	Westminster	29288	0.366	1	1	1.45
1546	cry	87922	1.099	3	3	1.449
1547	honesty	29498	0.369	1	1	1.44
1548	miracle	29540	0.369	1	1	1.438
1549	Better	443737	5.544	15	13	1.436
1550	condemn	59378	0.742	2	2	1.431
1551	term	59683	0.746	2	2	1.423
1552	rank	29920	0.374	1	1	1.42
1553	signify	59908	0.749	2	2	1.418
1554	doors	29993	0.375	1	1	1.416
1555	entertain	30000	0.375	1	1	1.416
1556	seven	120863	1.51	4	4	1.405
1557	face	181454	2.267	6	5	1.404
1558	gentlemen	60495	0.756	2	2	1.404
1559	super	30308	0.379	1	1	1.401
1560	like	1070087	13.369	35	32	1.388
1561	strike	30636	0.383	1	1	1.385
1562	Anointed	30642	0.383	1	1	1.385
1563	speeches	30693	0.384	1	1	1.383
1564	star	30709	0.384	1	1	1.382
1565	testify	30813	0.385	1	1	1.377
1566	surely	92689	1.158	3	3	1.373
1567	dream	30913	0.386	1	1	1.373
1568	Idols	30951	0.387	1	1	1.371
1569	bring	310345	3.877	10	10	1.367
1570	consumed	31042	0.388	1	1	1.367
1571	Mr	31112	0.389	1	1	1.363
1572	riches	93796	1.172	3	3	1.356
1573	else	281410	3.516	9	7	1.356
1574	terror	31309	0.391	1	1	1.354
1575	deed	62715	0.784	2	2	1.352
1576	beautiful	31363	0.392	1	1	1.352
1577	amongst	251926	3.148	8	8	1.346
1578	bringeth	31606	0.395	1	1	1.34
1579	medicine	31615	0.395	1	1	1.34
1580	fr	63238	0.79	2	2	1.34
1581	bondage	31829	0.398	1	1	1.33
1582	wished	31831	0.398	1	1	1.33
1583	presume	31879	0.398	1	1	1.328
1584	called	768363	9.6	24	18	1.322
1585	interpretation	32092	0.401	1	1	1.319
1586	dogs	32101	0.401	1	1	1.318
1587	Doubtless	32131	0.401	1	1	1.317
1588	consequently	64502	0.806	2	2	1.311
1589	upper	32317	0.404	1	1	1.308
1590	purchase	32356	0.404	1	1	1.307
1591	diligent	32533	0.407	1	1	1.299
1592	Francis	32629	0.408	1	1	1.294
1593	greatness	65345	0.816	2	1	1.293
1594	divide	32819	0.41	1	1	1.286
1595	make	1313915	16.416	40	36	1.285
1596	Wine	164447	2.055	5	5	1.283
1597	ashes	32944	0.412	1	1	1.281
1598	serves	32991	0.412	1	1	1.279
1599	endure	66031	0.825	2	2	1.278
1600	chose	33127	0.414	1	1	1.273
1601	Chapter	132959	1.661	4	1	1.268
1602	discovery	33358	0.417	1	1	1.263
1603	save	133689	1.67	4	3	1.26
1604	goes	100413	1.255	3	3	1.258
1605	whose	468798	5.857	14	14	1.257
1606	turn	167524	2.093	5	5	1.256
1607	wax	33550	0.419	1	1	1.254
1608	hazard	33564	0.419	1	1	1.254
1609	son	570683	7.13	17	11	1.254
1610	colour	100836	1.26	3	2	1.252
1611	sees	33635	0.42	1	1	1.251
1612	Fortune	101130	1.264	3	3	1.248
1613	miserable	67471	0.843	2	2	1.246
1614	Hen	33893	0.423	1	1	1.24
1615	soldier	33917	0.424	1	1	1.239
1616	triumph	33934	0.424	1	1	1.238
1617	alas	67915	0.849	2	1	1.237
1618	bred	34100	0.426	1	1	1.231
1619	Poet	34204	0.427	1	1	1.227
1620	professed	34256	0.428	1	1	1.224
1621	pleasing	34281	0.428	1	1	1.223
1622	physic	34467	0.431	1	1	1.216
1623	reproach	34657	0.433	1	1	1.208
1624	beaten	34661	0.433	1	1	1.208
1625	scorn	34703	0.434	1	1	1.206
1626	oft	69946	0.874	2	2	1.194
1627	blame	34974	0.437	1	1	1.194
1628	broad	35012	0.437	1	1	1.193
1629	Forbear	35085	0.438	1	1	1.19
1630	longer	105304	1.316	3	3	1.189
1631	calling	105619	1.32	3	3	1.185
1632	sends	35230	0.44	1	1	1.184
1633	fools	35223	0.44	1	1	1.184
1634	Fate	35533	0.444	1	1	1.172
1635	ran	35556	0.444	1	1	1.171
1636	pay	106691	1.333	3	2	1.17
1637	wrong	71272	0.89	2	2	1.167
1638	properly	71363	0.892	2	2	1.166
1639	song	35727	0.446	1	1	1.164
1640	stock	35766	0.447	1	1	1.162
1641	acknowledged	35881	0.448	1	1	1.157
1642	38	35927	0.449	1	1	1.156
1643	despair	36035	0.45	1	1	1.151
1644	hither	36037	0.45	1	1	1.151
1645	secret	108173	1.352	3	3	1.15
1646	O	541781	6.769	15	9	1.148
1647	corrupted	36122	0.451	1	1	1.148
1648	afterward	72483	0.906	2	2	1.143
1649	pleasant	72707	0.908	2	2	1.139
1650	birds	36376	0.455	1	1	1.138
1651	fail	73352	0.916	2	2	1.126
1652	meaning	110075	1.375	3	3	1.125
1653	practised	36690	0.458	1	1	1.125
1654	resolve	36730	0.459	1	1	1.124
1655	Vast	36772	0.459	1	1	1.122
1656	wealth	73703	0.921	2	2	1.119
1657	mouths	36905	0.461	1	1	1.117
1658	merchants	36943	0.462	1	1	1.115
1659	doth	963309	12.035	26	20	1.111
1660	wherewith	74362	0.929	2	2	1.106
1661	!	371996	4.648	10	5	1.105
1662	hath	1823449	22.782	49	39	1.105
1663	Jesuits	37256	0.466	1	1	1.103
1664	an	2497908	31.208	67	47	1.102
1665	spend	37287	0.466	1	1	1.102
1666	temptation	37377	0.467	1	1	1.099
1667	midst	74832	0.935	2	2	1.097
1668	numbers	37529	0.469	1	1	1.093
1669	fifty	37601	0.47	1	1	1.09
1670	quality	75538	0.944	2	2	1.084
1671	impossible	75536	0.944	2	2	1.084
1672	vengeance	37813	0.472	1	1	1.082
1673	lived	113584	1.419	3	3	1.08
1674	apparent	37871	0.473	1	1	1.08
1675	lips	38066	0.476	1	1	1.072
1676	omnes	38114	0.476	1	1	1.07
1677	vulgar	38139	0.477	1	1	1.069
1678	Host	38170	0.477	1	1	1.068
1679	houses	114523	1.431	3	1	1.068
1680	FINIS	38468	0.481	1	1	1.057
1681	18.	77389	0.967	2	2	1.049
1682	specially	38732	0.484	1	1	1.047
1683	next	271507	3.392	7	5	1.045
1684	Essay	38918	0.486	1	1	1.04
1685	fourthly	38947	0.487	1	1	1.039
1686	spare	38949	0.487	1	1	1.039
1687	teaching	39101	0.489	1	1	1.034
1688	Lordship	39217	0.49	1	1	1.029
1689	turns	39404	0.492	1	1	1.022
1690	Nor	1146191	14.32	29	24	1.018
1691	valiant	39573	0.494	1	1	1.016
1692	thy	1346327	16.821	34	22	1.015
1693	below	39611	0.495	1	1	1.015
1694	19	119133	1.488	3	2	1.011
1695	terrible	39921	0.499	1	1	1.003
1696	fashion	39934	0.499	1	1	1.003
1697	thou	1398203	17.469	35	26	1.003
1698	nought	39966	0.499	1	1	1.002
1699	names	120160	1.501	3	3	0.999
1700	ends	80149	1.001	2	2	0.998
1701	confessed	40109	0.501	1	1	0.997
1702	Castle	80430	1.005	2	2	0.993
1703	runs	40288	0.503	1	1	0.991
1704	comparison	40468	0.506	1	1	0.984
1705	go	533648	6.667	13	10	0.963
1706	priest	123560	1.544	3	3	0.959
1707	persecution	41265	0.516	1	1	0.956
1708	then	2700348	33.737	65	43	0.946
1709	Colours	41565	0.519	1	1	0.945
1710	Germany	41636	0.52	1	1	0.943
1711	Accept	41690	0.521	1	1	0.941
1712	Unknown	41827	0.523	1	1	0.936
1713	honey	41845	0.523	1	1	0.936
1714	City	377406	4.715	9	7	0.933
1715	Manners	41947	0.524	1	1	0.932
1716	Gates	42043	0.525	1	1	0.929
1717	rare	42119	0.526	1	1	0.926
1718	fact	42577	0.532	1	1	0.911
1719	cursed	42622	0.533	1	1	0.909
1720	's	1833403	22.906	43	28	0.909
1721	yield	85483	1.068	2	2	0.905
1722	deal	85541	1.069	2	2	0.904
1723	dangerous	85652	1.07	2	2	0.902
1724	wit	172149	2.151	4	2	0.895
1725	frequent	43207	0.54	1	1	0.89
1726	18	129797	1.622	3	3	0.888
1727	Night	217853	2.722	5	5	0.877
1728	28.	43571	0.544	1	1	0.877
1729	endeavours	43626	0.545	1	1	0.876
1730	spread	43759	0.547	1	1	0.871
1731	mark	131282	1.64	3	3	0.871
1732	returned	87529	1.094	2	2	0.871
1733	Ergo	43824	0.548	1	1	0.869
1734	humbly	44038	0.55	1	1	0.862
1735	Ibid.	44084	0.551	1	1	0.86
1736	terms	88303	1.103	2	2	0.858
1737	grows	44157	0.552	1	1	0.858
1738	Captain	88772	1.109	2	2	0.851
1739	gotten	44665	0.558	1	1	0.842
1740	privileges	44698	0.558	1	1	0.841
1741	neither	537051	6.71	12	10	0.839
1742	false	224466	2.804	5	5	0.834
1743	usual	44893	0.561	1	1	0.834
1744	forced	89873	1.123	2	2	0.833
1745	draw	134904	1.685	3	3	0.832
1746	Beat	45020	0.563	1	1	0.83
1747	Treatise	45102	0.564	1	1	0.828
1748	Art	315875	3.946	7	6	0.827
1749	abuse	45195	0.565	1	1	0.825
1750	tree	90586	1.132	2	2	0.822
1751	dare	135920	1.698	3	3	0.821
1752	brethren	136332	1.703	3	3	0.817
1753	begins	45496	0.568	1	1	0.815
1754	stead	45532	0.569	1	1	0.814
1755	cried	45966	0.574	1	1	0.8
1756	stay	91988	1.149	2	2	0.799
1757	old	414305	5.176	9	9	0.798
1758	whom	782727	9.779	17	15	0.798
1759	rage	46100	0.576	1	1	0.796
1760	seeing	231216	2.889	5	5	0.792
1761	merciful	46370	0.579	1	1	0.788
1762	strange	139257	1.74	3	3	0.786
1763	lands	92853	1.16	2	2	0.786
1764	flesh	279311	3.49	6	3	0.782
1765	gate	46617	0.582	1	1	0.78
1766	still	373001	4.66	8	8	0.78
1767	Saint	186918	2.335	4	3	0.776
1768	cut	140466	1.755	3	3	0.774
1769	marriage	94195	1.177	2	2	0.765
1770	judgements	47124	0.589	1	1	0.764
1771	clear	141407	1.767	3	2	0.764
1772	W.	47212	0.59	1	1	0.762
1773	rightly	47299	0.591	1	1	0.759
1774	Devil	190658	2.382	4	4	0.748
1775	d	143450	1.792	3	2	0.743
1776	beauty	95667	1.195	2	2	0.743
1777	saw	191431	2.392	4	2	0.742
1778	fury	47909	0.599	1	1	0.74
1779	warrant	48147	0.602	1	1	0.733
1780	'D	144543	1.806	3	2	0.732
1781	head	338290	4.227	7	6	0.728
1782	speaking	96859	1.21	2	2	0.725
1783	truly	193999	2.424	4	4	0.723
1784	violent	48514	0.606	1	1	0.722
1785	portion	48529	0.606	1	1	0.722
1786	Enter	145726	1.821	3	3	0.721
1787	working	48604	0.607	1	1	0.72
1788	burning	48634	0.608	1	1	0.719
1789	Priests	145909	1.823	3	3	0.719
1790	fresh	48792	0.61	1	1	0.714
1791	something	97686	1.221	2	2	0.713
1792	died	97793	1.222	2	2	0.711
1793	noted	48905	0.611	1	1	0.711
1794	London	146866	1.835	3	3	0.709
1795	noble	146938	1.836	3	3	0.709
1796	charged	49036	0.613	1	1	0.707
1797	fire	294315	3.677	6	5	0.706
1798	withal	98276	1.228	2	2	0.704
1799	rather	393402	4.915	8	8	0.703
1800	abundance	49441	0.618	1	1	0.695
1801	forget	49494	0.618	1	1	0.693
1802	id	49498	0.618	1	1	0.693
1803	shall	2624249	32.786	53	36	0.693
1804	loss	99713	1.246	2	2	0.683
1805	get	149760	1.871	3	2	0.681
1806	senses	49966	0.624	1	1	0.68
1807	servants	149996	1.874	3	3	0.679
1808	Lamb	50063	0.626	1	1	0.677
1809	suffered	100182	1.252	2	2	0.676
1810	many	1356675	16.95	27	21	0.672
1811	journey	50247	0.628	1	1	0.672
1812	Dominion	50446	0.63	1	1	0.666
1813	7.	151741	1.896	3	3	0.662
1814	posterity	50699	0.633	1	1	0.659
1815	gold	152169	1.901	3	3	0.658
1816	Catholic	101512	1.268	2	2	0.657
1817	ARM	50968	0.637	1	1	0.651
1818	exercise	102303	1.278	2	2	0.646
1819	makes	359288	4.489	7	7	0.641
1820	upon	2522161	31.511	49	29	0.637
1821	fill	51476	0.643	1	1	0.637
1822	plain	154580	1.931	3	3	0.635
1823	holiness	103065	1.288	2	2	0.635
1824	belonging	51565	0.644	1	1	0.634
1825	admitted	51831	0.648	1	1	0.627
1826	:	8018849	100.184	154	91	0.62
1827	bless	52076	0.651	1	1	0.62
1828	sign	104160	1.301	2	2	0.62
1829	believing	52233	0.653	1	1	0.616
1830	pen	52272	0.653	1	1	0.615
1831	company	157530	1.968	3	3	0.608
1832	parties	52516	0.656	1	1	0.608
1833	hid	52578	0.657	1	1	0.606
1834	promised	105333	1.316	2	2	0.604
1835	pride	105444	1.317	2	2	0.602
1836	nay	158341	1.978	3	2	0.601
1837	Fight	105643	1.32	2	2	0.6
1838	faithful	159195	1.989	3	3	0.593
1839	suddenly	53066	0.663	1	1	0.593
1840	hundred	212307	2.653	4	3	0.593
1841	instance	53150	0.664	1	1	0.591
1842	taken	481305	6.013	9	8	0.582
1843	Mouth	161086	2.013	3	3	0.576
1844	conversation	53957	0.674	1	1	0.569
1845	drawn	108352	1.354	2	2	0.563
1846	knew	162531	2.031	3	3	0.563
1847	chap	271060	3.387	5	3	0.562
1848	error	108610	1.357	2	2	0.56
1849	consequence	54571	0.682	1	1	0.553
1850	Paris	54729	0.684	1	1	0.548
1851	brings	54834	0.685	1	1	0.546
1852	hereby	55021	0.687	1	1	0.541
1853	prove	220093	2.75	4	3	0.541
1854	thereupon	55032	0.688	1	1	0.541
1855	mentioned	110171	1.376	2	2	0.539
1856	discover	55186	0.69	1	1	0.536
1857	humours	55201	0.69	1	1	0.536
1858	Henry	110662	1.383	2	1	0.533
1859	*	55385	0.692	1	1	0.531
1860	wherein	332751	4.157	6	5	0.529
1861	ordinance	55547	0.694	1	1	0.527
1862	once	277740	3.47	5	4	0.527
1863	void	55647	0.695	1	1	0.525
1864	Court	223217	2.789	4	4	0.52
1865	Satan	111662	1.395	2	2	0.52
1866	care	224334	2.803	4	3	0.513
1867	forty	56096	0.701	1	1	0.513
1868	breast	56115	0.701	1	1	0.512
1869	Thus	788750	9.854	14	14	0.507
1870	mountains	56383	0.704	1	1	0.506
1871	why	394748	4.932	7	7	0.505
1872	hard	169293	2.115	3	3	0.504
1873	Mass	56555	0.707	1	1	0.501
1874	feast	56711	0.709	1	1	0.497
1875	satisfy	56748	0.709	1	1	0.496
1876	punishment	113533	1.418	2	2	0.496
1877	swear	56939	0.711	1	1	0.491
1878	clearly	57009	0.712	1	1	0.49
1879	Idolatry	57073	0.713	1	1	0.488
1880	Master	228418	2.854	4	4	0.487
1881	folly	57369	0.717	1	1	0.481
1882	stomach	57673	0.721	1	1	0.473
1883	Arms	173309	2.165	3	3	0.47
1884	fallen	57829	0.723	1	1	0.469
1885	because	1157094	14.456	20	17	0.468
1886	persuade	57909	0.724	1	1	0.467
1887	report	58002	0.725	1	1	0.465
1888	under	696455	8.701	12	9	0.464
1889	sudden	58065	0.725	1	1	0.463
1890	perish	58343	0.729	1	1	0.456
1891	season	58435	0.73	1	1	0.454
1892	giving	117136	1.464	2	2	0.451
1893	diseases	58776	0.734	1	1	0.446
1894	English	176398	2.204	3	3	0.445
1895	hart	58913	0.736	1	1	0.442
1896	)	3126749	39.064	53	39	0.44
1897	proved	118293	1.478	2	2	0.436
1898	daily	119047	1.487	2	2	0.427
1899	allowed	59743	0.746	1	1	0.422
1900	'	59808	0.747	1	1	0.42
1901	sake	119831	1.497	2	2	0.418
1902	th	180132	2.251	3	3	0.415
1903	mans	181090	2.263	3	3	0.407
1904	revenge	60376	0.754	1	1	0.407
1905	21.	60549	0.757	1	1	0.403
1906	Kings	363629	4.543	6	5	0.401
1907	spring	60792	0.76	1	1	0.397
1908	doctrine	304623	3.806	5	5	0.394
1909	civil	121918	1.523	2	2	0.393
1910	Calls	121932	1.523	2	2	0.393
1911	change	122021	1.525	2	2	0.392
1912	substance	122160	1.526	2	2	0.39
1913	12.	122418	1.529	2	1	0.387
1914	though	1040761	13.003	17	11	0.387
1915	that	17465266	218.204	284	133	0.38
1916	arise	61558	0.769	1	1	0.379
1917	heed	61679	0.771	1	1	0.376
1918	past	123448	1.542	2	1	0.375
1919	goods	123513	1.543	2	2	0.374
1920	Sir	371184	4.637	6	6	0.372
1921	scarce	62192	0.777	1	1	0.364
1922	t	186780	2.334	3	3	0.362
1923	&#x14d;	499329	6.238	8	8	0.359
1924	with	6743369	84.249	108	74	0.358
1925	except	124877	1.56	2	2	0.358
1926	pretended	62449	0.78	1	1	0.358
1927	the	59190422	739.502	946	225	0.355
1928	Repent	62610	0.782	1	1	0.354
1929	money	188212	2.351	3	3	0.351
1930	your	2073026	25.9	33	19	0.35
1931	pity	62915	0.786	1	1	0.347
1932	depart	62947	0.786	1	1	0.347
1933	rejoice	63078	0.788	1	1	0.344
1934	is	12301699	153.693	195	93	0.343
1935	Away	504942	6.309	8	5	0.343
1936	north	63334	0.791	1	1	0.338
1937	sooner	63462	0.793	1	1	0.335
1938	betwixt	127079	1.588	2	2	0.333
1939	&	2737777	34.205	43	30	0.33
1940	am	509469	6.365	8	7	0.33
1941	3.	318523	3.98	5	4	0.329
1942	comes	255457	3.192	4	4	0.326
1943	Whilst	127767	1.596	2	2	0.325
1944	confess	127821	1.597	2	2	0.325
1945	freely	63939	0.799	1	1	0.324
1946	6.	191822	2.397	3	2	0.324
1947	You	3714542	46.408	58	29	0.322
1948	estates	64246	0.803	1	1	0.317
1949	west	64326	0.804	1	1	0.315
1950	door	64326	0.804	1	1	0.315
1951	yea	321813	4.021	5	5	0.315
1952	known	257669	3.219	4	4	0.313
1953	glorious	128843	1.61	2	2	0.313
1954	creatures	128964	1.611	2	2	0.312
1955	earth	451529	5.641	7	7	0.311
1956	g	64551	0.807	1	1	0.31
1957	live	322774	4.033	5	5	0.31
1958	absolute	64604	0.807	1	1	0.309
1959	&#x101;	258515	3.23	4	4	0.309
1960	constant	64819	0.81	1	1	0.304
1961	there	2595192	32.423	40	31	0.303
1962	On	1948583	24.345	30	26	0.301
1963	too	521045	6.51	8	6	0.297
1964	making	195439	2.442	3	3	0.297
1965	avoid	65191	0.815	1	1	0.296
1966	no	2739631	34.228	42	33	0.295
1967	former	261116	3.262	4	3	0.294
1968	.	39047260	487.841	598	164	0.294
1969	innocent	65570	0.819	1	1	0.288
1970	affirm	65605	0.82	1	1	0.287
1971	hours	65642	0.82	1	1	0.286
1972	fit	197019	2.462	3	3	0.285
1973	lying	65748	0.821	1	1	0.284
1974	State	329799	4.12	5	5	0.279
1975	Gentleman	66021	0.825	1	1	0.278
1976	ibid	66183	0.827	1	1	0.274
1977	,	97296499	1215.585	1467	294	0.271
1978	nations	132713	1.658	2	2	0.27
1979	of	39170514	489.381	588	203	0.265
1980	please	133516	1.668	2	2	0.262
1981	Prophet	133904	1.673	2	2	0.258
1982	success	67089	0.838	1	1	0.255
1983	fifth	67116	0.839	1	1	0.254
1984	language	67133	0.839	1	1	0.254
1985	number	269531	3.367	4	4	0.248
1986	Clergy	67422	0.842	1	1	0.248
1987	private	134915	1.686	2	2	0.247
1988	white	134914	1.686	2	2	0.247
1989	name	607418	7.589	9	8	0.246
1990	observe	135204	1.689	2	2	0.244
1991	outward	135202	1.689	2	2	0.244
1992	satisfied	67883	0.848	1	1	0.238
1993	soldiers	136167	1.701	2	2	0.233
1994	fair	204535	2.555	3	3	0.231
1995	twelve	68218	0.852	1	1	0.231
1996	e	136544	1.706	2	1	0.229
1997	argument	136912	1.711	2	2	0.226
1998	worship	206782	2.584	3	3	0.216
1999	now	1519152	18.98	22	13	0.213
2000	John	415725	5.194	6	3	0.208
2001	Witnesses	69349	0.866	1	1	0.207
2002	bare	69451	0.868	1	1	0.205
2003	Hence	139086	1.738	2	2	0.203
2004	Mankind	69641	0.87	1	1	0.201
2005	sons	139530	1.743	2	2	0.198
2006	take	907131	11.333	13	13	0.198
2007	Ghost	139834	1.747	2	2	0.195
2008	up	1119358	13.985	16	10	0.194
2009	5.	210462	2.629	3	3	0.19
2010	pieces	70256	0.878	1	1	0.188
2011	greater	281340	3.515	4	4	0.186
2012	l	70403	0.88	1	1	0.185
2013	si	141064	1.762	2	1	0.182
2014	stones	70601	0.882	1	1	0.181
2015	Princes	212093	2.65	3	2	0.179
2016	for	9369441	117.058	132	85	0.173
2017	choose	71078	0.888	1	1	0.171
2018	blood	426566	5.329	6	5	0.171
2019	Protestants	71207	0.89	1	1	0.169
2020	Fathers	213875	2.672	3	3	0.167
2021	utterly	71440	0.893	1	1	0.164
2022	(	3147389	39.322	44	33	0.162
2023	be	9896153	123.639	138	80	0.159
2024	wickedness	71915	0.899	1	1	0.154
2025	home	144093	1.8	2	2	0.152
2026	Double	72073	0.901	1	1	0.151
2027	courage	72091	0.901	1	1	0.151
2028	moreover	72198	0.902	1	1	0.149
2029	knows	144623	1.807	2	1	0.146
2030	forward	72541	0.906	1	1	0.142
2031	20	145215	1.814	2	2	0.141
2032	behind	73039	0.913	1	1	0.132
2033	F.	73082	0.913	1	1	0.131
2034	kingdoms	73313	0.916	1	1	0.127
2035	foot	146629	1.832	2	2	0.127
2036	out	1686345	21.069	23	17	0.127
2037	afterwards	146805	1.834	2	2	0.125
2038	bed	73593	0.919	1	1	0.121
2039	albeit	73943	0.924	1	1	0.114
2040	red	74028	0.925	1	1	0.113
2041	delivered	148308	1.853	2	2	0.11
2042	wilt	74391	0.929	1	1	0.106
2043	taking	148788	1.859	2	2	0.106
2044	require	74426	0.93	1	1	0.105
2045	ruin	74606	0.932	1	1	0.101
2046	writ	74728	0.934	1	1	0.099
2047	universal	74773	0.934	1	1	0.098
2048	or	6140246	76.714	82	55	0.096
2049	Commands	74993	0.937	1	1	0.094
2050	needs	150472	1.88	2	2	0.089
2051	necessity	150548	1.881	2	2	0.089
2052	agree	75479	0.943	1	1	0.085
2053	seen	227877	2.847	3	3	0.076
2054	Figure	76261	0.953	1	1	0.07
2055	A.	153020	1.912	2	1	0.065
2056	cast	229673	2.869	3	3	0.064
2057	practise	76565	0.957	1	1	0.064
2058	desire	306364	3.828	4	4	0.064
2059	Popes	76677	0.958	1	1	0.062
2060	will	2993503	37.4	39	32	0.06
2061	ignorance	77023	0.962	1	1	0.055
2062	First	1465032	18.304	19	12	0.054
2063	Who	2315377	28.927	30	23	0.053
2064	unless	154621	1.932	2	2	0.05
2065	children	387096	4.836	5	5	0.048
2066	misery	77670	0.97	1	1	0.043
2067	sweet	155475	1.942	2	2	0.042
2068	justly	77751	0.971	1	1	0.042
2069	prepared	77762	0.972	1	1	0.042
2070	say	1089806	13.616	14	13	0.04
2071	never	778679	9.729	10	10	0.04
2072	28	77934	0.974	1	1	0.038
2073	Visible	77964	0.974	1	1	0.038
2074	credit	77984	0.974	1	1	0.038
2075	memory	78094	0.976	1	1	0.035
2076	gain	78199	0.977	1	1	0.034
2077	and	37698224	470.987	481	183	0.03
2078	loved	78391	0.979	1	1	0.03
2079	already	157133	1.963	2	2	0.027
2080	proof	78647	0.983	1	1	0.025
2081	cruel	78662	0.983	1	1	0.025
2082	three	474878	5.933	6	5	0.016
2083	dry	79186	0.989	1	1	0.016
2084	signifies	79472	0.993	1	1	0.01
2085	followed	79683	0.996	1	1	0.007
2086	spiritual	239256	2.989	3	3	0.005
2087	wars	79970	0.999	1	1	0.001
2088	Pope	240165	3.001	3	3	-0
2089	intended	80059	1	1	1	-0
2090	virtue	240899	3.01	3	3	-0.005
2091	wise	241600	3.019	3	3	-0.009
2092	back	161359	2.016	2	2	-0.011
2093	Souls	242572	3.031	3	2	-0.015
2094	third	242706	3.032	3	3	-0.015
2095	profession	81244	1.015	1	1	-0.021
2096	entered	81333	1.016	1	1	-0.023
2097	lastly	81334	1.016	1	1	-0.023
2098	endeavour	81395	1.017	1	1	-0.024
2099	Knight	81427	1.017	1	1	-0.025
2100	sick	81507	1.018	1	1	-0.026
2101	added	81800	1.022	1	1	-0.031
2102	seek	163878	2.047	2	1	-0.034
2103	wicked	246712	3.082	3	3	-0.039
2104	told	164509	2.055	2	2	-0.039
2105	small	246878	3.084	3	3	-0.04
2106	Pet	82435	1.03	1	1	-0.043
2107	had	2740575	34.24	33	29	-0.053
2108	un	83123	1.039	1	1	-0.055
2109	Romans	83232	1.04	1	1	-0.056
2110	altogether	83475	1.043	1	1	-0.061
2111	acknowledge	83501	1.043	1	1	-0.061
2112	where	1086411	13.573	13	11	-0.062
2113	each	252025	3.149	3	3	-0.07
2114	5	338721	4.232	4	3	-0.081
2115	after	1272516	15.898	15	13	-0.084
2116	virtues	84914	1.061	1	1	-0.085
2117	their	5435041	67.903	64	43	-0.085
2118	Verse	254782	3.183	3	2	-0.085
2119	set	595126	7.435	7	7	-0.087
2120	look	255208	3.189	3	3	-0.088
2121	stands	85073	1.063	1	1	-0.088
2122	tell	255280	3.189	3	3	-0.088
2123	another	682313	8.525	8	8	-0.092
2124	most	1280269	15.995	15	14	-0.093
2125	inward	85678	1.07	1	1	-0.098
2126	I	6187300	77.302	72	40	-0.103
2127	destroy	86113	1.076	1	1	-0.106
2128	haste	258415	3.229	3	3	-0.106
2129	enjoy	86143	1.076	1	1	-0.106
2130	can	1982819	24.773	23	20	-0.107
2131	might	949632	11.864	11	9	-0.109
2132	Do	2417629	30.205	28	26	-0.109
2133	so	5366625	67.049	62	39	-0.113
2134	not	8929558	111.562	103	64	-0.115
2135	even	607522	7.59	7	7	-0.117
2136	named	86879	1.085	1	1	-0.118
2137	sight	174034	2.174	2	2	-0.121
2138	built	87141	1.089	1	1	-0.123
2139	show	349122	4.362	4	4	-0.125
2140	See	961542	12.013	11	8	-0.127
2141	parts	350458	4.379	4	4	-0.13
2142	passion	88077	1.1	1	1	-0.138
2143	leave	264688	3.307	3	3	-0.141
2144	went	264770	3.308	3	2	-0.141
2145	this	6548918	81.82	74	43	-0.145
2146	30	88541	1.106	1	1	-0.146
2147	notice	88877	1.11	1	1	-0.151
2148	down	533657	6.667	6	6	-0.152
2149	therein	178975	2.236	2	2	-0.161
2150	wrought	89617	1.12	1	1	-0.163
2151	defence	89679	1.12	1	1	-0.164
2152	Empire	90491	1.131	1	1	-0.177
2153	Thirdly	90751	1.134	1	1	-0.181
2154	easy	91240	1.14	1	1	-0.189
2155	Papists	91413	1.142	1	1	-0.192
2156	guilty	91473	1.143	1	1	-0.193
2157	Honourable	91740	1.146	1	1	-0.197
2158	Yet	1835928	22.937	20	18	-0.198
2159	my	2492426	31.139	27	19	-0.206
2160	Town	184940	2.311	2	2	-0.208
2161	laid	184949	2.311	2	2	-0.208
2162	learning	92794	1.159	1	1	-0.213
2163	want	185706	2.32	2	2	-0.214
2164	pleasure	186565	2.331	2	2	-0.221
2165	sentence	93324	1.166	1	1	-0.222
2166	should	1871070	23.376	20	18	-0.225
2167	speak	374513	4.679	4	4	-0.226
2168	ask	93732	1.171	1	1	-0.228
2169	16.	93810	1.172	1	1	-0.229
2170	history	94546	1.181	1	1	-0.24
2171	left	284479	3.554	3	1	-0.245
2172	object	94992	1.187	1	1	-0.247
2173	he	9215356	115.133	97	67	-0.247
2174	affection	95087	1.188	1	1	-0.249
2175	long	571124	7.135	6	5	-0.25
2176	bad	95210	1.19	1	1	-0.25
2177	must	1333555	16.661	14	13	-0.251
2178	per	190947	2.386	2	1	-0.254
2179	15.	95551	1.194	1	1	-0.256
2180	but	6983890	87.254	73	42	-0.257
2181	delight	95852	1.198	1	1	-0.26
2182	i.	191916	2.398	2	2	-0.262
2183	me	1731164	21.629	18	14	-0.265
2184	would	1733888	21.663	18	15	-0.267
2185	at	3182175	39.757	33	27	-0.269
2186	are	5017099	62.682	52	37	-0.27
2187	fine	96522	1.206	1	1	-0.27
2188	M.	193517	2.418	2	1	-0.274
2189	come	1165618	14.563	12	10	-0.279
2190	begin	97196	1.214	1	1	-0.28
2191	degrees	97256	1.215	1	1	-0.281
2192	battle	97585	1.219	1	1	-0.286
2193	12	195478	2.442	2	2	-0.288
2194	infinite	97821	1.222	1	1	-0.289
2195	everlasting	98162	1.226	1	1	-0.294
2196	&#x113;	491365	6.139	5	4	-0.296
2197	quod	196567	2.456	2	2	-0.296
2198	times	394191	4.925	4	4	-0.3
2199	man	1972758	24.647	20	18	-0.301
2200	worth	99043	1.237	1	1	-0.307
2201	soon	198528	2.48	2	2	-0.311
2202	Beasts	99530	1.244	1	1	-0.314
2203	few	199429	2.492	2	2	-0.317
2204	perhaps	99958	1.249	1	1	-0.321
2205	saved	100429	1.255	1	1	-0.327
2206	continue	100553	1.256	1	1	-0.329
2207	Thomas	100867	1.26	1	1	-0.334
2208	put	607656	7.592	6	4	-0.339
2209	6	304045	3.799	3	3	-0.341
2210	says	304429	3.803	3	3	-0.342
2211	proceed	101566	1.269	1	1	-0.344
2212	content	101607	1.269	1	1	-0.344
2213	express	101655	1.27	1	1	-0.345
2214	la	204980	2.561	2	2	-0.357
2215	Therefore	1231317	15.384	12	7	-0.358
2216	feet	102703	1.283	1	1	-0.36
2217	testimony	102732	1.284	1	1	-0.36
2218	slain	102937	1.286	1	1	-0.363
2219	only	1544540	19.297	15	14	-0.363
2220	by	7416468	92.659	72	44	-0.364
2221	Against	1339213	16.732	13	9	-0.364
2222	speech	103090	1.288	1	1	-0.365
2223	his	9217642	115.162	89	59	-0.372
2224	thousand	207672	2.595	2	2	-0.376
2225	suppose	104105	1.301	1	1	-0.379
2226	learn	104113	1.301	1	1	-0.379
2227	Sin	729699	9.117	7	6	-0.381
2228	poor	313465	3.916	3	3	-0.385
2229	born	104623	1.307	1	1	-0.386
2230	charity	104646	1.307	1	1	-0.387
2231	humane	105132	1.314	1	1	-0.393
2232	divers	210634	2.632	2	2	-0.396
2233	what	2320680	28.994	22	16	-0.398
2234	to	27864128	348.124	264	123	-0.399
2235	as	9292085	116.092	88	59	-0.4
2236	sayeth	633645	7.917	6	5	-0.4
2237	saying	211699	2.645	2	2	-0.403
2238	;	9536348	119.143	90	60	-0.405
2239	22	105972	1.324	1	1	-0.405
2240	declared	106222	1.327	1	1	-0.408
2241	found	426408	5.327	4	4	-0.413
2242	Nothing	640275	7.999	6	6	-0.415
2243	13.	106799	1.334	1	1	-0.416
2244	Church	1175787	14.69	11	10	-0.417
2245	add	106899	1.336	1	1	-0.417
2246	matter	427808	5.345	4	4	-0.418
2247	pure	107081	1.338	1	1	-0.42
2248	mighty	107406	1.342	1	1	-0.424
2249	made	1503973	18.79	14	13	-0.425
2250	]	429805	5.37	4	4	-0.425
2251	let	968524	12.1	9	9	-0.427
2252	manifest	107661	1.345	1	1	-0.428
2253	such	2262212	28.263	21	19	-0.429
2254	was	5179337	64.709	48	37	-0.431
2255	sound	107925	1.348	1	1	-0.431
2256	Public	215912	2.698	2	2	-0.432
2257	likewise	215998	2.699	2	2	-0.432
2258	carry	108052	1.35	1	1	-0.433
2259	free	216340	2.703	2	1	-0.435
2260	here	866663	10.828	8	8	-0.437
2261	opinion	217543	2.718	2	2	-0.442
2262	sure	217623	2.719	2	2	-0.443
2263	dear	109293	1.366	1	1	-0.449
2264	about	661900	8.27	6	6	-0.463
2265	either	552589	6.904	5	5	-0.465
2266	le	110821	1.385	1	1	-0.469
2267	together	444738	5.556	4	4	-0.474
2268	when	2343068	29.273	21	21	-0.479
2269	Prophets	111696	1.396	1	1	-0.481
2270	new	447014	5.585	4	4	-0.482
2271	equal	111972	1.399	1	1	-0.484
2272	note	111981	1.399	1	1	-0.484
2273	R.	112114	1.401	1	1	-0.486
2274	gone	112323	1.403	1	1	-0.489
2275	enough	225014	2.811	2	2	-0.491
2276	heard	225126	2.813	2	2	-0.492
2277	last	450430	5.628	4	4	-0.492
2278	less	337828	4.221	3	3	-0.493
2279	Lady	112639	1.407	1	1	-0.493
2280	caused	113016	1.412	1	1	-0.498
2281	fourth	113523	1.418	1	1	-0.504
2282	wrath	113648	1.42	1	1	-0.506
2283	3	571164	7.136	5	5	-0.513
2284	respect	229329	2.865	2	2	-0.519
2285	committed	115180	1.439	1	1	-0.525
2286	River	115702	1.446	1	1	-0.532
2287	besides	231481	2.892	2	2	-0.532
2288	11.	115752	1.446	1	1	-0.532
2289	they	6960305	86.959	60	45	-0.535
2290	members	116122	1.451	1	1	-0.537
2291	near	232787	2.908	2	2	-0.54
2292	&#x16b;	232932	2.91	2	2	-0.541
2293	did	1515759	18.937	13	12	-0.543
2294	world	932868	11.655	8	7	-0.543
2295	tongue	116704	1.458	1	1	-0.544
2296	have	4691254	58.611	40	33	-0.551
2297	unto	1880305	23.492	16	14	-0.554
2298	if	3293480	41.148	28	25	-0.555
2299	stand	235721	2.945	2	2	-0.558
2300	Gen.	118079	1.475	1	1	-0.561
2301	Follows	118360	1.479	1	1	-0.564
2302	himself	1068396	13.348	9	8	-0.569
2303	more	2262327	28.265	19	18	-0.573
2304	2.	358494	4.479	3	2	-0.578
2305	Cold	119553	1.494	1	1	-0.579
2306	Love	838220	10.472	7	7	-0.581
2307	E.	119746	1.496	1	1	-0.581
2308	send	120341	1.504	1	1	-0.588
2309	sins	361871	4.521	3	3	-0.592
2310	one	2538275	31.712	21	17	-0.595
2311	believe	363239	4.538	3	3	-0.597
2312	which	6940930	86.717	57	40	-0.605
2313	Hold	243646	3.044	2	2	-0.606
2314	given	491070	6.135	4	4	-0.617
2315	know	736780	9.205	6	6	-0.617
2316	takes	123079	1.538	1	1	-0.621
2317	day	864384	10.799	7	6	-0.626
2318	understood	125485	1.568	1	1	-0.649
2319	again	627628	7.841	5	5	-0.649
2320	in	20011385	250.015	159	88	-0.653
2321	trust	126242	1.577	1	1	-0.657
2322	oh	126299	1.578	1	1	-0.658
2323	give	758276	9.474	6	6	-0.659
2324	among	379416	4.74	3	3	-0.66
2325	till	379902	4.746	3	3	-0.662
2326	Servant	127075	1.588	1	1	-0.667
2327	carried	127788	1.597	1	1	-0.675
2328	difference	128593	1.607	1	1	-0.684
2329	him	4270811	53.358	33	25	-0.693
2330	Pleased	129448	1.617	1	1	-0.694
2331	grant	129668	1.62	1	1	-0.696
2332	sacrifice	130353	1.629	1	1	-0.704
2333	ever	652700	8.155	5	5	-0.706
2334	seed	130549	1.631	1	1	-0.706
2335	prayers	131302	1.64	1	1	-0.714
2336	brought	394377	4.927	3	3	-0.716
2337	every	1057014	13.206	8	8	-0.723
2338	happy	132157	1.651	1	1	-0.723
2339	laws	264682	3.307	2	1	-0.725
2340	means	397591	4.967	3	3	-0.727
2341	meet	132574	1.656	1	1	-0.728
2342	light	399350	4.989	3	3	-0.734
2343	10.	134546	1.681	1	1	-0.749
2344	self	948089	11.845	7	6	-0.759
2345	being	1764433	22.044	13	11	-0.762
2346	able	271961	3.398	2	2	-0.765
2347	hear	273421	3.416	2	2	-0.772
2348	Well	1096551	13.7	8	7	-0.776
2349	all	5908829	73.823	43	34	-0.78
2350	Ye	825703	10.316	6	6	-0.782
2351	said	1514302	18.919	11	10	-0.782
2352	lawful	138238	1.727	1	1	-0.788
2353	used	278736	3.482	2	2	-0.8
2354	holy	701649	8.766	5	5	-0.81
2355	[	280684	3.507	2	2	-0.81
2356	High	281250	3.514	2	1	-0.813
2357	knowledge	282458	3.529	2	2	-0.819
2358	thine	141265	1.765	1	1	-0.82
2359	praise	141937	1.773	1	1	-0.826
2360	some	1845849	23.061	13	13	-0.827
2361	Angels	142073	1.775	1	1	-0.828
2362	appears	142173	1.776	1	1	-0.829
2363	rich	142318	1.778	1	1	-0.83
2364	years	427133	5.336	3	3	-0.831
2365	actions	142378	1.779	1	1	-0.831
2366	body	712249	8.899	5	5	-0.832
2367	following	142882	1.785	1	1	-0.836
2368	showed	142959	1.786	1	1	-0.837
2369	into	1727535	21.583	12	12	-0.847
2370	Air	144042	1.8	1	1	-0.848
2371	whether	435425	5.44	3	3	-0.859
2372	1	1451762	18.138	10	7	-0.859
2373	thee	728077	9.096	5	4	-0.863
2374	hope	292642	3.656	2	2	-0.87
2375	commanded	147447	1.842	1	1	-0.881
2376	nation	148522	1.856	1	1	-0.892
2377	Notwithstanding	148685	1.858	1	1	-0.893
2378	16	148850	1.86	1	1	-0.895
2379	whence	149816	1.872	1	1	-0.904
2380	true	751380	9.387	5	5	-0.909
2381	matters	150676	1.883	1	1	-0.913
2382	indeed	301803	3.771	2	2	-0.915
2383	fell	151275	1.89	1	1	-0.918
2384	them	4855982	60.669	32	24	-0.923
2385	easily	151870	1.897	1	1	-0.924
2386	speaks	153099	1.913	1	1	-0.936
2387	danger	153644	1.92	1	1	-0.941
2388	country	310285	3.877	2	2	-0.955
2389	excellent	155285	1.94	1	1	-0.956
2390	without	1089706	13.614	7	7	-0.96
2391	office	157520	1.968	1	1	-0.977
2392	works	315242	3.939	2	2	-0.978
2393	find	472931	5.909	3	3	-0.978
2394	thoughts	158076	1.975	1	1	-0.982
2395	France	158078	1.975	1	1	-0.982
2396	Christs	158654	1.982	1	1	-0.987
2397	until	158797	1.984	1	1	-0.988
2398	were	2871299	35.873	18	17	-0.995
2399	&c	479189	5.987	3	3	-0.997
2400	case	319514	3.992	2	1	-0.997
2401	Secondly	160056	2	1	1	-1
2402	between	321208	4.013	2	2	-1.005
2403	Act	322490	4.029	2	2	-1.01
2404	right	484646	6.055	3	3	-1.013
2405	lives	161569	2.019	1	1	-1.013
2406	place	808630	10.103	5	5	-1.015
2407	2	973176	12.159	6	6	-1.019
2408	Late	162556	2.031	1	1	-1.022
2409	se	163405	2.042	1	1	-1.03
2410	hands	327530	4.092	2	2	-1.033
2411	may	2661871	33.256	16	14	-1.056
2412	living	166437	2.079	1	1	-1.056
2413	seem	166761	2.083	1	1	-1.059
2414	those	1667771	20.837	10	9	-1.059
2415	question	167153	2.088	1	1	-1.062
2416	bodies	169090	2.113	1	1	-1.079
2417	whatsoever	170245	2.127	1	1	-1.089
2418	perfect	170422	2.129	1	1	-1.09
2419	Ministers	171247	2.14	1	1	-1.097
2420	grace	516661	6.455	3	2	-1.105
2421	thereby	172833	2.159	1	1	-1.111
2422	form	173701	2.17	1	1	-1.118
2423	Queen	174640	2.182	1	1	-1.126
2424	return	177443	2.217	1	1	-1.149
2425	command	177468	2.217	1	1	-1.149
2426	within	355110	4.437	2	2	-1.149
2427	ill	177562	2.218	1	1	-1.15
2428	before	1422340	17.77	8	7	-1.151
2429	how	1244740	15.551	7	7	-1.152
2430	water	355806	4.445	2	2	-1.152
2431	Law	712338	8.9	4	4	-1.154
2432	charge	178431	2.229	1	1	-1.157
2433	joy	178769	2.234	1	1	-1.159
2434	think	539870	6.745	3	3	-1.169
2435	lib.	181181	2.264	1	1	-1.179
2436	mine	181777	2.271	1	1	-1.183
2437	beginning	182083	2.275	1	1	-1.186
2438	promise	182124	2.275	1	1	-1.186
2439	strong	182777	2.284	1	1	-1.191
2440	father	550491	6.878	3	3	-1.197
2441	Wherefore	183911	2.298	1	1	-1.2
2442	began	184715	2.308	1	1	-1.207
2443	understand	185715	2.32	1	1	-1.214
2444	written	186305	2.328	1	1	-1.219
2445	Duke	187759	2.346	1	1	-1.23
2446	any	2444028	30.535	13	10	-1.232
2447	second	377815	4.72	2	2	-1.239
2448	life	948809	11.854	5	5	-1.245
2449	end	571167	7.136	3	3	-1.25
2450	alone	190842	2.384	1	1	-1.254
2451	suffer	191145	2.388	1	1	-1.256
2452	learned	191725	2.395	1	1	-1.26
2453	gives	192161	2.401	1	1	-1.264
2454	kingdom	388117	4.849	2	2	-1.278
2455	ways	194504	2.43	1	1	-1.281
2456	Saints	194939	2.436	1	1	-1.284
2457	cause	585252	7.312	3	3	-1.285
2458	strength	196140	2.451	1	1	-1.293
2459	from	3924250	49.028	20	17	-1.294
2460	bear	196568	2.456	1	1	-1.296
2461	sort	197789	2.471	1	1	-1.305
2462	serve	198842	2.484	1	1	-1.313
2463	et	199777	2.496	1	1	-1.32
2464	done	601055	7.509	3	3	-1.324
2465	S.	403850	5.046	2	2	-1.335
2466	Age	202681	2.532	1	1	-1.34
2467	force	202958	2.536	1	1	-1.342
2468	coming	203089	2.537	1	1	-1.343
2469	religion	406309	5.076	2	2	-1.344
2470	Cor.	203716	2.545	1	1	-1.348
2471	men	1835942	22.938	9	9	-1.35
2472	also	1433690	17.912	7	7	-1.355
2473	rule	207621	2.594	1	1	-1.375
2474	9	208082	2.6	1	1	-1.378
2475	our	3333885	41.652	16	12	-1.38
2476	appear	209107	2.613	1	1	-1.385
2477	own	1256418	15.697	6	6	-1.387
2478	Emperor	209536	2.618	1	1	-1.388
2479	follow	211834	2.647	1	1	-1.404
2480	Gods	640962	8.008	3	3	-1.416
2481	innon-Latinalphabet	427513	5.341	2	2	-1.417
2482	Apostle	213865	2.672	1	1	-1.418
2483	words	643917	8.045	3	3	-1.423
2484	we	4105074	51.287	19	14	-1.433
2485	4	434750	5.432	2	2	-1.441
2486	P.	440626	5.505	2	1	-1.461
2487	especially	220705	2.757	1	1	-1.463
2488	reason	664880	8.307	3	3	-1.469
2489	others	665440	8.314	3	3	-1.471
2490	Psal.	222362	2.778	1	1	-1.474
2491	does	222564	2.781	1	1	-1.475
2492	blessed	226222	2.826	1	1	-1.499
2493	Wisdom	228022	2.849	1	1	-1.51
2494	often	229358	2.866	1	1	-1.519
2495	Good	1608969	20.102	7	6	-1.522
2496	two	926661	11.577	4	4	-1.533
2497	10	233570	2.918	1	1	-1.545
2498	Sea	233892	2.922	1	1	-1.547
2499	very	1174247	14.671	5	5	-1.553
2500	pass	235903	2.947	1	1	-1.559
2501	ground	237796	2.971	1	1	-1.571
2502	lay	238823	2.984	1	1	-1.577
2503	conscience	238823	2.984	1	1	-1.577
2504	hearts	239757	2.995	1	1	-1.583
2505	purpose	240680	3.007	1	1	-1.588
2506	much	1448309	18.095	6	5	-1.593
2507	Justice	242072	3.024	1	1	-1.597
2508	Pray	242183	3.026	1	1	-1.597
2509	further	242781	3.033	1	1	-1.601
2510	took	243304	3.04	1	1	-1.604
2511	both	976138	12.196	4	4	-1.608
2512	mean	244094	3.05	1	1	-1.609
2513	BISHOP	244304	3.052	1	1	-1.61
2514	necessary	250405	3.129	1	1	-1.645
2515	7	251211	3.139	1	1	-1.65
2516	way	756236	9.448	3	3	-1.655
2517	four	252980	3.161	1	1	-1.66
2518	enemies	253975	3.173	1	1	-1.666
2519	Faith	762492	9.526	3	3	-1.667
2520	receive	254239	3.176	1	1	-1.667
2521	it	11231693	140.324	44	34	-1.673
2522	dead	259219	3.239	1	1	-1.695
2523	truth	521766	6.519	2	2	-1.705
2524	could	808277	10.098	3	3	-1.751
2525	been	1095200	13.683	4	4	-1.774
2526	whereof	279030	3.486	1	1	-1.802
2527	heart	559805	6.994	2	2	-1.806
2528	just	281045	3.511	1	1	-1.812
2529	These	1985969	24.812	7	7	-1.826
2530	die	284558	3.555	1	1	-1.83
2531	sense	285637	3.569	1	1	-1.835
2532	eyes	285959	3.573	1	1	-1.837
2533	gave	290757	3.633	1	1	-1.861
2534	Lord	1459090	18.229	5	4	-1.866
2535	c	292350	3.653	1	1	-1.869
2536	people	885047	11.057	3	2	-1.882
2537	thing	892670	11.153	3	3	-1.894
2538	&c.	299097	3.737	1	1	-1.902
2539	book	299396	3.741	1	1	-1.903
2540	authority	299886	3.747	1	1	-1.906
2541	other	2103223	26.277	7	7	-1.908
2542	while	300747	3.757	1	1	-1.91
2543	Christian	303553	3.793	1	1	-1.923
2544	nature	607747	7.593	2	2	-1.925
2545	several	304872	3.809	1	1	-1.929
2546	land	307074	3.837	1	1	-1.94
2547	l.	308378	3.853	1	1	-1.946
2548	England	309285	3.864	1	1	-1.95
2549	kind	310094	3.874	1	1	-1.954
2550	us	2216337	27.69	7	6	-1.984
2551	least	319491	3.992	1	1	-1.997
2552	has	321926	4.022	1	1	-2.008
2553	off	323311	4.039	1	1	-2.014
2554	Scripture	324647	4.056	1	1	-2.02
2555	order	331304	4.139	1	1	-2.049
2556	general	331599	4.143	1	1	-2.051
2557	full	343239	4.288	1	1	-2.1
2558	God	4174430	52.154	12	11	-2.12
2559	sent	348162	4.35	1	1	-2.121
2560	year	352165	4.4	1	1	-2.137
2561	thought	352735	4.407	1	1	-2.14
2562	death	707920	8.845	2	2	-2.145
2563	above	357391	4.465	1	1	-2.159
2564	evil	357919	4.472	1	1	-2.161
2565	Person	366738	4.582	1	1	-2.196
2566	certain	370843	4.633	1	1	-2.212
2567	Christ	1858951	23.225	5	5	-2.216
2568	word	751485	9.389	2	2	-2.231
2569	themselves	761621	9.515	2	2	-2.25
2570	present	383135	4.787	1	1	-2.259
2571	persons	384539	4.804	1	1	-2.264
2572	days	393520	4.917	1	1	-2.298
2573	rest	396125	4.949	1	1	-2.307
2574	de	804522	10.051	2	1	-2.329
2575	fear	406154	5.074	1	1	-2.343
2576	ought	406522	5.079	1	1	-2.345
2577	mind	407887	5.096	1	1	-2.349
2578	forth	410791	5.132	1	1	-2.36
2579	same	1256120	15.694	3	3	-2.387
2580	work	425644	5.318	1	1	-2.411
2581	things	1357990	16.966	3	3	-2.5
2582	thereof	458302	5.726	1	1	-2.517
2583	hand	471988	5.897	1	1	-2.56
2584	came	478712	5.981	1	1	-2.58
2585	according	502781	6.282	1	1	-2.651
2586	heaven	503504	6.291	1	1	-2.653
2587	whole	534092	6.673	1	1	-2.738
2588	over	545201	6.812	1	1	-2.768
2589	soul	555660	6.942	1	1	-2.795
2590	use	603174	7.536	1	1	-2.914
2591	little	624322	7.8	1	1	-2.963
2592	King	1308410	16.347	2	2	-3.031
2593	spirit	654859	8.182	1	1	-3.032
2594	power	776557	9.702	1	1	-3.278
2595	Part	827721	10.341	1	1	-3.37
2596	than	940786	11.754	1	1	-3.555
2597	time	1426900	17.827	1	1	-4.156
2598	Kepthe	3	0	1	1	n/a
2599	lenocinating	1	0	1	1	n/a
2600	Vsher-like	2	0	1	1	n/a
2601	him-sefe	3	0	1	1	n/a
2602	Raynera	3	0	1	1	n/a
2603	subberbian	1	0	1	1	n/a
2604	ill-dors	1	0	1	1	n/a
2605	ckold	1	0	1	1	n/a
2606	Conny-catcht	4	0	1	1	n/a
2607	atttired	1	0	1	1	n/a
2608	Libiduis	3	0	1	1	n/a
2609	cocubines	4	0	1	1	n/a
2610	sucke-blood	1	0	1	1	n/a
2611	Mutford.	1	0	1	1	n/a
2612	brazen-fac'et	1	0	1	1	n/a
2613	flesh-seller	1	0	1	1	n/a
2614	sanguin-coloured	1	0	1	1	n/a
2615	Charatza	3	0	1	1	n/a
2616	Turnebole-streete	1	0	1	1	n/a
2617	volpeggiando	2	0	1	1	n/a
2618	osseruauan	1	0	1	1	n/a
2619	merchancts	1	0	1	1	n/a
2620	Yeatton	1	0	1	1	n/a
2621	Keynell	4	0	1	1	n/a
2622	otkens.	1	0	1	1	n/a
2623	to'you	1	0	1	1	n/a
2624	baggadg	3	0	1	1	n/a
2625	Ferrests	1	0	1	1	n/a
2626	For'his	2	0	1	1	n/a
2627	Gnisippus	1	0	1	1	n/a
2628	pisse'hem	1	0	1	1	n/a
2629	pleasd'	4	0	1	1	n/a
2630	whore-Nunnes	1	0	1	1	n/a
2631	ro'ten	1	0	1	1	n/a
2632	rtieth	1	0	1	1	n/a
2633	th'osteria	1	0	1	1	n/a
2634	brkerage	1	0	1	1	n/a
2635	Cockatrize	1	0	1	1	n/a
2636	Heauens-Queene	1	0	1	1	n/a
2637	prophetiz	2	0	1	1	n/a
2638	Auentius	3	0	1	1	n/a
2639	Menandros	2	0	1	1	n/a
2640	Ienocinating	1	0	1	1	n/a
2641	bewty	2	0	1	1	n/a
2642	leawdeof	1	0	1	1	n/a
2643	Egiale	4	0	1	1	n/a
2644	hithershe	1	0	1	1	n/a
2645	stickering	4	0	1	1	n/a
2646	Beasbearer	1	0	1	1	n/a
2647	most.	2	0	1	1	n/a
2648	floars	3	0	1	1	n/a
2649	golden-purple	1	0	1	1	n/a
2650	pocche	2	0	1	1	n/a
2651	douean	1	0	1	1	n/a
2652	Cowfeild	3	0	1	1	n/a
2653	whit-lyuerd	1	0	1	1	n/a
2654	avute	1	0	1	1	n/a
2655	Keuyll	2	0	1	1	n/a
2656	pareuan	1	0	1	1	n/a
2657	descripti-	3	0	1	1	n/a
2658	fagoot	1	0	1	1	n/a
2659	adultrat	1	0	1	1	n/a
2660	Daphitas	4	0	2	2	n/a
2661	Rev-17.4.	1	0	1	1	n/a
2662	th'Israelitish	1	0	1	1	n/a
2663	Cattilines	1	0	1	1	n/a
2664	Shalborne	3	0	1	1	n/a
2665	Cylleborus	3	0	1	1	n/a
2666	Babylon-Rome	2	0	1	1	n/a
2667	17.3.6.	1	0	1	1	n/a
2668	Paot	1	0	1	1	n/a
2669	Phisick-doctor	1	0	1	1	n/a
2670	cojur	1	0	1	1	n/a
2671	SVRLY	1	0	1	1	n/a
2672	Schoenicole	1	0	1	1	n/a
2673	Tinhead	3	0	1	1	n/a
2674	Vowe.	1	0	1	1	n/a
2675	wanton-touch	1	0	1	1	n/a
2676	Apoalop.	1	0	1	1	n/a
2677	publike-professed	1	0	1	1	n/a
2678	Zilid	1	0	1	1	n/a
2679	nell'olio	1	0	1	1	n/a
