https://cqpweb.lancs.ac.uk/eebov3/concordance.php?pp=1&theData=%7Bwhore%2FN%7D&qmode=sq_nocase&del=begin%26t%3D-%7Cyear%7E1610%26t%3D-%7Cyear%7E1611%26t%3D-%7Cyear%7E1612%26t%3D-%7Cyear%7E1613%26t%3D-%7Cyear%7E1614%26t%3D-%7Cyear%7E1615%26t%3D-%7Cyear%7E1616%26t%3D-%7Cyear%7E1617%26t%3D-%7Cyear%7E1618%26t%3D-%7Cyear%7E1619&del=end&uT=yThere are 2,616 different words in your collocation database for "[lemma="(whore)_SUBST"%c]". (Your query "{whore/N}", restricted to texts meeting criteria "<em>year</em>: <em>1610</em> or <em>1611</em> or <em>1612</em> or <em>1613</em> or <em>1614</em> or <em>1615</em> or <em>1616</em> or <em>1617</em> or <em>1618</em> or <em>1619</em>",  returned 1,435 matches in 321 different texts)  
__________________

No.	Word	Total no. in whole corpus	Expected collocate frequency	Observed collocate frequency	In no. of texts	Mutual information value

1	baster	11	0	1	1	13.288
2	Fructifier	9	0	1	1	13.288
3	Seuington	5	0	1	1	13.288
4	WEL-TRI	12	0	1	1	13.288
5	fulnsse	11	0	1	1	13.288
6	mercabilis	5	0	1	1	13.288
7	Tibornes	6	0	1	1	13.288
8	Smalshanke	8	0	1	1	13.288
9	Oleasters	9	0	1	1	13.288
10	vuoto	6	0	1	1	13.288
11	Southweeke	12	0	1	1	13.288
12	nethermore	9	0	1	1	13.288
13	Titcombe	5	0	1	1	13.288
14	Z'oones	9	0	1	1	13.288
15	drippingpan	7	0	1	1	13.288
16	17.5.6	8	0	1	1	13.288
17	Pict-hatch	6	0	1	1	13.288
18	fizes	15	0	2	1	13.288
19	Rauran	5	0	1	1	13.288
20	garden-pot	7	0	1	1	13.288
21	Well-tri	5	0	1	1	13.288
22	infiora	5	0	1	1	13.288
23	bowling-alleys	10	0	1	1	13.288
24	himhimselfe	18	0	2	2	13.288
25	Hyene	12	0	1	1	13.288
26	flexable	11	0	1	1	13.288
27	frigge	5	0	1	1	13.288
28	conuengano	7	0	1	1	13.288
29	d'otto	7	0	1	1	13.288
30	free-bred	8	0	1	1	13.288
31	uermore	12	0	1	1	13.288
32	Prisse	6	0	1	1	13.288
33	purchs	7	0	1	1	13.288
34	hostolano	5	0	1	1	13.288
35	cosned	6	0	1	1	13.288
36	whorekeepers	8	0	1	1	13.288
37	acccursed	5	0	1	1	13.288
38	Bewailling	5	0	1	1	13.288
39	17.4.5	11	0	1	1	13.288
40	outfacings	6	0	1	1	13.288
41	th'embraces	13	0	1	1	12.288
42	diece	15	0	1	1	12.288
43	preceder	17	0	1	1	12.288
44	yongmans	13	0	1	1	12.288
45	besmeere	19	0	1	1	12.288
46	errate	13	0	1	1	12.288
47	Philira	16	0	1	1	12.288
48	dindi	17	0	1	1	12.288
49	Meritrix	17	0	1	1	12.288
50	Guiaca	17	0	1	1	12.288
51	vndoeing	17	0	1	1	12.288
52	aporne	13	0	1	1	12.288
53	zoones	15	0	1	1	12.288
54	god-lesse	19	0	1	1	12.288
55	Seuants	14	0	1	1	12.288
56	Benwash	16	0	1	1	12.288
57	Turnbull-street	15	0	1	1	12.288
58	Eddington	20	0	1	1	12.288
59	wether-cocke	16	0	1	1	12.288
60	Gentileman	17	0	1	1	12.288
61	montains	32	0	2	1	12.288
62	Elcombe	14	0	1	1	12.288
63	deflowreth	15	0	1	1	12.288
64	hagged	14	0	1	1	12.288
65	Empoysoner	14	0	1	1	12.288
66	tutt	20	0	1	1	12.288
67	Coulston	18	0	1	1	12.288
68	father-hoods	24	0	1	1	11.703
69	for-ward	21	0	1	1	11.703
70	follia	22	0	1	1	11.703
71	Trimtram	24	0	1	1	11.703
72	lauisht	21	0	1	1	11.703
73	Hyporisie	21	0	1	1	11.703
74	SWeet-lipt	22	0	1	1	11.703
75	Lenaea	26	0	1	1	11.703
76	Bael	25	0	1	1	11.703
77	purple-coloured	28	0	1	1	11.703
78	wormsmeat	22	0	1	1	11.703
79	Fredegonda	33	0	1	1	11.288
80	sweae	33	0	1	1	11.288
81	montans	34	0	1	1	11.288
82	maisterfull	34	0	1	1	11.288
83	censurd	32	0	1	1	11.288
84	diuersorium	32	0	1	1	11.288
85	auanti	37	0	1	1	11.288
86	tel'st	36	0	1	1	11.288
87	Frust	34	0	1	1	11.288
88	strumpettes	35	0	1	1	11.288
89	Lupae	33	0	1	1	11.288
90	Roisters	69	0.001	2	2	11.288
91	tyller	41	0.001	1	1	10.966
92	Callirhoe	43	0.001	1	1	10.966
93	Witteberg	42	0.001	1	1	10.966
94	dorh	43	0.001	1	1	10.966
95	wheer	41	0.001	1	1	10.966
96	Searlet	46	0.001	1	1	10.966
97	Murdresse	45	0.001	1	1	10.966
98	vnreueng	42	0.001	1	1	10.966
99	Bau	95	0.001	2	1	10.828
100	quattro	140	0.002	3	1	10.785
101	Festinus	54	0.001	1	1	10.703
102	S'hart	52	0.001	1	1	10.703
103	Madianite	47	0.001	1	1	10.703
104	smotest	48	0.001	1	1	10.703
105	deuotes	49	0.001	1	1	10.703
106	Feesi	47	0.001	1	1	10.703
107	Cuckold-maker	47	0.001	1	1	10.703
108	Hak.	47	0.001	1	1	10.703
109	snee	48	0.001	1	1	10.703
110	34.26	49	0.001	1	1	10.703
111	inganno	49	0.001	1	1	10.703
112	Selk	47	0.001	1	1	10.703
113	sonno	114	0.001	2	1	10.48
114	demes	60	0.001	1	1	10.48
115	Soluat	67	0.001	1	1	10.288
116	detestati	69	0.001	1	1	10.288
117	piglia	68	0.001	1	1	10.288
118	Elst	65	0.001	1	1	10.288
119	Seriants	65	0.001	1	1	10.288
120	sheel	69	0.001	1	1	10.288
121	Baud	767	0.009	11	8	10.224
122	Gosh	76	0.001	1	1	10.118
123	Edome	72	0.001	1	1	10.118
124	plaguy	78	0.001	1	1	10.118
125	Puncke	73	0.001	1	1	10.118
126	disloialty	76	0.001	1	1	10.118
127	consumd	74	0.001	1	1	10.118
128	tradeth	80	0.001	1	1	9.966
129	Gulles	86	0.001	1	1	9.966
130	not-withstanding	81	0.001	1	1	9.966
131	38.4.	80	0.001	1	1	9.966
132	Insooth	95	0.001	1	1	9.828
133	stomaco	93	0.001	1	1	9.828
134	matutine	94	0.001	1	1	9.828
135	Sthenelus	96	0.001	1	1	9.828
136	busked	90	0.001	1	1	9.828
137	negotiators	88	0.001	1	1	9.828
138	matutino	92	0.001	1	1	9.828
139	Subt	190	0.002	2	1	9.764
140	Dog-daies	98	0.001	1	1	9.703
141	Abhominati	213	0.003	2	2	9.644
142	Chau	218	0.003	2	1	9.587
143	roysters	216	0.003	2	2	9.587
144	Phis	109	0.001	1	1	9.587
145	heast	113	0.001	1	1	9.587
146	Bbl	106	0.001	1	1	9.587
147	Hypocrita	107	0.001	1	1	9.587
148	panders	464	0.006	4	4	9.506
149	Standley	119	0.001	1	1	9.48
150	strolling	123	0.002	1	1	9.381
151	Hogs-heads	124	0.002	1	1	9.381
152	concubynes	127	0.002	1	1	9.381
153	Babylonicall	136	0.002	1	1	9.288
154	wiving	134	0.002	1	1	9.288
155	straps	138	0.002	1	1	9.288
156	Pander	805	0.01	6	5	9.288
157	satiat	132	0.002	1	1	9.288
158	housekeepers	132	0.002	1	1	9.288
159	Circean	135	0.002	1	1	9.288
160	horse-leach	145	0.002	1	1	9.2
161	Buggerers	139	0.002	1	1	9.2
162	ably	139	0.002	1	1	9.2
163	Ramage	143	0.002	1	1	9.2
164	sordide	146	0.002	1	1	9.2
165	spick	141	0.002	1	1	9.2
166	bawdery	144	0.002	1	1	9.2
167	monger	153	0.002	1	1	9.118
168	Sherte	150	0.002	1	1	9.118
169	pandars	149	0.002	1	1	9.118
170	Chip	608	0.007	4	1	9.098
171	impudentlie	163	0.002	1	1	9.04
172	deckings	157	0.002	1	1	9.04
173	sties	162	0.002	1	1	9.04
174	brothel-house	157	0.002	1	1	9.04
175	deput	162	0.002	1	1	9.04
176	silthy	169	0.002	1	1	8.966
177	Baynton	175	0.002	1	1	8.895
178	Brothels	180	0.002	1	1	8.895
179	fleer	180	0.002	1	1	8.895
180	meane-while	178	0.002	1	1	8.895
181	tendrels	177	0.002	1	1	8.895
182	Dana	176	0.002	1	1	8.895
183	lupa	184	0.002	1	1	8.828
184	Acca	183	0.002	1	1	8.828
185	Iezabels	181	0.002	1	1	8.828
186	trulls	181	0.002	1	1	8.828
187	bisogna	181	0.002	1	1	8.828
188	fresche	183	0.002	1	1	8.828
189	vtcunque	196	0.002	1	1	8.764
190	Theyle	194	0.002	1	1	8.764
191	VENVS	195	0.002	1	1	8.764
192	Babylons	987	0.012	5	3	8.727
193	pocky	594	0.007	3	3	8.723
194	quouis	198	0.002	1	1	8.703
195	bawds	1844	0.022	9	9	8.676
196	Babilon	5325	0.064	26	11	8.675
197	Steple	417	0.005	2	1	8.644
198	somwhere	208	0.003	1	1	8.644
199	purpled	209	0.003	1	1	8.644
200	Madams	213	0.003	1	1	8.644
201	Pasquils	222	0.003	1	1	8.587
202	coursed	216	0.003	1	1	8.587
203	anco	220	0.003	1	1	8.587
204	Brad	443	0.005	2	1	8.56
205	arrand	229	0.003	1	1	8.533
206	ryotous	230	0.003	1	1	8.533
207	Wolfish	230	0.003	1	1	8.533
208	piace	238	0.003	1	1	8.48
209	cloistered	469	0.006	2	1	8.48
210	haunteth	231	0.003	1	1	8.48
211	meretrix	474	0.006	2	2	8.455
212	selt	239	0.003	1	1	8.43
213	Bradley	495	0.006	2	1	8.405
214	Agamemnons	254	0.003	1	1	8.381
215	proiected	253	0.003	1	1	8.381
216	23.27	248	0.003	1	1	8.381
217	virilis	253	0.003	1	1	8.381
218	Proverbes	249	0.003	1	1	8.381
219	23.17	259	0.003	1	1	8.334
220	Cut-purse	258	0.003	1	1	8.334
221	Calmest	256	0.003	1	1	8.334
222	wakening	270	0.003	1	1	8.288
223	22.14.	274	0.003	1	1	8.243
224	break-fast	275	0.003	1	1	8.243
225	Babil	279	0.003	1	1	8.243
226	Mitred	287	0.003	1	1	8.2
227	strayes	284	0.003	1	1	8.2
228	pandar	282	0.003	1	1	8.2
229	Bots	289	0.003	1	1	8.2
230	Gob	289	0.003	1	1	8.2
231	shees	580	0.007	2	2	8.179
232	17.5.	581	0.007	2	2	8.179
233	overworn	297	0.004	1	1	8.158
234	unshamefast	294	0.004	1	1	8.158
235	Thamesis	292	0.004	1	1	8.158
236	19.2.	299	0.004	1	1	8.118
237	exponed	299	0.004	1	1	8.118
238	17.2.	314	0.004	1	1	8.078
239	20.4.	310	0.004	1	1	8.078
240	Charibdis	308	0.004	1	1	8.078
241	21.9.	311	0.004	1	1	8.078
242	pocks	618	0.007	2	2	8.078
243	Fortun	310	0.004	1	1	8.078
244	Babels	948	0.011	3	1	8.052
245	17.4.	323	0.004	1	1	8.002
246	sportful	324	0.004	1	1	8.002
247	Vrganda	325	0.004	1	1	8.002
248	confronting	324	0.004	1	1	8.002
249	18.2.	331	0.004	1	1	7.966
250	whoremaster	337	0.004	1	1	7.966
251	Ston	336	0.004	1	1	7.966
252	VVard	339	0.004	1	1	7.966
253	Whoremonger	678	0.008	2	2	7.948
254	stincke	342	0.004	1	1	7.93
255	vncleanesse	345	0.004	1	1	7.93
256	Gelli	349	0.004	1	1	7.895
257	701	350	0.004	1	1	7.895
258	Lig	353	0.004	1	1	7.895
259	Bawd	2878	0.034	8	8	7.861
260	Lactant	358	0.004	1	1	7.861
261	Beadles	360	0.004	1	1	7.861
262	strumpet	3285	0.039	9	8	7.843
263	solacing	372	0.004	1	1	7.828
264	whorish	1842	0.022	5	5	7.828
265	Cittyes	366	0.004	1	1	7.828
266	besot	372	0.004	1	1	7.828
267	Uicar	379	0.005	1	1	7.796
268	meno	381	0.005	1	1	7.796
269	Welt	389	0.005	1	1	7.764
270	675	388	0.005	1	1	7.764
271	Babylon	38888	0.464	100	56	7.751
272	17.6.	397	0.005	1	1	7.733
273	wasteful	784	0.009	2	2	7.733
274	arrant	1596	0.019	4	4	7.71
275	Punk	404	0.005	1	1	7.703
276	roughs	404	0.005	1	1	7.703
277	quelli	404	0.005	1	1	7.703
278	courtesans	1216	0.015	3	2	7.693
279	Farina	414	0.005	1	1	7.673
280	petticoats	416	0.005	1	1	7.644
281	Lax	844	0.01	2	1	7.63
282	Ganymede	424	0.005	1	1	7.615
283	receauer	430	0.005	1	1	7.615
284	Ramping	427	0.005	1	1	7.615
285	fornications	1721	0.021	4	4	7.608
286	Stoke	884	0.011	2	1	7.56
287	surfeits	1332	0.016	3	3	7.56
288	Troyes	889	0.011	2	1	7.56
289	Iezabel	1348	0.016	3	3	7.542
290	prostituting	452	0.005	1	1	7.533
291	Theodora	1369	0.016	3	1	7.524
292	tyeth	458	0.006	1	1	7.506
293	17.1.	463	0.006	1	1	7.506
294	Ashton	1396	0.017	3	1	7.489
295	TIB	942	0.011	2	1	7.48
296	reat	470	0.006	1	1	7.48
297	Heathenisme	470	0.006	1	1	7.48
298	Thamar	1424	0.017	3	3	7.463
299	hyre	1435	0.017	3	3	7.455
300	Epigram.	481	0.006	1	1	7.455
301	17.14.	478	0.006	1	1	7.455
302	FLAM	479	0.006	1	1	7.455
303	Electra	486	0.006	1	1	7.43
304	sham	1495	0.018	3	1	7.397
305	Sappho	500	0.006	1	1	7.381
306	domes	510	0.006	1	1	7.357
307	etc.	519	0.006	1	1	7.334
308	Colliers	516	0.006	1	1	7.334
309	hee'le	522	0.006	1	1	7.334
310	1530	516	0.006	1	1	7.334
311	RON	531	0.006	1	1	7.31
312	some-times	524	0.006	1	1	7.31
313	Colo	524	0.006	1	1	7.31
314	Egregious	1584	0.019	3	3	7.31
315	sei	536	0.006	1	1	7.288
316	Babylon.	534	0.006	1	1	7.288
317	tinkers	545	0.007	1	1	7.265
318	7.22.	551	0.007	1	1	7.243
319	Coach-man	549	0.007	1	1	7.243
320	noue	551	0.007	1	1	7.243
321	yond	549	0.007	1	1	7.243
322	17.7.	551	0.007	1	1	7.243
323	Corinths	556	0.007	1	1	7.243
324	Churchman	564	0.007	1	1	7.222
325	Norff	570	0.007	1	1	7.2
326	skirts	2878	0.034	5	1	7.183
327	strumpets	1159	0.014	2	2	7.179
328	gulls	585	0.007	1	1	7.158
329	CET	1174	0.014	2	2	7.158
330	Dubito	589	0.007	1	1	7.158
331	Babylonian	2956	0.035	5	5	7.146
332	eing	598	0.007	1	1	7.138
333	15.4.	604	0.007	1	1	7.118
334	to't	603	0.007	1	1	7.118
335	mossy	603	0.007	1	1	7.118
336	Iesabel	602	0.007	1	1	7.118
337	Whore	20634	0.246	34	12	7.109
338	scuffle	608	0.007	1	1	7.098
339	sig	4901	0.059	8	1	7.095
340	12.4.	620	0.007	1	1	7.078
341	Apocalips	623	0.007	1	1	7.078
342	jested	631	0.008	1	1	7.059
343	Foist	632	0.008	1	1	7.059
344	Apocal.	1266	0.015	2	2	7.049
345	prostituted	1269	0.015	2	2	7.049
346	Cara	642	0.008	1	1	7.021
347	Kate	1290	0.015	2	1	7.021
348	17.4	642	0.008	1	1	7.021
349	carding	645	0.008	1	1	7.021
350	stews	2587	0.031	4	4	7.016
351	Babel	9790	0.117	15	8	7.004
352	Beach	652	0.008	1	1	7.002
353	harlots	5276	0.063	8	6	6.989
354	Carthusian	658	0.008	1	1	6.984
355	soldiars	672	0.008	1	1	6.966
356	fore-head	2008	0.024	3	3	6.966
357	weddings	679	0.008	1	1	6.948
358	frigida	681	0.008	1	1	6.948
359	swaggering	689	0.008	1	1	6.93
360	Megara	694	0.008	1	1	6.913
361	Gardiners	703	0.008	1	1	6.895
362	7.9.	707	0.008	1	1	6.895
363	adulterer	4237	0.051	6	6	6.89
364	varlets	709	0.009	1	1	6.878
365	Babylonish	2911	0.035	4	4	6.849
366	Anacreon	740	0.009	1	1	6.828
367	Mantuan	734	0.009	1	1	6.828
368	ruffian	735	0.009	1	1	6.828
369	Butte	741	0.009	1	1	6.828
370	13.4.	741	0.009	1	1	6.828
371	malapert	737	0.009	1	1	6.828
372	Grammarian	1485	0.018	2	2	6.82
373	ch'	750	0.009	1	1	6.796
374	hiring	760	0.009	1	1	6.78
375	victuallers	770	0.009	1	1	6.764
376	locust	774	0.009	1	1	6.764
377	soothing	779	0.009	1	1	6.749
378	dicing	785	0.009	1	1	6.733
379	Aul	785	0.009	1	1	6.733
380	brace	1591	0.019	2	2	6.718
381	Ione	804	0.01	1	1	6.703
382	tyrannised	817	0.01	1	1	6.673
383	sits	23190	0.277	28	16	6.66
384	Questa	826	0.01	1	1	6.658
385	3.3	3339	0.04	4	3	6.647
386	Reu.	3351	0.04	4	3	6.644
387	shameless	6711	0.08	8	8	6.642
388	discoverers	846	0.01	1	1	6.63
389	examinate	850	0.01	1	1	6.63
390	shelf	845	0.01	1	1	6.63
391	kepeth	846	0.01	1	1	6.63
392	mortgaged	851	0.01	1	1	6.615
393	sanctitatis	853	0.01	1	1	6.615
394	sled	871	0.01	1	1	6.587
395	3.3.	1739	0.021	2	2	6.587
396	Paramour	878	0.011	1	1	6.573
397	Prouer.	888	0.011	1	1	6.56
398	Mol	891	0.011	1	1	6.56
399	abjured	1792	0.021	2	2	6.546
400	insatiate	894	0.011	1	1	6.546
401	whoremongers	1796	0.021	2	2	6.546
402	Taverns	2699	0.032	3	3	6.542
403	Iehoram	902	0.011	1	1	6.533
404	hunts	1820	0.022	2	2	6.526
405	Cobblers	911	0.011	1	1	6.52
406	muttering	909	0.011	1	1	6.52
407	scarlet	9179	0.11	10	9	6.512
408	Iur	922	0.011	1	1	6.506
409	Apoc	918	0.011	1	1	6.506
410	decking	927	0.011	1	1	6.493
411	Epitaphs	937	0.011	1	1	6.48
412	played	11334	0.135	12	11	6.471
413	Fighters	948	0.011	1	1	6.468
414	purple	18224	0.218	19	14	6.449
415	adulteress	1919	0.023	2	1	6.449
416	Tamar	995	0.012	1	1	6.393
417	plaid	4003	0.048	4	4	6.387
418	Flora	2078	0.025	2	2	6.334
419	Helen	2091	0.025	2	2	6.322
420	laps	1058	0.013	1	1	6.31
421	Russian	1061	0.013	1	1	6.299
422	fiddlers	1087	0.013	1	1	6.265
423	ransack	1088	0.013	1	1	6.265
424	Carter	2182	0.026	2	2	6.265
425	hire	8785	0.105	8	8	6.253
426	forehead	12159	0.145	11	10	6.244
427	Griffin	1114	0.013	1	1	6.232
428	Epig.	2233	0.027	2	2	6.227
429	Fairies	1122	0.013	1	1	6.222
430	priuilegio	1135	0.014	1	1	6.211
431	cibo	1134	0.014	1	1	6.211
432	treasuries	1138	0.014	1	1	6.2
433	misshapen	1145	0.014	1	1	6.19
434	rogue	6990	0.083	6	4	6.169
435	Dra	1172	0.014	1	1	6.158
436	Aston	1175	0.014	1	1	6.158
437	fir	1177	0.014	1	1	6.158
438	desolate	12933	0.154	11	9	6.155
439	gild	1181	0.014	1	1	6.148
440	Russ	1192	0.014	1	1	6.138
441	cavilling	1191	0.014	1	1	6.138
442	Parasite	1198	0.014	1	1	6.128
443	spouses	1203	0.014	1	1	6.118
444	FLA	1211	0.015	1	1	6.108
445	LEECH	1220	0.015	1	1	6.098
446	monopolies	1234	0.015	1	1	6.088
447	deuell	1230	0.015	1	1	6.088
448	bitch	1244	0.015	1	1	6.078
449	Senex	1244	0.015	1	1	6.078
450	GROIN	1258	0.015	1	1	6.059
451	quelle	1254	0.015	1	1	6.059
452	Anti-christ	1261	0.015	1	1	6.049
453	arrayed	3816	0.046	3	3	6.043
454	succeded	1277	0.015	1	1	6.04
455	allures	1275	0.015	1	1	6.04
456	hed	1292	0.015	1	1	6.021
457	discoverer	1292	0.015	1	1	6.021
458	soundest	1298	0.016	1	1	6.012
459	civitas	1309	0.016	1	1	6.002
460	harlot	9167	0.109	7	5	6
461	Ethnic	1318	0.016	1	1	5.993
462	Gin	1317	0.016	1	1	5.993
463	Oyster	1314	0.016	1	1	5.993
464	thriving	2636	0.032	2	2	5.989
465	envies	2650	0.032	2	2	5.984
466	Ruffians	1326	0.016	1	1	5.984
467	exemptions	1334	0.016	1	1	5.975
468	hackney	1328	0.016	1	1	5.975
469	whats	2675	0.032	2	2	5.97
470	gorgeous	2688	0.032	2	2	5.961
471	Lais	1345	0.016	1	1	5.957
472	incontinence	1354	0.016	1	1	5.948
473	wink	4136	0.049	3	3	5.924
474	Littleton	2767	0.033	2	1	5.921
475	Prou.	8310	0.099	6	6	5.918
476	brags	2791	0.033	2	2	5.908
477	Aethiopians	1407	0.017	1	1	5.895
478	ken	2811	0.034	2	2	5.895
479	jugglers	1418	0.017	1	1	5.887
480	Cans	1426	0.017	1	1	5.878
481	menstruous	1426	0.017	1	1	5.878
482	dalliance	1431	0.017	1	1	5.87
483	LV	1444	0.017	1	1	5.861
484	Gentility	1448	0.017	1	1	5.853
485	complexions	2917	0.035	2	1	5.845
486	Deceives	4413	0.053	3	3	5.831
487	credits	1472	0.018	1	1	5.828
488	transforming	1481	0.018	1	1	5.82
489	longo	1481	0.018	1	1	5.82
490	pene	1489	0.018	1	1	5.812
491	dishonest	6002	0.072	4	4	5.804
492	inhabitant	3014	0.036	2	1	5.796
493	paltry	1506	0.018	1	1	5.796
494	Ezec.	1520	0.018	1	1	5.788
495	gamesters	1523	0.018	1	1	5.78
496	Witch	9245	0.11	6	6	5.764
497	squires	1550	0.019	1	1	5.756
498	Huntingdon	1546	0.019	1	1	5.756
499	Palmerin	1557	0.019	1	1	5.749
500	Insula	1565	0.019	1	1	5.741
501	fickle	3168	0.038	2	1	5.725
502	Apoc.	11083	0.132	7	7	5.725
503	worshipper	1595	0.019	1	1	5.718
504	profuse	1615	0.019	1	1	5.695
505	Revel	21061	0.251	13	10	5.692
506	Chapt.	3271	0.039	2	1	5.68
507	masked	1635	0.02	1	1	5.68
508	Rogero	1632	0.02	1	1	5.68
509	FEE-SIMPLE	1643	0.02	1	1	5.673
510	dome	3321	0.04	2	2	5.658
511	strengths	1683	0.02	1	1	5.637
512	deceiving	5099	0.061	3	3	5.622
513	'hem	1711	0.02	1	1	5.615
514	Romes	5130	0.061	3	3	5.615
515	enticed	3439	0.041	2	2	5.608
516	multorum	1716	0.021	1	1	5.608
517	drudgery	1722	0.021	1	1	5.601
518	Impudent	12093	0.144	7	6	5.6
519	Angeli	1746	0.021	1	1	5.587
520	adulterous	3504	0.042	2	2	5.58
521	Charon	1762	0.021	1	1	5.573
522	Hag	1766	0.021	1	1	5.567
523	opprobrious	1778	0.021	1	1	5.56
524	bolder	1796	0.021	1	1	5.546
525	Minos	1795	0.021	1	1	5.546
526	filthines	1803	0.022	1	1	5.54
527	thrift	1809	0.022	1	1	5.533
528	wipe	7298	0.087	4	4	5.521
529	peerless	1823	0.022	1	1	5.52
530	Lechery	3660	0.044	2	2	5.516
531	Cerberus	1833	0.022	1	1	5.513
532	fawn	1837	0.022	1	1	5.513
533	waxen	1850	0.022	1	1	5.5
534	Hellespont	1865	0.022	1	1	5.487
535	tyrannise	1873	0.022	1	1	5.48
536	nel	1881	0.023	1	1	5.474
537	gull	1888	0.023	1	1	5.474
538	hoard	1895	0.023	1	1	5.468
539	sociable	1895	0.023	1	1	5.468
540	hampton	1895	0.023	1	1	5.468
541	benumbed	1916	0.023	1	1	5.449
542	Badges	1924	0.023	1	1	5.442
543	Vermilion	1928	0.023	1	1	5.442
544	Lambeth	1928	0.023	1	1	5.442
545	Syon	1931	0.023	1	1	5.442
546	clip	1933	0.023	1	1	5.436
547	Dews	1939	0.023	1	1	5.436
548	Vulcan	3887	0.046	2	1	5.43
549	flatters	1941	0.023	1	1	5.43
550	l'	5856	0.07	3	1	5.424
551	deluding	1964	0.023	1	1	5.417
552	Apocalypse	3947	0.047	2	1	5.408
553	whoredoms	1981	0.024	1	1	5.405
554	bers	1984	0.024	1	1	5.399
555	Sono	1988	0.024	1	1	5.399
556	concubines	4078	0.049	2	2	5.36
557	cons	2048	0.024	1	1	5.357
558	snuff	2050	0.025	1	1	5.351
559	Maiden	6187	0.074	3	3	5.345
560	lure	2079	0.025	1	1	5.334
561	leprous	2075	0.025	1	1	5.334
562	Marcellinus	2075	0.025	1	1	5.334
563	wily	2092	0.025	1	1	5.322
564	thief	23047	0.275	11	11	5.321
565	detested	4228	0.051	2	2	5.308
566	entice	4278	0.051	2	2	5.291
567	Cloisters	2143	0.026	1	1	5.288
568	scratch	2144	0.026	1	1	5.288
569	stale	4338	0.052	2	2	5.271
570	jade	2169	0.026	1	1	5.271
571	sci	2175	0.026	1	1	5.265
572	beseeming	2182	0.026	1	1	5.265
573	hate	65701	0.784	30	21	5.258
574	Bed-chamber	2195	0.026	1	1	5.254
575	Swan	4395	0.053	2	1	5.252
576	famished	2203	0.026	1	1	5.249
577	banqueting	2202	0.026	1	1	5.249
578	ith	4421	0.053	2	1	5.243
579	Apo.	2232	0.027	1	1	5.232
580	rampant	2244	0.027	1	1	5.222
581	ide	2263	0.027	1	1	5.211
582	SATIRE	2307	0.028	1	1	5.184
583	piss	2312	0.028	1	1	5.179
584	rife	2309	0.028	1	1	5.179
585	mocks	2314	0.028	1	1	5.179
586	annal	2322	0.028	1	1	5.174
587	laments	2326	0.028	1	1	5.169
588	certo	2340	0.028	1	1	5.164
589	Roan	2337	0.028	1	1	5.164
590	mercenary	4683	0.056	2	2	5.161
591	contends	2343	0.028	1	1	5.158
592	cancelled	2362	0.028	1	1	5.148
593	buys	2372	0.028	1	1	5.143
594	drunken	11882	0.142	5	5	5.14
595	auro	2382	0.028	1	1	5.138
596	Dau	2388	0.029	1	1	5.133
597	mints	2393	0.029	1	1	5.128
598	trim	4802	0.057	2	2	5.125
599	interprets	4849	0.058	2	1	5.11
600	Veneris	2430	0.029	1	1	5.108
601	stumbled	2431	0.029	1	1	5.108
602	Bachelor	2474	0.03	1	1	5.083
603	Conti	2476	0.03	1	1	5.078
604	horned	2489	0.03	1	1	5.073
605	resent	2493	0.03	1	1	5.069
606	wedlock	5013	0.06	2	1	5.064
607	Whoredom	7526	0.09	3	2	5.062
608	videatur	2517	0.03	1	1	5.059
609	swears	7600	0.091	3	3	5.048
610	Ioane	2539	0.03	1	1	5.045
611	Ieremie	5090	0.061	2	2	5.04
612	customers	2545	0.03	1	1	5.04
613	dissolute	5161	0.062	2	2	5.021
614	terminus	2577	0.031	1	1	5.021
615	enticing	2596	0.031	1	1	5.012
616	Crocodile	2605	0.031	1	1	5.007
617	ditch	10469	0.125	4	3	5
618	repelled	2629	0.031	1	1	4.993
619	exalting	2631	0.031	1	1	4.993
620	smother	2628	0.031	1	1	4.993
621	Dee	2650	0.032	1	1	4.984
622	display	5310	0.063	2	2	4.979
623	marred	2667	0.032	1	1	4.975
624	Cuckold	2667	0.032	1	1	4.975
625	abominations	10678	0.128	4	4	4.971
626	railed	2685	0.032	1	1	4.966
627	Parlour	2678	0.032	1	1	4.966
628	204	2681	0.032	1	1	4.966
629	wed	5405	0.065	2	2	4.955
630	amplified	2713	0.032	1	1	4.948
631	gangrene	2729	0.033	1	1	4.939
632	Tush	2736	0.033	1	1	4.935
633	whoring	2742	0.033	1	1	4.935
634	whores	5508	0.066	2	1	4.928
635	matrons	2766	0.033	1	1	4.921
636	Beast	81566	0.974	29	13	4.897
637	Bate	2821	0.034	1	1	4.891
638	crew	8469	0.101	3	3	4.891
639	accompanies	2828	0.034	1	1	4.887
640	Plymouth	2842	0.034	1	1	4.883
641	hug	2849	0.034	1	1	4.878
642	performs	5696	0.068	2	1	4.878
643	Butcher	2859	0.034	1	1	4.874
644	Sergius	2869	0.034	1	1	4.87
645	Stow	2889	0.035	1	1	4.857
646	abhorring	2902	0.035	1	1	4.853
647	recall	5820	0.07	2	1	4.847
648	tumbling	2926	0.035	1	1	4.841
649	gauge	2936	0.035	1	1	4.837
650	Lordly	2953	0.035	1	1	4.828
651	faced	2948	0.035	1	1	4.828
652	las	2947	0.035	1	1	4.828
653	knave	8870	0.106	3	3	4.824
654	Antichrist	50530	0.603	17	9	4.817
655	bathing	2983	0.036	1	1	4.812
656	stakes	2993	0.036	1	1	4.808
657	Capt	8989	0.107	3	1	4.805
658	Ames	3008	0.036	1	1	4.8
659	ragged	3017	0.036	1	1	4.796
660	beggary	3028	0.036	1	1	4.792
661	gaming	3021	0.036	1	1	4.792
662	Coaches	3043	0.036	1	1	4.784
663	181	3043	0.036	1	1	4.784
664	enchantments	3037	0.036	1	1	4.784
665	kneeled	3058	0.037	1	1	4.776
666	Squire	6126	0.073	2	2	4.774
667	Proclaims	3074	0.037	1	1	4.768
668	Armenians	3103	0.037	1	1	4.756
669	dice	6226	0.074	2	2	4.75
670	ast	3134	0.037	1	1	4.741
671	pollute	3138	0.038	1	1	4.737
672	importune	3148	0.038	1	1	4.733
673	dregs	6317	0.075	2	2	4.729
674	lucky	3186	0.038	1	1	4.718
675	thieves	22285	0.266	7	4	4.718
676	unchaste	3200	0.038	1	1	4.71
677	unsatisfied	3210	0.038	1	1	4.707
678	tong	3205	0.038	1	1	4.707
679	Rams	3216	0.038	1	1	4.703
680	nakedness	9651	0.115	3	3	4.703
681	83.	3226	0.039	1	1	4.699
682	pers	3237	0.039	1	1	4.695
683	healths	3230	0.039	1	1	4.695
684	descry	3254	0.039	1	1	4.688
685	drunkard	6511	0.078	2	2	4.686
686	174	3264	0.039	1	1	4.68
687	Albion	3266	0.039	1	1	4.68
688	uncivil	3289	0.039	1	1	4.669
689	high-way	3304	0.039	1	1	4.666
690	Prodigality	3344	0.04	1	1	4.647
691	winters	3340	0.04	1	1	4.647
692	renounced	6702	0.08	2	2	4.644
693	Russell	3357	0.04	1	1	4.64
694	Mist	10075	0.12	3	1	4.64
695	strip	3365	0.04	1	1	4.637
696	Cozen	3380	0.04	1	1	4.633
697	divorced	3378	0.04	1	1	4.633
698	painted	23662	0.282	7	7	4.632
699	concubine	3397	0.041	1	1	4.626
700	factors	3437	0.041	1	1	4.608
701	Henricus	3438	0.041	1	1	4.608
702	Communis	3459	0.041	1	1	4.598
703	brazen	10407	0.124	3	1	4.594
704	extortion	3485	0.042	1	1	4.587
705	swayed	3487	0.042	1	1	4.587
706	drunkards	7021	0.084	2	2	4.577
707	patet	3529	0.042	1	1	4.57
708	clients	3539	0.042	1	1	4.567
709	figured	7080	0.085	2	1	4.565
710	Hateful	10655	0.127	3	3	4.56
711	drunk	35533	0.424	10	8	4.559
712	fornication	14235	0.17	4	4	4.557
713	vne	3563	0.043	1	1	4.556
714	noses	3558	0.043	1	1	4.556
715	Strains	3562	0.043	1	1	4.556
716	pulling	7151	0.085	2	2	4.55
717	boys	14311	0.171	4	4	4.55
718	Insult	3586	0.043	1	1	4.546
719	maintains	7229	0.086	2	2	4.534
720	84.	3627	0.043	1	1	4.529
721	Idolatrous	14523	0.173	4	4	4.528
722	giddy	3649	0.044	1	1	4.52
723	impudently	3698	0.044	1	1	4.503
724	Calf	11111	0.133	3	3	4.5
725	hunting	14846	0.177	4	4	4.497
726	compares	7453	0.089	2	2	4.49
727	costly	11277	0.135	3	2	4.478
728	Mercer	3762	0.045	1	1	4.477
729	17.	83120	0.992	22	13	4.471
730	Helena	3775	0.045	1	1	4.471
731	rascal	3785	0.045	1	1	4.468
732	PAP	3784	0.045	1	1	4.468
733	filthy	30299	0.362	8	8	4.467
734	forgo	3806	0.045	1	1	4.461
735	VIT	7616	0.091	2	1	4.46
736	fragments	3811	0.046	1	1	4.458
737	play	61168	0.73	16	14	4.454
738	consume	19326	0.231	5	5	4.438
739	silks	3896	0.047	1	1	4.427
740	sells	3915	0.047	1	1	4.42
741	multo	3918	0.047	1	1	4.417
742	incestuous	3954	0.047	1	1	4.405
743	Pluto	3953	0.047	1	1	4.405
744	corrupts	3974	0.047	1	1	4.399
745	rect	3967	0.047	1	1	4.399
746	Bastards	3979	0.048	1	1	4.396
747	woo	3978	0.048	1	1	4.396
748	Chalice	4028	0.048	1	1	4.378
749	MEL	4030	0.048	1	1	4.378
750	puritan	4033	0.048	1	1	4.378
751	matchless	4042	0.048	1	1	4.375
752	reprehended	4037	0.048	1	1	4.375
753	descriptions	4060	0.049	1	1	4.366
754	suburbs	8156	0.097	2	1	4.36
755	Ierem.	4126	0.049	1	1	4.345
756	Lustful	4133	0.049	1	1	4.342
757	riot	8272	0.099	2	2	4.341
758	lewdness	4150	0.05	1	1	4.336
759	poisoned	12446	0.149	3	2	4.335
760	players	4154	0.05	1	1	4.334
761	ugly	8331	0.099	2	2	4.331
762	nominated	4161	0.05	1	1	4.331
763	savours	4180	0.05	1	1	4.325
764	pi	4201	0.05	1	1	4.319
765	wrestle	4215	0.05	1	1	4.313
766	reviled	4228	0.051	1	1	4.308
767	Qual	4234	0.051	1	1	4.308
768	protesting	4251	0.051	1	1	4.302
769	Kin	17056	0.204	4	1	4.296
770	erst	4270	0.051	1	1	4.293
771	described	42932	0.512	10	4	4.287
772	foil	4299	0.051	1	1	4.285
773	Hospital	8600	0.103	2	2	4.283
774	indulgent	4309	0.051	1	1	4.282
775	Sly	4313	0.052	1	1	4.279
776	prefers	4321	0.052	1	1	4.276
777	rides	4321	0.052	1	1	4.276
778	spends	4330	0.052	1	1	4.274
779	deck	4329	0.052	1	1	4.274
780	whenas	4341	0.052	1	1	4.271
781	sirrah	4365	0.052	1	1	4.263
782	buckler	4371	0.052	1	1	4.26
783	Sergeants	4379	0.052	1	1	4.257
784	usurer	4393	0.052	1	1	4.254
785	whereinto	4395	0.053	1	1	4.252
786	apparelled	4398	0.053	1	1	4.252
787	anni	4404	0.053	1	1	4.249
788	beggar	8945	0.107	2	1	4.227
789	tragical	4479	0.054	1	1	4.224
790	usurping	4491	0.054	1	1	4.222
791	discharging	4492	0.054	1	1	4.222
792	tormenting	4522	0.054	1	1	4.211
793	Spittle	4536	0.054	1	1	4.208
794	bewail	9117	0.109	2	2	4.2
795	revile	4565	0.055	1	1	4.198
796	op	4574	0.055	1	1	4.195
797	Bede	4580	0.055	1	1	4.192
798	effeminate	4666	0.056	1	1	4.166
799	Grecian	9382	0.112	2	2	4.158
800	Eclipsed	4703	0.056	1	1	4.156
801	embracing	9401	0.112	2	2	4.156
802	hired	9416	0.112	2	2	4.153
803	sucked	4736	0.057	1	1	4.146
804	dr	9464	0.113	2	2	4.146
805	Lactantius	4730	0.057	1	1	4.146
806	dunghill	4743	0.057	1	1	4.143
807	Tobacco	9488	0.113	2	2	4.142
808	Countess	9549	0.114	2	2	4.133
809	corrupting	4784	0.057	1	1	4.13
810	scurvy	4826	0.058	1	1	4.118
811	marry	38694	0.462	8	8	4.114
812	velvet	4856	0.058	1	1	4.108
813	funerals	4870	0.058	1	1	4.105
814	flattering	9757	0.117	2	2	4.102
815	nostrils	9776	0.117	2	2	4.099
816	fewer	9844	0.118	2	1	4.089
817	Rome	271183	3.237	55	29	4.087
818	oppressors	4931	0.059	1	1	4.086
819	Shores	4946	0.059	1	1	4.083
820	poisonous	4944	0.059	1	1	4.083
821	circa	9894	0.118	2	1	4.082
822	passengers	4981	0.06	1	1	4.071
823	rogues	5001	0.06	1	1	4.066
824	detected	5017	0.06	1	1	4.061
825	abandon	10068	0.12	2	2	4.056
826	160	5050	0.06	1	1	4.052
827	plagued	5100	0.061	1	1	4.037
828	adulterers	5137	0.061	1	1	4.028
829	playing	10275	0.123	2	2	4.028
830	linked	5190	0.062	1	1	4.014
831	significant	5185	0.062	1	1	4.014
832	lovingly	5212	0.062	1	1	4.007
833	defy	5226	0.062	1	1	4.002
834	finest	5244	0.063	1	1	3.998
835	knaves	5254	0.063	1	1	3.995
836	strangled	5256	0.063	1	1	3.995
837	filthiness	10515	0.126	2	2	3.994
838	purer	5259	0.063	1	1	3.993
839	strives	5260	0.063	1	1	3.993
840	entreaty	5321	0.064	1	1	3.977
841	Damnation	32064	0.383	6	4	3.971
842	beautified	5350	0.064	1	1	3.968
843	Hood	5353	0.064	1	1	3.968
844	detestable	10704	0.128	2	2	3.968
845	Tavern	5354	0.064	1	1	3.968
846	hawks	5379	0.064	1	1	3.961
847	gallants	5377	0.064	1	1	3.961
848	tolerated	5375	0.064	1	1	3.961
849	widow	21540	0.257	4	4	3.96
850	partially	5392	0.064	1	1	3.957
851	robes	10833	0.129	2	1	3.951
852	darling	5419	0.065	1	1	3.95
853	purse	16277	0.194	3	3	3.949
854	occupy	5453	0.065	1	1	3.941
855	tolerable	10937	0.131	2	2	3.938
856	troth	5489	0.066	1	1	3.932
857	ds	5503	0.066	1	1	3.928
858	fits	16510	0.197	3	3	3.928
859	Infamous	11020	0.132	2	2	3.927
860	't	11120	0.133	2	2	3.914
861	formality	5567	0.066	1	1	3.913
862	furies	5605	0.067	1	1	3.902
863	throats	5620	0.067	1	1	3.898
864	Nuns	5658	0.068	1	1	3.889
865	hounds	5657	0.068	1	1	3.889
866	murderers	11345	0.135	2	2	3.885
867	Mer	5689	0.068	1	1	3.88
868	steel	11392	0.136	2	1	3.878
869	blasphemous	11428	0.136	2	1	3.874
870	vassals	5714	0.068	1	1	3.874
871	maist	17147	0.205	3	2	3.873
872	presuming	5718	0.068	1	1	3.872
873	Jer	23150	0.276	4	3	3.856
874	naked	46459	0.555	8	7	3.851
875	Lazy	5811	0.069	1	1	3.849
876	proudly	5842	0.07	1	1	3.843
877	XXVII	5851	0.07	1	1	3.841
878	plays	17593	0.21	3	3	3.837
879	abomination	11757	0.14	2	2	3.833
880	FA	11810	0.141	2	1	3.826
881	witchcraft	5912	0.071	1	1	3.824
882	eke	11837	0.141	2	2	3.823
883	veil	11849	0.141	2	1	3.822
884	frighted	5925	0.071	1	1	3.822
885	filth	11883	0.142	2	2	3.818
886	Hark	5947	0.071	1	1	3.816
887	Puritans	5981	0.071	1	1	3.808
888	Ware	12046	0.144	2	2	3.798
889	deem	6043	0.072	1	1	3.794
890	cup	48330	0.577	8	7	3.794
891	Mistress	42310	0.505	7	6	3.793
892	brand	6073	0.073	1	1	3.786
893	MON	18249	0.218	3	1	3.784
894	Exeunt	12174	0.145	2	2	3.783
895	stink	6090	0.073	1	1	3.782
896	tempting	6108	0.073	1	1	3.778
897	dozen	6144	0.073	1	1	3.77
898	youthful	6171	0.074	1	1	3.762
899	Hierarchy	6183	0.074	1	1	3.76
900	contrive	6209	0.074	1	1	3.754
901	prostrate	6239	0.075	1	1	3.747
902	suggestions	6262	0.075	1	1	3.743
903	sowed	6293	0.075	1	1	3.735
904	therewithal	6336	0.076	1	1	3.725
905	livings	6392	0.076	1	1	3.712
906	Friar	12819	0.153	2	1	3.708
907	Rev.	51328	0.613	8	3	3.707
908	bewitched	6431	0.077	1	1	3.703
909	Comedy	6476	0.077	1	1	3.693
910	swine	12952	0.155	2	1	3.693
911	syllable	6553	0.078	1	1	3.677
912	students	6548	0.078	1	1	3.677
913	blush	13133	0.157	2	2	3.673
914	whereon	19704	0.235	3	3	3.673
915	detestation	6614	0.079	1	1	3.664
916	ink	6606	0.079	1	1	3.664
917	greedy	13232	0.158	2	2	3.663
918	fiftly	6621	0.079	1	1	3.662
919	dispense	13245	0.158	2	2	3.661
920	stealing	6657	0.08	1	1	3.653
921	whipped	6660	0.08	1	1	3.653
922	repenting	6657	0.08	1	1	3.653
923	Daughters	40010	0.478	6	6	3.651
924	brow	6696	0.08	1	1	3.646
925	striking	6712	0.08	1	1	3.642
926	lovers	26913	0.321	4	4	3.638
927	Phoebus	6740	0.081	1	1	3.635
928	wanton	20242	0.242	3	3	3.634
929	attendants	6755	0.081	1	1	3.633
930	forlorn	6805	0.081	1	1	3.622
931	Dragons	6883	0.082	1	1	3.605
932	tha	6903	0.082	1	1	3.601
933	Proverbs	6913	0.083	1	1	3.599
934	liberally	6929	0.083	1	1	3.596
935	57.	6936	0.083	1	1	3.594
936	qu'il	6952	0.083	1	1	3.591
937	Emblem	6983	0.083	1	1	3.584
938	rival	7012	0.084	1	1	3.579
939	peculiarly	7015	0.084	1	1	3.579
940	fist	7028	0.084	1	1	3.575
941	Heathenish	7043	0.084	1	1	3.572
942	oftener	7075	0.084	1	1	3.567
943	Ha	28655	0.342	4	2	3.548
944	augment	7169	0.086	1	1	3.546
945	Commentary	7188	0.086	1	1	3.543
946	inflict	7264	0.087	1	1	3.528
947	Neptune	7330	0.088	1	1	3.515
948	Commune	7351	0.088	1	1	3.511
949	shameful	14747	0.176	2	2	3.506
950	sister	51618	0.616	7	5	3.506
951	lap	7378	0.088	1	1	3.505
952	entangled	7389	0.088	1	1	3.503
953	Goat	7386	0.088	1	1	3.503
954	notorious	22363	0.267	3	3	3.491
955	frost	7484	0.089	1	1	3.485
956	ducats	7478	0.089	1	1	3.485
957	virginity	7524	0.09	1	1	3.477
958	waters	83222	0.993	11	8	3.469
959	becometh	7573	0.09	1	1	3.468
960	authorized	7582	0.091	1	1	3.466
961	honest	83801	1	11	11	3.459
962	staying	7629	0.091	1	1	3.456
963	painting	7700	0.092	1	1	3.444
964	withered	7711	0.092	1	1	3.442
965	odious	23239	0.277	3	3	3.435
966	husbands	30992	0.37	4	4	3.435
967	tear	15500	0.185	2	2	3.434
968	recreation	7766	0.093	1	1	3.431
969	stripped	7820	0.093	1	1	3.422
970	Band	15714	0.188	2	1	3.414
971	nu	7900	0.094	1	1	3.407
972	Aeneas	7910	0.094	1	1	3.405
973	joins	7933	0.095	1	1	3.4
974	woman	183598	2.192	23	21	3.392
975	hedge	8009	0.096	1	1	3.387
976	're	16048	0.192	2	2	3.384
977	pick	8026	0.096	1	1	3.384
978	Hostess	8115	0.097	1	1	3.367
979	Baal	8157	0.097	1	1	3.36
980	price	57392	0.685	7	6	3.353
981	penny	16458	0.196	2	2	3.348
982	Adultery	24714	0.295	3	3	3.346
983	Alex	8301	0.099	1	1	3.335
984	curiously	8315	0.099	1	1	3.332
985	strings	8377	0.1	1	1	3.322
986	impediment	8393	0.1	1	1	3.319
987	Revelation	41988	0.501	5	5	3.318
988	clad	8414	0.1	1	1	3.316
989	sports	8466	0.101	1	1	3.306
990	termed	25438	0.304	3	3	3.305
991	dross	8493	0.101	1	1	3.302
992	triangle	8514	0.102	1	1	3.299
993	seat	51212	0.611	6	5	3.295
994	wife	214853	2.565	25	15	3.285
995	Ram	8617	0.103	1	1	3.281
996	lots	8708	0.104	1	1	3.267
997	kiss	26340	0.314	3	2	3.254
998	damnable	17583	0.21	2	2	3.252
999	unexpected	8797	0.105	1	1	3.252
1000	plains	8832	0.105	1	1	3.246
1001	magnificence	8848	0.106	1	1	3.243
1002	grain	17694	0.211	2	2	3.243
1003	habit	35431	0.423	4	4	3.242
1004	expounds	8875	0.106	1	1	3.239
1005	steed	8886	0.106	1	1	3.237
1006	deformed	8948	0.107	1	1	3.227
1007	steal	17906	0.214	2	2	3.226
1008	paint	8989	0.107	1	1	3.22
1009	fashions	9013	0.108	1	1	3.216
1010	Dragon	18054	0.216	2	2	3.214
1011	powered	9056	0.108	1	1	3.21
1012	hie	9054	0.108	1	1	3.21
1013	enters	18257	0.218	2	2	3.198
1014	leading	18263	0.218	2	2	3.198
1015	crossed	9149	0.109	1	1	3.195
1016	drown	9177	0.11	1	1	3.191
1017	subtle	36810	0.439	4	2	3.186
1018	proud	73660	0.879	8	7	3.186
1019	overthrow	36900	0.44	4	3	3.183
1020	likelihood	9249	0.11	1	1	3.179
1021	conversant	9246	0.11	1	1	3.179
1022	diminished	9251	0.11	1	1	3.179
1023	bearing	37031	0.442	4	1	3.178
1024	adhere	9298	0.111	1	1	3.171
1025	stays	9340	0.112	1	1	3.165
1026	tricks	9354	0.112	1	1	3.162
1027	judging	18760	0.224	2	2	3.159
1028	flat	18766	0.224	2	2	3.158
1029	richly	9389	0.112	1	1	3.157
1030	Hist.	18785	0.224	2	2	3.157
1031	closely	9419	0.112	1	1	3.153
1032	Benefices	9458	0.113	1	1	3.147
1033	46.	9502	0.113	1	1	3.141
1034	deluded	9504	0.113	1	1	3.141
1035	wives	57399	0.685	6	6	3.131
1036	abhor	19419	0.232	2	2	3.109
1037	Exit	19436	0.232	2	2	3.108
1038	feeds	9833	0.117	1	1	3.09
1039	furniture	9851	0.118	1	1	3.088
1040	fo	9885	0.118	1	1	3.083
1041	Lawyer	9909	0.118	1	1	3.079
1042	servile	9971	0.119	1	1	3.071
1043	Excepting	9977	0.119	1	1	3.07
1044	keeps	40024	0.478	4	3	3.066
1045	Roman	141472	1.689	14	12	3.051
1046	Sack	10141	0.121	1	1	3.047
1047	disobedient	10184	0.122	1	1	3.04
1048	unclean	30723	0.367	3	3	3.032
1049	glories	10254	0.122	1	1	3.03
1050	stain	10288	0.123	1	1	3.026
1051	agreeing	10294	0.123	1	1	3.024
1052	discovering	10322	0.123	1	1	3.021
1053	dog	30988	0.37	3	3	3.02
1054	coloured	10332	0.123	1	1	3.02
1055	lusty	10354	0.124	1	1	3.016
1056	presumptuous	10383	0.124	1	1	3.013
1057	Synagogue	10391	0.124	1	1	3.012
1058	condemnation	31282	0.373	3	3	3.006
1059	fetched	10432	0.125	1	1	3.006
1060	parson	10471	0.125	1	1	3
1061	breeds	10535	0.126	1	1	2.992
1062	68	10551	0.126	1	1	2.99
1063	cheat	10600	0.127	1	1	2.983
1064	granting	10607	0.127	1	1	2.982
1065	Hang	31830	0.38	3	2	2.981
1066	dost	31931	0.381	3	3	2.977
1067	facto	10681	0.128	1	1	2.971
1068	description	42949	0.513	4	4	2.964
1069	Fie	32306	0.386	3	2	2.96
1070	numbered	10774	0.129	1	1	2.959
1071	deep	75511	0.901	7	7	2.957
1072	win	32483	0.388	3	3	2.952
1073	calais	10880	0.13	1	1	2.945
1074	pox	10902	0.13	1	1	2.942
1075	parcel	10999	0.131	1	1	2.929
1076	65	11021	0.132	1	1	2.926
1077	Theft	11086	0.132	1	1	2.918
1078	married	66560	0.795	6	5	2.917
1079	horns	22193	0.265	2	2	2.916
1080	Mars	22203	0.265	2	2	2.916
1081	marks	33471	0.4	3	2	2.909
1082	flourished	11210	0.134	1	1	2.902
1083	Idol	22562	0.269	2	2	2.893
1084	witty	11290	0.135	1	1	2.891
1085	spouse	22595	0.27	2	2	2.891
1086	Answ.	11309	0.135	1	1	2.889
1087	protestation	11307	0.135	1	1	2.889
1088	ed	11308	0.135	1	1	2.889
1089	dim	11370	0.136	1	1	2.882
1090	advanced	34128	0.407	3	3	2.88
1091	afflict	11385	0.136	1	1	2.879
1092	prodigal	11427	0.136	1	1	2.874
1093	abominable	22990	0.274	2	2	2.866
1094	prima	11491	0.137	1	1	2.866
1095	hearken	23019	0.275	2	1	2.864
1096	Mother	150593	1.798	13	11	2.854
1097	committing	11606	0.139	1	1	2.852
1098	twelfth	11669	0.139	1	1	2.844
1099	laying	35626	0.425	3	3	2.819
1100	hears	23785	0.284	2	2	2.817
1101	maids	11895	0.142	1	1	2.816
1102	XVIII	11914	0.142	1	1	2.814
1103	loud	23920	0.286	2	2	2.808
1104	signify	59908	0.715	5	4	2.806
1105	Bride	12056	0.144	1	1	2.797
1106	alliance	12060	0.144	1	1	2.796
1107	hunt	12065	0.144	1	1	2.796
1108	describes	12069	0.144	1	1	2.795
1109	pleaseth	24152	0.288	2	1	2.794
1110	compel	12119	0.145	1	1	2.789
1111	Iudah	12172	0.145	1	1	2.783
1112	amorous	12171	0.145	1	1	2.783
1113	pledge	12190	0.146	1	1	2.781
1114	discontent	12204	0.146	1	1	2.779
1115	base	61654	0.736	5	5	2.764
1116	bastard	12394	0.148	1	1	2.757
1117	gray	12411	0.148	1	1	2.755
1118	delicate	12414	0.148	1	1	2.754
1119	worn	12479	0.149	1	1	2.747
1120	knife	12510	0.149	1	1	2.744
1121	murderer	12581	0.15	1	1	2.735
1122	slander	12613	0.151	1	1	2.731
1123	Israell	12654	0.151	1	1	2.727
1124	Troy	12678	0.151	1	1	2.725
1125	blinded	12718	0.152	1	1	2.72
1126	women	152987	1.826	12	10	2.716
1127	attendance	12777	0.153	1	1	2.713
1128	crafty	12823	0.153	1	1	2.707
1129	sway	12829	0.153	1	1	2.707
1130	lodge	12832	0.153	1	1	2.707
1131	Deuteronomy	64271	0.767	5	5	2.704
1132	51	25891	0.309	2	1	2.694
1133	agent	12951	0.155	1	1	2.693
1134	forsooth	12960	0.155	1	1	2.692
1135	raging	13043	0.156	1	1	2.683
1136	lover	26112	0.312	2	2	2.682
1137	forsake	52263	0.624	4	4	2.681
1138	80	13074	0.156	1	1	2.679
1139	minus	13087	0.156	1	1	2.679
1140	esteemed	52613	0.628	4	4	2.671
1141	Hosts	13174	0.157	1	1	2.669
1142	Husband	105631	1.261	8	8	2.666
1143	Lev	13206	0.158	1	1	2.666
1144	territories	13207	0.158	1	1	2.666
1145	'll	158479	1.892	12	10	2.665
1146	departing	13235	0.158	1	1	2.662
1147	bloody	53730	0.641	4	2	2.641
1148	despite	13448	0.161	1	1	2.639
1149	Venus	26929	0.321	2	2	2.638
1150	manifestation	13497	0.161	1	1	2.634
1151	42.	13551	0.162	1	1	2.629
1152	burn	40670	0.485	3	3	2.628
1153	coals	13558	0.162	1	1	2.628
1154	Protector	13587	0.162	1	1	2.624
1155	doctrines	40858	0.488	3	3	2.621
1156	spoils	13640	0.163	1	1	2.619
1157	Chase	13640	0.163	1	1	2.619
1158	loath	27335	0.326	2	2	2.616
1159	evidently	27408	0.327	2	1	2.612
1160	harbour	13726	0.164	1	1	2.61
1161	fool	41266	0.493	3	3	2.606
1162	dares	13753	0.164	1	1	2.606
1163	sung	13767	0.164	1	1	2.606
1164	Antichristian	13777	0.164	1	1	2.605
1165	"	41388	0.494	3	2	2.602
1166	openly	41440	0.495	3	2	2.601
1167	Boy	27639	0.33	2	2	2.6
1168	Gal	55443	0.662	4	2	2.596
1169	morrow	27739	0.331	2	1	2.595
1170	handful	13872	0.166	1	1	2.594
1171	forbids	13966	0.167	1	1	2.585
1172	wolves	14045	0.168	1	1	2.577
1173	wisest	14043	0.168	1	1	2.577
1174	Wholesome	28319	0.338	2	2	2.565
1175	subtlety	14163	0.169	1	1	2.564
1176	supposes	14355	0.171	1	1	2.545
1177	Tomb	14393	0.172	1	1	2.541
1178	assemblies	28871	0.345	2	2	2.537
1179	foul	43393	0.518	3	3	2.534
1180	ipso	14545	0.174	1	1	2.526
1181	hills	29127	0.348	2	2	2.524
1182	fairest	14727	0.176	1	1	2.508
1183	excused	14733	0.176	1	1	2.507
1184	Con	14750	0.176	1	1	2.506
1185	famous	88824	1.06	6	3	2.501
1186	covetousness	29703	0.355	2	2	2.496
1187	publicly	29824	0.356	2	2	2.49
1188	her	1811491	21.623	121	76	2.484
1189	fervent	14967	0.179	1	1	2.484
1190	Indian	14985	0.179	1	1	2.483
1191	merry	30040	0.359	2	1	2.48
1192	Lightly	15080	0.18	1	1	2.474
1193	game	15105	0.18	1	1	2.472
1194	mischiefs	15127	0.181	1	1	2.469
1195	feathers	15142	0.181	1	1	2.468
1196	condemned	91164	1.088	6	6	2.463
1197	foe	15213	0.182	1	1	2.461
1198	unnatural	15260	0.182	1	1	2.457
1199	muse	15327	0.183	1	1	2.451
1200	grown	45966	0.549	3	3	2.451
1201	argues	15381	0.184	1	1	2.445
1202	ruined	15482	0.185	1	1	2.436
1203	merchandise	15488	0.185	1	1	2.435
1204	represent	31012	0.37	2	1	2.434
1205	58	15554	0.186	1	1	2.429
1206	mentions	15583	0.186	1	1	2.427
1207	'm	31244	0.373	2	2	2.423
1208	expound	15629	0.187	1	1	2.422
1209	keep	313074	3.737	20	13	2.42
1210	deserts	15722	0.188	1	1	2.413
1211	drinks	15747	0.188	1	1	2.411
1212	maintain	78757	0.94	5	5	2.411
1213	reigns	15787	0.188	1	1	2.408
1214	eats	15783	0.188	1	1	2.408
1215	abused	31590	0.377	2	2	2.407
1216	corrupt	63197	0.754	4	4	2.407
1217	discovered	63467	0.758	4	4	2.4
1218	penitent	15876	0.19	1	1	2.4
1219	lewd	15983	0.191	1	1	2.39
1220	fitly	16083	0.192	1	1	2.381
1221	meanest	16212	0.194	1	1	2.37
1222	deaths	16238	0.194	1	1	2.367
1223	she	1006738	12.017	62	47	2.367
1224	proclaimed	16275	0.194	1	1	2.364
1225	hereunto	16278	0.194	1	1	2.364
1226	lament	16334	0.195	1	1	2.358
1227	Sheriff	16356	0.195	1	1	2.357
1228	licence	16353	0.195	1	1	2.357
1229	silly	16358	0.195	1	1	2.356
1230	sale	16370	0.195	1	1	2.355
1231	female	16395	0.196	1	1	2.353
1232	Bar	32896	0.393	2	1	2.349
1233	impious	16500	0.197	1	1	2.344
1234	quarrel	32992	0.394	2	2	2.344
1235	Peoples	33008	0.394	2	2	2.344
1236	destroyed	66138	0.789	4	1	2.341
1237	causing	16632	0.199	1	1	2.333
1238	col	16743	0.2	1	1	2.323
1239	lie	168129	2.007	10	8	2.317
1240	judgment	235552	2.812	14	9	2.316
1241	offenders	16839	0.201	1	1	2.315
1242	foretold	16838	0.201	1	1	2.315
1243	renew	16858	0.201	1	1	2.313
1244	ma	16855	0.201	1	1	2.313
1245	complained	16882	0.202	1	1	2.311
1246	hates	16898	0.202	1	1	2.31
1247	Fly	84799	1.012	5	5	2.304
1248	cleared	17054	0.204	1	1	2.296
1249	rid	17118	0.204	1	1	2.291
1250	studies	17122	0.204	1	1	2.291
1251	ornaments	17222	0.206	1	1	2.282
1252	discerned	17249	0.206	1	1	2.28
1253	stuff	17295	0.206	1	1	2.276
1254	infected	17325	0.207	1	1	2.274
1255	scorn	34703	0.414	2	2	2.272
1256	Accursed	17442	0.208	1	1	2.264
1257	regiment	17461	0.208	1	1	2.263
1258	trusted	17518	0.209	1	1	2.258
1259	Forbear	35085	0.419	2	2	2.256
1260	arising	17551	0.21	1	1	2.255
1261	Gall	17567	0.21	1	1	2.254
1262	Apostasy	17588	0.21	1	1	2.252
1263	sitting	35270	0.421	2	2	2.248
1264	Popish	53150	0.634	3	2	2.241
1265	pillars	17842	0.213	1	1	2.231
1266	destruction	89423	1.067	5	2	2.228
1267	Catholics	17885	0.214	1	1	2.228
1268	stage	17895	0.214	1	1	2.227
1269	smooth	17906	0.214	1	1	2.226
1270	type	17907	0.214	1	1	2.226
1271	Esa	17912	0.214	1	1	2.226
1272	sport	17952	0.214	1	1	2.222
1273	trade	71989	0.859	4	3	2.219
1274	betrayed	18001	0.215	1	1	2.218
1275	virgin	54072	0.645	3	3	2.217
1276	bears	54088	0.646	3	3	2.216
1277	celebrated	18043	0.215	1	1	2.215
1278	Luther	36123	0.431	2	2	2.214
1279	Israel	162651	1.942	9	8	2.213
1280	defiled	18090	0.216	1	1	2.212
1281	advance	36366	0.434	2	2	2.204
1282	Clerk	18200	0.217	1	1	2.203
1283	marked	18201	0.217	1	1	2.202
1284	stately	18235	0.218	1	1	2.2
1285	drunkenness	18268	0.218	1	1	2.197
1286	lust	54865	0.655	3	3	2.196
1287	redeem	18342	0.219	1	1	2.192
1288	monarch	18420	0.22	1	1	2.185
1289	quoth	36867	0.44	2	2	2.184
1290	minor	18443	0.22	1	1	2.184
1291	modest	18444	0.22	1	1	2.183
1292	lets	18569	0.222	1	1	2.174
1293	lodging	18632	0.222	1	1	2.169
1294	Captive	18662	0.223	1	1	2.166
1295	Hell	149518	1.785	8	6	2.164
1296	monstrous	18738	0.224	1	1	2.16
1297	judged	56237	0.671	3	3	2.16
1298	plagues	18774	0.224	1	1	2.158
1299	sit	131502	1.57	7	4	2.157
1300	blows	18837	0.225	1	1	2.153
1301	adorned	18908	0.226	1	1	2.148
1302	hot	94567	1.129	5	4	2.147
1303	Italian	18997	0.227	1	1	2.141
1304	overthrown	19023	0.227	1	1	2.139
1305	tempest	19049	0.227	1	1	2.137
1306	young	171502	2.047	9	8	2.136
1307	humbled	19062	0.228	1	1	2.136
1308	imitation	19146	0.229	1	1	2.13
1309	lies	96467	1.152	5	5	2.118
1310	reprove	19294	0.23	1	1	2.118
1311	qualities	38805	0.463	2	2	2.11
1312	hide	38812	0.463	2	2	2.11
1313	Tertullian	19440	0.232	1	1	2.108
1314	breasts	19504	0.233	1	1	2.103
1315	del	19504	0.233	1	1	2.103
1316	habitation	19587	0.234	1	1	2.097
1317	great	1790493	21.372	91	39	2.09
1318	embraced	19758	0.236	1	1	2.084
1319	jealous	19806	0.236	1	1	2.081
1320	Nice	19841	0.237	1	1	2.078
1321	23.	59639	0.712	3	3	2.075
1322	snow	19897	0.238	1	1	2.074
1323	36	39832	0.475	2	2	2.073
1324	simplicity	20072	0.24	1	1	2.061
1325	constable	20148	0.241	1	1	2.056
1326	Lent	20167	0.241	1	1	2.055
1327	counterfeit	20191	0.241	1	1	2.053
1328	fain	40564	0.484	2	2	2.046
1329	excellency	60896	0.727	3	2	2.045
1330	common	346098	4.131	17	17	2.041
1331	converted	40728	0.486	2	2	2.041
1332	notable	40823	0.487	2	1	2.037
1333	call	328774	3.924	16	12	2.028
1334	chaste	20646	0.246	1	1	2.021
1335	corner	20657	0.247	1	1	2.02
1336	fond	20744	0.248	1	1	2.014
1337	tribute	20800	0.248	1	1	2.01
1338	swearing	20821	0.249	1	1	2.009
1339	rot	20942	0.25	1	1	2
1340	foes	20990	0.251	1	1	1.997
1341	Es	21017	0.251	1	1	1.995
1342	seated	21058	0.251	1	1	1.992
1343	unprofitable	21130	0.252	1	1	1.987
1344	mystical	21135	0.252	1	1	1.987
1345	slave	21201	0.253	1	1	1.982
1346	Bellarmine	21215	0.253	1	1	1.982
1347	Politic	21242	0.254	1	1	1.979
1348	precious	85205	1.017	4	4	1.976
1349	Proverb	21331	0.255	1	1	1.974
1350	Tale	21357	0.255	1	1	1.972
1351	train	21461	0.256	1	1	1.965
1352	become	172873	2.064	8	7	1.955
1353	Wales	21702	0.259	1	1	1.949
1354	daughter	108707	1.298	5	5	1.946
1355	fidelity	21748	0.26	1	1	1.946
1356	compared	43800	0.523	2	1	1.936
1357	Laugh	21938	0.262	1	1	1.933
1358	Stile	21951	0.262	1	1	1.932
1359	Chair	21959	0.262	1	1	1.932
1360	jealousy	21960	0.262	1	1	1.932
1361	turned	109846	1.311	5	3	1.931
1362	tempted	22002	0.263	1	1	1.929
1363	Irish	22076	0.264	1	1	1.924
1364	knees	22165	0.265	1	1	1.918
1365	scope	22219	0.265	1	1	1.915
1366	reputation	44574	0.532	2	2	1.911
1367	Yes	44644	0.533	2	2	1.908
1368	il	44690	0.533	2	1	1.907
1369	secrets	22386	0.267	1	1	1.904
1370	di	44811	0.535	2	1	1.903
1371	eggs	22433	0.268	1	1	1.901
1372	ruled	22509	0.269	1	1	1.896
1373	boldness	22766	0.272	1	1	1.88
1374	settled	45575	0.544	2	2	1.878
1375	similitude	22791	0.272	1	1	1.878
1376	indignation	22811	0.272	1	1	1.877
1377	prosper	22839	0.273	1	1	1.875
1378	admire	22861	0.273	1	1	1.874
1379	shadow	45786	0.547	2	2	1.872
1380	appeared	69228	0.826	3	3	1.86
1381	urged	23145	0.276	1	1	1.856
1382	obeyed	23197	0.277	1	1	1.853
1383	vice	46611	0.556	2	2	1.846
1384	showing	46685	0.557	2	2	1.844
1385	minded	23388	0.279	1	1	1.841
1386	drink	140890	1.682	6	6	1.835
1387	merchant	23511	0.281	1	1	1.833
1388	Thrown	23518	0.281	1	1	1.833
1389	shame	94222	1.125	4	4	1.83
1390	Cyprian	23570	0.281	1	1	1.83
1391	dwell	70987	0.847	3	2	1.824
1392	thinks	71088	0.849	3	3	1.822
1393	dance	23697	0.283	1	1	1.822
1394	entering	23761	0.284	1	1	1.818
1395	Jew	23762	0.284	1	1	1.818
1396	offers	23765	0.284	1	1	1.818
1397	Shake	24043	0.287	1	1	1.801
1398	earnest	48238	0.576	2	2	1.796
1399	boast	24120	0.288	1	1	1.796
1400	worst	48340	0.577	2	2	1.793
1401	seven	120863	1.443	5	5	1.793
1402	whiles	24191	0.289	1	1	1.792
1403	eat	145185	1.733	6	3	1.792
1404	decreed	24249	0.289	1	1	1.789
1405	younger	24318	0.29	1	1	1.784
1406	clock	24334	0.291	1	1	1.783
1407	pull	24362	0.291	1	1	1.782
1408	wh	48807	0.583	2	2	1.779
1409	became	73544	0.878	3	3	1.773
1410	spoken	147126	1.756	6	6	1.773
1411	histories	24576	0.293	1	1	1.77
1412	complaint	24586	0.294	1	1	1.769
1413	fetch	24696	0.295	1	1	1.762
1414	hatred	49444	0.59	2	2	1.761
1415	woods	24782	0.296	1	1	1.757
1416	golden	49785	0.594	2	2	1.751
1417	Angel	74694	0.892	3	1	1.75
1418	imperfect	24941	0.298	1	1	1.748
1419	companions	24999	0.298	1	1	1.745
1420	dwells	25035	0.299	1	1	1.743
1421	burnt	50113	0.598	2	2	1.741
1422	Hypocrisy	25137	0.3	1	1	1.737
1423	impossible	75536	0.902	3	3	1.734
1424	masters	75576	0.902	3	3	1.734
1425	treasure	50519	0.603	2	2	1.73
1426	secretly	25285	0.302	1	1	1.728
1427	properties	25319	0.302	1	1	1.726
1428	marvel	25347	0.303	1	1	1.725
1429	loves	76043	0.908	3	2	1.725
1430	smell	25352	0.303	1	1	1.725
1431	consecrated	25356	0.303	1	1	1.724
1432	Hated	25471	0.304	1	1	1.718
1433	covetous	25513	0.305	1	1	1.715
1434	sex	25550	0.305	1	1	1.713
1435	commit	51155	0.611	2	2	1.712
1436	fellow	51208	0.611	2	2	1.71
1437	clothed	25607	0.306	1	1	1.71
1438	commandments	51345	0.613	2	2	1.706
1439	signification	25765	0.308	1	1	1.701
1440	kept	180349	2.153	7	5	1.701
1441	convinced	25766	0.308	1	1	1.701
1442	Philosopher	25888	0.309	1	1	1.694
1443	suspected	25911	0.309	1	1	1.693
1444	opening	25968	0.31	1	1	1.69
1445	Streets	26115	0.312	1	1	1.682
1446	looks	52264	0.624	2	2	1.681
1447	43	26174	0.312	1	1	1.679
1448	entreat	26388	0.315	1	1	1.667
1449	foolish	52888	0.631	2	2	1.664
1450	wanted	26501	0.316	1	1	1.661
1451	a	14471665	172.738	546	168	1.66
1452	tom	26564	0.317	1	1	1.657
1453	refuse	53146	0.634	2	1	1.657
1454	?	2527462	30.169	95	46	1.655
1455	behaviour	26702	0.319	1	1	1.65
1456	deadly	26719	0.319	1	1	1.649
1457	spent	53460	0.638	2	2	1.648
1458	17	133873	1.598	5	4	1.646
1459	open	187653	2.24	7	6	1.644
1460	garments	26823	0.32	1	1	1.643
1461	modesty	26836	0.32	1	1	1.643
1462	broke	26875	0.321	1	1	1.64
1463	suspicion	27149	0.324	1	1	1.625
1464	fol.	54629	0.652	2	1	1.617
1465	mystery	54678	0.653	2	1	1.616
1466	44	27360	0.327	1	1	1.614
1467	discover	55186	0.659	2	2	1.602
1468	stick	27742	0.331	1	1	1.595
1469	room	55576	0.663	2	1	1.592
1470	forsaken	27796	0.332	1	1	1.592
1471	sold	55694	0.665	2	2	1.589
1472	turn	167524	2	6	6	1.585
1473	slaves	28066	0.335	1	1	1.578
1474	Ecclesiae	28090	0.335	1	1	1.576
1475	woe	28149	0.336	1	1	1.573
1476	accounted	56307	0.672	2	1	1.573
1477	Followers	28164	0.336	1	1	1.573
1478	render	56345	0.673	2	2	1.572
1479	touch	57247	0.683	2	2	1.549
1480	cunning	28670	0.342	1	1	1.547
1481	solid	28842	0.344	1	1	1.538
1482	hole	28915	0.345	1	1	1.535
1483	borne	86876	1.037	3	2	1.533
1484	Vision	28960	0.346	1	1	1.532
1485	Ah	29075	0.347	1	1	1.527
1486	Keeping	58223	0.695	2	2	1.525
1487	weather	29174	0.348	1	1	1.522
1488	view	58441	0.698	2	2	1.52
1489	zealous	29282	0.35	1	1	1.517
1490	Westminster	29288	0.35	1	1	1.516
1491	cry	87922	1.05	3	3	1.515
1492	paid	58812	0.702	2	2	1.51
1493	honesty	29498	0.352	1	1	1.506
1494	miracle	29540	0.353	1	1	1.504
1495	called	768363	9.171	26	20	1.503
1496	condemn	59378	0.709	2	2	1.497
1497	fall	267911	3.198	9	8	1.493
1498	term	59683	0.712	2	2	1.489
1499	permit	29877	0.357	1	1	1.488
1500	rank	29920	0.357	1	1	1.486
1501	doors	29993	0.358	1	1	1.482
1502	face	181454	2.166	6	5	1.47
1503	gentlemen	60495	0.722	2	2	1.47
1504	super	30308	0.362	1	1	1.467
1505	permitted	30542	0.365	1	1	1.456
1506	strike	30636	0.366	1	1	1.451
1507	Anointed	30642	0.366	1	1	1.451
1508	speeches	30693	0.366	1	1	1.449
1509	star	30709	0.367	1	1	1.448
1510	testify	30813	0.368	1	1	1.443
1511	dream	30913	0.369	1	1	1.438
1512	Idols	30951	0.369	1	1	1.437
1513	consumed	31042	0.371	1	1	1.432
1514	Mr	31112	0.371	1	1	1.429
1515	riches	93796	1.12	3	3	1.422
1516	make	1313915	15.683	42	36	1.421
1517	terror	31309	0.374	1	1	1.42
1518	beautiful	31363	0.374	1	1	1.417
1519	yearly	31375	0.375	1	1	1.417
1520	bringeth	31606	0.377	1	1	1.406
1521	medicine	31615	0.377	1	1	1.406
1522	wished	31831	0.38	1	1	1.396
1523	bondage	31829	0.38	1	1	1.396
1524	presume	31879	0.381	1	1	1.394
1525	cries	32046	0.383	1	1	1.386
1526	interpretation	32092	0.383	1	1	1.384
1527	dogs	32101	0.383	1	1	1.384
1528	Doubtless	32131	0.384	1	1	1.383
1529	speaking	96859	1.156	3	3	1.376
1530	worse	96916	1.157	3	3	1.375
1531	Francis	32629	0.39	1	1	1.36
1532	greatness	65345	0.78	2	1	1.358
1533	innocent	65570	0.783	2	2	1.353
1534	divide	32819	0.392	1	1	1.352
1535	mark	131282	1.567	4	4	1.352
1536	Wine	164447	1.963	5	5	1.349
1537	serves	32991	0.394	1	1	1.344
1538	endure	66031	0.788	2	2	1.343
1539	maid	33079	0.395	1	1	1.341
1540	chose	33127	0.395	1	1	1.339
1541	Chapter	132959	1.587	4	1	1.334
1542	discovery	33358	0.398	1	1	1.328
1543	save	133689	1.596	4	3	1.326
1544	like	1070087	12.773	32	30	1.325
1545	whose	468798	5.596	14	14	1.323
1546	wax	33550	0.401	1	1	1.32
1547	hazard	33564	0.401	1	1	1.32
1548	colour	100836	1.204	3	2	1.318
1549	sees	33635	0.402	1	1	1.317
1550	Fortune	101130	1.207	3	3	1.313
1551	miserable	67471	0.805	2	2	1.312
1552	O	541781	6.467	16	10	1.307
1553	Hen	33893	0.405	1	1	1.305
1554	soldier	33917	0.405	1	1	1.305
1555	triumph	33934	0.405	1	1	1.304
1556	house	407406	4.863	12	12	1.303
1557	horse	136110	1.625	4	4	1.3
1558	bred	34100	0.407	1	1	1.297
1559	visit	34153	0.408	1	1	1.294
1560	Throne	68392	0.816	2	1	1.293
1561	Poet	34204	0.408	1	1	1.292
1562	damned	34243	0.409	1	1	1.291
1563	professed	34256	0.409	1	1	1.29
1564	pleasing	34281	0.409	1	1	1.289
1565	wit	172149	2.055	5	3	1.283
1566	physic	34467	0.411	1	1	1.281
1567	twenty	103869	1.24	3	3	1.275
1568	friend	138523	1.654	4	4	1.274
1569	reproach	34657	0.414	1	1	1.273
1570	beaten	34661	0.414	1	1	1.273
1571	oft	69946	0.835	2	2	1.26
1572	blame	34974	0.418	1	1	1.26
1573	broad	35012	0.418	1	1	1.259
1574	longer	105304	1.257	3	3	1.255
1575	else	281410	3.359	8	6	1.252
1576	Fight	105643	1.261	3	3	1.25
1577	fools	35223	0.42	1	1	1.25
1578	sends	35230	0.421	1	1	1.25
1579	Fate	35533	0.424	1	1	1.238
1580	ran	35556	0.424	1	1	1.237
1581	properly	71363	0.852	2	2	1.231
1582	song	35727	0.426	1	1	1.23
1583	stock	35766	0.427	1	1	1.228
1584	acknowledged	35881	0.428	1	1	1.223
1585	38	35927	0.429	1	1	1.222
1586	despair	36035	0.43	1	1	1.217
1587	hither	36037	0.43	1	1	1.217
1588	secret	108173	1.291	3	3	1.216
1589	corrupted	36122	0.431	1	1	1.214
1590	'd	144543	1.725	4	3	1.213
1591	afterward	72483	0.865	2	2	1.209
1592	pleasant	72707	0.868	2	2	1.204
1593	birds	36376	0.434	1	1	1.204
1594	fail	73352	0.876	2	2	1.192
1595	practised	36690	0.438	1	1	1.191
1596	resolve	36730	0.438	1	1	1.19
1597	Vast	36772	0.439	1	1	1.188
1598	wealth	73703	0.88	2	2	1.185
1599	mouths	36905	0.441	1	1	1.183
1600	merchants	36943	0.441	1	1	1.181
1601	wherewith	74362	0.888	2	2	1.172
1602	!	371996	4.44	10	5	1.171
1603	Jesuits	37256	0.445	1	1	1.169
1604	spend	37287	0.445	1	1	1.168
1605	temptation	37377	0.446	1	1	1.165
1606	midst	74832	0.893	2	2	1.163
1607	numbers	37529	0.448	1	1	1.158
1608	fifty	37601	0.449	1	1	1.156
1609	separate	37702	0.45	1	1	1.152
1610	quality	75538	0.902	2	2	1.149
1611	vengeance	37813	0.451	1	1	1.148
1612	vile	37856	0.452	1	1	1.146
1613	lived	113584	1.356	3	3	1.146
1614	apparent	37871	0.452	1	1	1.146
1615	brave	38044	0.454	1	1	1.139
1616	Son	570683	6.812	15	9	1.139
1617	stranger	38063	0.454	1	1	1.138
1618	lips	38066	0.454	1	1	1.138
1619	omnes	38114	0.455	1	1	1.136
1620	vulgar	38139	0.455	1	1	1.135
1621	Host	38170	0.456	1	1	1.134
1622	seeing	231216	2.76	6	6	1.12
1623	18.	77389	0.924	2	2	1.115
1624	specially	38732	0.462	1	1	1.113
1625	next	271507	3.241	7	5	1.111
1626	thou	1398203	16.689	36	27	1.109
1627	Essay	38918	0.465	1	1	1.106
1628	spare	38949	0.465	1	1	1.105
1629	fourthly	38947	0.465	1	1	1.105
1630	teaching	39101	0.467	1	1	1.099
1631	Lordship	39217	0.468	1	1	1.095
1632	turns	39404	0.47	1	1	1.088
1633	valiant	39573	0.472	1	1	1.082
1634	thy	1346327	16.07	34	23	1.081
1635	below	39611	0.473	1	1	1.081
1636	signifies	79472	0.949	2	2	1.076
1637	terrible	39921	0.477	1	1	1.069
1638	fashion	39934	0.477	1	1	1.069
1639	names	120160	1.434	3	3	1.065
1640	ends	80149	0.957	2	2	1.064
1641	confessed	40109	0.479	1	1	1.063
1642	doth	963309	11.498	24	18	1.062
1643	castle	80430	0.96	2	2	1.059
1644	runs	40288	0.481	1	1	1.056
1645	Finally	40318	0.481	1	1	1.055
1646	Better	443737	5.297	11	11	1.054
1647	hath	1823449	21.765	45	37	1.048
1648	Calls	121932	1.455	3	3	1.044
1649	go	533648	6.37	13	10	1.029
1650	priest	123560	1.475	3	3	1.024
1651	persecution	41265	0.493	1	1	1.022
1652	Colours	41565	0.496	1	1	1.011
1653	an	2497908	29.816	60	40	1.009
1654	Germany	41636	0.497	1	1	1.009
1655	Accept	41690	0.498	1	1	1.007
1656	understood	125485	1.498	3	3	1.002
1657	Unknown	41827	0.499	1	1	1.002
1658	honey	41845	0.5	1	1	1.001
1659	Manners	41947	0.501	1	1	0.998
1660	amongst	251926	3.007	6	6	0.997
1661	Gates	42043	0.502	1	1	0.995
1662	fire	294315	3.513	7	6	0.995
1663	rare	42119	0.503	1	1	0.992
1664	Nor	1146191	13.681	27	22	0.981
1665	cursed	42622	0.509	1	1	0.975
1666	yield	85483	1.02	2	2	0.971
1667	deal	85541	1.021	2	2	0.97
1668	rent	42785	0.511	1	1	0.969
1669	dangerous	85652	1.022	2	2	0.968
1670	glorious	128843	1.538	3	3	0.964
1671	frequent	43207	0.516	1	1	0.955
1672	18	129797	1.549	3	3	0.953
1673	whom	782727	9.343	18	16	0.946
1674	built	87141	1.04	2	2	0.943
1675	endeavours	43626	0.521	1	1	0.941
1676	's	1833403	21.884	42	27	0.941
1677	spread	43759	0.522	1	1	0.937
1678	returned	87529	1.045	2	2	0.937
1679	Ergo	43824	0.523	1	1	0.935
1680	humbly	44038	0.526	1	1	0.928
1681	Ibid.	44084	0.526	1	1	0.926
1682	terms	88303	1.054	2	2	0.924
1683	grows	44157	0.527	1	1	0.924
1684	bring	310345	3.704	7	7	0.918
1685	shall	2624249	31.324	59	38	0.913
1686	got	88984	1.062	2	2	0.913
1687	gotten	44665	0.533	1	1	0.908
1688	privileges	44698	0.534	1	1	0.906
1689	neither	537051	6.41	12	10	0.905
1690	false	224466	2.679	5	5	0.9
1691	usual	44893	0.536	1	1	0.9
1692	makes	359288	4.289	8	8	0.899
1693	forced	89873	1.073	2	2	0.899
1694	draw	134904	1.61	3	3	0.898
1695	Treatise	45102	0.538	1	1	0.893
1696	Art	315875	3.77	7	6	0.893
1697	abuse	45195	0.54	1	1	0.89
1698	tree	90586	1.081	2	2	0.887
1699	dare	135920	1.622	3	3	0.887
1700	brethren	136332	1.627	3	3	0.882
1701	begun	45469	0.543	1	1	0.882
1702	begins	45496	0.543	1	1	0.881
1703	stead	45532	0.544	1	1	0.88
1704	then	2700348	32.232	59	44	0.872
1705	cried	45966	0.549	1	1	0.866
1706	stay	91988	1.098	2	2	0.865
1707	rage	46100	0.55	1	1	0.862
1708	SURELY	92689	1.106	2	2	0.854
1709	merciful	46370	0.554	1	1	0.853
1710	lands	92853	1.108	2	2	0.852
1711	flesh	279311	3.334	6	3	0.848
1712	gate	46617	0.556	1	1	0.846
1713	saint	186918	2.231	4	3	0.842
1714	16.	93810	1.12	2	2	0.837
1715	judgements	47124	0.563	1	1	0.83
1716	clear	141407	1.688	3	2	0.83
1717	W.	47212	0.564	1	1	0.828
1718	rightly	47299	0.565	1	1	0.825
1719	Devil	190658	2.276	4	4	0.814
1720	beauty	95667	1.142	2	2	0.809
1721	saw	191431	2.285	4	2	0.808
1722	fury	47909	0.572	1	1	0.806
1723	warrant	48147	0.575	1	1	0.799
1724	many	1356675	16.194	28	22	0.79
1725	truly	193999	2.316	4	4	0.789
1726	violent	48514	0.579	1	1	0.788
1727	portion	48529	0.579	1	1	0.788
1728	Enter	145726	1.739	3	3	0.786
1729	working	48604	0.58	1	1	0.785
1730	burning	48634	0.581	1	1	0.785
1731	fresh	48792	0.582	1	1	0.78
1732	something	97686	1.166	2	2	0.778
1733	died	97793	1.167	2	2	0.777
1734	noted	48905	0.584	1	1	0.777
1735	London	146866	1.753	3	3	0.775
1736	charged	49036	0.585	1	1	0.773
1737	withal	98276	1.173	2	2	0.77
1738	abundance	49441	0.59	1	1	0.761
1739	forget	49494	0.591	1	1	0.759
1740	id	49498	0.591	1	1	0.759
1741	alive	49526	0.591	1	1	0.758
1742	senses	49966	0.596	1	1	0.746
1743	servants	149996	1.79	3	3	0.745
1744	Lamb	50063	0.598	1	1	0.743
1745	suffered	100182	1.196	2	2	0.742
1746	goes	100413	1.199	2	2	0.739
1747	journey	50247	0.6	1	1	0.737
1748	Dominion	50446	0.602	1	1	0.732
1749	putting	50647	0.605	1	1	0.726
1750	posterity	50699	0.605	1	1	0.725
1751	gold	152169	1.816	3	3	0.724
1752	Catholic	101512	1.212	2	2	0.723
1753	ARM	50968	0.608	1	1	0.717
1754	exercise	102303	1.221	2	2	0.712
1755	prophecy	51210	0.611	1	1	0.71
1756	Magistrate	51237	0.612	1	1	0.709
1757	Profess	51407	0.614	1	1	0.705
1758	fill	51476	0.614	1	1	0.703
1759	plain	154580	1.845	3	3	0.701
1760	holiness	103065	1.23	2	2	0.701
1761	belonging	51565	0.616	1	1	0.7
1762	old	414305	4.945	8	8	0.694
1763	admitted	51831	0.619	1	1	0.693
1764	peculiar	51984	0.621	1	1	0.688
1765	bless	52076	0.622	1	1	0.686
1766	sign	104160	1.243	2	2	0.686
1767	believing	52233	0.624	1	1	0.682
1768	pen	52272	0.624	1	1	0.681
1769	parties	52516	0.627	1	1	0.674
1770	hid	52578	0.628	1	1	0.672
1771	promised	105333	1.257	2	2	0.67
1772	pride	105444	1.259	2	2	0.668
1773	leave	264688	3.159	5	5	0.662
1774	loving	52941	0.632	1	1	0.662
1775	SIR	371184	4.431	7	7	0.66
1776	suddenly	53066	0.633	1	1	0.659
1777	hundred	212307	2.534	4	3	0.658
1778	instance	53150	0.634	1	1	0.657
1779	still	373001	4.452	7	7	0.653
1780	mouth	161086	1.923	3	3	0.642
1781	City	377406	4.505	7	6	0.636
1782	conversation	53957	0.644	1	1	0.635
1783	drawn	108352	1.293	2	2	0.629
1784	knew	162531	1.94	3	3	0.629
1785	chap	271060	3.236	5	3	0.628
1786	sheweth	54422	0.65	1	1	0.622
1787	Night	217853	2.6	4	4	0.621
1788	consequence	54571	0.651	1	1	0.618
1789	upon	2522161	30.105	46	29	0.612
1790	brings	54834	0.655	1	1	0.612
1791	prove	220093	2.627	4	3	0.607
1792	thereupon	55032	0.657	1	1	0.606
1793	meaning	110075	1.314	2	2	0.606
1794	mentioned	110171	1.315	2	2	0.605
1795	humours	55201	0.659	1	1	0.602
1796	Henry	110662	1.321	2	1	0.598
1797	*	55385	0.661	1	1	0.597
1798	once	277740	3.315	5	4	0.593
1799	court	223217	2.664	4	4	0.586
1800	Satan	111662	1.333	2	2	0.586
1801	sometime	55884	0.667	1	1	0.584
1802	care	224334	2.678	4	3	0.579
1803	forty	56096	0.67	1	1	0.579
1804	breast	56115	0.67	1	1	0.578
1805	rather	393402	4.696	7	7	0.576
1806	Lady	112639	1.345	2	2	0.573
1807	head	338290	4.038	6	5	0.571
1808	mountains	56383	0.673	1	1	0.571
1809	why	394748	4.712	7	7	0.571
1810	earth	451529	5.39	8	8	0.57
1811	Mass	56555	0.675	1	1	0.567
1812	feast	56711	0.677	1	1	0.563
1813	satisfy	56748	0.677	1	1	0.562
1814	:	8018849	95.715	141	88	0.559
1815	swear	56939	0.68	1	1	0.557
1816	clearly	57009	0.681	1	1	0.555
1817	Idolatry	57073	0.681	1	1	0.554
1818	Apply	57357	0.685	1	1	0.547
1819	stomach	57673	0.688	1	1	0.539
1820	arms	173309	2.069	3	3	0.536
1821	fallen	57829	0.69	1	1	0.535
1822	persuade	57909	0.691	1	1	0.533
1823	report	58002	0.692	1	1	0.531
1824	sudden	58065	0.693	1	1	0.529
1825	perish	58343	0.696	1	1	0.522
1826	season	58435	0.698	1	1	0.52
1827	giving	117136	1.398	2	2	0.516
1828	diseases	58776	0.702	1	1	0.511
1829	hart	58913	0.703	1	1	0.508
1830	Devils	59091	0.705	1	1	0.504
1831	proved	118293	1.412	2	2	0.502
1832	John	415725	4.962	7	4	0.496
1833	daily	119047	1.421	2	2	0.493
1834	19	119133	1.422	2	1	0.492
1835	feel	59669	0.712	1	1	0.49
1836	'	59808	0.714	1	1	0.486
1837	sake	119831	1.43	2	2	0.484
1838	mans	181090	2.162	3	3	0.473
1839	revenge	60376	0.721	1	1	0.473
1840	21.	60549	0.723	1	1	0.469
1841	spring	60792	0.726	1	1	0.463
1842	because	1157094	13.811	19	16	0.46
1843	considering	60911	0.727	1	1	0.46
1844	civil	121918	1.455	2	2	0.459
1845	substance	122160	1.458	2	2	0.456
1846	12.	122418	1.461	2	1	0.453
1847	arise	61558	0.735	1	1	0.445
1848	heed	61679	0.736	1	1	0.442
1849	past	123448	1.474	2	1	0.441
1850	goods	123513	1.474	2	2	0.44
1851	scarce	62192	0.742	1	1	0.43
1852	pretended	62449	0.745	1	1	0.424
1853	Repent	62610	0.747	1	1	0.42
1854	deed	62715	0.749	1	1	0.418
1855	money	188212	2.247	3	3	0.417
1856	Your	2073026	24.744	33	17	0.415
1857	pity	62915	0.751	1	1	0.413
1858	depart	62947	0.751	1	1	0.412
1859	rejoice	63078	0.753	1	1	0.409
1860	fr	63238	0.755	1	1	0.406
1861	north	63334	0.756	1	1	0.404
1862	sooner	63462	0.758	1	1	0.401
1863	betwixt	127079	1.517	2	2	0.399
1864	am	509469	6.081	8	7	0.396
1865	3.	318523	3.802	5	4	0.395
1866	tell	255280	3.047	4	4	0.393
1867	comes	255457	3.049	4	4	0.392
1868	Whilst	127767	1.525	2	2	0.391
1869	the	59190422	706.515	926	220	0.39
1870	freely	63939	0.763	1	1	0.39
1871	6.	191822	2.29	3	2	0.39
1872	that	17465266	208.471	273	128	0.389
1873	led	64006	0.764	1	1	0.388
1874	You	3714542	44.338	58	26	0.388
1875	estates	64246	0.767	1	1	0.383
1876	west	64326	0.768	1	1	0.381
1877	door	64326	0.768	1	1	0.381
1878	known	257669	3.076	4	4	0.379
1879	creatures	128964	1.539	2	2	0.378
1880	consequently	64502	0.77	1	1	0.377
1881	live	322774	3.853	5	5	0.376
1882	absolute	64604	0.771	1	1	0.375
1883	haste	258415	3.085	4	4	0.375
1884	is	12301699	146.837	190	95	0.372
1885	constant	64819	0.774	1	1	0.37
1886	On	1948583	23.259	30	26	0.367
1887	too	521045	6.219	8	6	0.363
1888	making	195439	2.333	3	3	0.363
1889	no	2739631	32.701	42	33	0.361
1890	affirm	65605	0.783	1	1	0.353
1891	hours	65642	0.784	1	1	0.352
1892	fit	197019	2.352	3	3	0.351
1893	Thus	788750	9.415	12	12	0.35
1894	lying	65748	0.785	1	1	0.35
1895	State	329799	3.937	5	5	0.345
1896	Gentleman	66021	0.788	1	1	0.344
1897	ibid	66183	0.79	1	1	0.34
1898	nations	132713	1.584	2	2	0.336
1899	wherein	332751	3.972	5	4	0.332
1900	please	133516	1.594	2	2	0.328
1901	with	6743369	80.491	101	68	0.327
1902	prophet	133904	1.598	2	2	0.323
1903	success	67089	0.801	1	1	0.32
1904	fifth	67116	0.801	1	1	0.32
1905	language	67133	0.801	1	1	0.32
1906	private	134915	1.61	2	2	0.313
1907	white	134914	1.61	2	2	0.313
1908	name	607418	7.25	9	8	0.312
1909	outward	135202	1.614	2	2	0.31
1910	.	39047260	466.08	575	160	0.303
1911	soldiers	136167	1.625	2	2	0.299
1912	fair	204535	2.441	3	3	0.297
1913	,	97296499	1161.361	1427	286	0.297
1914	twelve	68218	0.814	1	1	0.296
1915	e	136544	1.63	2	1	0.295
1916	taken	481305	5.745	7	6	0.285
1917	worship	206782	2.468	3	3	0.282
1918	Witnesses	69349	0.828	1	1	0.273
1919	bare	69451	0.829	1	1	0.271
1920	)	3126749	37.322	45	34	0.27
1921	Hence	139086	1.66	2	2	0.269
1922	strange	139257	1.662	2	2	0.267
1923	Mankind	69641	0.831	1	1	0.267
1924	first	1465032	17.487	21	13	0.264
1925	sons	139530	1.666	2	2	0.264
1926	trees	69792	0.833	1	1	0.263
1927	Ghost	139834	1.669	2	2	0.261
1928	of	39170514	467.551	560	196	0.26
1929	up	1119358	13.361	16	9	0.26
1930	5.	210462	2.512	3	3	0.256
1931	cut	140466	1.677	2	2	0.254
1932	pieces	70256	0.839	1	1	0.254
1933	l	70403	0.84	1	1	0.251
1934	si	141064	1.684	2	1	0.248
1935	stones	70601	0.843	1	1	0.247
1936	Princes	212093	2.532	3	2	0.245
1937	choose	71078	0.848	1	1	0.237
1938	left	284479	3.396	4	2	0.236
1939	Protestants	71207	0.85	1	1	0.235
1940	wrong	71272	0.851	1	1	0.233
1941	&#x14d;	499329	5.96	7	7	0.232
1942	utterly	71440	0.853	1	1	0.23
1943	wickedness	71915	0.858	1	1	0.22
1944	Double	72073	0.86	1	1	0.217
1945	courage	72091	0.861	1	1	0.217
1946	moreover	72198	0.862	1	1	0.215
1947	knows	144623	1.726	2	1	0.212
1948	20	145215	1.733	2	2	0.206
1949	Kings	363629	4.34	5	4	0.204
1950	Priests	145909	1.742	2	2	0.2
1951	behind	73039	0.872	1	1	0.198
1952	F.	73082	0.872	1	1	0.197
1953	be	9896153	118.124	135	76	0.193
1954	foot	146629	1.75	2	2	0.192
1955	kingdoms	73313	0.875	1	1	0.192
1956	afterwards	146805	1.752	2	2	0.191
1957	noble	146938	1.754	2	2	0.189
1958	bed	73593	0.878	1	1	0.187
1959	albeit	73943	0.883	1	1	0.18
1960	red	74028	0.884	1	1	0.179
1961	delivered	148308	1.77	2	2	0.176
1962	wilt	74391	0.888	1	1	0.171
1963	taking	148788	1.776	2	2	0.171
1964	ruin	74606	0.891	1	1	0.167
1965	quite	74671	0.891	1	1	0.166
1966	writ	74728	0.892	1	1	0.165
1967	universal	74773	0.893	1	1	0.164
1968	get	149760	1.788	2	2	0.162
1969	speak	374513	4.47	5	5	0.162
1970	Commands	74993	0.895	1	1	0.16
1971	enough	225014	2.686	3	3	0.16
1972	needs	150472	1.796	2	2	0.155
1973	agree	75479	0.901	1	1	0.151
1974	take	907131	10.828	12	12	0.148
1975	7.	151741	1.811	2	2	0.143
1976	seen	227877	2.72	3	3	0.141
1977	Master	228418	2.727	3	3	0.138
1978	doctrine	304623	3.636	4	4	0.138
1979	Figure	76261	0.91	1	1	0.136
1980	A.	153020	1.827	2	1	0.131
1981	cast	229673	2.741	3	3	0.13
1982	practise	76565	0.914	1	1	0.13
1983	desire	306364	3.657	4	4	0.129
1984	out	1686345	20.129	22	16	0.128
1985	Popes	76677	0.915	1	1	0.128
1986	ignorance	77023	0.919	1	1	0.121
1987	unless	154621	1.846	2	2	0.116
1988	under	696455	8.313	9	8	0.115
1989	where	1086411	12.968	14	11	0.111
1990	misery	77670	0.927	1	1	0.109
1991	sweet	155475	1.856	2	2	0.108
1992	justly	77751	0.928	1	1	0.108
1993	prepared	77762	0.928	1	1	0.107
1994	never	778679	9.295	10	10	0.106
1995	28	77934	0.93	1	1	0.104
1996	Visible	77964	0.931	1	1	0.104
1997	credit	77984	0.931	1	1	0.103
1998	memory	78094	0.932	1	1	0.101
1999	gain	78199	0.933	1	1	0.099
2000	loved	78391	0.936	1	1	0.096
2001	already	157133	1.876	2	2	0.093
2002	proof	78647	0.939	1	1	0.091
2003	cruel	78662	0.939	1	1	0.091
2004	company	157530	1.88	2	2	0.089
2005	three	474878	5.668	6	5	0.082
2006	nay	158341	1.89	2	1	0.082
2007	dry	79186	0.945	1	1	0.081
2008	followed	79683	0.951	1	1	0.072
2009	wars	79970	0.955	1	1	0.067
2010	most	1280269	15.282	16	15	0.066
2011	Pope	240165	2.867	3	3	0.066
2012	though	1040761	12.423	13	10	0.066
2013	intended	80059	0.956	1	1	0.066
2014	virtue	240899	2.875	3	3	0.061
2015	my	2492426	29.75	31	21	0.059
2016	yea	321813	3.841	4	4	0.058
2017	wise	241600	2.884	3	3	0.057
2018	had	2740575	32.712	34	30	0.056
2019	back	161359	1.926	2	2	0.054
2020	(	3147389	37.568	39	30	0.054
2021	Souls	242572	2.895	3	2	0.051
2022	third	242706	2.897	3	3	0.05
2023	took	243304	2.904	3	3	0.047
2024	profession	81244	0.97	1	1	0.044
2025	lastly	81334	0.971	1	1	0.043
2026	entered	81333	0.971	1	1	0.043
2027	endeavour	81395	0.972	1	1	0.042
2028	Knight	81427	0.972	1	1	0.041
2029	sick	81507	0.973	1	1	0.04
2030	added	81800	0.976	1	1	0.034
2031	seek	163878	1.956	2	1	0.032
2032	wicked	246712	2.945	3	3	0.027
2033	told	164509	1.964	2	2	0.026
2034	small	246878	2.947	3	3	0.026
2035	Pet	82435	0.984	1	1	0.023
2036	and	37698224	449.978	457	173	0.022
2037	I	6187300	73.854	75	39	0.022
2038	can	1982819	23.668	24	20	0.02
2039	for	9369441	111.837	113	80	0.015
2040	different	82962	0.99	1	1	0.014
2041	un	83123	0.992	1	1	0.011
2042	Romans	83232	0.994	1	1	0.009
2043	altogether	83475	0.996	1	1	0.005
2044	acknowledge	83501	0.997	1	1	0.005
2045	there	2595192	30.977	31	24	0.001
2046	each	252025	3.008	3	3	-0.004
2047	or	6140246	73.292	73	49	-0.006
2048	now	1519152	18.133	18	13	-0.011
2049	5	338721	4.043	4	3	-0.015
2050	after	1272516	15.189	15	13	-0.018
2051	virtues	84914	1.014	1	1	-0.019
2052	set	595126	7.104	7	7	-0.021
2053	look	255208	3.046	3	3	-0.022
2054	stands	85073	1.016	1	1	-0.022
2055	another	682313	8.144	8	8	-0.026
2056	will	2993503	35.731	35	29	-0.03
2057	&	2737777	32.679	32	25	-0.03
2058	inward	85678	1.023	1	1	-0.032
2059	destroy	86113	1.028	1	1	-0.04
2060	enjoy	86143	1.028	1	1	-0.04
2061	&#x101;	258515	3.086	3	3	-0.041
2062	me	1731164	20.664	20	15	-0.047
2063	here	866663	10.345	10	9	-0.049
2064	form	173701	2.073	2	2	-0.052
2065	named	86879	1.037	1	1	-0.052
2066	sight	174034	2.077	2	2	-0.055
2067	former	261116	3.117	3	2	-0.055
2068	show	349122	4.167	4	4	-0.059
2069	See	961542	11.477	11	8	-0.061
2070	parts	350458	4.183	4	4	-0.065
2071	passion	88077	1.051	1	1	-0.072
2072	English	176398	2.106	2	2	-0.074
2073	30	88541	1.057	1	1	-0.08
2074	Captain	88772	1.06	1	1	-0.084
2075	notice	88877	1.061	1	1	-0.085
2076	down	533657	6.37	6	6	-0.086
2077	Who	2315377	27.637	26	20	-0.088
2078	therein	178975	2.136	2	2	-0.095
2079	defence	89679	1.07	1	1	-0.098
2080	number	269531	3.217	3	3	-0.101
2081	Empire	90491	1.08	1	1	-0.111
2082	sayeth	633645	7.563	7	6	-0.112
2083	Thirdly	90751	1.083	1	1	-0.115
2084	easy	91240	1.089	1	1	-0.123
2085	Papists	91413	1.091	1	1	-0.126
2086	guilty	91473	1.092	1	1	-0.127
2087	Honourable	91740	1.095	1	1	-0.131
2088	Laid	184949	2.208	2	2	-0.142
2089	So	5366625	64.058	58	36	-0.143
2090	learning	92794	1.108	1	1	-0.147
2091	want	185706	2.217	2	2	-0.148
2092	understand	185715	2.217	2	2	-0.148
2093	do	2417629	28.858	26	23	-0.15
2094	pleasure	186565	2.227	2	2	-0.155
2095	sentence	93324	1.114	1	1	-0.156
2096	t	186780	2.23	2	2	-0.157
2097	ask	93732	1.119	1	1	-0.162
2098	greater	281340	3.358	3	3	-0.163
2099	by	7416468	88.525	79	45	-0.164
2100	marriage	94195	1.124	1	1	-0.169
2101	history	94546	1.129	1	1	-0.174
2102	might	949632	11.335	10	8	-0.181
2103	object	94992	1.134	1	1	-0.181
2104	affection	95087	1.135	1	1	-0.183
2105	bad	95210	1.137	1	1	-0.185
2106	per	190947	2.279	2	1	-0.189
2107	15.	95551	1.141	1	1	-0.19
2108	delight	95852	1.144	1	1	-0.194
2109	i.	191916	2.291	2	2	-0.196
2110	this	6548918	78.17	68	40	-0.201
2111	at	3182175	37.983	33	27	-0.203
2112	yet	1835928	21.914	19	17	-0.206
2113	what	2320680	27.7	24	18	-0.207
2114	M.	193517	2.31	2	1	-0.208
2115	children	387096	4.621	4	4	-0.208
2116	begin	97196	1.16	1	1	-0.214
2117	degrees	97256	1.161	1	1	-0.215
2118	battle	97585	1.165	1	1	-0.22
2119	12	195478	2.333	2	2	-0.222
2120	commonly	97748	1.167	1	1	-0.223
2121	infinite	97821	1.168	1	1	-0.224
2122	not	8929558	106.586	91	61	-0.228
2123	everlasting	98162	1.172	1	1	-0.229
2124	should	1871070	22.334	19	17	-0.233
2125	brought	394377	4.707	4	4	-0.235
2126	worth	99043	1.182	1	1	-0.241
2127	soon	198528	2.37	2	2	-0.245
2128	Beasts	99530	1.188	1	1	-0.249
2129	loss	99713	1.19	1	1	-0.251
2130	perhaps	99958	1.193	1	1	-0.255
2131	he	9215356	109.997	92	63	-0.258
2132	saved	100429	1.199	1	1	-0.262
2133	indeed	301803	3.602	3	3	-0.264
2134	Thomas	100867	1.204	1	1	-0.268
2135	even	607522	7.252	6	6	-0.273
2136	6	304045	3.629	3	3	-0.275
2137	says	304429	3.634	3	3	-0.277
2138	was	5179337	61.822	51	39	-0.278
2139	proceed	101566	1.212	1	1	-0.278
2140	content	101607	1.213	1	1	-0.278
2141	express	101655	1.213	1	1	-0.279
2142	la	204980	2.447	2	2	-0.291
2143	therefore	1231317	14.697	12	7	-0.293
2144	feet	102703	1.226	1	1	-0.294
2145	testimony	102732	1.226	1	1	-0.294
2146	such	2262212	27.003	22	20	-0.296
2147	slain	102937	1.229	1	1	-0.297
2148	thousand	207672	2.479	2	2	-0.31
2149	suppose	104105	1.243	1	1	-0.313
2150	learn	104113	1.243	1	1	-0.313
2151	are	5017099	59.886	48	35	-0.319
2152	born	104623	1.249	1	1	-0.321
2153	humane	105132	1.255	1	1	-0.328
2154	divers	210634	2.514	2	2	-0.33
2155	calling	105619	1.261	1	1	-0.334
2156	saying	211699	2.527	2	2	-0.337
2157	his	9217642	110.025	87	56	-0.339
2158	come	1165618	13.913	11	9	-0.339
2159	22	105972	1.265	1	1	-0.339
2160	If	3293480	39.312	31	25	-0.343
2161	found	426408	5.09	4	4	-0.348
2162	blood	426566	5.092	4	3	-0.348
2163	pay	106691	1.274	1	1	-0.349
2164	Nothing	640275	7.643	6	6	-0.349
2165	13.	106799	1.275	1	1	-0.35
2166	church	1175787	14.035	11	10	-0.351
2167	add	106899	1.276	1	1	-0.352
2168	Fathers	213875	2.553	2	2	-0.352
2169	pure	107081	1.278	1	1	-0.354
2170	mighty	107406	1.282	1	1	-0.358
2171	]	429805	5.13	4	4	-0.359
2172	Let	968524	11.561	9	9	-0.361
2173	manifest	107661	1.285	1	1	-0.362
2174	sound	107925	1.288	1	1	-0.365
2175	Public	215912	2.577	2	2	-0.366
2176	likewise	215998	2.578	2	2	-0.366
2177	did	1515759	18.093	14	13	-0.37
2178	;	9536348	113.829	88	61	-0.371
2179	Error	108610	1.296	1	1	-0.375
2180	opinion	217543	2.597	2	2	-0.377
2181	ever	652700	7.791	6	6	-0.377
2182	sure	217623	2.598	2	2	-0.377
2183	say	1089806	13.008	10	9	-0.379
2184	but	6983890	83.362	64	40	-0.381
2185	dear	109293	1.305	1	1	-0.384
2186	man	1972758	23.547	18	16	-0.388
2187	About	661900	7.901	6	6	-0.397
2188	either	552589	6.596	5	5	-0.4
2189	le	110821	1.323	1	1	-0.404
2190	their	5435041	64.874	49	40	-0.405
2191	plainly	111081	1.326	1	1	-0.407
2192	must	1333555	15.918	12	11	-0.408
2193	together	444738	5.309	4	4	-0.408
2194	Prophets	111696	1.333	1	1	-0.415
2195	new	447014	5.336	4	4	-0.416
2196	which	6940930	82.849	62	44	-0.418
2197	equal	111972	1.337	1	1	-0.418
2198	note	111981	1.337	1	1	-0.419
2199	R.	112114	1.338	1	1	-0.42
2200	gone	112323	1.341	1	1	-0.423
2201	to	27864128	332.595	248	120	-0.423
2202	meant	112513	1.343	1	1	-0.425
2203	heard	225126	2.687	2	2	-0.426
2204	last	450430	5.377	4	4	-0.427
2205	caused	113016	1.349	1	1	-0.432
2206	fourth	113523	1.355	1	1	-0.438
2207	wrath	113648	1.357	1	1	-0.44
2208	long	571124	6.817	5	5	-0.447
2209	3	571164	6.818	5	5	-0.447
2210	respect	229329	2.737	2	2	-0.453
2211	committed	115180	1.375	1	1	-0.459
2212	made	1503973	17.952	13	12	-0.466
2213	River	115702	1.381	1	1	-0.466
2214	besides	231481	2.763	2	2	-0.466
2215	11.	115752	1.382	1	1	-0.466
2216	members	116122	1.386	1	1	-0.471
2217	as	9292085	110.913	80	57	-0.471
2218	near	232787	2.779	2	2	-0.474
2219	world	932868	11.135	8	7	-0.477
2220	tongue	116704	1.393	1	1	-0.478
2221	holy	701649	8.375	6	6	-0.481
2222	when	2343068	27.968	20	20	-0.484
2223	stand	235721	2.814	2	2	-0.492
2224	Gen.	118079	1.409	1	1	-0.495
2225	Follows	118360	1.413	1	1	-0.499
2226	water	355806	4.247	3	3	-0.501
2227	himself	1068396	12.753	9	8	-0.503
2228	only	1544540	18.436	13	12	-0.504
2229	Cold	119553	1.427	1	1	-0.513
2230	spiritual	239256	2.856	2	2	-0.514
2231	presently	119716	1.429	1	1	-0.515
2232	E.	119746	1.429	1	1	-0.515
2233	send	120341	1.436	1	1	-0.522
2234	believe	363239	4.336	3	3	-0.531
2235	right	484646	5.785	4	4	-0.532
2236	against	1339213	15.985	11	8	-0.539
2237	mean	244094	2.914	2	2	-0.543
2238	takes	123079	1.469	1	1	-0.555
2239	would	1733888	20.696	14	12	-0.564
2240	They	6960305	83.08	56	43	-0.569
2241	except	124877	1.491	1	1	-0.576
2242	unto	1880305	22.444	15	13	-0.581
2243	again	627628	7.492	5	5	-0.583
2244	him	4270811	50.978	34	26	-0.584
2245	more	2262327	27.004	18	17	-0.585
2246	second	377815	4.51	3	3	-0.588
2247	oh	126299	1.508	1	1	-0.592
2248	give	758276	9.051	6	6	-0.593
2249	till	379902	4.535	3	3	-0.596
2250	one	2538275	30.298	20	16	-0.599
2251	Servant	127075	1.517	1	1	-0.601
2252	carried	127788	1.525	1	1	-0.609
2253	confess	127821	1.526	1	1	-0.609
2254	difference	128593	1.535	1	1	-0.618
2255	Pleased	129448	1.545	1	1	-0.628
2256	grant	129668	1.548	1	1	-0.63
2257	sacrifice	130353	1.556	1	1	-0.638
2258	seed	130549	1.558	1	1	-0.64
2259	prayers	131302	1.567	1	1	-0.648
2260	times	394191	4.705	3	3	-0.649
2261	every	1057014	12.617	8	8	-0.657
2262	happy	132157	1.578	1	1	-0.658
2263	laws	264682	3.159	2	1	-0.66
2264	went	264770	3.16	2	1	-0.66
2265	means	397591	4.746	3	3	-0.662
2266	meet	132574	1.582	1	1	-0.662
2267	light	399350	4.767	3	3	-0.668
2268	have	4691254	55.996	35	31	-0.678
2269	10.	134546	1.606	1	1	-0.683
2270	S.	403850	4.821	3	3	-0.684
2271	Observe	135204	1.614	1	1	-0.69
2272	self	948089	11.317	7	6	-0.693
2273	being	1764433	21.061	13	11	-0.696
2274	able	271961	3.246	2	2	-0.699
2275	hear	273421	3.264	2	2	-0.706
2276	argument	136912	1.634	1	1	-0.709
2277	ye	825703	9.856	6	6	-0.716
2278	in	20011385	238.862	145	84	-0.72
2279	lawful	138238	1.65	1	1	-0.723
2280	used	278736	3.327	2	2	-0.734
2281	Love	838220	10.005	6	6	-0.738
2282	High	281250	3.357	2	1	-0.747
2283	thine	141265	1.686	1	1	-0.754
2284	praise	141937	1.694	1	1	-0.761
2285	Angels	142073	1.696	1	1	-0.762
2286	appears	142173	1.697	1	1	-0.763
2287	rich	142318	1.699	1	1	-0.765
2288	actions	142378	1.7	1	1	-0.765
2289	matter	427808	5.106	3	3	-0.767
2290	following	142882	1.706	1	1	-0.77
2291	showed	142959	1.706	1	1	-0.771
2292	d	143450	1.712	1	1	-0.776
2293	into	1727535	20.62	12	12	-0.781
2294	Air	144042	1.719	1	1	-0.782
2295	day	864384	10.318	6	5	-0.782
2296	home	144093	1.72	1	1	-0.782
2297	4	434750	5.189	3	3	-0.791
2298	whether	435425	5.197	3	3	-0.793
2299	1	1451762	17.329	10	7	-0.793
2300	thee	728077	8.691	5	4	-0.798
2301	sin	729699	8.71	5	5	-0.801
2302	hope	292642	3.493	2	2	-0.805
2303	know	736780	8.794	5	5	-0.815
2304	commanded	147447	1.76	1	1	-0.816
2305	nation	148522	1.773	1	1	-0.826
2306	16	148850	1.777	1	1	-0.829
2307	eye	149187	1.781	1	1	-0.832
2308	&c.	299097	3.57	2	2	-0.836
2309	Book	299396	3.574	2	2	-0.837
2310	whence	149816	1.788	1	1	-0.839
2311	true	751380	8.969	5	5	-0.843
2312	necessity	150548	1.797	1	1	-0.846
2313	matters	150676	1.799	1	1	-0.847
2314	fell	151275	1.806	1	1	-0.853
2315	speaks	153099	1.827	1	1	-0.87
2316	danger	153644	1.834	1	1	-0.875
2317	some	1845849	22.033	12	12	-0.877
2318	country	310285	3.704	2	2	-0.889
2319	excellent	155285	1.854	1	1	-0.89
2320	all	5908829	70.53	38	30	-0.892
2321	how	1244740	14.858	8	8	-0.893
2322	Well	1096551	13.089	7	6	-0.903
2323	poor	313465	3.742	2	2	-0.904
2324	bread	156950	1.873	1	1	-0.906
2325	hand	471988	5.634	3	3	-0.909
2326	office	157520	1.88	1	1	-0.911
2327	works	315242	3.763	2	2	-0.912
2328	find	472931	5.645	3	3	-0.912
2329	thoughts	158076	1.887	1	1	-0.916
2330	France	158078	1.887	1	1	-0.916
2331	Christs	158654	1.894	1	1	-0.921
2332	until	158797	1.895	1	1	-0.923
2333	faithful	159195	1.9	1	1	-0.926
2334	&c	479189	5.72	3	3	-0.931
2335	Secondly	160056	1.911	1	1	-0.934
2336	between	321208	3.834	2	2	-0.939
2337	Act	322490	3.849	2	2	-0.945
2338	lives	161569	1.929	1	1	-0.947
2339	off	323311	3.859	2	2	-0.948
2340	place	808630	9.652	5	5	-0.949
2341	Late	162556	1.94	1	1	-0.956
2342	se	163405	1.951	1	1	-0.964
2343	given	491070	5.862	3	3	-0.966
2344	hands	327530	3.91	2	2	-0.967
2345	living	166437	1.987	1	1	-0.99
2346	seem	166761	1.991	1	1	-0.993
2347	question	167153	1.995	1	1	-0.997
2348	them	4855982	57.963	29	23	-0.999
2349	said	1514302	18.075	9	8	-1.006
2350	away	504942	6.027	3	3	-1.007
2351	were	2871299	34.273	17	16	-1.012
2352	less	337828	4.032	2	2	-1.012
2353	bodies	169090	2.018	1	1	-1.013
2354	example	169196	2.02	1	1	-1.014
2355	hard	169293	2.021	1	1	-1.015
2356	perfect	170422	2.034	1	1	-1.024
2357	Ministers	171247	2.044	1	1	-1.031
2358	full	343239	4.097	2	2	-1.035
2359	grace	516661	6.167	3	2	-1.04
2360	thereby	172833	2.063	1	1	-1.045
2361	Queen	174640	2.085	1	1	-1.06
2362	return	177443	2.118	1	1	-1.083
2363	command	177468	2.118	1	1	-1.083
2364	within	355110	4.239	2	2	-1.084
2365	ill	177562	2.119	1	1	-1.084
2366	body	712249	8.502	4	4	-1.088
2367	charge	178431	2.13	1	1	-1.091
2368	joy	178769	2.134	1	1	-1.093
2369	think	539870	6.444	3	3	-1.103
2370	th	180132	2.15	1	1	-1.104
2371	sins	361871	4.319	2	2	-1.111
2372	half	181109	2.162	1	1	-1.112
2373	lib.	181181	2.163	1	1	-1.113
2374	without	1089706	13.007	6	6	-1.116
2375	mine	181777	2.17	1	1	-1.117
2376	beginning	182083	2.173	1	1	-1.12
2377	promise	182124	2.174	1	1	-1.12
2378	strong	182777	2.182	1	1	-1.125
2379	father	550491	6.571	3	3	-1.131
2380	Wherefore	183911	2.195	1	1	-1.134
2381	began	184715	2.205	1	1	-1.141
2382	Town	184940	2.208	1	1	-1.142
2383	written	186305	2.224	1	1	-1.153
2384	from	3924250	46.841	21	18	-1.157
2385	Duke	187759	2.241	1	1	-1.164
2386	any	2444028	29.173	13	10	-1.166
2387	way	756236	9.027	4	4	-1.174
2388	among	379416	4.529	2	2	-1.179
2389	life	948809	11.325	5	5	-1.18
2390	may	2661871	31.773	14	13	-1.182
2391	end	571167	6.818	3	3	-1.184
2392	alone	190842	2.278	1	1	-1.188
2393	learned	191725	2.289	1	1	-1.194
2394	kingdom	388117	4.633	2	2	-1.212
2395	ways	194504	2.322	1	1	-1.215
2396	2	973176	11.616	5	5	-1.216
2397	Saints	194939	2.327	1	1	-1.218
2398	cause	585252	6.986	3	3	-1.219
2399	strength	196140	2.341	1	1	-1.227
2400	quod	196567	2.346	1	1	-1.23
2401	bear	196568	2.346	1	1	-1.23
2402	sort	197789	2.361	1	1	-1.239
2403	serve	198842	2.373	1	1	-1.247
2404	few	199429	2.38	1	1	-1.251
2405	et	199777	2.385	1	1	-1.254
2406	done	601055	7.174	3	3	-1.258
2407	put	607656	7.253	3	3	-1.274
2408	Age	202681	2.419	1	1	-1.275
2409	force	202958	2.423	1	1	-1.277
2410	coming	203089	2.424	1	1	-1.277
2411	religion	406309	4.85	2	2	-1.278
2412	before	1422340	16.978	7	6	-1.278
2413	Cor.	203716	2.432	1	1	-1.282
2414	forth	410791	4.903	2	2	-1.294
2415	rule	207621	2.478	1	1	-1.309
2416	9	208082	2.484	1	1	-1.312
2417	our	3333885	39.794	16	12	-1.314
2418	appear	209107	2.496	1	1	-1.32
2419	own	1256418	14.997	6	6	-1.322
2420	Emperor	209536	2.501	1	1	-1.323
2421	follow	211834	2.529	1	1	-1.338
2422	years	427133	5.098	2	2	-1.35
2423	innon-Latinalphabet	427513	5.103	2	2	-1.351
2424	Apostle	213865	2.553	1	1	-1.352
2425	we	4105074	48.999	19	14	-1.367
2426	P.	440626	5.259	2	1	-1.395
2427	especially	220705	2.634	1	1	-1.397
2428	people	885047	10.564	4	3	-1.401
2429	reason	664880	7.936	3	3	-1.403
2430	others	665440	7.943	3	3	-1.405
2431	Psal.	222362	2.654	1	1	-1.408
2432	does	222564	2.657	1	1	-1.41
2433	blessed	226222	2.7	1	1	-1.433
2434	Wisdom	228022	2.722	1	1	-1.445
2435	often	229358	2.738	1	1	-1.453
2436	men	1835942	21.914	8	8	-1.454
2437	good	1608969	19.205	7	6	-1.456
2438	two	926661	11.061	4	4	-1.467
2439	&#x16b;	232932	2.78	1	1	-1.475
2440	10	233570	2.788	1	1	-1.479
2441	Sea	233892	2.792	1	1	-1.481
2442	very	1174247	14.016	5	5	-1.487
2443	pass	235903	2.816	1	1	-1.494
2444	law	712338	8.503	3	3	-1.503
2445	ground	237796	2.838	1	1	-1.505
2446	those	1667771	19.907	7	6	-1.508
2447	conscience	238823	2.851	1	1	-1.511
2448	lay	238823	2.851	1	1	-1.511
2449	hearts	239757	2.862	1	1	-1.517
2450	purpose	240680	2.873	1	1	-1.522
2451	much	1448309	17.288	6	5	-1.527
2452	Justice	242072	2.889	1	1	-1.531
2453	Pray	242183	2.891	1	1	-1.531
2454	further	242781	2.898	1	1	-1.535
2455	hold	243646	2.908	1	1	-1.54
2456	both	976138	11.652	4	4	-1.542
2457	BISHOP	244304	2.916	1	1	-1.544
2458	&#x113;	491365	5.865	2	2	-1.552
2459	necessary	250405	2.989	1	1	-1.58
2460	7	251211	2.999	1	1	-1.584
2461	four	252980	3.02	1	1	-1.594
2462	enemies	253975	3.032	1	1	-1.6
2463	Faith	762492	9.101	3	3	-1.601
2464	receive	254239	3.035	1	1	-1.602
2465	Verse	254782	3.041	1	1	-1.605
2466	dead	259219	3.094	1	1	-1.63
2467	truth	521766	6.228	2	2	-1.639
2468	Judge	262867	3.138	1	1	-1.65
2469	concerning	262903	3.138	1	1	-1.65
2470	could	808277	9.648	3	3	-1.685
2471	whereof	279030	3.331	1	1	-1.736
2472	heart	559805	6.682	2	2	-1.74
2473	[	280684	3.35	1	1	-1.744
2474	just	281045	3.355	1	1	-1.746
2475	knowledge	282458	3.372	1	1	-1.753
2476	these	1985969	23.705	7	7	-1.76
2477	die	284558	3.397	1	1	-1.764
2478	sense	285637	3.41	1	1	-1.77
2479	eyes	285959	3.413	1	1	-1.771
2480	also	1433690	17.113	5	5	-1.775
2481	gave	290757	3.471	1	1	-1.795
2482	it	11231693	134.065	38	34	-1.819
2483	thing	892670	10.655	3	3	-1.829
2484	God	4174430	49.827	14	13	-1.832
2485	authority	299886	3.58	1	1	-1.84
2486	other	2103223	25.105	7	7	-1.843
2487	while	300747	3.59	1	1	-1.844
2488	use	603174	7.2	2	2	-1.848
2489	Christian	303553	3.623	1	1	-1.857
2490	nature	607747	7.254	2	2	-1.859
2491	several	304872	3.639	1	1	-1.864
2492	Prince	306162	3.654	1	1	-1.87
2493	land	307074	3.665	1	1	-1.874
2494	l.	308378	3.681	1	1	-1.88
2495	England	309285	3.692	1	1	-1.884
2496	kind	310094	3.701	1	1	-1.888
2497	us	2216337	26.455	7	6	-1.918
2498	least	319491	3.814	1	1	-1.931
2499	Gods	640962	7.651	2	2	-1.936
2500	has	321926	3.843	1	1	-1.942
2501	words	643917	7.686	2	2	-1.942
2502	Scripture	324647	3.875	1	1	-1.954
2503	order	331304	3.955	1	1	-1.983
2504	Ad	336628	4.018	1	1	-2.007
2505	things	1357990	16.209	4	4	-2.019
2506	sent	348162	4.156	1	1	-2.055
2507	year	352165	4.204	1	1	-2.072
2508	thought	352735	4.21	1	1	-2.074
2509	death	707920	8.45	2	2	-2.079
2510	above	357391	4.266	1	1	-2.093
2511	evil	357919	4.272	1	1	-2.095
2512	2.	358494	4.279	1	1	-2.097
2513	Lord	1459090	17.416	4	3	-2.122
2514	been	1095200	13.073	3	3	-2.124
2515	certain	370843	4.427	1	1	-2.146
2516	Christ	1858951	22.189	5	5	-2.15
2517	word	751485	8.97	2	2	-2.165
2518	present	383135	4.573	1	1	-2.193
2519	persons	384539	4.59	1	1	-2.198
2520	days	393520	4.697	1	1	-2.232
2521	rest	396125	4.728	1	1	-2.241
2522	de	804522	9.603	2	1	-2.263
2523	fear	406154	4.848	1	1	-2.277
2524	ought	406522	4.852	1	1	-2.279
2525	mind	407887	4.869	1	1	-2.284
2526	same	1256120	14.993	3	3	-2.321
2527	work	425644	5.081	1	1	-2.345
2528	King	1308410	15.618	3	3	-2.38
2529	came	478712	5.714	1	1	-2.515
2530	according	502781	6.001	1	1	-2.585
2531	heaven	503504	6.01	1	1	-2.587
2532	whole	534092	6.375	1	1	-2.672
2533	over	545201	6.508	1	1	-2.702
2534	little	624322	7.452	1	1	-2.898
2535	spirit	654859	7.817	1	1	-2.967
2536	themselves	761621	9.091	1	1	-3.184
2537	power	776557	9.269	1	1	-3.212
2538	Part	827721	9.88	1	1	-3.304
2539	than	940786	11.23	1	1	-3.489
2540	time	1426900	17.032	1	1	-4.09
2541	pocche	2	0	1	1	n/a
2542	Kepthe	3	0	1	1	n/a
2543	whit-lyuerd	1	0	1	1	n/a
2544	Cockatrize	1	0	1	1	n/a
2545	adultrat	1	0	1	1	n/a
2546	Vowe.	1	0	1	1	n/a
2547	Raynera	3	0	1	1	n/a
2548	most.	2	0	1	1	n/a
2549	merchancts	1	0	1	1	n/a
2550	Rev-17.4.	1	0	1	1	n/a
2551	osseruauan	1	0	1	1	n/a
2552	Turnebole-streete	1	0	1	1	n/a
2553	Shalborne	3	0	1	1	n/a
2554	Apoalop.	1	0	1	1	n/a
2555	otkens.	1	0	1	1	n/a
2556	Phisick-doctor	1	0	1	1	n/a
2557	floars	3	0	1	1	n/a
2558	prophetiz	2	0	1	1	n/a
2559	leawdeof	1	0	1	1	n/a
2560	subberbian	1	0	1	1	n/a
2561	to'you	1	0	1	1	n/a
2562	Egiale	4	0	1	1	n/a
2563	Auentius	3	0	1	1	n/a
2564	bewty	2	0	1	1	n/a
2565	ckold	1	0	1	1	n/a
2566	volpeggiando	2	0	1	1	n/a
2567	Keynell	4	0	1	1	n/a
2568	For'his	2	0	1	1	n/a
2569	publike-professed	1	0	1	1	n/a
2570	lenocinating	1	0	1	1	n/a
2571	th'osteria	1	0	1	1	n/a
2572	brazen-fac'et	1	0	1	1	n/a
2573	hithershe	1	0	1	1	n/a
2574	Vsher-like	2	0	1	1	n/a
2575	avute	1	0	1	1	n/a
2576	sucke-blood	1	0	1	1	n/a
2577	pareuan	1	0	1	1	n/a
2578	baggadg	3	0	1	1	n/a
2579	Daphitas	4	0	2	2	n/a
2580	NAnta	4	0	1	1	n/a
2581	Conny-catcht	4	0	1	1	n/a
2582	Cylleborus	3	0	1	1	n/a
2583	Zilid	1	0	1	1	n/a
2584	brkerage	1	0	1	1	n/a
2585	sanguin-coloured	1	0	1	1	n/a
2586	Schoenicole	1	0	1	1	n/a
2587	Heauens-Queene	1	0	1	1	n/a
2588	wanton-touch	1	0	1	1	n/a
2589	Ferrests	1	0	1	1	n/a
2590	Keuyll	2	0	1	1	n/a
2591	Beasbearer	1	0	1	1	n/a
2592	Yeatton	1	0	1	1	n/a
2593	Mutford.	1	0	1	1	n/a
2594	th'Israelitish	1	0	1	1	n/a
2595	douean	1	0	1	1	n/a
2596	ill-dors	1	0	1	1	n/a
2597	SVRLY	1	0	1	1	n/a
2598	golden-purple	1	0	1	1	n/a
2599	pisse'hem	1	0	1	1	n/a
2600	pleasd'	4	0	1	1	n/a
2601	Cowfeild	3	0	1	1	n/a
2602	whore-Nunnes	1	0	1	1	n/a
2603	stickering	4	0	1	1	n/a
2604	descripti-	3	0	1	1	n/a
2605	rtieth	1	0	1	1	n/a
2606	nell'olio	1	0	1	1	n/a
2607	Tinhead	3	0	1	1	n/a
2608	him-sefe	3	0	1	1	n/a
2609	flesh-seller	1	0	1	1	n/a
2610	Gnisippus	1	0	1	1	n/a
2611	17.3.6.	1	0	1	1	n/a
2612	CVrtean	1	0	1	1	n/a
2613	atttired	1	0	1	1	n/a
2614	Babylon-Rome	2	0	1	1	n/a
2615	Menandros	2	0	1	1	n/a
2616	Libiduis	3	0	1	1	n/a
