https://cqpweb.lancs.ac.uk/eebov3/concordance.php?pp=1&theData=%7Bwhore%2FN%7D&qmode=sq_nocase&del=begin%26t%3D-%7Cyear%7E1611%26t%3D-%7Cyear%7E1612%26t%3D-%7Cyear%7E1613%26t%3D-%7Cyear%7E1614%26t%3D-%7Cyear%7E1615%26t%3D-%7Cyear%7E1616%26t%3D-%7Cyear%7E1617%26t%3D-%7Cyear%7E1618%26t%3D-%7Cyear%7E1619%26t%3D-%7Cyear%7E1620&del=end&uT=yThere are 2,587 different words in your collocation database for "[lemma="(whore)_SUBST"%c]". (Your query "{whore/N}", restricted to texts meeting criteria "<em>year</em>: <em>1611</em> or <em>1612</em> or <em>1613</em> or <em>1614</em> or <em>1615</em> or <em>1616</em> or <em>1617</em> or <em>1618</em> or <em>1619</em> or <em>1620</em>",  returned 1,436 matches in 319 different texts)  
__________________

No.	Word	Total no. in whole corpus	Expected collocate frequency	Observed collocate frequency	In no. of texts	Mutual information value

1	Bewailling	5	0	1	1	13.288
2	Smalshanke	8	0	1	1	13.288
3	She'le	9	0	1	1	13.288
4	Southweeke	12	0	1	1	13.288
5	baster	11	0	1	1	13.288
6	acccursed	5	0	1	1	13.288
7	Rauran	5	0	1	1	13.288
8	free-bred	8	0	1	1	13.288
9	WEL-TRI	12	0	1	1	13.288
10	17.5.6	8	0	1	1	13.288
11	purchs	7	0	1	1	13.288
12	uermore	12	0	1	1	13.288
13	d'otto	7	0	1	1	13.288
14	whorekeepers	8	0	1	1	13.288
15	Z'oones	9	0	1	1	13.288
16	insatiatly	7	0	1	1	13.288
17	vuoto	6	0	1	1	13.288
18	outfacings	6	0	1	1	13.288
19	Titcombe	5	0	1	1	13.288
20	garden-pot	7	0	1	1	13.288
21	cosned	6	0	1	1	13.288
22	Seuington	5	0	1	1	13.288
23	Pict-hatch	6	0	1	1	13.288
24	fizes	15	0	2	1	13.288
25	drippingpan	7	0	1	1	13.288
26	conuengano	7	0	1	1	13.288
27	Oleasters	9	0	1	1	13.288
28	bowling-alleys	10	0	1	1	13.288
29	Solamons	6	0	1	1	13.288
30	Prisse	6	0	1	1	13.288
31	Tibornes	6	0	1	1	13.288
32	Well-tri	5	0	1	1	13.288
33	flexable	11	0	1	1	13.288
34	Fructifier	9	0	1	1	13.288
35	nethermore	9	0	1	1	13.288
36	himhimselfe	18	0	2	2	13.288
37	hostolano	5	0	1	1	13.288
38	fulnsse	11	0	1	1	13.288
39	Hyene	12	0	1	1	13.288
40	infiora	5	0	1	1	13.288
41	17.4.5	11	0	1	1	13.288
42	mercabilis	5	0	1	1	13.288
43	frigge	5	0	1	1	13.288
44	Benwash	16	0	1	1	12.288
45	hagged	14	0	1	1	12.288
46	yongmans	13	0	1	1	12.288
47	Philira	16	0	1	1	12.288
48	errate	13	0	1	1	12.288
49	diece	15	0	1	1	12.288
50	god-lesse	19	0	1	1	12.288
51	deflowreth	15	0	1	1	12.288
52	Eddington	20	0	1	1	12.288
53	zoones	15	0	1	1	12.288
54	Meritrix	17	0	1	1	12.288
55	dindi	17	0	1	1	12.288
56	Coulston	18	0	1	1	12.288
57	vndoeing	17	0	1	1	12.288
58	th'embraces	13	0	1	1	12.288
59	aporne	13	0	1	1	12.288
60	Gentileman	17	0	1	1	12.288
61	Guiaca	17	0	1	1	12.288
62	wether-cocke	16	0	1	1	12.288
63	montains	32	0	2	1	12.288
64	Seuants	14	0	1	1	12.288
65	tutt	20	0	1	1	12.288
66	Elcombe	14	0	1	1	12.288
67	besmeere	19	0	1	1	12.288
68	preceder	17	0	1	1	12.288
69	Lenaea	26	0	1	1	11.703
70	Trimtram	24	0	1	1	11.703
71	Bael	25	0	1	1	11.703
72	She'l	22	0	1	1	11.703
73	wormsmeat	22	0	1	1	11.703
74	for-ward	21	0	1	1	11.703
75	father-hoods	24	0	1	1	11.703
76	follia	22	0	1	1	11.703
77	lauisht	21	0	1	1	11.703
78	SWeet-lipt	22	0	1	1	11.703
79	Hyporisie	21	0	1	1	11.703
80	forchead	21	0	1	1	11.703
81	Roisters	69	0.001	2	2	11.288
82	sweae	33	0	1	1	11.288
83	Frust	34	0	1	1	11.288
84	montans	34	0	1	1	11.288
85	Fredegonda	33	0	1	1	11.288
86	censurd	32	0	1	1	11.288
87	auanti	37	0	1	1	11.288
88	diuersorium	32	0	1	1	11.288
89	tel'st	36	0	1	1	11.288
90	Murdresse	45	0.001	1	1	10.966
91	dorh	43	0.001	1	1	10.966
92	Callirhoe	43	0.001	1	1	10.966
93	Witteberg	42	0.001	1	1	10.966
94	tyller	41	0.001	1	1	10.966
95	Searlet	46	0.001	1	1	10.966
96	vnreueng	42	0.001	1	1	10.966
97	Bau	95	0.001	2	1	10.828
98	quattro	140	0.002	3	1	10.785
99	Selk	47	0.001	1	1	10.703
100	Cuckold-maker	47	0.001	1	1	10.703
101	smotest	48	0.001	1	1	10.703
102	deuotes	49	0.001	1	1	10.703
103	Festinus	54	0.001	1	1	10.703
104	inganno	49	0.001	1	1	10.703
105	bandstrings	50	0.001	1	1	10.703
106	snee	48	0.001	1	1	10.703
107	Feesi	47	0.001	1	1	10.703
108	34.26	49	0.001	1	1	10.703
109	S'hart	52	0.001	1	1	10.703
110	Hak.	47	0.001	1	1	10.703
111	demes	60	0.001	1	1	10.48
112	sonno	114	0.001	2	1	10.48
113	detestati	69	0.001	1	1	10.288
114	Soluat	67	0.001	1	1	10.288
115	refusedst	68	0.001	1	1	10.288
116	Seriants	65	0.001	1	1	10.288
117	sheel	69	0.001	1	1	10.288
118	piglia	68	0.001	1	1	10.288
119	Elst	65	0.001	1	1	10.288
120	Baud	767	0.009	11	8	10.224
121	Silene	72	0.001	1	1	10.118
122	plaguy	78	0.001	1	1	10.118
123	deuore	73	0.001	1	1	10.118
124	Gosh	76	0.001	1	1	10.118
125	disloialty	76	0.001	1	1	10.118
126	consumd	74	0.001	1	1	10.118
127	Edome	72	0.001	1	1	10.118
128	brawled	73	0.001	1	1	10.118
129	Puncke	73	0.001	1	1	10.118
130	monger	153	0.002	2	2	10.118
131	Ederus	82	0.001	1	1	9.966
132	tradeth	80	0.001	1	1	9.966
133	Gulles	86	0.001	1	1	9.966
134	not-withstanding	81	0.001	1	1	9.966
135	38.4.	80	0.001	1	1	9.966
136	Insooth	95	0.001	1	1	9.828
137	matutine	94	0.001	1	1	9.828
138	stomaco	93	0.001	1	1	9.828
139	negotiators	88	0.001	1	1	9.828
140	busked	90	0.001	1	1	9.828
141	panders	464	0.006	5	5	9.828
142	matutino	92	0.001	1	1	9.828
143	Subt	190	0.002	2	1	9.764
144	Dog-daies	98	0.001	1	1	9.703
145	abhominati	213	0.003	2	2	9.644
146	heast	113	0.001	1	1	9.587
147	Hypocrita	107	0.001	1	1	9.587
148	Bbl	106	0.001	1	1	9.587
149	roysters	216	0.003	2	2	9.587
150	Phis	109	0.001	1	1	9.587
151	Chau	218	0.003	2	1	9.587
152	Pander	805	0.01	7	6	9.51
153	Standley	119	0.001	1	1	9.48
154	strolling	123	0.002	1	1	9.381
155	Hogs-heads	124	0.002	1	1	9.381
156	concubynes	127	0.002	1	1	9.381
157	Babylonicall	136	0.002	1	1	9.288
158	straps	138	0.002	1	1	9.288
159	wiving	134	0.002	1	1	9.288
160	satiat	132	0.002	1	1	9.288
161	Franciscanes	132	0.002	1	1	9.288
162	housekeepers	132	0.002	1	1	9.288
163	horse-leach	145	0.002	1	1	9.2
164	ably	139	0.002	1	1	9.2
165	Ramage	143	0.002	1	1	9.2
166	spick	141	0.002	1	1	9.2
167	sordide	146	0.002	1	1	9.2
168	Buggerers	139	0.002	1	1	9.2
169	pandars	149	0.002	1	1	9.118
170	Sherte	150	0.002	1	1	9.118
171	Chip	608	0.007	4	1	9.098
172	cheks	159	0.002	1	1	9.04
173	deput	162	0.002	1	1	9.04
174	deckings	157	0.002	1	1	9.04
175	impudentlie	163	0.002	1	1	9.04
176	sties	162	0.002	1	1	9.04
177	brothel-house	157	0.002	1	1	9.04
178	silthy	169	0.002	1	1	8.966
179	tendrels	177	0.002	1	1	8.895
180	Dana	176	0.002	1	1	8.895
181	meane-while	178	0.002	1	1	8.895
182	Baynton	175	0.002	1	1	8.895
183	trulls	181	0.002	1	1	8.828
184	fresche	183	0.002	1	1	8.828
185	Iezabels	181	0.002	1	1	8.828
186	bisogna	181	0.002	1	1	8.828
187	lupa	184	0.002	1	1	8.828
188	Brothels	180	0.002	1	1	8.828
189	fleer	180	0.002	1	1	8.828
190	vtcunque	196	0.002	1	1	8.764
191	Theyle	194	0.002	1	1	8.764
192	VENVS	195	0.002	1	1	8.764
193	Babylons	987	0.012	5	3	8.727
194	pocky	594	0.007	3	3	8.723
195	quouis	198	0.002	1	1	8.703
196	bawds	1844	0.022	9	9	8.676
197	Steple	417	0.005	2	1	8.644
198	somwhere	208	0.003	1	1	8.644
199	mongers	208	0.003	1	1	8.644
200	Madams	213	0.003	1	1	8.644
201	anco	220	0.003	1	1	8.587
202	coursed	216	0.003	1	1	8.587
203	Brad	443	0.005	2	1	8.56
204	Babilon	5325	0.064	24	10	8.56
205	ryotous	230	0.003	1	1	8.533
206	Pasquils	222	0.003	1	1	8.533
207	deuis	223	0.003	1	1	8.533
208	arrand	229	0.003	1	1	8.533
209	piace	238	0.003	1	1	8.48
210	haunteth	231	0.003	1	1	8.48
211	cloistered	469	0.006	2	1	8.48
212	meretrix	474	0.006	2	2	8.455
213	selt	239	0.003	1	1	8.43
214	Bradley	495	0.006	2	1	8.405
215	proiected	253	0.003	1	1	8.381
216	virilis	253	0.003	1	1	8.381
217	Proverbes	249	0.003	1	1	8.381
218	Agamemnons	254	0.003	1	1	8.381
219	23.27	248	0.003	1	1	8.381
220	23.17	259	0.003	1	1	8.334
221	Cut-purse	258	0.003	1	1	8.334
222	Calmest	256	0.003	1	1	8.334
223	arrant	1596	0.019	6	6	8.295
224	wakening	270	0.003	1	1	8.288
225	break-fast	275	0.003	1	1	8.243
226	22.14.	274	0.003	1	1	8.243
227	strayes	284	0.003	1	1	8.2
228	Mitred	287	0.003	1	1	8.2
229	pandar	282	0.003	1	1	8.2
230	Shees	580	0.007	2	2	8.179
231	17.5.	581	0.007	2	2	8.179
232	Thamesis	292	0.004	1	1	8.158
233	overworn	297	0.004	1	1	8.158
234	Bots	289	0.004	1	1	8.158
235	unshamefast	294	0.004	1	1	8.158
236	Gob	289	0.004	1	1	8.158
237	19.2.	299	0.004	1	1	8.118
238	exponed	299	0.004	1	1	8.118
239	Charibdis	308	0.004	1	1	8.078
240	20.4.	310	0.004	1	1	8.078
241	21.9.	311	0.004	1	1	8.078
242	pocks	618	0.007	2	2	8.078
243	Fortun	310	0.004	1	1	8.078
244	recanting	308	0.004	1	1	8.078
245	Babels	948	0.011	3	1	8.052
246	17.2.	314	0.004	1	1	8.04
247	Bawd	2878	0.034	9	9	8.031
248	hed	1292	0.015	4	2	8.021
249	17.4.	323	0.004	1	1	8.002
250	sportful	324	0.004	1	1	8.002
251	confronting	324	0.004	1	1	8.002
252	Vrganda	325	0.004	1	1	8.002
253	whoremaster	337	0.004	1	1	7.966
254	VVard	339	0.004	1	1	7.966
255	18.2.	331	0.004	1	1	7.966
256	Ston	336	0.004	1	1	7.966
257	Whoremonger	678	0.008	2	2	7.948
258	swaggering	689	0.008	2	2	7.93
259	stincke	342	0.004	1	1	7.93
260	Lig	353	0.004	1	1	7.895
261	Gelli	349	0.004	1	1	7.895
262	Beadles	360	0.004	1	1	7.861
263	Cittyes	366	0.004	1	1	7.828
264	whorish	1842	0.022	5	5	7.828
265	solacing	372	0.004	1	1	7.828
266	Babylon	38888	0.465	105	53	7.82
267	Uicar	379	0.005	1	1	7.796
268	Welt	389	0.005	1	1	7.764
269	meno	381	0.005	1	1	7.764
270	17.6.	397	0.005	1	1	7.733
271	wasteful	784	0.009	2	2	7.733
272	Punk	404	0.005	1	1	7.703
273	roughs	404	0.005	1	1	7.703
274	quelli	404	0.005	1	1	7.703
275	Courtesans	1216	0.015	3	2	7.693
276	Farina	414	0.005	1	1	7.673
277	petticoats	416	0.005	1	1	7.644
278	Lax	844	0.01	2	1	7.63
279	receauer	430	0.005	1	1	7.615
280	Ramping	427	0.005	1	1	7.615
281	surfeits	1332	0.016	3	3	7.56
282	Troyes	889	0.011	2	1	7.56
283	Stoke	884	0.011	2	1	7.56
284	Iezabel	1348	0.016	3	3	7.542
285	prostituting	452	0.005	1	1	7.533
286	17.1.	463	0.006	1	1	7.506
287	tyeth	458	0.006	1	1	7.506
288	Ashton	1396	0.017	3	1	7.489
289	reat	470	0.006	1	1	7.48
290	Heathenisme	470	0.006	1	1	7.48
291	TIB	942	0.011	2	1	7.468
292	Thamar	1424	0.017	3	3	7.463
293	Epigram.	481	0.006	1	1	7.455
294	17.14.	478	0.006	1	1	7.455
295	hyre	1435	0.017	3	3	7.455
296	FLAM	479	0.006	1	1	7.455
297	Apollyon	483	0.006	1	1	7.43
298	sham	1495	0.018	3	1	7.389
299	Sappho	500	0.006	1	1	7.381
300	domes	510	0.006	1	1	7.357
301	hee'le	522	0.006	1	1	7.334
302	etc.	519	0.006	1	1	7.334
303	1530	516	0.006	1	1	7.334
304	Colliers	516	0.006	1	1	7.334
305	egregious	1584	0.019	3	3	7.31
306	harlots	5276	0.063	10	8	7.31
307	some-times	524	0.006	1	1	7.31
308	Colo	524	0.006	1	1	7.31
309	Rut	528	0.006	1	1	7.31
310	RON	531	0.006	1	1	7.31
311	Whore	20634	0.247	39	13	7.306
312	sei	536	0.006	1	1	7.288
313	Babylon.	534	0.006	1	1	7.288
314	fiddlers	1087	0.013	2	2	7.265
315	tinkers	545	0.007	1	1	7.265
316	strumpet	3285	0.039	6	5	7.258
317	Coach-man	549	0.007	1	1	7.243
318	yond	549	0.007	1	1	7.243
319	17.7.	551	0.007	1	1	7.243
320	noue	551	0.007	1	1	7.243
321	7.22.	551	0.007	1	1	7.243
322	Corinths	556	0.007	1	1	7.243
323	avaunt	2223	0.027	4	1	7.232
324	Churchman	564	0.007	1	1	7.222
325	Norff	570	0.007	1	1	7.2
326	Babel	9790	0.117	17	10	7.184
327	skirts	2878	0.034	5	1	7.183
328	strumpets	1159	0.014	2	2	7.179
329	Babylonish	2911	0.035	5	5	7.167
330	gulls	585	0.007	1	1	7.158
331	Dubito	589	0.007	1	1	7.158
332	theife	587	0.007	1	1	7.158
333	CET	1174	0.014	2	2	7.158
334	eing	598	0.007	1	1	7.138
335	Whoremongers	1796	0.022	3	3	7.124
336	15.4.	604	0.007	1	1	7.118
337	to't	603	0.007	1	1	7.118
338	mossy	603	0.007	1	1	7.118
339	Iesabel	602	0.007	1	1	7.118
340	scuffle	608	0.007	1	1	7.098
341	sig	4901	0.059	8	1	7.095
342	Lecher	616	0.007	1	1	7.078
343	Apocalips	623	0.007	1	1	7.078
344	12.4.	620	0.007	1	1	7.078
345	Foist	632	0.008	1	1	7.059
346	jested	631	0.008	1	1	7.059
347	prostituted	1269	0.015	2	2	7.04
348	Abaddon	637	0.008	1	1	7.04
349	Cara	642	0.008	1	1	7.021
350	17.4	642	0.008	1	1	7.021
351	Kate	1290	0.015	2	1	7.021
352	carding	645	0.008	1	1	7.021
353	stews	2587	0.031	4	4	7.016
354	Beach	652	0.008	1	1	7.002
355	Carthusian	658	0.008	1	1	6.984
356	fore-head	2008	0.024	3	3	6.966
357	frigida	681	0.008	1	1	6.948
358	weddings	679	0.008	1	1	6.948
359	Megara	694	0.008	1	1	6.913
360	Gardiners	703	0.008	1	1	6.895
361	7.9.	707	0.008	1	1	6.895
362	adulterer	4237	0.051	6	6	6.89
363	varlets	709	0.009	1	1	6.878
364	ruffian	735	0.009	1	1	6.828
365	Anacreon	740	0.009	1	1	6.828
366	Mantuan	734	0.009	1	1	6.828
367	Babylonian	2956	0.035	4	4	6.824
368	Grammarian	1485	0.018	2	2	6.82
369	13.4.	741	0.009	1	1	6.812
370	Butte	741	0.009	1	1	6.812
371	ch'	750	0.009	1	1	6.796
372	hiring	760	0.009	1	1	6.78
373	victuallers	770	0.009	1	1	6.764
374	locust	774	0.009	1	1	6.764
375	soothing	779	0.009	1	1	6.749
376	dicing	785	0.009	1	1	6.733
377	Aul	785	0.009	1	1	6.733
378	brace	1591	0.019	2	2	6.718
379	Ione	804	0.01	1	1	6.703
380	Apron	802	0.01	1	1	6.703
381	tyrannised	817	0.01	1	1	6.673
382	Questa	826	0.01	1	1	6.658
383	3.3	3339	0.04	4	3	6.647
384	Reu.	3351	0.04	4	3	6.644
385	kepeth	846	0.01	1	1	6.63
386	shelf	845	0.01	1	1	6.63
387	discoverers	846	0.01	1	1	6.63
388	examinate	850	0.01	1	1	6.615
389	mortgaged	851	0.01	1	1	6.615
390	sanctitatis	853	0.01	1	1	6.615
391	sits	23190	0.277	27	15	6.607
392	fornications	1721	0.021	2	2	6.601
393	3.3.	1739	0.021	2	2	6.587
394	sled	871	0.01	1	1	6.587
395	Paramour	878	0.011	1	1	6.573
396	Mol	891	0.011	1	1	6.56
397	Prouer.	888	0.011	1	1	6.56
398	insatiate	894	0.011	1	1	6.546
399	abjured	1792	0.021	2	2	6.546
400	Taverns	2699	0.032	3	3	6.542
401	Iehoram	902	0.011	1	1	6.533
402	hunts	1820	0.022	2	2	6.526
403	Cobblers	911	0.011	1	1	6.52
404	muttering	909	0.011	1	1	6.52
405	scarlet	9179	0.11	10	8	6.512
406	Apoc	918	0.011	1	1	6.506
407	Iur	922	0.011	1	1	6.506
408	decking	927	0.011	1	1	6.493
409	Fighters	948	0.011	1	1	6.468
410	adulteress	1919	0.023	2	1	6.449
411	shameless	6711	0.08	7	7	6.448
412	purple	18224	0.218	19	14	6.448
413	Tamar	995	0.012	1	1	6.393
414	plaid	4003	0.048	4	4	6.387
415	Helen	2091	0.025	2	2	6.322
416	Gill	1056	0.013	1	1	6.31
417	Russian	1061	0.013	1	1	6.299
418	desolate	12933	0.155	12	10	6.279
419	ransack	1088	0.013	1	1	6.265
420	Carter	2182	0.026	2	2	6.26
421	hire	8785	0.105	8	8	6.253
422	Epig.	2233	0.027	2	2	6.227
423	Fairies	1122	0.013	1	1	6.222
424	cibo	1134	0.014	1	1	6.211
425	priuilegio	1135	0.014	1	1	6.2
426	treasuries	1138	0.014	1	1	6.2
427	harlot	9167	0.11	8	6	6.191
428	misshapen	1145	0.014	1	1	6.19
429	rogue	6990	0.084	6	4	6.167
430	adulterous	3504	0.042	3	3	6.162
431	Dra	1172	0.014	1	1	6.158
432	Aston	1175	0.014	1	1	6.158
433	gild	1181	0.014	1	1	6.148
434	fir	1177	0.014	1	1	6.148
435	cavilling	1191	0.014	1	1	6.138
436	Russ	1192	0.014	1	1	6.138
437	Parasite	1198	0.014	1	1	6.128
438	Almaine	1205	0.014	1	1	6.118
439	spouses	1203	0.014	1	1	6.118
440	FLA	1211	0.015	1	1	6.108
441	forehead	12159	0.145	10	9	6.106
442	deuell	1230	0.015	1	1	6.088
443	monopolies	1234	0.015	1	1	6.088
444	bitch	1244	0.015	1	1	6.069
445	Senex	1244	0.015	1	1	6.069
446	quelle	1254	0.015	1	1	6.059
447	GROIN	1258	0.015	1	1	6.059
448	played	11334	0.135	9	8	6.055
449	Iehoua	1262	0.015	1	1	6.049
450	Anti-christ	1261	0.015	1	1	6.049
451	arrayed	3816	0.046	3	3	6.04
452	allures	1275	0.015	1	1	6.04
453	succeded	1277	0.015	1	1	6.03
454	discoverer	1292	0.015	1	1	6.021
455	soundest	1298	0.016	1	1	6.012
456	civitas	1309	0.016	1	1	6.002
457	Gin	1317	0.016	1	1	5.993
458	Ethnic	1318	0.016	1	1	5.993
459	thriving	2636	0.032	2	2	5.989
460	Ruffians	1326	0.016	1	1	5.984
461	hackney	1328	0.016	1	1	5.975
462	exemptions	1334	0.016	1	1	5.975
463	whats	2675	0.032	2	2	5.966
464	gorgeous	2688	0.032	2	2	5.961
465	Lais	1345	0.016	1	1	5.957
466	incontinence	1354	0.016	1	1	5.948
467	whores	5508	0.066	4	2	5.926
468	wink	4136	0.049	3	3	5.924
469	matrons	2766	0.033	2	2	5.921
470	Littleton	2767	0.033	2	1	5.917
471	Prou.	8310	0.099	6	6	5.917
472	brags	2791	0.033	2	2	5.908
473	ken	2811	0.034	2	2	5.895
474	Aethiopians	1407	0.017	1	1	5.895
475	jugglers	1418	0.017	1	1	5.887
476	menstruous	1426	0.017	1	1	5.878
477	Cans	1426	0.017	1	1	5.878
478	dalliance	1431	0.017	1	1	5.87
479	rides	4321	0.052	3	2	5.861
480	LV	1444	0.017	1	1	5.861
481	Gentility	1448	0.017	1	1	5.853
482	complexions	2917	0.035	2	1	5.845
483	Deceives	4413	0.053	3	3	5.831
484	credits	1472	0.018	1	1	5.828
485	transforming	1481	0.018	1	1	5.82
486	longo	1481	0.018	1	1	5.82
487	pene	1489	0.018	1	1	5.812
488	dishonest	6002	0.072	4	4	5.802
489	paltry	1506	0.018	1	1	5.796
490	lusting	1506	0.018	1	1	5.796
491	inhabitant	3014	0.036	2	1	5.796
492	gamesters	1523	0.018	1	1	5.78
493	Ezec.	1520	0.018	1	1	5.78
494	Witch	9245	0.11	6	6	5.764
495	squires	1550	0.019	1	1	5.756
496	Palmerin	1557	0.019	1	1	5.749
497	Insula	1565	0.019	1	1	5.741
498	fickle	3168	0.038	2	1	5.725
499	Apoc.	11083	0.132	7	7	5.724
500	worshipper	1595	0.019	1	1	5.71
501	profuse	1615	0.019	1	1	5.695
502	Revel	21061	0.252	13	10	5.691
503	Rogero	1632	0.02	1	1	5.68
504	masked	1635	0.02	1	1	5.68
505	Chapt.	3271	0.039	2	1	5.677
506	FEE-SIMPLE	1643	0.02	1	1	5.673
507	dome	3321	0.04	2	2	5.655
508	strengths	1683	0.02	1	1	5.637
509	'hem	1711	0.02	1	1	5.615
510	Romes	5130	0.061	3	3	5.613
511	multorum	1716	0.021	1	1	5.608
512	enticed	3439	0.041	2	2	5.605
513	drudgery	1722	0.021	1	1	5.601
514	impudent	12093	0.144	7	6	5.599
515	kinsfolks	1757	0.021	1	1	5.573
516	Charon	1762	0.021	1	1	5.573
517	Hag	1766	0.021	1	1	5.567
518	opprobrious	1778	0.021	1	1	5.56
519	Minos	1795	0.021	1	1	5.546
520	bolder	1796	0.022	1	1	5.54
521	filthines	1803	0.022	1	1	5.54
522	thrift	1809	0.022	1	1	5.533
523	wipe	7298	0.087	4	4	5.52
524	Lechery	3660	0.044	2	2	5.516
525	Cerberus	1833	0.022	1	1	5.513
526	fawn	1837	0.022	1	1	5.513
527	Hellespont	1865	0.022	1	1	5.487
528	tyrannise	1873	0.022	1	1	5.48
529	nel	1881	0.023	1	1	5.474
530	hampton	1895	0.023	1	1	5.468
531	hoard	1895	0.023	1	1	5.468
532	sociable	1895	0.023	1	1	5.468
533	gull	1888	0.023	1	1	5.468
534	benumbed	1916	0.023	1	1	5.449
535	Vermilion	1928	0.023	1	1	5.442
536	Lambeth	1928	0.023	1	1	5.442
537	Syon	1931	0.023	1	1	5.436
538	clip	1933	0.023	1	1	5.436
539	flatters	1941	0.023	1	1	5.43
540	Vulcan	3887	0.046	2	1	5.43
541	l'	5856	0.07	3	1	5.424
542	deluding	1964	0.024	1	1	5.411
543	Apocalypse	3947	0.047	2	1	5.408
544	Sono	1988	0.024	1	1	5.399
545	whoredoms	1981	0.024	1	1	5.399
546	bers	1984	0.024	1	1	5.399
547	Concubines	4078	0.049	2	2	5.36
548	snuff	2050	0.025	1	1	5.351
549	cons	2048	0.025	1	1	5.351
550	Maiden	6187	0.074	3	3	5.343
551	Flora	2078	0.025	1	1	5.334
552	leprous	2075	0.025	1	1	5.334
553	lure	2079	0.025	1	1	5.334
554	Marcellinus	2075	0.025	1	1	5.334
555	wily	2092	0.025	1	1	5.322
556	detested	4228	0.051	2	2	5.308
557	Cloisters	2143	0.026	1	1	5.288
558	decrepit	2144	0.026	1	1	5.288
559	scratch	2144	0.026	1	1	5.288
560	jade	2169	0.026	1	1	5.271
561	stale	4338	0.052	2	2	5.271
562	sci	2175	0.026	1	1	5.265
563	beseeming	2182	0.026	1	1	5.26
564	hate	65701	0.785	30	21	5.256
565	Swan	4395	0.053	2	1	5.252
566	banqueting	2202	0.026	1	1	5.249
567	famished	2203	0.026	1	1	5.249
568	ith	4421	0.053	2	1	5.243
569	Apo.	2232	0.027	1	1	5.227
570	rampant	2244	0.027	1	1	5.222
571	ide	2263	0.027	1	1	5.211
572	SATIRE	2307	0.028	1	1	5.179
573	piss	2312	0.028	1	1	5.179
574	rife	2309	0.028	1	1	5.179
575	annal	2322	0.028	1	1	5.174
576	Roan	2337	0.028	1	1	5.164
577	contends	2343	0.028	1	1	5.158
578	certo	2340	0.028	1	1	5.158
579	cancelled	2362	0.028	1	1	5.148
580	buys	2372	0.028	1	1	5.143
581	drunken	11882	0.142	5	5	5.139
582	auro	2382	0.029	1	1	5.133
583	Dau	2388	0.029	1	1	5.133
584	mints	2393	0.029	1	1	5.128
585	Trim	4802	0.057	2	2	5.123
586	interprets	4849	0.058	2	1	5.11
587	stumbled	2431	0.029	1	1	5.108
588	Veneris	2430	0.029	1	1	5.108
589	Conti	2476	0.03	1	1	5.078
590	Bachelor	2474	0.03	1	1	5.078
591	horned	2489	0.03	1	1	5.073
592	resent	2493	0.03	1	1	5.069
593	wedlock	5013	0.06	2	1	5.061
594	Whoredom	7526	0.09	3	2	5.06
595	videatur	2517	0.03	1	1	5.054
596	swears	7600	0.091	3	3	5.046
597	customers	2545	0.03	1	1	5.04
598	Ieremie	5090	0.061	2	2	5.04
599	deceiving	5099	0.061	2	2	5.037
600	thief	23047	0.275	9	9	5.031
601	Adulterers	5137	0.061	2	2	5.026
602	terminus	2577	0.031	1	1	5.021
603	dissolute	5161	0.062	2	2	5.021
604	enticing	2596	0.031	1	1	5.012
605	Crocodile	2605	0.031	1	1	5.007
606	ditch	10469	0.125	4	3	5
607	exalting	2631	0.031	1	1	4.993
608	repelled	2629	0.031	1	1	4.993
609	smother	2628	0.031	1	1	4.993
610	descried	2647	0.032	1	1	4.984
611	Dee	2650	0.032	1	1	4.979
612	display	5310	0.063	2	2	4.979
613	envies	2650	0.032	1	1	4.979
614	Cuckold	2667	0.032	1	1	4.97
615	204	2681	0.032	1	1	4.966
616	railed	2685	0.032	1	1	4.961
617	wed	5405	0.065	2	2	4.952
618	amplified	2713	0.032	1	1	4.948
619	beast	81566	0.974	30	14	4.944
620	gangrene	2729	0.033	1	1	4.939
621	Tush	2736	0.033	1	1	4.935
622	whoring	2742	0.033	1	1	4.93
623	thieves	22285	0.266	8	5	4.909
624	Antichrist	50530	0.604	18	10	4.898
625	Bate	2821	0.034	1	1	4.891
626	accompanies	2828	0.034	1	1	4.887
627	Plymouth	2842	0.034	1	1	4.883
628	performs	5696	0.068	2	1	4.878
629	hug	2849	0.034	1	1	4.878
630	Butcher	2859	0.034	1	1	4.874
631	17.	83120	0.993	29	14	4.868
632	Stow	2889	0.035	1	1	4.857
633	abhorring	2902	0.035	1	1	4.849
634	recall	5820	0.07	2	1	4.847
635	tumbling	2926	0.035	1	1	4.841
636	gauge	2936	0.035	1	1	4.832
637	faced	2948	0.035	1	1	4.828
638	las	2947	0.035	1	1	4.828
639	Lordly	2953	0.035	1	1	4.824
640	Knave	8870	0.106	3	3	4.824
641	painted	23662	0.283	8	8	4.823
642	bathing	2983	0.036	1	1	4.812
643	stakes	2993	0.036	1	1	4.804
644	Capt	8989	0.107	3	1	4.804
645	Ames	3008	0.036	1	1	4.8
646	ragged	3017	0.036	1	1	4.796
647	gaming	3021	0.036	1	1	4.792
648	beggary	3028	0.036	1	1	4.788
649	enchantments	3037	0.036	1	1	4.784
650	181	3043	0.036	1	1	4.784
651	Coaches	3043	0.036	1	1	4.784
652	kneeled	3058	0.037	1	1	4.776
653	squire	6126	0.073	2	2	4.772
654	Proclaims	3074	0.037	1	1	4.768
655	Hierarchy	6183	0.074	2	2	4.758
656	dice	6226	0.074	2	2	4.749
657	ast	3134	0.037	1	1	4.741
658	pollute	3138	0.038	1	1	4.737
659	importune	3148	0.038	1	1	4.733
660	lucky	3186	0.038	1	1	4.714
661	unchaste	3200	0.038	1	1	4.71
662	unsatisfied	3210	0.038	1	1	4.707
663	tong	3205	0.038	1	1	4.707
664	Rams	3216	0.038	1	1	4.703
665	83.	3226	0.039	1	1	4.699
666	healths	3230	0.039	1	1	4.695
667	pers	3237	0.039	1	1	4.692
668	174	3264	0.039	1	1	4.68
669	Albion	3266	0.039	1	1	4.68
670	uncivil	3289	0.039	1	1	4.669
671	high-way	3304	0.04	1	1	4.662
672	winters	3340	0.04	1	1	4.647
673	Prodigality	3344	0.04	1	1	4.647
674	renounced	6702	0.08	2	2	4.642
675	Russell	3357	0.04	1	1	4.64
676	Robberies	3361	0.04	1	1	4.64
677	Mist	10075	0.12	3	1	4.64
678	strip	3365	0.04	1	1	4.637
679	divorced	3378	0.04	1	1	4.633
680	Cozen	3380	0.04	1	1	4.63
681	Rev.	51328	0.613	15	4	4.613
682	factors	3437	0.041	1	1	4.605
683	Communis	3459	0.041	1	1	4.598
684	brazen	10407	0.124	3	1	4.593
685	extortion	3485	0.042	1	1	4.587
686	nedes	3496	0.042	1	1	4.58
687	drunkards	7021	0.084	2	2	4.575
688	patet	3529	0.042	1	1	4.567
689	clients	3539	0.042	1	1	4.563
690	figured	7080	0.085	2	1	4.563
691	Hateful	10655	0.127	3	3	4.559
692	Strains	3562	0.043	1	1	4.556
693	abominations	10678	0.128	3	3	4.556
694	noses	3558	0.043	1	1	4.556
695	fornication	14235	0.17	4	4	4.556
696	vne	3563	0.043	1	1	4.553
697	polity	3565	0.043	1	1	4.553
698	boys	14311	0.171	4	4	4.549
699	Insult	3586	0.043	1	1	4.546
700	maintains	7229	0.086	2	2	4.534
701	84.	3627	0.043	1	1	4.529
702	giddy	3649	0.044	1	1	4.52
703	impudently	3698	0.044	1	1	4.5
704	Calf	11111	0.133	3	3	4.499
705	hunting	14846	0.177	4	4	4.496
706	compares	7453	0.089	2	2	4.49
707	costly	11277	0.135	3	2	4.477
708	Mercer	3762	0.045	1	1	4.477
709	hog	3772	0.045	1	1	4.471
710	Helena	3775	0.045	1	1	4.471
711	murderers	11345	0.136	3	3	4.469
712	rascal	3785	0.045	1	1	4.468
713	filthy	30299	0.362	8	8	4.466
714	forgo	3806	0.046	1	1	4.458
715	fragments	3811	0.046	1	1	4.458
716	VIT	7616	0.091	2	1	4.458
717	silks	3896	0.047	1	1	4.427
718	multo	3918	0.047	1	1	4.417
719	sells	3915	0.047	1	1	4.417
720	drunk	35533	0.424	9	7	4.406
721	incestuous	3954	0.047	1	1	4.405
722	rect	3967	0.047	1	1	4.399
723	Bastards	3979	0.048	1	1	4.396
724	corrupts	3974	0.048	1	1	4.396
725	allurements	3979	0.048	1	1	4.396
726	woo	3978	0.048	1	1	4.396
727	Chalice	4028	0.048	1	1	4.378
728	MEL	4030	0.048	1	1	4.378
729	reprehended	4037	0.048	1	1	4.375
730	puritan	4033	0.048	1	1	4.375
731	matchless	4042	0.048	1	1	4.372
732	Annot.	4051	0.048	1	1	4.369
733	descriptions	4060	0.049	1	1	4.366
734	suburbs	8156	0.097	2	1	4.36
735	play	61168	0.731	15	13	4.36
736	Ierem.	4126	0.049	1	1	4.342
737	Lustful	4133	0.049	1	1	4.339
738	riot	8272	0.099	2	2	4.339
739	poisoned	12446	0.149	3	2	4.334
740	players	4154	0.05	1	1	4.334
741	lewdness	4150	0.05	1	1	4.334
742	nominated	4161	0.05	1	1	4.331
743	ugly	8331	0.1	2	2	4.329
744	Painters	4167	0.05	1	1	4.328
745	savours	4180	0.05	1	1	4.325
746	pi	4201	0.05	1	1	4.316
747	wrestle	4215	0.05	1	1	4.313
748	reviled	4228	0.051	1	1	4.308
749	Qual	4234	0.051	1	1	4.305
750	crew	8469	0.101	2	2	4.305
751	spied	4248	0.051	1	1	4.302
752	protesting	4251	0.051	1	1	4.299
753	Kin	17056	0.204	4	1	4.295
754	erst	4270	0.051	1	1	4.293
755	entice	4278	0.051	1	1	4.291
756	foil	4299	0.051	1	1	4.285
757	Hospital	8600	0.103	2	2	4.283
758	marry	38694	0.462	9	9	4.283
759	indulgent	4309	0.052	1	1	4.279
760	Sly	4313	0.052	1	1	4.279
761	prefers	4321	0.052	1	1	4.276
762	spends	4330	0.052	1	1	4.274
763	whenas	4341	0.052	1	1	4.268
764	sirrah	4365	0.052	1	1	4.263
765	buckler	4371	0.052	1	1	4.26
766	Sergeants	4379	0.052	1	1	4.257
767	whereinto	4395	0.053	1	1	4.252
768	apparelled	4398	0.053	1	1	4.252
769	usurer	4393	0.053	1	1	4.252
770	anni	4404	0.053	1	1	4.249
771	PHI	4425	0.053	1	1	4.241
772	expounds	8875	0.106	2	2	4.238
773	beggar	8945	0.107	2	1	4.227
774	tragical	4479	0.054	1	1	4.224
775	usurping	4491	0.054	1	1	4.222
776	discharging	4492	0.054	1	1	4.219
777	tormenting	4522	0.054	1	1	4.211
778	Spittle	4536	0.054	1	1	4.206
779	bewail	9117	0.109	2	2	4.199
780	revile	4565	0.055	1	1	4.198
781	op	4574	0.055	1	1	4.195
782	Bede	4580	0.055	1	1	4.192
783	damnation	32064	0.383	7	5	4.192
784	Antichristian	13777	0.165	3	3	4.188
785	mercenary	4683	0.056	1	1	4.161
786	Grecian	9382	0.112	2	2	4.157
787	embracing	9401	0.112	2	2	4.155
788	Eclipsed	4703	0.056	1	1	4.153
789	hired	9416	0.113	2	2	4.152
790	sucked	4736	0.057	1	1	4.143
791	Tobacco	9488	0.113	2	2	4.142
792	dunghill	4743	0.057	1	1	4.141
793	described	42932	0.513	9	3	4.133
794	Countess	9549	0.114	2	2	4.132
795	corrupting	4784	0.057	1	1	4.13
796	scurvy	4826	0.058	1	1	4.118
797	nakedness	9651	0.115	2	2	4.117
798	consume	19326	0.231	4	4	4.115
799	Idolatrous	14523	0.174	3	3	4.112
800	Rome	271183	3.239	56	29	4.112
801	velvet	4856	0.058	1	1	4.108
802	funerals	4870	0.058	1	1	4.103
803	flattering	9757	0.117	2	2	4.102
804	nostrils	9776	0.117	2	2	4.098
805	fewer	9844	0.118	2	1	4.088
806	oppressors	4931	0.059	1	1	4.086
807	poisonous	4944	0.059	1	1	4.081
808	circa	9894	0.118	2	1	4.081
809	Shores	4946	0.059	1	1	4.081
810	passengers	4981	0.06	1	1	4.071
811	rogues	5001	0.06	1	1	4.066
812	detected	5017	0.06	1	1	4.061
813	abandon	10068	0.12	2	2	4.055
814	brood	5051	0.06	1	1	4.052
815	160	5050	0.06	1	1	4.052
816	sows	5094	0.061	1	1	4.04
817	plagued	5100	0.061	1	1	4.037
818	significant	5185	0.062	1	1	4.014
819	linked	5190	0.062	1	1	4.012
820	lovingly	5212	0.062	1	1	4.005
821	defy	5226	0.062	1	1	4.002
822	finest	5244	0.063	1	1	3.998
823	strives	5260	0.063	1	1	3.993
824	knaves	5254	0.063	1	1	3.993
825	filthiness	10515	0.126	2	2	3.993
826	strangled	5256	0.063	1	1	3.993
827	Mistress	42310	0.505	8	7	3.985
828	entreaty	5321	0.064	1	1	3.975
829	Hood	5353	0.064	1	1	3.968
830	beautified	5350	0.064	1	1	3.968
831	detestable	10704	0.128	2	2	3.967
832	Tavern	5354	0.064	1	1	3.966
833	cup	48330	0.577	9	8	3.963
834	tolerated	5375	0.064	1	1	3.961
835	gallants	5377	0.064	1	1	3.961
836	hawks	5379	0.064	1	1	3.959
837	widow	21540	0.257	4	4	3.958
838	partially	5392	0.064	1	1	3.957
839	darling	5419	0.065	1	1	3.95
840	robes	10833	0.129	2	1	3.95
841	purse	16277	0.194	3	3	3.948
842	occupy	5453	0.065	1	1	3.941
843	tolerable	10937	0.131	2	2	3.937
844	troth	5489	0.066	1	1	3.93
845	ds	5503	0.066	1	1	3.928
846	Infamous	11020	0.132	2	2	3.926
847	't	11120	0.133	2	2	3.913
848	formality	5567	0.067	1	1	3.911
849	furies	5605	0.067	1	1	3.902
850	throats	5620	0.067	1	1	3.898
851	Nuns	5658	0.068	1	1	3.887
852	hounds	5657	0.068	1	1	3.887
853	Mer	5689	0.068	1	1	3.878
854	steel	11392	0.136	2	1	3.877
855	blasphemous	11428	0.137	2	1	3.873
856	maist	17147	0.205	3	2	3.873
857	presuming	5718	0.068	1	1	3.872
858	vassals	5714	0.068	1	1	3.872
859	Jer	23150	0.277	4	3	3.855
860	Lazy	5811	0.069	1	1	3.849
861	accursed	17442	0.208	3	3	3.848
862	proudly	5842	0.07	1	1	3.841
863	XXVII	5851	0.07	1	1	3.839
864	plays	17593	0.21	3	3	3.836
865	abomination	11757	0.14	2	2	3.832
866	FA	11810	0.141	2	1	3.825
867	witchcraft	5912	0.071	1	1	3.824
868	eke	11837	0.141	2	2	3.822
869	veil	11849	0.142	2	1	3.821
870	frighted	5925	0.071	1	1	3.82
871	Hark	5947	0.071	1	1	3.816
872	Puritans	5981	0.071	1	1	3.808
873	Ware	12046	0.144	2	2	3.797
874	brand	6073	0.073	1	1	3.786
875	MON	18249	0.218	3	1	3.783
876	Exeunt	12174	0.145	2	2	3.782
877	stink	6090	0.073	1	1	3.782
878	adherents	6092	0.073	1	1	3.78
879	dozen	6144	0.073	1	1	3.768
880	youthful	6171	0.074	1	1	3.762
881	contrive	6209	0.074	1	1	3.752
882	judging	18760	0.224	3	3	3.743
883	chafe	6250	0.075	1	1	3.743
884	suggestions	6262	0.075	1	1	3.741
885	sowed	6293	0.075	1	1	3.733
886	booty	6307	0.075	1	1	3.731
887	dregs	6317	0.076	1	1	3.727
888	therewithal	6336	0.076	1	1	3.724
889	termed	25438	0.304	4	4	3.719
890	livings	6392	0.076	1	1	3.71
891	Friar	12819	0.153	2	1	3.707
892	bewitched	6431	0.077	1	1	3.703
893	honest	83801	1.001	13	12	3.699
894	swine	12952	0.155	2	1	3.692
895	Comedy	6476	0.077	1	1	3.692
896	Drunkard	6511	0.078	1	1	3.684
897	students	6548	0.078	1	1	3.677
898	syllable	6553	0.078	1	1	3.675
899	whereon	19704	0.235	3	3	3.672
900	ink	6606	0.079	1	1	3.664
901	detestation	6614	0.079	1	1	3.662
902	greedy	13232	0.158	2	2	3.661
903	dispense	13245	0.158	2	2	3.66
904	naked	46459	0.555	7	6	3.657
905	stealing	6657	0.08	1	1	3.653
906	repenting	6657	0.08	1	1	3.653
907	whipped	6660	0.08	1	1	3.651
908	brow	6696	0.08	1	1	3.644
909	striking	6712	0.08	1	1	3.64
910	Phoebus	6740	0.081	1	1	3.635
911	wanton	20242	0.242	3	3	3.633
912	attendants	6755	0.081	1	1	3.631
913	forlorn	6805	0.081	1	1	3.621
914	Dragons	6883	0.082	1	1	3.605
915	Proverbs	6913	0.083	1	1	3.598
916	57.	6936	0.083	1	1	3.594
917	liberally	6929	0.083	1	1	3.594
918	qu'il	6952	0.083	1	1	3.591
919	rival	7012	0.084	1	1	3.577
920	peculiarly	7015	0.084	1	1	3.577
921	fist	7028	0.084	1	1	3.575
922	Heathenish	7043	0.084	1	1	3.572
923	oftener	7075	0.085	1	1	3.565
924	pulling	7151	0.085	1	1	3.55
925	Ha	28655	0.342	4	2	3.547
926	augment	7169	0.086	1	1	3.546
927	Creditors	7178	0.086	1	1	3.545
928	Commentary	7188	0.086	1	1	3.541
929	rail	7220	0.086	1	1	3.536
930	inflict	7264	0.087	1	1	3.526
931	Neptune	7330	0.088	1	1	3.513
932	Commune	7351	0.088	1	1	3.51
933	shameful	14747	0.176	2	2	3.506
934	sister	51618	0.617	7	5	3.505
935	lap	7378	0.088	1	1	3.505
936	Goat	7386	0.088	1	1	3.503
937	entangled	7389	0.088	1	1	3.501
938	Madame	7409	0.089	1	1	3.498
939	notorious	22363	0.267	3	3	3.49
940	ducats	7478	0.089	1	1	3.485
941	virginity	7524	0.09	1	1	3.476
942	trading	7537	0.09	1	1	3.474
943	game	15105	0.18	2	2	3.471
944	Waters	83222	0.994	11	8	3.468
945	becometh	7573	0.091	1	1	3.466
946	authorized	7582	0.091	1	1	3.464
947	staying	7629	0.091	1	1	3.456
948	painting	7700	0.092	1	1	3.442
949	heed	61679	0.737	8	2	3.441
950	withered	7711	0.092	1	1	3.441
951	odious	23239	0.278	3	3	3.434
952	husbands	30992	0.37	4	4	3.434
953	tear	15500	0.185	2	2	3.434
954	recreation	7766	0.093	1	1	3.43
955	stripped	7820	0.093	1	1	3.42
956	Band	15714	0.188	2	1	3.413
957	joins	7933	0.095	1	1	3.399
958	daughters	40010	0.478	5	5	3.387
959	hedge	8009	0.096	1	1	3.385
960	're	16048	0.192	2	2	3.383
961	pick	8026	0.096	1	1	3.382
962	Hostess	8115	0.097	1	1	3.367
963	Baal	8157	0.097	1	1	3.36
964	Colleges	8166	0.098	1	1	3.358
965	penny	16458	0.197	2	2	3.347
966	adultery	24714	0.295	3	3	3.345
967	Alex	8301	0.099	1	1	3.334
968	curiously	8315	0.099	1	1	3.332
969	woman	183598	2.193	22	20	3.327
970	strings	8377	0.1	1	1	3.32
971	Revelation	41988	0.502	5	5	3.318
972	impediment	8393	0.1	1	1	3.318
973	clad	8414	0.101	1	1	3.315
974	sports	8466	0.101	1	1	3.306
975	triangle	8514	0.102	1	1	3.298
976	seat	51212	0.612	6	5	3.294
977	Ram	8617	0.103	1	1	3.281
978	lots	8708	0.104	1	1	3.265
979	kiss	26340	0.315	3	2	3.253
980	damnable	17583	0.21	2	2	3.252
981	unexpected	8797	0.105	1	1	3.25
982	sitting	35270	0.421	4	4	3.247
983	plains	8832	0.106	1	1	3.245
984	magnificence	8848	0.106	1	1	3.242
985	steed	8886	0.106	1	1	3.237
986	deformed	8948	0.107	1	1	3.226
987	wife	214853	2.566	24	15	3.225
988	steal	17906	0.214	2	2	3.225
989	lovers	26913	0.322	3	3	3.222
990	paint	8989	0.107	1	1	3.219
991	pleads	8993	0.107	1	1	3.219
992	Dragon	18054	0.216	2	2	3.214
993	hie	9054	0.108	1	1	3.21
994	crossed	9149	0.109	1	1	3.194
995	drown	9177	0.11	1	1	3.19
996	subtle	36810	0.44	4	2	3.185
997	proud	73660	0.88	8	7	3.185
998	overthrow	36900	0.441	4	3	3.182
999	conversant	9246	0.11	1	1	3.179
1000	likelihood	9249	0.111	1	1	3.178
1001	diminished	9251	0.111	1	1	3.178
1002	bearing	37031	0.442	4	1	3.177
1003	defile	9264	0.111	1	1	3.175
1004	adhere	9298	0.111	1	1	3.17
1005	declining	9313	0.111	1	1	3.169
1006	stays	9340	0.112	1	1	3.164
1007	tricks	9354	0.112	1	1	3.162
1008	flat	18766	0.224	2	2	3.157
1009	richly	9389	0.112	1	1	3.157
1010	closely	9419	0.113	1	1	3.152
1011	blows	18837	0.225	2	2	3.152
1012	dr	9464	0.113	1	1	3.146
1013	Benefices	9458	0.113	1	1	3.146
1014	46.	9502	0.114	1	1	3.139
1015	deluded	9504	0.114	1	1	3.139
1016	price	57392	0.686	6	5	3.13
1017	wives	57399	0.686	6	6	3.13
1018	abhor	19419	0.232	2	2	3.108
1019	Exit	19436	0.232	2	2	3.107
1020	feeds	9833	0.118	1	1	3.089
1021	furniture	9851	0.118	1	1	3.087
1022	fo	9885	0.118	1	1	3.082
1023	Lawyer	9909	0.118	1	1	3.078
1024	nice	19841	0.237	2	2	3.077
1025	servile	9971	0.119	1	1	3.07
1026	Excepting	9977	0.119	1	1	3.069
1027	keeps	40024	0.478	4	3	3.065
1028	Roman	141472	1.69	14	12	3.051
1029	Sack	10141	0.121	1	1	3.046
1030	Embraces	10141	0.121	1	1	3.046
1031	Imprinted	10174	0.122	1	1	3.041
1032	disobedient	10184	0.122	1	1	3.04
1033	unclean	30723	0.367	3	3	3.031
1034	playing	10275	0.123	1	1	3.027
1035	stain	10288	0.123	1	1	3.024
1036	agreeing	10294	0.123	1	1	3.023
1037	discovering	10322	0.123	1	1	3.02
1038	dog	30988	0.37	3	3	3.019
1039	coloured	10332	0.123	1	1	3.019
1040	lusty	10354	0.124	1	1	3.015
1041	presumptuous	10383	0.124	1	1	3.012
1042	Synagogue	10391	0.124	1	1	3.01
1043	tribute	20800	0.248	2	2	3.009
1044	condemnation	31282	0.374	3	3	3.005
1045	fetched	10432	0.125	1	1	3.005
1046	parson	10471	0.125	1	1	2.999
1047	breeds	10535	0.126	1	1	2.991
1048	cheat	10600	0.127	1	1	2.982
1049	granting	10607	0.127	1	1	2.981
1050	hang	31830	0.38	3	2	2.98
1051	Societies	10616	0.127	1	1	2.979
1052	facto	10681	0.128	1	1	2.97
1053	description	42949	0.513	4	4	2.963
1054	Fie	32306	0.386	3	2	2.959
1055	deep	75511	0.902	7	7	2.956
1056	win	32483	0.388	3	3	2.951
1057	calais	10880	0.13	1	1	2.943
1058	pox	10902	0.13	1	1	2.941
1059	parcel	10999	0.131	1	1	2.928
1060	65	11021	0.132	1	1	2.926
1061	Theft	11086	0.132	1	1	2.917
1062	married	66560	0.795	6	5	2.916
1063	horns	22193	0.265	2	2	2.915
1064	marks	33471	0.4	3	2	2.908
1065	flourished	11210	0.134	1	1	2.901
1066	Idol	22562	0.27	2	2	2.892
1067	witty	11290	0.135	1	1	2.89
1068	protestation	11307	0.135	1	1	2.888
1069	Answ.	11309	0.135	1	1	2.888
1070	dim	11370	0.136	1	1	2.88
1071	advanced	34128	0.408	3	3	2.88
1072	afflict	11385	0.136	1	1	2.878
1073	damned	34243	0.409	3	2	2.875
1074	prodigal	11427	0.137	1	1	2.873
1075	prima	11491	0.137	1	1	2.865
1076	abominable	22990	0.275	2	2	2.865
1077	hearken	23019	0.275	2	1	2.862
1078	committing	11606	0.139	1	1	2.851
1079	Husband	105631	1.262	9	9	2.835
1080	wondered	11794	0.141	1	1	2.827
1081	habit	35431	0.423	3	3	2.826
1082	laying	35626	0.426	3	3	2.818
1083	filth	11883	0.142	1	1	2.817
1084	maids	11895	0.142	1	1	2.815
1085	XVIII	11914	0.142	1	1	2.813
1086	loud	23920	0.286	2	2	2.807
1087	signify	59908	0.716	5	4	2.805
1088	Bride	12056	0.144	1	1	2.796
1089	alliance	12060	0.144	1	1	2.795
1090	hunt	12065	0.144	1	1	2.795
1091	describes	12069	0.144	1	1	2.794
1092	pleaseth	24152	0.289	2	1	2.793
1093	compel	12119	0.145	1	1	2.788
1094	Iudah	12172	0.145	1	1	2.782
1095	amorous	12171	0.145	1	1	2.782
1096	pledge	12190	0.146	1	1	2.78
1097	discontent	12204	0.146	1	1	2.778
1098	proclaim	12226	0.146	1	1	2.776
1099	quoth	36867	0.44	3	3	2.768
1100	base	61654	0.736	5	5	2.763
1101	bastard	12394	0.148	1	1	2.756
1102	gray	12411	0.148	1	1	2.754
1103	delicate	12414	0.148	1	1	2.753
1104	worn	12479	0.149	1	1	2.746
1105	knife	12510	0.149	1	1	2.743
1106	murderer	12581	0.15	1	1	2.734
1107	slander	12613	0.151	1	1	2.73
1108	trust	126242	1.508	10	1	2.729
1109	Israell	12654	0.151	1	1	2.726
1110	Troy	12678	0.151	1	1	2.724
1111	blinded	12718	0.152	1	1	2.719
1112	attendance	12777	0.153	1	1	2.712
1113	crafty	12823	0.153	1	1	2.707
1114	sway	12829	0.153	1	1	2.707
1115	lodge	12832	0.153	1	1	2.706
1116	51	25891	0.309	2	1	2.693
1117	agent	12951	0.155	1	1	2.692
1118	forsooth	12960	0.155	1	1	2.692
1119	complexion	13038	0.156	1	1	2.683
1120	raging	13043	0.156	1	1	2.682
1121	Lover	26112	0.312	2	2	2.681
1122	forsake	52263	0.624	4	4	2.68
1123	80	13074	0.156	1	1	2.679
1124	minus	13087	0.156	1	1	2.678
1125	blush	13133	0.157	1	1	2.672
1126	esteemed	52613	0.628	4	4	2.67
1127	Hosts	13174	0.157	1	1	2.667
1128	Lev	13206	0.158	1	1	2.665
1129	'll	158479	1.893	12	10	2.664
1130	territories	13207	0.158	1	1	2.664
1131	departing	13235	0.158	1	1	2.661
1132	garments	26823	0.32	2	2	2.642
1133	bloody	53730	0.642	4	2	2.64
1134	despite	13448	0.161	1	1	2.638
1135	manifestation	13497	0.161	1	1	2.633
1136	42.	13551	0.162	1	1	2.627
1137	coals	13558	0.162	1	1	2.627
1138	burn	40670	0.486	3	3	2.627
1139	Protector	13587	0.162	1	1	2.623
1140	doctrines	40858	0.488	3	3	2.62
1141	Chase	13640	0.163	1	1	2.618
1142	spoils	13640	0.163	1	1	2.618
1143	loath	27335	0.327	2	2	2.615
1144	evidently	27408	0.327	2	1	2.611
1145	harbour	13726	0.164	1	1	2.608
1146	dares	13753	0.164	1	1	2.606
1147	"	41388	0.494	3	2	2.601
1148	openly	41440	0.495	3	2	2.599
1149	Gal	55443	0.662	4	2	2.595
1150	morrow	27739	0.331	2	1	2.594
1151	women	152987	1.827	11	9	2.59
1152	forbids	13966	0.167	1	1	2.584
1153	kills	14012	0.167	1	1	2.579
1154	wisest	14043	0.168	1	1	2.576
1155	Wholesome	28319	0.338	2	2	2.564
1156	subtlety	14163	0.169	1	1	2.563
1157	cunning	28670	0.343	2	2	2.546
1158	supposes	14355	0.172	1	1	2.544
1159	her	1811491	21.638	126	77	2.542
1160	Tomb	14393	0.172	1	1	2.54
1161	assemblies	28871	0.345	2	2	2.536
1162	foul	43393	0.518	3	3	2.533
1163	ipso	14545	0.174	1	1	2.525
1164	hills	29127	0.348	2	2	2.523
1165	excused	14733	0.176	1	1	2.506
1166	Con	14750	0.176	1	1	2.505
1167	covetousness	29703	0.355	2	2	2.495
1168	destruction	89423	1.068	6	3	2.49
1169	publicly	29824	0.356	2	2	2.489
1170	fervent	14967	0.179	1	1	2.484
1171	Indian	14985	0.179	1	1	2.482
1172	doors	29993	0.358	2	2	2.481
1173	merry	30040	0.359	2	1	2.479
1174	Lightly	15080	0.18	1	1	2.473
1175	mischiefs	15127	0.181	1	1	2.468
1176	feathers	15142	0.181	1	1	2.467
1177	foe	15213	0.182	1	1	2.46
1178	she	1006738	12.025	66	51	2.456
1179	unnatural	15260	0.182	1	1	2.456
1180	lie	168129	2.008	11	9	2.454
1181	grown	45966	0.549	3	3	2.45
1182	muse	15327	0.183	1	1	2.449
1183	argues	15381	0.184	1	1	2.445
1184	ruined	15482	0.185	1	1	2.435
1185	merchandise	15488	0.185	1	1	2.434
1186	represent	31012	0.37	2	1	2.433
1187	58	15554	0.186	1	1	2.428
1188	mentions	15583	0.186	1	1	2.426
1189	'm	31244	0.373	2	2	2.422
1190	expound	15629	0.187	1	1	2.421
1191	keep	313074	3.74	20	13	2.419
1192	deserts	15722	0.188	1	1	2.413
1193	drinks	15747	0.188	1	1	2.41
1194	maintain	78757	0.941	5	5	2.41
1195	eats	15783	0.189	1	1	2.407
1196	reigns	15787	0.189	1	1	2.407
1197	abused	31590	0.377	2	2	2.406
1198	penitent	15876	0.19	1	1	2.399
1199	lewd	15983	0.191	1	1	2.389
1200	Deuteronomy	64271	0.768	4	4	2.381
1201	fitly	16083	0.192	1	1	2.38
1202	meanest	16212	0.194	1	1	2.369
1203	deaths	16238	0.194	1	1	2.366
1204	hereunto	16278	0.194	1	1	2.363
1205	proclaimed	16275	0.194	1	1	2.363
1206	lament	16334	0.195	1	1	2.358
1207	licence	16353	0.195	1	1	2.356
1208	silly	16358	0.195	1	1	2.355
1209	Sheriff	16356	0.195	1	1	2.355
1210	sale	16370	0.196	1	1	2.355
1211	female	16395	0.196	1	1	2.353
1212	ore	16392	0.196	1	1	2.353
1213	divide	32819	0.392	2	2	2.351
1214	Bar	32896	0.393	2	1	2.348
1215	quarrel	32992	0.394	2	2	2.343
1216	impious	16500	0.197	1	1	2.343
1217	fits	16510	0.197	1	1	2.342
1218	destroyed	66138	0.79	4	1	2.34
1219	golden	49785	0.595	3	3	2.335
1220	causing	16632	0.199	1	1	2.331
1221	mother	150593	1.799	9	8	2.323
1222	col	16743	0.2	1	1	2.322
1223	seals	16820	0.201	1	1	2.315
1224	offenders	16839	0.201	1	1	2.314
1225	foretold	16838	0.201	1	1	2.314
1226	ma	16855	0.201	1	1	2.313
1227	renew	16858	0.201	1	1	2.312
1228	hates	16898	0.202	1	1	2.309
1229	cleared	17054	0.204	1	1	2.295
1230	studies	17122	0.205	1	1	2.29
1231	rid	17118	0.205	1	1	2.29
1232	young	171502	2.049	10	9	2.287
1233	discerned	17249	0.206	1	1	2.279
1234	stuff	17295	0.207	1	1	2.275
1235	infected	17325	0.207	1	1	2.273
1236	scorn	34703	0.415	2	2	2.271
1237	trusted	17518	0.209	1	1	2.257
1238	Forbear	35085	0.419	2	2	2.255
1239	Gall	17567	0.21	1	1	2.253
1240	Apostasy	17588	0.21	1	1	2.251
1241	sends	35230	0.421	2	2	2.249
1242	grain	17694	0.211	1	1	2.243
1243	Popish	53150	0.635	3	2	2.24
1244	spent	53460	0.639	3	3	2.232
1245	butter	17830	0.213	1	1	2.231
1246	pillars	17842	0.213	1	1	2.23
1247	Catholics	17885	0.214	1	1	2.227
1248	stage	17895	0.214	1	1	2.226
1249	meddle	17894	0.214	1	1	2.226
1250	type	17907	0.214	1	1	2.225
1251	smooth	17906	0.214	1	1	2.225
1252	Esa	17912	0.214	1	1	2.224
1253	sport	17952	0.214	1	1	2.222
1254	trade	71989	0.86	4	3	2.218
1255	betrayed	18001	0.215	1	1	2.218
1256	virgin	54072	0.646	3	3	2.216
1257	bears	54088	0.646	3	3	2.215
1258	celebrated	18043	0.216	1	1	2.214
1259	Luther	36123	0.432	2	2	2.213
1260	Israel	162651	1.943	9	8	2.212
1261	defiled	18090	0.216	1	1	2.21
1262	judgment	235552	2.814	13	8	2.208
1263	advance	36366	0.434	2	2	2.203
1264	Clerk	18200	0.217	1	1	2.202
1265	marked	18201	0.217	1	1	2.202
1266	condemned	91164	1.089	5	5	2.199
1267	stately	18235	0.218	1	1	2.199
1268	leading	18263	0.218	1	1	2.197
1269	enters	18257	0.218	1	1	2.197
1270	drunkenness	18268	0.218	1	1	2.196
1271	lust	54865	0.655	3	3	2.195
1272	turned	109846	1.312	6	4	2.193
1273	redeem	18342	0.219	1	1	2.19
1274	monarch	18420	0.22	1	1	2.184
1275	minor	18443	0.22	1	1	2.182
1276	modest	18444	0.22	1	1	2.182
1277	lets	18569	0.222	1	1	2.173
1278	lodging	18632	0.223	1	1	2.167
1279	Captive	18662	0.223	1	1	2.166
1280	Hell	149518	1.786	8	6	2.163
1281	monstrous	18738	0.224	1	1	2.16
1282	plagues	18774	0.224	1	1	2.157
1283	sit	131502	1.571	7	4	2.156
1284	Hist.	18785	0.224	1	1	2.156
1285	hot	94567	1.13	5	4	2.146
1286	Italian	18997	0.227	1	1	2.14
1287	overthrown	19023	0.227	1	1	2.138
1288	tempest	19049	0.228	1	1	2.136
1289	imitation	19146	0.229	1	1	2.128
1290	lies	96467	1.152	5	5	2.117
1291	reprove	19294	0.231	1	1	2.117
1292	qualities	38805	0.464	2	2	2.109
1293	hide	38812	0.464	2	2	2.109
1294	Tertullian	19440	0.232	1	1	2.107
1295	del	19504	0.233	1	1	2.102
1296	breasts	19504	0.233	1	1	2.102
1297	habitation	19587	0.234	1	1	2.095
1298	uttered	19627	0.234	1	1	2.093
1299	embraced	19758	0.236	1	1	2.083
1300	jealous	19806	0.237	1	1	2.079
1301	23.	59639	0.712	3	3	2.074
1302	36	39832	0.476	2	2	2.072
1303	simplicity	20072	0.24	1	1	2.06
1304	great	1790493	21.387	89	37	2.057
1305	constable	20148	0.241	1	1	2.055
1306	Lent	20167	0.241	1	1	2.053
1307	counterfeit	20191	0.241	1	1	2.052
1308	fain	40564	0.485	2	2	2.045
1309	excellency	60896	0.727	3	2	2.044
1310	converted	40728	0.487	2	2	2.039
1311	notable	40823	0.488	2	1	2.036
1312	tie	20437	0.244	1	1	2.034
1313	fool	41266	0.493	2	2	2.021
1314	chaste	20646	0.247	1	1	2.02
1315	corner	20657	0.247	1	1	2.019
1316	lease	20724	0.248	1	1	2.014
1317	fond	20744	0.248	1	1	2.013
1318	swearing	20821	0.249	1	1	2.008
1319	foes	20990	0.251	1	1	1.996
1320	Es	21017	0.251	1	1	1.994
1321	seated	21058	0.252	1	1	1.991
1322	corrupt	63197	0.755	3	3	1.991
1323	unprofitable	21130	0.252	1	1	1.986
1324	mystical	21135	0.252	1	1	1.986
1325	discovered	63467	0.758	3	3	1.985
1326	slave	21201	0.253	1	1	1.982
1327	Fly	84799	1.013	4	4	1.982
1328	Bellarmine	21215	0.253	1	1	1.981
1329	Politic	21242	0.254	1	1	1.979
1330	precious	85205	1.018	4	4	1.975
1331	Proverb	21331	0.255	1	1	1.973
1332	Tale	21357	0.255	1	1	1.971
1333	train	21461	0.256	1	1	1.964
1334	common	346098	4.134	16	16	1.952
1335	Wales	21702	0.259	1	1	1.948
1336	daughter	108707	1.299	5	5	1.945
1337	fidelity	21748	0.26	1	1	1.945
1338	compared	43800	0.523	2	1	1.935
1339	Laugh	21938	0.262	1	1	1.932
1340	Stile	21951	0.262	1	1	1.931
1341	Chair	21959	0.262	1	1	1.931
1342	jealousy	21960	0.262	1	1	1.931
1343	tempted	22002	0.263	1	1	1.928
1344	Irish	22076	0.264	1	1	1.923
1345	knees	22165	0.265	1	1	1.917
1346	Mars	22203	0.265	1	1	1.915
1347	scope	22219	0.265	1	1	1.914
1348	reputation	44574	0.532	2	2	1.909
1349	17	133873	1.599	6	5	1.908
1350	Yes	44644	0.533	2	2	1.907
1351	il	44690	0.534	2	1	1.906
1352	secrets	22386	0.267	1	1	1.903
1353	di	44811	0.535	2	1	1.902
1354	eggs	22433	0.268	1	1	1.9
1355	ruled	22509	0.269	1	1	1.895
1356	spouse	22595	0.27	1	1	1.89
1357	boldness	22766	0.272	1	1	1.879
1358	settled	45575	0.544	2	2	1.877
1359	similitude	22791	0.272	1	1	1.877
1360	indignation	22811	0.273	1	1	1.876
1361	prosper	22839	0.273	1	1	1.874
1362	admire	22861	0.273	1	1	1.872
1363	shadow	45786	0.547	2	2	1.871
1364	imitate	22952	0.274	1	1	1.867
1365	urged	23145	0.277	1	1	1.855
1366	obeyed	23197	0.277	1	1	1.852
1367	wisely	23259	0.278	1	1	1.848
1368	vice	46611	0.557	2	2	1.845
1369	stroke	23344	0.279	1	1	1.843
1370	minded	23388	0.279	1	1	1.84
1371	drink	140890	1.683	6	6	1.834
1372	call	328774	3.927	14	10	1.834
1373	Thrown	23518	0.281	1	1	1.832
1374	shame	94222	1.125	4	4	1.83
1375	Cyprian	23570	0.282	1	1	1.829
1376	dwell	70987	0.848	3	2	1.823
1377	thinks	71088	0.849	3	3	1.821
1378	dance	23697	0.283	1	1	1.821
1379	entering	23761	0.284	1	1	1.817
1380	Jew	23762	0.284	1	1	1.817
1381	offers	23765	0.284	1	1	1.817
1382	hears	23785	0.284	1	1	1.816
1383	Shake	24043	0.287	1	1	1.8
1384	'd	144543	1.727	6	5	1.797
1385	boast	24120	0.288	1	1	1.795
1386	worst	48340	0.577	2	2	1.792
1387	seven	120863	1.444	5	5	1.792
1388	farewell	24180	0.289	1	1	1.792
1389	whiles	24191	0.289	1	1	1.791
1390	eat	145185	1.734	6	3	1.791
1391	decreed	24249	0.29	1	1	1.788
1392	younger	24318	0.291	1	1	1.783
1393	pull	24362	0.291	1	1	1.781
1394	wh	48807	0.583	2	2	1.778
1395	became	73544	0.879	3	3	1.772
1396	spoken	147126	1.757	6	6	1.772
1397	histories	24576	0.294	1	1	1.768
1398	complaint	24586	0.294	1	1	1.768
1399	become	172873	2.065	7	6	1.761
1400	fetch	24696	0.295	1	1	1.761
1401	woods	24782	0.296	1	1	1.756
1402	Angel	74694	0.892	3	1	1.75
1403	imperfect	24941	0.298	1	1	1.747
1404	companions	24999	0.299	1	1	1.744
1405	dwells	25035	0.299	1	1	1.742
1406	burnt	50113	0.599	2	2	1.74
1407	Hypocrisy	25137	0.3	1	1	1.736
1408	impossible	75536	0.902	3	3	1.733
1409	masters	75576	0.903	3	3	1.733
1410	secretly	25285	0.302	1	1	1.727
1411	properties	25319	0.302	1	1	1.725
1412	loves	76043	0.908	3	2	1.724
1413	marvel	25347	0.303	1	1	1.724
1414	smell	25352	0.303	1	1	1.724
1415	consecrated	25356	0.303	1	1	1.723
1416	Hated	25471	0.304	1	1	1.717
1417	covetous	25513	0.305	1	1	1.715
1418	sex	25550	0.305	1	1	1.712
1419	clothed	25607	0.306	1	1	1.709
1420	signification	25765	0.308	1	1	1.7
1421	convinced	25766	0.308	1	1	1.7
1422	Philosopher	25888	0.309	1	1	1.693
1423	suspected	25911	0.31	1	1	1.692
1424	opening	25968	0.31	1	1	1.689
1425	Streets	26115	0.312	1	1	1.681
1426	looks	52264	0.624	2	2	1.68
1427	43	26174	0.313	1	1	1.678
1428	mark	131282	1.568	5	5	1.673
1429	entreat	26388	0.315	1	1	1.666
1430	foolish	52888	0.632	2	2	1.663
1431	wanted	26501	0.317	1	1	1.66
1432	tom	26564	0.317	1	1	1.656
1433	refuse	53146	0.635	2	1	1.656
1434	behaviour	26702	0.319	1	1	1.649
1435	a	14471665	172.859	542	171	1.649
1436	deadly	26719	0.319	1	1	1.648
1437	open	187653	2.241	7	6	1.643
1438	modesty	26836	0.321	1	1	1.642
1439	broke	26875	0.321	1	1	1.639
1440	Venus	26929	0.322	1	1	1.636
1441	suspicion	27149	0.324	1	1	1.625
1442	?	2527462	30.19	93	45	1.623
1443	mystery	54678	0.653	2	1	1.615
1444	44	27360	0.327	1	1	1.614
1445	thereupon	55032	0.657	2	2	1.605
1446	discover	55186	0.659	2	2	1.601
1447	Boy	27639	0.33	1	1	1.599
1448	stick	27742	0.331	1	1	1.593
1449	room	55576	0.664	2	1	1.591
1450	forsaken	27796	0.332	1	1	1.591
1451	turn	167524	2.001	6	6	1.584
1452	slaves	28066	0.335	1	1	1.577
1453	judged	56237	0.672	2	2	1.574
1454	woe	28149	0.336	1	1	1.573
1455	accounted	56307	0.673	2	1	1.572
1456	Followers	28164	0.336	1	1	1.572
1457	render	56345	0.673	2	2	1.571
1458	doom	28591	0.342	1	1	1.55
1459	touch	57247	0.684	2	2	1.548
1460	solid	28842	0.345	1	1	1.537
1461	hole	28915	0.345	1	1	1.534
1462	Vision	28960	0.346	1	1	1.532
1463	borne	86876	1.038	3	2	1.532
1464	Ah	29075	0.347	1	1	1.526
1465	Keeping	58223	0.696	2	2	1.524
1466	weather	29174	0.349	1	1	1.521
1467	view	58441	0.698	2	2	1.518
1468	Westminster	29288	0.35	1	1	1.515
1469	zealous	29282	0.35	1	1	1.515
1470	cry	87922	1.05	3	3	1.514
1471	paid	58812	0.703	2	2	1.509
1472	honesty	29498	0.352	1	1	1.505
1473	miracle	29540	0.353	1	1	1.503
1474	condemn	59378	0.709	2	2	1.496
1475	fall	267911	3.2	9	8	1.492
1476	term	59683	0.713	2	2	1.488
1477	permit	29877	0.357	1	1	1.486
1478	rank	29920	0.357	1	1	1.484
1479	kept	180349	2.154	6	4	1.478
1480	revenge	60376	0.721	2	2	1.472
1481	face	181454	2.167	6	5	1.469
1482	gentlemen	60495	0.723	2	2	1.469
1483	super	30308	0.362	1	1	1.466
1484	affirmed	30406	0.363	1	1	1.461
1485	permitted	30542	0.365	1	1	1.455
1486	strike	30636	0.366	1	1	1.45
1487	Anointed	30642	0.366	1	1	1.45
1488	speeches	30693	0.367	1	1	1.448
1489	star	30709	0.367	1	1	1.447
1490	testify	30813	0.368	1	1	1.442
1491	Idols	30951	0.37	1	1	1.436
1492	!	371996	4.443	12	6	1.433
1493	consumed	31042	0.371	1	1	1.431
1494	whose	468798	5.6	15	15	1.422
1495	riches	93796	1.12	3	3	1.421
1496	else	281410	3.361	9	7	1.421
1497	terror	31309	0.374	1	1	1.419
1498	deed	62715	0.749	2	2	1.417
1499	beautiful	31363	0.375	1	1	1.417
1500	yearly	31375	0.375	1	1	1.416
1501	depart	62947	0.752	2	2	1.411
1502	bringeth	31606	0.378	1	1	1.405
1503	medicine	31615	0.378	1	1	1.405
1504	wished	31831	0.38	1	1	1.395
1505	bondage	31829	0.38	1	1	1.395
1506	presume	31879	0.381	1	1	1.393
1507	dost	31931	0.381	1	1	1.391
1508	freely	63939	0.764	2	2	1.389
1509	called	768363	9.178	24	20	1.387
1510	cries	32046	0.383	1	1	1.385
1511	interpretation	32092	0.383	1	1	1.383
1512	dogs	32101	0.383	1	1	1.383
1513	Doubtless	32131	0.384	1	1	1.382
1514	glorious	128843	1.539	4	4	1.378
1515	speaking	96859	1.157	3	3	1.375
1516	worse	96916	1.158	3	3	1.374
1517	like	1070087	12.782	33	30	1.368
1518	died	97793	1.168	3	3	1.361
1519	Francis	32629	0.39	1	1	1.36
1520	greatness	65345	0.781	2	1	1.358
1521	innocent	65570	0.783	2	2	1.353
1522	make	1313915	15.694	40	34	1.35
1523	Wine	164447	1.964	5	5	1.348
1524	serves	32991	0.394	1	1	1.343
1525	Peoples	33008	0.394	1	1	1.343
1526	endure	66031	0.789	2	2	1.342
1527	maid	33079	0.395	1	1	1.34
1528	chose	33127	0.396	1	1	1.338
1529	Chapter	132959	1.588	4	1	1.333
1530	thou	1398203	16.701	42	29	1.33
1531	discovery	33358	0.398	1	1	1.328
1532	save	133689	1.597	4	3	1.325
1533	wax	33550	0.401	1	1	1.319
1534	hazard	33564	0.401	1	1	1.319
1535	receives	33599	0.401	1	1	1.317
1536	colour	100836	1.204	3	2	1.317
1537	sees	33635	0.402	1	1	1.315
1538	Fortune	101130	1.208	3	3	1.312
1539	miserable	67471	0.806	2	2	1.311
1540	O	541781	6.471	16	10	1.306
1541	soldier	33917	0.405	1	1	1.304
1542	triumph	33934	0.405	1	1	1.303
1543	house	407406	4.866	12	11	1.302
1544	horse	136110	1.626	4	4	1.299
1545	bred	34100	0.407	1	1	1.296
1546	Throne	68392	0.817	2	1	1.292
1547	Poet	34204	0.409	1	1	1.291
1548	professed	34256	0.409	1	1	1.289
1549	pleasing	34281	0.41	1	1	1.288
1550	wit	172149	2.056	5	3	1.282
1551	physic	34467	0.412	1	1	1.28
1552	appeared	69228	0.827	2	2	1.274
1553	twenty	103869	1.241	3	3	1.274
1554	friend	138523	1.655	4	4	1.274
1555	beaten	34661	0.414	1	1	1.272
1556	reproach	34657	0.414	1	1	1.272
1557	bare	69451	0.83	2	2	1.27
1558	oft	69946	0.836	2	2	1.259
1559	blame	34974	0.418	1	1	1.259
1560	broad	35012	0.418	1	1	1.258
1561	longer	105304	1.258	3	3	1.254
1562	promised	105333	1.258	3	3	1.254
1563	Fight	105643	1.262	3	3	1.249
1564	fools	35223	0.421	1	1	1.249
1565	Fate	35533	0.424	1	1	1.237
1566	ran	35556	0.425	1	1	1.235
1567	properly	71363	0.852	2	2	1.23
1568	song	35727	0.427	1	1	1.229
1569	stock	35766	0.427	1	1	1.227
1570	buy	35853	0.428	1	1	1.223
1571	acknowledged	35881	0.429	1	1	1.222
1572	38	35927	0.429	1	1	1.221
1573	amongst	251926	3.009	7	7	1.218
1574	despair	36035	0.43	1	1	1.216
1575	hither	36037	0.43	1	1	1.216
1576	secret	108173	1.292	3	3	1.215
1577	mans	181090	2.163	5	5	1.209
1578	afterward	72483	0.866	2	2	1.208
1579	pleasant	72707	0.869	2	2	1.203
1580	birds	36376	0.435	1	1	1.203
1581	fail	73352	0.876	2	2	1.191
1582	practised	36690	0.438	1	1	1.19
1583	resolve	36730	0.439	1	1	1.189
1584	Vast	36772	0.439	1	1	1.187
1585	wealth	73703	0.88	2	2	1.184
1586	mouths	36905	0.441	1	1	1.182
1587	merchants	36943	0.441	1	1	1.18
1588	warm	37060	0.443	1	1	1.176
1589	wherewith	74362	0.888	2	2	1.171
1590	Jesuits	37256	0.445	1	1	1.168
1591	spend	37287	0.445	1	1	1.167
1592	temptation	37377	0.447	1	1	1.163
1593	midst	74832	0.894	2	2	1.162
1594	numbers	37529	0.448	1	1	1.157
1595	Lady	112639	1.345	3	3	1.157
1596	fifty	37601	0.449	1	1	1.155
1597	separate	37702	0.45	1	1	1.151
1598	vengeance	37813	0.452	1	1	1.147
1599	ecclesiastical	75702	0.904	2	1	1.145
1600	lived	113584	1.357	3	3	1.145
1601	apparent	37871	0.452	1	1	1.144
1602	Evening	37929	0.453	1	1	1.142
1603	brave	38044	0.454	1	1	1.138
1604	Son	570683	6.817	15	9	1.138
1605	whereunto	38047	0.455	1	1	1.138
1606	stranger	38063	0.455	1	1	1.137
1607	lips	38066	0.455	1	1	1.137
1608	omnes	38114	0.455	1	1	1.135
1609	vulgar	38139	0.456	1	1	1.134
1610	Host	38170	0.456	1	1	1.133
1611	saw	191431	2.287	5	3	1.129
1612	neither	537051	6.415	14	11	1.126
1613	FINIS	38468	0.46	1	1	1.122
1614	18.	77389	0.924	2	2	1.113
1615	specially	38732	0.463	1	1	1.112
1616	next	271507	3.243	7	5	1.11
1617	Essay	38918	0.465	1	1	1.105
1618	spare	38949	0.465	1	1	1.104
1619	teaching	39101	0.467	1	1	1.099
1620	whom	782727	9.349	20	18	1.097
1621	Lordship	39217	0.468	1	1	1.094
1622	turns	39404	0.471	1	1	1.087
1623	nor	1146191	13.691	29	22	1.083
1624	valiant	39573	0.473	1	1	1.081
1625	below	39611	0.473	1	1	1.08
1626	signifies	79472	0.949	2	2	1.075
1627	plead	39869	0.476	1	1	1.07
1628	terrible	39921	0.477	1	1	1.069
1629	names	120160	1.435	3	3	1.064
1630	ends	80149	0.957	2	2	1.063
1631	confessed	40109	0.479	1	1	1.062
1632	doth	963309	11.506	24	18	1.061
1633	Castle	80430	0.961	2	2	1.058
1634	mouth	161086	1.924	4	4	1.056
1635	runs	40288	0.481	1	1	1.055
1636	Finally	40318	0.482	1	1	1.054
1637	Better	443737	5.3	11	11	1.053
1638	Calls	121932	1.456	3	3	1.043
1639	sick	81507	0.974	2	2	1.039
1640	go	533648	6.374	13	11	1.028
1641	past	123448	1.475	3	2	1.025
1642	persecution	41265	0.493	1	1	1.021
1643	hath	1823449	21.78	44	36	1.014
1644	Colours	41565	0.497	1	1	1.01
1645	Germany	41636	0.497	1	1	1.008
1646	Accept	41690	0.498	1	1	1.006
1647	Unknown	41827	0.5	1	1	1.001
1648	understood	125485	1.499	3	3	1.001
1649	honey	41845	0.5	1	1	1.001
1650	Manners	41947	0.501	1	1	0.997
1651	Gates	42043	0.502	1	1	0.994
1652	fire	294315	3.516	7	6	0.994
1653	rare	42119	0.503	1	1	0.991
1654	betwixt	127079	1.518	3	3	0.983
1655	Countries	84816	1.013	2	2	0.981
1656	cursed	42622	0.509	1	1	0.974
1657	yield	85483	1.021	2	2	0.97
1658	deal	85541	1.022	2	2	0.969
1659	rent	42785	0.511	1	1	0.968
1660	dangerous	85652	1.023	2	2	0.967
1661	an	2497908	29.837	58	42	0.959
1662	frequent	43207	0.516	1	1	0.954
1663	18	129797	1.55	3	3	0.952
1664	built	87141	1.041	2	2	0.942
1665	endeavours	43626	0.521	1	1	0.94
1666	returned	87529	1.046	2	2	0.936
1667	Ergo	43824	0.524	1	1	0.934
1668	humbly	44038	0.526	1	1	0.927
1669	Ibid.	44084	0.527	1	1	0.925
1670	terms	88303	1.055	2	2	0.923
1671	grows	44157	0.527	1	1	0.923
1672	famous	88824	1.061	2	2	0.915
1673	got	88984	1.063	2	2	0.912
1674	gotten	44665	0.534	1	1	0.906
1675	privileges	44698	0.534	1	1	0.905
1676	's	1833403	21.899	41	28	0.905
1677	usual	44893	0.536	1	1	0.899
1678	false	224466	2.681	5	5	0.899
1679	makes	359288	4.292	8	8	0.898
1680	forced	89873	1.074	2	2	0.898
1681	draw	134904	1.611	3	3	0.897
1682	Treatise	45102	0.539	1	1	0.892
1683	Art	315875	3.773	7	6	0.892
1684	abuse	45195	0.54	1	1	0.89
1685	chance	45225	0.54	1	1	0.888
1686	tree	90586	1.082	2	2	0.886
1687	dare	135920	1.624	3	3	0.886
1688	begun	45469	0.543	1	1	0.881
1689	begins	45496	0.543	1	1	0.88
1690	stead	45532	0.544	1	1	0.879
1691	cried	45966	0.549	1	1	0.865
1692	stay	91988	1.099	2	2	0.864
1693	shall	2624249	31.346	57	38	0.863
1694	rage	46100	0.551	1	1	0.861
1695	SURELY	92689	1.107	2	2	0.853
1696	merciful	46370	0.554	1	1	0.852
1697	Thy	1346327	16.081	29	20	0.851
1698	lands	92853	1.109	2	2	0.851
1699	flesh	279311	3.336	6	3	0.847
1700	still	373001	4.455	8	8	0.844
1701	showing	46685	0.558	1	1	0.843
1702	Saint	186918	2.233	4	3	0.841
1703	16.	93810	1.121	2	2	0.836
1704	money	188212	2.248	4	4	0.831
1705	judgements	47124	0.563	1	1	0.829
1706	clear	141407	1.689	3	2	0.829
1707	W.	47212	0.564	1	1	0.826
1708	rightly	47299	0.565	1	1	0.824
1709	Devil	190658	2.277	4	4	0.813
1710	take	907131	10.835	19	10	0.81
1711	beauty	95667	1.143	2	2	0.808
1712	fury	47909	0.572	1	1	0.805
1713	noise	48078	0.574	1	1	0.8
1714	warrant	48147	0.575	1	1	0.798
1715	then	2700348	32.255	56	41	0.796
1716	earnest	48238	0.576	1	1	0.795
1717	violent	48514	0.58	1	1	0.787
1718	portion	48529	0.58	1	1	0.787
1719	Enter	145726	1.741	3	3	0.785
1720	working	48604	0.581	1	1	0.784
1721	burning	48634	0.581	1	1	0.784
1722	fresh	48792	0.583	1	1	0.779
1723	something	97686	1.167	2	2	0.777
1724	noted	48905	0.584	1	1	0.775
1725	London	146866	1.754	3	3	0.774
1726	charged	49036	0.586	1	1	0.772
1727	rather	393402	4.699	8	8	0.768
1728	abundance	49441	0.591	1	1	0.76
1729	hatred	49444	0.591	1	1	0.76
1730	id	49498	0.591	1	1	0.758
1731	forget	49494	0.591	1	1	0.758
1732	alive	49526	0.592	1	1	0.757
1733	taking	148788	1.777	3	3	0.755
1734	senses	49966	0.597	1	1	0.745
1735	servants	149996	1.792	3	3	0.744
1736	Lamb	50063	0.598	1	1	0.742
1737	suffered	100182	1.197	2	2	0.741
1738	goes	100413	1.199	2	2	0.738
1739	journey	50247	0.6	1	1	0.736
1740	Dominion	50446	0.603	1	1	0.731
1741	treasure	50519	0.603	1	1	0.729
1742	putting	50647	0.605	1	1	0.725
1743	posterity	50699	0.606	1	1	0.724
1744	Gold	152169	1.818	3	3	0.723
1745	Catholic	101512	1.213	2	2	0.722
1746	ARM	50968	0.609	1	1	0.716
1747	commit	51155	0.611	1	1	0.711
1748	exercise	102303	1.222	2	2	0.711
1749	prophecy	51210	0.612	1	1	0.709
1750	fellow	51208	0.612	1	1	0.709
1751	Magistrate	51237	0.612	1	1	0.708
1752	commandments	51345	0.613	1	1	0.705
1753	Profess	51407	0.614	1	1	0.704
1754	fill	51476	0.615	1	1	0.702
1755	holiness	103065	1.231	2	2	0.7
1756	known	257669	3.078	5	5	0.7
1757	belonging	51565	0.616	1	1	0.699
1758	bring	310345	3.707	6	6	0.695
1759	sweet	155475	1.857	3	3	0.692
1760	admitted	51831	0.619	1	1	0.692
1761	Kings	363629	4.343	7	5	0.689
1762	peculiar	51984	0.621	1	1	0.688
1763	sign	104160	1.244	2	2	0.685
1764	many	1356675	16.205	26	20	0.682
1765	believing	52233	0.624	1	1	0.681
1766	pen	52272	0.624	1	1	0.679
1767	parties	52516	0.627	1	1	0.673
1768	pride	105444	1.26	2	2	0.667
1769	leave	264688	3.162	5	5	0.661
1770	loving	52941	0.632	1	1	0.661
1771	Sir	371184	4.434	7	7	0.659
1772	suddenly	53066	0.634	1	1	0.658
1773	hundred	212307	2.536	4	3	0.658
1774	instance	53150	0.635	1	1	0.655
1775	secure	53168	0.635	1	1	0.655
1776	13.	106799	1.276	2	2	0.649
1777	City	377406	4.508	7	6	0.635
1778	conversation	53957	0.645	1	1	0.634
1779	drawn	108352	1.294	2	2	0.628
1780	knew	162531	1.941	3	3	0.628
1781	chap	271060	3.238	5	3	0.627
1782	sheweth	54422	0.65	1	1	0.621
1783	night	217853	2.602	4	4	0.62
1784	consequence	54571	0.652	1	1	0.617
1785	brings	54834	0.655	1	1	0.61
1786	prove	220093	2.629	4	3	0.606
1787	meaning	110075	1.315	2	2	0.605
1788	mentioned	110171	1.316	2	2	0.604
1789	humours	55201	0.659	1	1	0.601
1790	Henry	110662	1.322	2	1	0.597
1791	*	55385	0.662	1	1	0.596
1792	once	277740	3.318	5	4	0.592
1793	sold	55694	0.665	1	1	0.588
1794	court	223217	2.666	4	4	0.585
1795	Satan	111662	1.334	2	2	0.584
1796	sometime	55884	0.668	1	1	0.583
1797	upon	2522161	30.126	45	28	0.579
1798	care	224334	2.68	4	3	0.578
1799	forty	56096	0.67	1	1	0.578
1800	breast	56115	0.67	1	1	0.577
1801	Head	338290	4.041	6	5	0.57
1802	mountains	56383	0.674	1	1	0.57
1803	am	509469	6.085	9	8	0.565
1804	feast	56711	0.677	1	1	0.562
1805	satisfy	56748	0.678	1	1	0.561
1806	swear	56939	0.68	1	1	0.556
1807	elect	56959	0.68	1	1	0.556
1808	clearly	57009	0.681	1	1	0.554
1809	Idolatry	57073	0.682	1	1	0.553
1810	Apply	57357	0.685	1	1	0.546
1811	stomach	57673	0.689	1	1	0.538
1812	arms	173309	2.07	3	3	0.535
1813	seeing	231216	2.762	4	4	0.534
1814	fallen	57829	0.691	1	1	0.534
1815	persuade	57909	0.692	1	1	0.532
1816	report	58002	0.693	1	1	0.529
1817	sudden	58065	0.694	1	1	0.528
1818	perish	58343	0.697	1	1	0.521
1819	season	58435	0.698	1	1	0.519
1820	:	8018849	95.782	137	86	0.516
1821	giving	117136	1.399	2	2	0.516
1822	diseases	58776	0.702	1	1	0.51
1823	hart	58913	0.704	1	1	0.507
1824	you	3714542	44.369	63	26	0.506
1825	Devils	59091	0.706	1	1	0.503
1826	proved	118293	1.413	2	2	0.501
1827	old	414305	4.949	7	7	0.5
1828	John	415725	4.966	7	4	0.495
1829	daily	119047	1.422	2	2	0.492
1830	19	119133	1.423	2	1	0.491
1831	feel	59669	0.713	1	1	0.489
1832	'	59808	0.714	1	1	0.485
1833	sake	119831	1.431	2	2	0.483
1834	supper	60000	0.717	1	1	0.481
1835	quiet	60323	0.721	1	1	0.473
1836	21.	60549	0.723	1	1	0.468
1837	Thus	788750	9.421	13	13	0.465
1838	spring	60792	0.726	1	1	0.462
1839	considering	60911	0.728	1	1	0.459
1840	civil	121918	1.456	2	2	0.458
1841	wicked	246712	2.947	4	4	0.441
1842	wild	61696	0.737	1	1	0.44
1843	goods	123513	1.475	2	2	0.439
1844	Priest	123560	1.476	2	2	0.438
1845	Italy	62147	0.742	1	1	0.43
1846	scarce	62192	0.743	1	1	0.429
1847	pretended	62449	0.746	1	1	0.423
1848	prevent	62672	0.749	1	1	0.418
1849	pity	62915	0.752	1	1	0.412
1850	rejoice	63078	0.753	1	1	0.409
1851	north	63334	0.757	1	1	0.403
1852	sooner	63462	0.758	1	1	0.4
1853	3.	318523	3.805	5	4	0.394
1854	is	12301699	146.939	193	93	0.393
1855	tell	255280	3.049	4	4	0.392
1856	comes	255457	3.051	4	4	0.391
1857	whilst	127767	1.526	2	2	0.39
1858	6.	191822	2.291	3	2	0.389
1859	led	64006	0.765	1	1	0.387
1860	estates	64246	0.767	1	1	0.382
1861	west	64326	0.768	1	1	0.38
1862	door	64326	0.768	1	1	0.38
1863	creatures	128964	1.54	2	2	0.377
1864	earth	451529	5.393	7	7	0.376
1865	consequently	64502	0.771	1	1	0.376
1866	live	322774	3.855	5	5	0.375
1867	absolute	64604	0.772	1	1	0.374
1868	truly	193999	2.317	3	3	0.373
1869	constant	64819	0.774	1	1	0.369
1870	too	521045	6.224	8	6	0.362
1871	that	17465266	208.616	268	128	0.361
1872	the	59190422	707.007	907	209	0.359
1873	hours	65642	0.784	1	1	0.351
1874	fit	197019	2.353	3	3	0.35
1875	lying	65748	0.785	1	1	0.349
1876	why	394748	4.715	6	6	0.348
1877	State	329799	3.939	5	5	0.344
1878	Gentleman	66021	0.789	1	1	0.343
1879	ibid	66183	0.791	1	1	0.339
1880	nations	132713	1.585	2	2	0.335
1881	wherein	332751	3.975	5	4	0.331
1882	please	133516	1.595	2	2	0.327
1883	no	2739631	32.724	41	33	0.325
1884	your	2073026	24.762	31	17	0.324
1885	prophet	133904	1.599	2	2	0.322
1886	success	67089	0.801	1	1	0.319
1887	fifth	67116	0.802	1	1	0.319
1888	language	67133	0.802	1	1	0.319
1889	on	1948583	23.275	29	25	0.317
1890	white	134914	1.612	2	2	0.312
1891	private	134915	1.612	2	2	0.312
1892	name	607418	7.255	9	8	0.311
1893	outward	135202	1.615	2	2	0.309
1894	observe	135204	1.615	2	2	0.308
1895	,	97296499	1162.17	1438	281	0.307
1896	)	3126749	37.348	46	34	0.301
1897	.	39047260	466.405	573	157	0.297
1898	Brethren	136332	1.628	2	2	0.297
1899	fair	204535	2.443	3	3	0.296
1900	e	136544	1.631	2	1	0.294
1901	with	6743369	80.547	98	65	0.283
1902	worship	206782	2.47	3	3	0.281
1903	n	69208	0.827	1	1	0.275
1904	Witnesses	69349	0.828	1	1	0.272
1905	hence	139086	1.661	2	2	0.268
1906	strange	139257	1.663	2	2	0.266
1907	Mankind	69641	0.832	1	1	0.266
1908	sons	139530	1.667	2	2	0.263
1909	trees	69792	0.834	1	1	0.263
1910	Ghost	139834	1.67	2	2	0.26
1911	5.	210462	2.514	3	3	0.255
1912	cut	140466	1.678	2	2	0.253
1913	pieces	70256	0.839	1	1	0.253
1914	l	70403	0.841	1	1	0.25
1915	si	141064	1.685	2	1	0.247
1916	saying	211699	2.529	3	3	0.247
1917	of	39170514	467.877	555	187	0.246
1918	stones	70601	0.843	1	1	0.246
1919	Princes	212093	2.533	3	2	0.244
1920	choose	71078	0.849	1	1	0.236
1921	left	284479	3.398	4	2	0.235
1922	Protestants	71207	0.851	1	1	0.234
1923	will	2993503	35.756	42	33	0.232
1924	utterly	71440	0.853	1	1	0.229
1925	Double	72073	0.861	1	1	0.216
1926	courage	72091	0.861	1	1	0.216
1927	moreover	72198	0.862	1	1	0.214
1928	here	866663	10.352	12	11	0.213
1929	knows	144623	1.728	2	1	0.211
1930	where	1086411	12.977	15	12	0.209
1931	20	145215	1.735	2	2	0.205
1932	Priests	145909	1.743	2	2	0.199
1933	behind	73039	0.872	1	1	0.197
1934	F.	73082	0.873	1	1	0.196
1935	be	9896153	118.206	135	76	0.192
1936	my	2492426	29.771	34	23	0.192
1937	foot	146629	1.751	2	2	0.191
1938	kingdoms	73313	0.876	1	1	0.191
1939	afterwards	146805	1.754	2	2	0.19
1940	albeit	73943	0.883	1	1	0.179
1941	red	74028	0.884	1	1	0.178
1942	delivered	148308	1.772	2	2	0.175
1943	set	595126	7.109	8	8	0.17
1944	wilt	74391	0.889	1	1	0.17
1945	up	1119358	13.37	15	8	0.166
1946	quite	74671	0.892	1	1	0.165
1947	writ	74728	0.893	1	1	0.164
1948	universal	74773	0.893	1	1	0.163
1949	get	149760	1.789	2	2	0.161
1950	speak	374513	4.473	5	5	0.161
1951	enough	225014	2.688	3	3	0.159
1952	needs	150472	1.797	2	2	0.154
1953	most	1280269	15.292	17	16	0.153
1954	agree	75479	0.902	1	1	0.149
1955	quality	75538	0.902	1	1	0.148
1956	7.	151741	1.813	2	2	0.142
1957	seen	227877	2.722	3	3	0.14
1958	Master	228418	2.728	3	3	0.137
1959	Doctrine	304623	3.639	4	4	0.137
1960	Figure	76261	0.911	1	1	0.135
1961	can	1982819	23.684	26	21	0.135
1962	I	6187300	73.905	81	41	0.132
1963	A.	153020	1.828	2	1	0.13
1964	cast	229673	2.743	3	3	0.129
1965	practise	76565	0.915	1	1	0.129
1966	Popes	76677	0.916	1	1	0.127
1967	ignorance	77023	0.92	1	1	0.12
1968	first	1465032	17.499	19	11	0.119
1969	plain	154580	1.846	2	2	0.115
1970	misery	77670	0.928	1	1	0.108
1971	justly	77751	0.929	1	1	0.107
1972	prepared	77762	0.929	1	1	0.107
1973	Visible	77964	0.931	1	1	0.103
1974	credit	77984	0.932	1	1	0.102
1975	gain	78199	0.934	1	1	0.098
1976	had	2740575	32.735	35	33	0.097
1977	church	1175787	14.044	15	11	0.095
1978	already	157133	1.877	2	2	0.092
1979	proof	78647	0.939	1	1	0.09
1980	cruel	78662	0.94	1	1	0.09
1981	(	3147389	37.594	40	33	0.089
1982	or	6140246	73.343	78	52	0.089
1983	company	157530	1.882	2	2	0.088
1984	Three	474878	5.672	6	5	0.081
1985	Nay	158341	1.891	2	1	0.081
1986	dry	79186	0.946	1	1	0.08
1987	followed	79683	0.952	1	1	0.071
1988	Now	1519152	18.146	19	13	0.066
1989	wars	79970	0.955	1	1	0.066
1990	Pope	240165	2.869	3	3	0.065
1991	intended	80059	0.956	1	1	0.064
1992	Taken	481305	5.749	6	5	0.062
1993	virtue	240899	2.877	3	3	0.06
1994	wise	241600	2.886	3	3	0.056
1995	commandment	80662	0.964	1	1	0.054
1996	back	161359	1.927	2	2	0.053
1997	lives	161569	1.93	2	2	0.051
1998	souls	242572	2.897	3	2	0.05
1999	third	242706	2.899	3	3	0.049
2000	took	243304	2.906	3	3	0.046
2001	profession	81244	0.97	1	1	0.043
2002	lastly	81334	0.972	1	1	0.042
2003	entered	81333	0.972	1	1	0.042
2004	endeavour	81395	0.972	1	1	0.041
2005	Knight	81427	0.973	1	1	0.04
2006	for	9369441	111.914	115	82	0.039
2007	added	81800	0.977	1	1	0.033
2008	seek	163878	1.958	2	1	0.031
2009	told	164509	1.965	2	2	0.025
2010	small	246878	2.949	3	3	0.025
2011	Pet	82435	0.985	1	1	0.022
2012	different	82962	0.991	1	1	0.013
2013	un	83123	0.993	1	1	0.01
2014	Romans	83232	0.994	1	1	0.008
2015	altogether	83475	0.997	1	1	0.004
2016	acknowledge	83501	0.997	1	1	0.004
2017	each	252025	3.01	3	3	-0.005
2018	and	37698224	450.291	447	177	-0.011
2019	virtues	84914	1.014	1	1	-0.02
2020	look	255208	3.048	3	3	-0.023
2021	stands	85073	1.016	1	1	-0.023
2022	Another	682313	8.15	8	8	-0.027
2023	&	2737777	32.702	32	24	-0.031
2024	inward	85678	1.023	1	1	-0.033
2025	destroy	86113	1.029	1	1	-0.041
2026	haste	258415	3.087	3	3	-0.041
2027	enjoy	86143	1.029	1	1	-0.041
2028	&#x101;	258515	3.088	3	3	-0.042
2029	never	778679	9.301	9	9	-0.047
2030	me	1731164	20.678	20	15	-0.048
2031	though	1040761	12.432	12	9	-0.051
2032	even	607522	7.257	7	7	-0.052
2033	form	173701	2.075	2	2	-0.053
2034	named	86879	1.038	1	1	-0.053
2035	former	261116	3.119	3	2	-0.056
2036	show	349122	4.17	4	4	-0.06
2037	this	6548918	78.224	75	45	-0.061
2038	See	961542	11.485	11	8	-0.062
2039	passion	88077	1.052	1	1	-0.073
2040	English	176398	2.107	2	2	-0.075
2041	30	88541	1.058	1	1	-0.081
2042	return	177443	2.12	2	2	-0.084
2043	out	1686345	20.143	19	13	-0.084
2044	Captain	88772	1.06	1	1	-0.084
2045	notice	88877	1.062	1	1	-0.086
2046	because	1157094	13.821	13	11	-0.088
2047	If	3293480	39.339	37	29	-0.088
2048	who	2315377	27.656	26	20	-0.089
2049	what	2320680	27.72	26	18	-0.092
2050	so	5366625	64.102	60	38	-0.095
2051	therein	178975	2.138	2	2	-0.096
2052	defence	89679	1.071	1	1	-0.099
2053	number	269531	3.219	3	3	-0.102
2054	chief	180904	2.161	2	1	-0.112
2055	Empire	90491	1.081	1	1	-0.112
2056	sayeth	633645	7.569	7	6	-0.113
2057	Thirdly	90751	1.084	1	1	-0.116
2058	not	8929558	106.66	98	60	-0.122
2059	easy	91240	1.09	1	1	-0.124
2060	Papists	91413	1.092	1	1	-0.127
2061	nothing	640275	7.648	7	7	-0.128
2062	guilty	91473	1.093	1	1	-0.128
2063	by	7416468	88.587	81	46	-0.129
2064	judges	91633	1.095	1	1	-0.13
2065	Honourable	91740	1.096	1	1	-0.132
2066	laid	184949	2.209	2	2	-0.143
2067	there	2595192	30.999	28	22	-0.147
2068	learning	92794	1.108	1	1	-0.148
2069	want	185706	2.218	2	2	-0.149
2070	understand	185715	2.218	2	2	-0.149
2071	used	278736	3.329	3	3	-0.15
2072	pleasure	186565	2.228	2	2	-0.156
2073	sentence	93324	1.115	1	1	-0.157
2074	t	186780	2.231	2	2	-0.158
2075	at	3182175	38.01	34	27	-0.161
2076	ask	93732	1.12	1	1	-0.163
2077	greater	281340	3.361	3	3	-0.164
2078	marriage	94195	1.125	1	1	-0.17
2079	Second	377815	4.513	4	4	-0.174
2080	history	94546	1.129	1	1	-0.175
2081	might	949632	11.343	10	8	-0.182
2082	till	379902	4.538	4	4	-0.182
2083	object	94992	1.135	1	1	-0.182
2084	affection	95087	1.136	1	1	-0.184
2085	3	571164	6.822	6	6	-0.185
2086	bad	95210	1.137	1	1	-0.185
2087	per	190947	2.281	2	1	-0.19
2088	15.	95551	1.141	1	1	-0.191
2089	delight	95852	1.145	1	1	-0.195
2090	I.	191916	2.292	2	2	-0.197
2091	are	5017099	59.927	52	38	-0.205
2092	yet	1835928	21.93	19	16	-0.207
2093	M.	193517	2.312	2	1	-0.209
2094	children	387096	4.624	4	4	-0.209
2095	leaves	96805	1.156	1	1	-0.21
2096	begin	97196	1.161	1	1	-0.215
2097	degrees	97256	1.162	1	1	-0.216
2098	battle	97585	1.166	1	1	-0.221
2099	making	195439	2.334	2	2	-0.223
2100	12	195478	2.335	2	2	-0.223
2101	commonly	97748	1.168	1	1	-0.224
2102	infinite	97821	1.168	1	1	-0.225
2103	after	1272516	15.2	13	12	-0.226
2104	everlasting	98162	1.173	1	1	-0.23
2105	withal	98276	1.174	1	1	-0.231
2106	times	394191	4.709	4	4	-0.235
2107	worth	99043	1.183	1	1	-0.242
2108	soon	198528	2.371	2	2	-0.246
2109	Beasts	99530	1.189	1	1	-0.25
2110	loss	99713	1.191	1	1	-0.252
2111	&#x14d;	499329	5.964	5	5	-0.254
2112	perhaps	99958	1.194	1	1	-0.256
2113	saved	100429	1.2	1	1	-0.263
2114	do	2417629	28.878	24	21	-0.267
2115	Thomas	100867	1.205	1	1	-0.269
2116	but	6983890	83.42	69	42	-0.274
2117	6	304045	3.632	3	3	-0.276
2118	;	9536348	113.908	94	63	-0.277
2119	says	304429	3.636	3	3	-0.278
2120	proceed	101566	1.213	1	1	-0.279
2121	content	101607	1.214	1	1	-0.279
2122	express	101655	1.214	1	1	-0.28
2123	desire	306364	3.659	3	3	-0.287
2124	la	204980	2.448	2	2	-0.292
2125	must	1333555	15.929	13	12	-0.293
2126	therefore	1231317	14.708	12	7	-0.294
2127	testimony	102732	1.227	1	1	-0.295
2128	slain	102937	1.23	1	1	-0.298
2129	was	5179337	61.865	50	39	-0.307
2130	man	1972758	23.564	19	17	-0.311
2131	thousand	207672	2.481	2	2	-0.311
2132	suppose	104105	1.244	1	1	-0.314
2133	learn	104113	1.244	1	1	-0.315
2134	poor	313465	3.744	3	3	-0.32
2135	again	627628	7.497	6	6	-0.321
2136	born	104623	1.25	1	1	-0.322
2137	humane	105132	1.256	1	1	-0.329
2138	custom	105184	1.256	1	1	-0.329
2139	divers	210634	2.516	2	2	-0.331
2140	calling	105619	1.262	1	1	-0.335
2141	follow	211834	2.53	2	2	-0.339
2142	his	9217642	110.101	87	57	-0.34
2143	come	1165618	13.923	11	9	-0.34
2144	22	105972	1.266	1	1	-0.34
2145	pay	106691	1.274	1	1	-0.35
2146	down	533657	6.374	5	5	-0.35
2147	add	106899	1.277	1	1	-0.353
2148	Fathers	213875	2.555	2	2	-0.353
2149	between	321208	3.837	3	3	-0.355
2150	pure	107081	1.279	1	1	-0.355
2151	break	107397	1.283	1	1	-0.359
2152	mighty	107406	1.283	1	1	-0.359
2153	Let	968524	11.569	9	9	-0.362
2154	manifest	107661	1.286	1	1	-0.363
2155	sound	107925	1.289	1	1	-0.366
2156	likewise	215998	2.58	2	2	-0.367
2157	Jerusalem	108264	1.293	1	1	-0.371
2158	give	758276	9.057	7	7	-0.372
2159	would	1733888	20.711	16	14	-0.372
2160	Error	108610	1.297	1	1	-0.376
2161	opinion	217543	2.599	2	2	-0.378
2162	sure	217623	2.599	2	2	-0.378
2163	he	9215356	110.074	84	58	-0.39
2164	should	1871070	22.349	17	15	-0.395
2165	either	552589	6.601	5	5	-0.401
2166	le	110821	1.324	1	1	-0.405
2167	plainly	111081	1.327	1	1	-0.408
2168	together	444738	5.312	4	4	-0.409
2169	against	1339213	15.996	12	9	-0.415
2170	Prophets	111696	1.334	1	1	-0.416
2171	new	447014	5.339	4	4	-0.417
2172	equal	111972	1.338	1	1	-0.42
2173	R.	112114	1.339	1	1	-0.421
2174	creature	112250	1.341	1	1	-0.423
2175	meant	112513	1.344	1	1	-0.426
2176	heard	225126	2.689	2	2	-0.427
2177	last	450430	5.38	4	4	-0.428
2178	5	338721	4.046	3	2	-0.431
2179	caused	113016	1.35	1	1	-0.433
2180	as	9292085	110.991	82	58	-0.437
2181	fourth	113523	1.356	1	1	-0.439
2182	wrath	113648	1.358	1	1	-0.441
2183	to	27864128	332.827	244	124	-0.448
2184	long	571124	6.822	5	5	-0.448
2185	houses	114523	1.368	1	1	-0.452
2186	respect	229329	2.739	2	2	-0.454
2187	committed	115180	1.376	1	1	-0.46
2188	their	5435041	64.92	47	37	-0.466
2189	which	6940930	82.907	60	40	-0.467
2190	River	115702	1.382	1	1	-0.467
2191	11.	115752	1.383	1	1	-0.467
2192	under	696455	8.319	6	6	-0.471
2193	members	116122	1.387	1	1	-0.472
2194	near	232787	2.781	2	2	-0.475
2195	did	1515759	18.105	13	12	-0.478
2196	tongue	116704	1.394	1	1	-0.479
2197	parts	350458	4.186	3	3	-0.481
2198	unto	1880305	22.46	16	14	-0.489
2199	being	1764433	21.076	15	13	-0.491
2200	stand	235721	2.816	2	2	-0.493
2201	Gen.	118079	1.41	1	1	-0.496
2202	Follows	118360	1.414	1	1	-0.5
2203	repentance	118567	1.416	1	1	-0.502
2204	Water	355806	4.25	3	3	-0.503
2205	only	1544540	18.449	13	12	-0.505
2206	such	2262212	27.021	19	19	-0.508
2207	2.	358494	4.282	3	2	-0.513
2208	Cold	119553	1.428	1	1	-0.514
2209	spiritual	239256	2.858	2	2	-0.515
2210	presently	119716	1.43	1	1	-0.516
2211	E.	119746	1.43	1	1	-0.516
2212	Love	838220	10.012	7	7	-0.516
2213	send	120341	1.437	1	1	-0.523
2214	believe	363239	4.339	3	3	-0.532
2215	right	484646	5.789	4	4	-0.533
2216	Well	1096551	13.098	9	8	-0.541
2217	mean	244094	2.916	2	2	-0.544
2218	substance	122160	1.459	1	1	-0.545
2219	takes	123079	1.47	1	1	-0.556
2220	when	2343068	27.987	19	19	-0.559
2221	except	124877	1.492	1	1	-0.577
2222	made	1503973	17.964	12	11	-0.582
2223	him	4270811	51.013	34	26	-0.585
2224	more	2262327	27.023	18	17	-0.586
2225	Servant	127075	1.518	1	1	-0.602
2226	carried	127788	1.526	1	1	-0.61
2227	confess	127821	1.527	1	1	-0.611
2228	difference	128593	1.536	1	1	-0.619
2229	they	6960305	83.138	54	40	-0.623
2230	Pleased	129448	1.546	1	1	-0.629
2231	grant	129668	1.549	1	1	-0.631
2232	sacrifice	130353	1.557	1	1	-0.639
2233	ever	652700	7.796	5	5	-0.641
2234	seed	130549	1.559	1	1	-0.641
2235	prayers	131302	1.568	1	1	-0.649
2236	brought	394377	4.711	3	3	-0.651
2237	1	1451762	17.341	11	6	-0.657
2238	every	1057014	12.626	8	8	-0.658
2239	happy	132157	1.579	1	1	-0.659
2240	laws	264682	3.162	2	1	-0.661
2241	About	661900	7.906	5	5	-0.661
2242	went	264770	3.163	2	1	-0.661
2243	meet	132574	1.584	1	1	-0.663
2244	light	399350	4.77	3	3	-0.669
2245	world	932868	11.143	7	6	-0.671
2246	S.	403850	4.824	3	3	-0.685
2247	place	808630	9.659	6	6	-0.687
2248	able	271961	3.249	2	2	-0.7
2249	soldiers	136167	1.627	1	1	-0.702
2250	say	1089806	13.017	8	7	-0.702
2251	hear	273421	3.266	2	2	-0.707
2252	argument	136912	1.635	1	1	-0.71
2253	How	1244740	14.868	9	9	-0.724
2254	holy	701649	8.381	5	5	-0.745
2255	High	281250	3.359	2	1	-0.748
2256	thine	141265	1.687	1	1	-0.755
2257	praise	141937	1.695	1	1	-0.762
2258	Angels	142073	1.697	1	1	-0.763
2259	found	426408	5.093	3	3	-0.764
2260	appears	142173	1.698	1	1	-0.764
2261	blood	426566	5.095	3	2	-0.764
2262	rich	142318	1.7	1	1	-0.765
2263	actions	142378	1.701	1	1	-0.766
2264	matter	427808	5.11	3	3	-0.768
2265	following	142882	1.707	1	1	-0.771
2266	showed	142959	1.708	1	1	-0.772
2267	eyes	285959	3.416	2	2	-0.772
2268	]	429805	5.134	3	3	-0.775
2269	d	143450	1.714	1	1	-0.777
2270	into	1727535	20.635	12	12	-0.782
2271	Air	144042	1.721	1	1	-0.783
2272	day	864384	10.325	6	5	-0.783
2273	home	144093	1.721	1	1	-0.783
2274	4	434750	5.193	3	3	-0.792
2275	whether	435425	5.201	3	3	-0.794
2276	Sin	729699	8.716	5	5	-0.802
2277	in	20011385	239.029	137	77	-0.803
2278	cause	585252	6.991	4	4	-0.805
2279	hope	292642	3.496	2	2	-0.805
2280	have	4691254	56.035	32	28	-0.808
2281	noble	146938	1.755	1	1	-0.812
2282	know	736780	8.801	5	5	-0.816
2283	commanded	147447	1.761	1	1	-0.817
2284	nation	148522	1.774	1	1	-0.827
2285	eye	149187	1.782	1	1	-0.833
2286	one	2538275	30.319	17	16	-0.835
2287	&c.	299097	3.573	2	2	-0.837
2288	Book	299396	3.576	2	2	-0.838
2289	whence	149816	1.79	1	1	-0.84
2290	true	751380	8.975	5	5	-0.844
2291	while	300747	3.592	2	2	-0.845
2292	necessity	150548	1.798	1	1	-0.847
2293	indeed	301803	3.605	2	2	-0.85
2294	said	1514302	18.088	10	9	-0.855
2295	several	304872	3.642	2	2	-0.865
2296	himself	1068396	12.762	7	7	-0.866
2297	speaks	153099	1.829	1	1	-0.871
2298	danger	153644	1.835	1	1	-0.876
2299	unless	154621	1.847	1	1	-0.885
2300	country	310285	3.706	2	2	-0.89
2301	excellent	155285	1.855	1	1	-0.891
2302	bread	156950	1.875	1	1	-0.907
2303	hand	471988	5.638	3	3	-0.91
2304	office	157520	1.882	1	1	-0.912
2305	works	315242	3.765	2	2	-0.913
2306	find	472931	5.649	3	3	-0.913
2307	self	948089	11.325	6	5	-0.916
2308	thoughts	158076	1.888	1	1	-0.917
2309	France	158078	1.888	1	1	-0.917
2310	Christs	158654	1.895	1	1	-0.922
2311	until	158797	1.897	1	1	-0.924
2312	faithful	159195	1.902	1	1	-0.927
2313	all	5908829	70.579	37	30	-0.932
2314	&c	479189	5.724	3	3	-0.932
2315	yea	321813	3.844	2	2	-0.943
2316	words	643917	7.691	4	3	-0.943
2317	Act	322490	3.852	2	2	-0.946
2318	off	323311	3.862	2	2	-0.949
2319	2	973176	11.624	6	6	-0.954
2320	proper	163180	1.949	1	1	-0.963
2321	se	163405	1.952	1	1	-0.965
2322	given	491070	5.866	3	3	-0.967
2323	hands	327530	3.912	2	2	-0.968
2324	Ye	825703	9.863	5	5	-0.98
2325	living	166437	1.988	1	1	-0.991
2326	seem	166761	1.992	1	1	-0.994
2327	men	1835942	21.93	11	11	-0.995
2328	question	167153	1.997	1	1	-0.998
2329	away	504942	6.031	3	3	-1.008
2330	were	2871299	34.297	17	17	-1.013
2331	bodies	169090	2.02	1	1	-1.014
2332	example	169196	2.021	1	1	-1.015
2333	hard	169293	2.022	1	1	-1.016
2334	perfect	170422	2.036	1	1	-1.025
2335	Ministers	171247	2.046	1	1	-1.032
2336	full	343239	4.1	2	2	-1.036
2337	grace	516661	6.171	3	2	-1.041
2338	thereby	172833	2.064	1	1	-1.046
2339	them	4855982	58.003	28	23	-1.051
2340	sight	174034	2.079	1	1	-1.056
2341	Queen	174640	2.086	1	1	-1.061
2342	command	177468	2.12	1	1	-1.084
2343	ill	177562	2.121	1	1	-1.085
2344	body	712249	8.508	4	4	-1.089
2345	from	3924250	46.874	22	19	-1.091
2346	charge	178431	2.131	1	1	-1.092
2347	joy	178769	2.135	1	1	-1.094
2348	think	539870	6.449	3	3	-1.104
2349	th	180132	2.152	1	1	-1.105
2350	sins	361871	4.322	2	2	-1.112
2351	half	181109	2.163	1	1	-1.113
2352	without	1089706	13.016	6	6	-1.117
2353	mine	181777	2.171	1	1	-1.119
2354	thee	728077	8.697	4	3	-1.12
2355	beginning	182083	2.175	1	1	-1.121
2356	promise	182124	2.175	1	1	-1.121
2357	strong	182777	2.183	1	1	-1.126
2358	father	550491	6.575	3	3	-1.132
2359	Wherefore	183911	2.197	1	1	-1.135
2360	some	1845849	22.048	10	10	-1.141
2361	began	184715	2.206	1	1	-1.142
2362	Town	184940	2.209	1	1	-1.143
2363	two	926661	11.069	5	5	-1.146
2364	Duke	187759	2.243	1	1	-1.165
2365	any	2444028	29.193	13	10	-1.167
2366	way	756236	9.033	4	4	-1.175
2367	among	379416	4.532	2	2	-1.18
2368	life	948809	11.333	5	5	-1.181
2369	may	2661871	31.795	14	13	-1.183
2370	alone	190842	2.28	1	1	-1.189
2371	learned	191725	2.29	1	1	-1.195
2372	persons	384539	4.593	2	2	-1.199
2373	kingdom	388117	4.636	2	2	-1.213
2374	ways	194504	2.323	1	1	-1.216
2375	Saints	194939	2.329	1	1	-1.219
2376	strength	196140	2.343	1	1	-1.228
2377	bear	196568	2.348	1	1	-1.231
2378	quod	196567	2.348	1	1	-1.231
2379	sort	197789	2.363	1	1	-1.24
2380	rest	396125	4.732	2	2	-1.242
2381	These	1985969	23.722	10	10	-1.246
2382	means	397591	4.749	2	2	-1.248
2383	serve	198842	2.375	1	1	-1.248
2384	few	199429	2.382	1	1	-1.252
2385	et	199777	2.386	1	1	-1.255
2386	done	601055	7.179	3	3	-1.259
2387	could	808277	9.655	4	4	-1.271
2388	put	607656	7.258	3	3	-1.275
2389	force	202958	2.424	1	1	-1.278
2390	coming	203089	2.426	1	1	-1.278
2391	religion	406309	4.853	2	2	-1.279
2392	forth	410791	4.907	2	2	-1.295
2393	Since	412107	4.923	2	1	-1.299
2394	much	1448309	17.3	7	6	-1.305
2395	rule	207621	2.48	1	1	-1.31
2396	9	208082	2.486	1	1	-1.314
2397	those	1667771	19.921	8	7	-1.316
2398	appear	209107	2.498	1	1	-1.321
2399	own	1256418	15.007	6	6	-1.323
2400	Emperor	209536	2.503	1	1	-1.324
2401	years	427133	5.102	2	2	-1.351
2402	innon-Latinalphabet	427513	5.107	2	2	-1.352
2403	Apostle	213865	2.555	1	1	-1.353
2404	Public	215912	2.579	1	1	-1.367
2405	we	4105074	49.034	19	14	-1.368
2406	P.	440626	5.263	2	1	-1.396
2407	especially	220705	2.636	1	1	-1.398
2408	people	885047	10.572	4	3	-1.402
2409	reason	664880	7.942	3	3	-1.404
2410	others	665440	7.948	3	3	-1.406
2411	Psal.	222362	2.656	1	1	-1.409
2412	does	222564	2.658	1	1	-1.411
2413	blessed	226222	2.702	1	1	-1.434
2414	Wisdom	228022	2.724	1	1	-1.446
2415	often	229358	2.74	1	1	-1.454
2416	besides	231481	2.765	1	1	-1.467
2417	&#x16b;	232932	2.782	1	1	-1.476
2418	10	233570	2.79	1	1	-1.48
2419	Sea	233892	2.794	1	1	-1.482
2420	pass	235903	2.818	1	1	-1.495
2421	death	707920	8.456	3	3	-1.495
2422	before	1422340	16.989	6	5	-1.502
2423	ground	237796	2.84	1	1	-1.506
2424	conscience	238823	2.853	1	1	-1.512
2425	hearts	239757	2.864	1	1	-1.518
2426	purpose	240680	2.875	1	1	-1.523
2427	Justice	242072	2.892	1	1	-1.532
2428	Pray	242183	2.893	1	1	-1.532
2429	further	242781	2.9	1	1	-1.536
2430	hold	243646	2.91	1	1	-1.541
2431	both	976138	11.66	4	4	-1.543
2432	BISHOP	244304	2.918	1	1	-1.545
2433	God	4174430	49.862	17	16	-1.552
2434	&#x113;	491365	5.869	2	2	-1.553
2435	necessary	250405	2.991	1	1	-1.581
2436	word	751485	8.976	3	3	-1.581
2437	7	251211	3.001	1	1	-1.585
2438	four	252980	3.022	1	1	-1.595
2439	Faith	762492	9.108	3	3	-1.602
2440	receive	254239	3.037	1	1	-1.603
2441	Verse	254782	3.043	1	1	-1.606
2442	our	3333885	39.822	13	10	-1.615
2443	dead	259219	3.096	1	1	-1.631
2444	truth	521766	6.232	2	2	-1.64
2445	Judge	262867	3.14	1	1	-1.651
2446	concerning	262903	3.14	1	1	-1.651
2447	good	1608969	19.219	6	5	-1.679
2448	[	280684	3.353	1	1	-1.745
2449	it	11231693	134.158	40	37	-1.746
2450	just	281045	3.357	1	1	-1.747
2451	knowledge	282458	3.374	1	1	-1.754
2452	die	284558	3.399	1	1	-1.765
2453	end	571167	6.822	2	2	-1.77
2454	sense	285637	3.412	1	1	-1.771
2455	also	1433690	17.125	5	5	-1.776
2456	gave	290757	3.473	1	1	-1.796
2457	Gospel	291769	3.485	1	1	-1.801
2458	very	1174247	14.026	4	4	-1.81
2459	thing	892670	10.663	3	3	-1.83
2460	authority	299886	3.582	1	1	-1.841
2461	use	603174	7.205	2	2	-1.849
2462	Christian	303553	3.626	1	1	-1.858
2463	nature	607747	7.259	2	2	-1.86
2464	Prince	306162	3.657	1	1	-1.871
2465	land	307074	3.668	1	1	-1.875
2466	l.	308378	3.684	1	1	-1.881
2467	England	309285	3.694	1	1	-1.885
2468	Christ	1858951	22.205	6	4	-1.888
2469	kind	310094	3.704	1	1	-1.889
2470	us	2216337	26.473	7	6	-1.919
2471	least	319491	3.816	1	1	-1.932
2472	has	321926	3.845	1	1	-1.943
2473	Scripture	324647	3.878	1	1	-1.955
2474	order	331304	3.957	1	1	-1.985
2475	general	331599	3.961	1	1	-1.986
2476	Ad	336628	4.021	1	1	-2.008
2477	sent	348162	4.159	1	1	-2.056
2478	other	2103223	25.122	6	6	-2.066
2479	year	352165	4.207	1	1	-2.073
2480	thought	352735	4.213	1	1	-2.075
2481	within	355110	4.242	1	1	-2.085
2482	law	712338	8.509	2	2	-2.089
2483	above	357391	4.269	1	1	-2.094
2484	evil	357919	4.275	1	1	-2.096
2485	days	393520	4.7	1	1	-2.233
2486	de	804522	9.61	2	1	-2.264
2487	fear	406154	4.851	1	1	-2.278
2488	ought	406522	4.856	1	1	-2.28
2489	mind	407887	4.872	1	1	-2.285
2490	Part	827721	9.887	2	2	-2.306
2491	work	425644	5.084	1	1	-2.346
2492	King	1308410	15.629	3	3	-2.381
2493	things	1357990	16.221	3	3	-2.435
2494	time	1426900	17.044	3	3	-2.506
2495	came	478712	5.718	1	1	-2.516
2496	Lord	1459090	17.428	3	3	-2.538
2497	according	502781	6.006	1	1	-2.586
2498	heaven	503504	6.014	1	1	-2.588
2499	whole	534092	6.38	1	1	-2.673
2500	over	545201	6.512	1	1	-2.703
2501	been	1095200	13.082	2	2	-2.709
2502	heart	559805	6.687	1	1	-2.741
2503	little	624322	7.457	1	1	-2.899
2504	same	1256120	15.004	2	2	-2.907
2505	Gods	640962	7.656	1	1	-2.937
2506	spirit	654859	7.822	1	1	-2.968
2507	themselves	761621	9.097	1	1	-3.185
2508	power	776557	9.276	1	1	-3.213
2509	than	940786	11.237	1	1	-3.49
2510	Tinhead	3	0	1	1	n/a
2511	Turnebole-streete	1	0	1	1	n/a
2512	Cowfeild	3	0	1	1	n/a
2513	Schoenicole	1	0	1	1	n/a
2514	Babylon-Rome	2	0	1	1	n/a
2515	descripti-	3	0	1	1	n/a
2516	him-sefe	3	0	1	1	n/a
2517	brkerage	1	0	1	1	n/a
2518	stickering	4	0	1	1	n/a
2519	Keuyll	2	0	1	1	n/a
2520	Beasbearer	1	0	1	1	n/a
2521	subberbian	1	0	1	1	n/a
2522	brazen-fac'et	1	0	1	1	n/a
2523	Mutford.	1	0	1	1	n/a
2524	Daphitas	4	0	2	2	n/a
2525	pareuan	1	0	1	1	n/a
2526	th'Israelitish	1	0	1	1	n/a
2527	most.	2	0	1	1	n/a
2528	Vowe.	1	0	1	1	n/a
2529	CVrtean	1	0	1	1	n/a
2530	avute	1	0	1	1	n/a
2531	whore-Nunnes	1	0	1	1	n/a
2532	Heauens-Queene	1	0	1	1	n/a
2533	pleasd'	4	0	1	1	n/a
2534	adultrat	1	0	1	1	n/a
2535	Nabuchadnezzar.	4	0	1	1	n/a
2536	Phisick-doctor	1	0	1	1	n/a
2537	sucke-blood	1	0	1	1	n/a
2538	floars	3	0	1	1	n/a
2539	nell'olio	1	0	1	1	n/a
2540	Scarletcoloured	3	0	1	1	n/a
2541	heedd	1	0	1	1	n/a
2542	bewty	2	0	1	1	n/a
2543	prophetiz	2	0	1	1	n/a
2544	three-chin	2	0	1	1	n/a
2545	Kepthe	3	0	1	1	n/a
2546	NAnta	4	0	1	1	n/a
2547	Apoalop.	1	0	1	1	n/a
2548	sanguin-coloured	1	0	1	1	n/a
2549	whit-lyuerd	1	0	1	1	n/a
2550	begdt	1	0	1	1	n/a
2551	to'you	1	0	1	1	n/a
2552	Auentius	3	0	1	1	n/a
2553	Conny-catcht	4	0	1	1	n/a
2554	volpeggiando	2	0	1	1	n/a
2555	osseruauan	1	0	1	1	n/a
2556	Shalborne	3	0	1	1	n/a
2557	bucke-headed	1	0	1	1	n/a
2558	leawdeof	1	0	1	1	n/a
2559	Rev-17.4.	1	0	1	1	n/a
2560	Vsher-like	2	0	1	1	n/a
2561	otkens.	1	0	1	1	n/a
2562	hithershe	1	0	1	1	n/a
2563	douean	1	0	1	1	n/a
2564	SVRLY	1	0	1	1	n/a
2565	siftieth	3	0	1	1	n/a
2566	Zilid	1	0	1	1	n/a
2567	ill-dors	1	0	1	1	n/a
2568	lenocinating	1	0	1	1	n/a
2569	Yeatton	1	0	1	1	n/a
2570	pocche	2	0	1	1	n/a
2571	Ferrests	1	0	1	1	n/a
2572	Keynell	4	0	1	1	n/a
2573	For'his	2	0	1	1	n/a
2574	Menandros	2	0	1	1	n/a
2575	golden-purple	1	0	1	1	n/a
2576	17.3.6.	1	0	1	1	n/a
2577	publike-professed	1	0	1	1	n/a
2578	wanton-touch	1	0	1	1	n/a
2579	pisse'hem	1	0	1	1	n/a
2580	th'osteria	1	0	1	1	n/a
2581	Libiduis	3	0	1	1	n/a
2582	Gnisippus	1	0	1	1	n/a
2583	baggadg	3	0	1	1	n/a
2584	flesh-seller	1	0	1	1	n/a
2585	ckold	1	0	1	1	n/a
2586	Cockatrize	1	0	1	1	n/a
2587	merchancts	1	0	1	1	n/a
