https://cqpweb.lancs.ac.uk/eebov3/concordance.php?pp=1&theData=%7Bwhore%2FN%7D&qmode=sq_nocase&del=begin%26t%3D-%7Cyear%7E1612%26t%3D-%7Cyear%7E1613%26t%3D-%7Cyear%7E1614%26t%3D-%7Cyear%7E1615%26t%3D-%7Cyear%7E1616%26t%3D-%7Cyear%7E1617%26t%3D-%7Cyear%7E1618%26t%3D-%7Cyear%7E1619%26t%3D-%7Cyear%7E1620%26t%3D-%7Cyear%7E1621&del=end&uT=yThere are 2,638 different words in your collocation database for "[lemma="(whore)_SUBST"%c]". (Your query "{whore/N}", restricted to texts meeting criteria "<em>year</em>: <em>1612</em> or <em>1613</em> or <em>1614</em> or <em>1615</em> or <em>1616</em> or <em>1617</em> or <em>1618</em> or <em>1619</em> or <em>1620</em> or <em>1621</em>",  returned 1,465 matches in 327 different texts)  
__________________

No.	Word	Total no. in whole corpus	Expected collocate frequency	Observed collocate frequency	In no. of texts	Mutual information value

1	outfacings	6	0	1	1	13.288
2	conuengano	7	0	1	1	13.288
3	Bewailling	5	0	1	1	13.288
4	mercabilis	5	0	1	1	13.288
5	insatiatly	7	0	1	1	13.288
6	Pict-hatch	6	0	1	1	13.288
7	WEL-TRI	12	0	1	1	13.288
8	prple	8	0	1	1	13.288
9	d'otto	7	0	1	1	13.288
10	Seuington	5	0	1	1	13.288
11	uermore	12	0	1	1	13.288
12	Southweeke	12	0	1	1	13.288
13	whorekeepers	8	0	1	1	13.288
14	bowling-alleys	10	0	1	1	13.288
15	fizes	15	0	2	1	13.288
16	17.5.6	8	0	1	1	13.288
17	purchs	7	0	1	1	13.288
18	Z'oones	9	0	1	1	13.288
19	Solamons	6	0	1	1	13.288
20	Fructifier	9	0	1	1	13.288
21	Well-tri	5	0	1	1	13.288
22	hostolano	5	0	1	1	13.288
23	fulnsse	11	0	1	1	13.288
24	She'le	9	0	1	1	13.288
25	acccursed	5	0	1	1	13.288
26	cosned	6	0	1	1	13.288
27	himhimselfe	18	0	2	2	13.288
28	Hyene	12	0	1	1	13.288
29	Rauran	5	0	1	1	13.288
30	infiora	5	0	1	1	13.288
31	Titcombe	5	0	1	1	13.288
32	frigge	5	0	1	1	13.288
33	baster	11	0	1	1	13.288
34	Tibornes	6	0	1	1	13.288
35	garden-pot	7	0	1	1	13.288
36	Oleasters	9	0	1	1	13.288
37	free-bred	8	0	1	1	13.288
38	17.4.5	11	0	1	1	13.288
39	vuoto	6	0	1	1	13.288
40	Prisse	6	0	1	1	13.288
41	drippingpan	7	0	1	1	13.288
42	releiues	10	0	1	1	13.288
43	nethermore	9	0	1	1	13.288
44	Gentileman	17	0	1	1	12.288
45	tutt	20	0	1	1	12.288
46	errate	13	0	1	1	12.288
47	montains	32	0	2	1	12.288
48	preceder	17	0	1	1	12.288
49	yongmans	13	0	1	1	12.288
50	Elcombe	14	0	1	1	12.288
51	Guiaca	17	0	1	1	12.288
52	vndoeing	17	0	1	1	12.288
53	zoones	15	0	1	1	12.288
54	Necromanticall	19	0	1	1	12.288
55	dindi	17	0	1	1	12.288
56	th'embraces	13	0	1	1	12.288
57	Eddington	20	0	1	1	12.288
58	Seuants	14	0	1	1	12.288
59	aporne	13	0	1	1	12.288
60	hagged	14	0	1	1	12.288
61	Coulston	18	0	1	1	12.288
62	wether-cocke	16	0	1	1	12.288
63	deflowreth	15	0	1	1	12.288
64	diece	15	0	1	1	12.288
65	ciuilest	20	0	1	1	12.288
66	god-lesse	19	0	1	1	12.288
67	Benwash	16	0	1	1	12.288
68	Pimpes	18	0	1	1	12.288
69	Meritrix	17	0	1	1	12.288
70	besmeere	19	0	1	1	12.288
71	Philira	16	0	1	1	12.288
72	forchead	21	0	1	1	11.703
73	father-hoods	24	0	1	1	11.703
74	SWeet-lipt	22	0	1	1	11.703
75	Bael	25	0	1	1	11.703
76	lauisht	21	0	1	1	11.703
77	Lenaea	26	0	1	1	11.703
78	for-ward	21	0	1	1	11.703
79	Hyporisie	21	0	1	1	11.703
80	follia	22	0	1	1	11.703
81	Trimtram	24	0	1	1	11.703
82	wormsmeat	22	0	1	1	11.703
83	She'l	22	0	1	1	11.703
84	bbes	30	0	1	1	11.288
85	Frust	34	0	1	1	11.288
86	diuersorium	32	0	1	1	11.288
87	censurd	32	0	1	1	11.288
88	dogdayes	35	0	1	1	11.288
89	Fredegonda	33	0	1	1	11.288
90	sweae	33	0	1	1	11.288
91	tel'st	36	0	1	1	11.288
92	montans	34	0	1	1	11.288
93	Roisters	69	0.001	2	2	11.288
94	Witteberg	42	0.001	1	1	10.966
95	Murdresse	45	0.001	1	1	10.966
96	belieu	40	0.001	1	1	10.966
97	Callirhoe	43	0.001	1	1	10.966
98	auanti	37	0.001	1	1	10.966
99	tyller	41	0.001	1	1	10.966
100	dorh	43	0.001	1	1	10.966
101	vnreueng	42	0.001	1	1	10.966
102	quattro	140	0.002	3	1	10.785
103	Feesi	47	0.001	1	1	10.703
104	smotest	48	0.001	1	1	10.703
105	Hak.	47	0.001	1	1	10.703
106	bandstrings	50	0.001	1	1	10.703
107	S'hart	52	0.001	1	1	10.703
108	deuotes	49	0.001	1	1	10.703
109	Bau	95	0.001	2	1	10.703
110	snee	48	0.001	1	1	10.703
111	Searlet	46	0.001	1	1	10.703
112	Selk	47	0.001	1	1	10.703
113	34.26	49	0.001	1	1	10.703
114	Cuckold-maker	47	0.001	1	1	10.703
115	inganno	49	0.001	1	1	10.703
116	demes	60	0.001	1	1	10.48
117	Festinus	54	0.001	1	1	10.48
118	sonno	114	0.001	2	1	10.48
119	sheel	69	0.001	1	1	10.288
120	detestati	69	0.001	1	1	10.288
121	Elst	65	0.001	1	1	10.288
122	piglia	68	0.001	1	1	10.288
123	Strix	63	0.001	1	1	10.288
124	Soluat	67	0.001	1	1	10.288
125	refusedst	68	0.001	1	1	10.288
126	disloialty	76	0.001	1	1	10.118
127	brawled	73	0.001	1	1	10.118
128	Silene	72	0.001	1	1	10.118
129	consumd	74	0.001	1	1	10.118
130	deuore	73	0.001	1	1	10.118
131	Edome	72	0.001	1	1	10.118
132	Puncke	73	0.001	1	1	10.118
133	tradeth	80	0.001	1	1	9.966
134	Ederus	82	0.001	1	1	9.966
135	Gulles	86	0.001	1	1	9.966
136	plaguy	78	0.001	1	1	9.966
137	38.4.	80	0.001	1	1	9.966
138	not-withstanding	81	0.001	1	1	9.966
139	Baud	767	0.009	9	7	9.918
140	matutine	94	0.001	1	1	9.828
141	busked	90	0.001	1	1	9.828
142	stomaco	93	0.001	1	1	9.828
143	negotiators	88	0.001	1	1	9.828
144	matutino	92	0.001	1	1	9.828
145	panders	464	0.006	5	5	9.777
146	Subt	190	0.002	2	1	9.764
147	soane	102	0.001	1	1	9.703
148	Dog-daies	98	0.001	1	1	9.703
149	Insooth	95	0.001	1	1	9.703
150	Phis	109	0.001	1	1	9.587
151	Bbl	106	0.001	1	1	9.587
152	roysters	216	0.003	2	2	9.587
153	Abhominati	213	0.003	2	2	9.587
154	Hypocrita	107	0.001	1	1	9.587
155	Chau	218	0.003	2	1	9.533
156	heast	113	0.001	1	1	9.48
157	Traians	114	0.001	1	1	9.48
158	foot-cloth	118	0.001	1	1	9.48
159	Pander	805	0.01	7	6	9.48
160	strolling	123	0.002	1	1	9.381
161	Hogs-heads	124	0.002	1	1	9.381
162	concubynes	127	0.002	1	1	9.381
163	th'only	123	0.002	1	1	9.381
164	Standley	119	0.002	1	1	9.381
165	Spartian	134	0.002	1	1	9.288
166	wiving	134	0.002	1	1	9.288
167	housekeepers	132	0.002	1	1	9.288
168	Franciscanes	132	0.002	1	1	9.288
169	satiat	132	0.002	1	1	9.288
170	Babylonicall	136	0.002	1	1	9.2
171	spick	141	0.002	1	1	9.2
172	straps	138	0.002	1	1	9.2
173	Buggerers	139	0.002	1	1	9.2
174	ably	139	0.002	1	1	9.2
175	Ramage	143	0.002	1	1	9.2
176	Ctus	140	0.002	1	1	9.2
177	pandars	149	0.002	1	1	9.118
178	Sherte	150	0.002	1	1	9.118
179	horse-leach	145	0.002	1	1	9.118
180	Tais	151	0.002	1	1	9.118
181	pocky	594	0.007	4	4	9.118
182	sordide	146	0.002	1	1	9.118
183	Chip	608	0.007	4	1	9.078
184	deckings	157	0.002	1	1	9.04
185	brothel-house	157	0.002	1	1	9.04
186	monger	153	0.002	1	1	9.04
187	cheks	159	0.002	1	1	9.04
188	sties	162	0.002	1	1	8.966
189	impudentlie	163	0.002	1	1	8.966
190	deput	162	0.002	1	1	8.966
191	Dana	176	0.002	1	1	8.895
192	Baynton	175	0.002	1	1	8.895
193	silthy	169	0.002	1	1	8.895
194	fresche	183	0.002	1	1	8.828
195	Iezabels	181	0.002	1	1	8.828
196	fleer	180	0.002	1	1	8.828
197	bisogna	181	0.002	1	1	8.828
198	lupa	184	0.002	1	1	8.828
199	meane-while	178	0.002	1	1	8.828
200	trulls	181	0.002	1	1	8.828
201	Brothels	180	0.002	1	1	8.828
202	tendrels	177	0.002	1	1	8.828
203	Babylons	987	0.012	5	3	8.703
204	VENVS	195	0.002	1	1	8.703
205	vtcunque	196	0.002	1	1	8.703
206	quouis	198	0.002	1	1	8.703
207	Theyle	194	0.002	1	1	8.703
208	arrant	1596	0.019	8	8	8.688
209	Babilon	5325	0.065	26	12	8.646
210	mongers	208	0.003	1	1	8.644
211	somwhere	208	0.003	1	1	8.644
212	Steple	417	0.005	2	1	8.615
213	coursed	216	0.003	1	1	8.587
214	Madams	213	0.003	1	1	8.587
215	Brad	443	0.005	2	1	8.533
216	deuis	223	0.003	1	1	8.533
217	anco	220	0.003	1	1	8.533
218	compellations	219	0.003	1	1	8.533
219	Pasquils	222	0.003	1	1	8.533
220	arrand	229	0.003	1	1	8.48
221	haunteth	231	0.003	1	1	8.48
222	ryotous	230	0.003	1	1	8.48
223	bawds	1844	0.023	8	8	8.474
224	cloistered	469	0.006	2	1	8.455
225	meretrix	474	0.006	2	2	8.43
226	piace	238	0.003	1	1	8.43
227	Proverbes	249	0.003	1	1	8.381
228	Bradley	495	0.006	2	1	8.381
229	23.27	248	0.003	1	1	8.381
230	virilis	253	0.003	1	1	8.334
231	Cut-purse	258	0.003	1	1	8.334
232	queans	255	0.003	1	1	8.334
233	Calmest	256	0.003	1	1	8.334
234	proiected	253	0.003	1	1	8.334
235	Agamemnons	254	0.003	1	1	8.334
236	23.17	259	0.003	1	1	8.288
237	wakening	270	0.003	1	1	8.243
238	thiese	267	0.003	1	1	8.243
239	22.14.	274	0.003	1	1	8.243
240	graceles	275	0.003	1	1	8.2
241	pandar	282	0.003	1	1	8.2
242	break-fast	275	0.003	1	1	8.2
243	Wisards	277	0.003	1	1	8.2
244	Mitred	287	0.004	1	1	8.158
245	Gob	289	0.004	1	1	8.158
246	Bots	289	0.004	1	1	8.158
247	strayes	284	0.004	1	1	8.158
248	Bawd	2878	0.035	10	10	8.154
249	17.5.	581	0.007	2	2	8.138
250	shees	580	0.007	2	2	8.138
251	exponed	299	0.004	1	1	8.118
252	overworn	297	0.004	1	1	8.118
253	19.2.	299	0.004	1	1	8.118
254	Thamesis	292	0.004	1	1	8.118
255	theife	587	0.007	2	2	8.118
256	Courtesans	1216	0.015	4	3	8.078
257	Lecher	616	0.008	2	2	8.059
258	pocks	618	0.008	2	2	8.059
259	Fortun	310	0.004	1	1	8.04
260	recanting	308	0.004	1	1	8.04
261	20.4.	310	0.004	1	1	8.04
262	21.9.	311	0.004	1	1	8.04
263	17.2.	314	0.004	1	1	8.04
264	Babels	948	0.012	3	1	8.015
265	confronting	324	0.004	1	1	8.002
266	sportful	324	0.004	1	1	8.002
267	hed	1292	0.016	4	2	7.993
268	18.2.	331	0.004	1	1	7.966
269	Vrganda	325	0.004	1	1	7.966
270	Ston	336	0.004	1	1	7.93
271	VVard	339	0.004	1	1	7.93
272	whoremaster	337	0.004	1	1	7.93
273	Whoremonger	678	0.008	2	2	7.913
274	stincke	342	0.004	1	1	7.895
275	swaggering	689	0.008	2	2	7.895
276	Gelli	349	0.004	1	1	7.861
277	Lig	353	0.004	1	1	7.861
278	Babylon	38888	0.474	108	54	7.832
279	Beadles	360	0.004	1	1	7.828
280	Cittyes	366	0.005	1	1	7.796
281	solacing	372	0.005	1	1	7.796
282	Uicar	379	0.005	1	1	7.764
283	meno	381	0.005	1	1	7.764
284	Welt	389	0.005	1	1	7.733
285	17.6.	397	0.005	1	1	7.703
286	wasteful	784	0.01	2	2	7.703
287	Punk	404	0.005	1	1	7.673
288	Ione	804	0.01	2	2	7.673
289	quelli	404	0.005	1	1	7.673
290	Farina	414	0.005	1	1	7.644
291	petticoats	416	0.005	1	1	7.615
292	prostituted	1269	0.016	3	3	7.597
293	Ramping	427	0.005	1	1	7.587
294	receauer	430	0.005	1	1	7.587
295	harlots	5276	0.064	12	10	7.544
296	Stoke	884	0.011	2	1	7.533
297	Troyes	889	0.011	2	1	7.533
298	surcharge	443	0.005	1	1	7.533
299	surfeits	1332	0.016	3	3	7.533
300	insatiate	894	0.011	2	2	7.52
301	Iezabel	1348	0.016	3	3	7.515
302	prostituting	452	0.006	1	1	7.506
303	whore	20634	0.251	45	14	7.484
304	17.1.	463	0.006	1	1	7.48
305	whorish	1842	0.022	4	4	7.48
306	tyeth	458	0.006	1	1	7.48
307	Ashton	1396	0.017	3	1	7.463
308	Heathenisme	470	0.006	1	1	7.455
309	bastardly	466	0.006	1	1	7.455
310	reat	470	0.006	1	1	7.455
311	Gyges	469	0.006	1	1	7.455
312	TIB	942	0.012	2	1	7.442
313	FLAM	479	0.006	1	1	7.43
314	reckned	474	0.006	1	1	7.43
315	17.14.	478	0.006	1	1	7.43
316	Thamar	1424	0.017	3	3	7.43
317	hyre	1435	0.018	3	3	7.421
318	Epigram.	481	0.006	1	1	7.405
319	Apollyon	483	0.006	1	1	7.405
320	sham	1495	0.018	3	1	7.365
321	Sappho	500	0.006	1	1	7.357
322	domes	510	0.006	1	1	7.334
323	1530	516	0.006	1	1	7.31
324	etc.	519	0.006	1	1	7.31
325	Colo	524	0.006	1	1	7.288
326	some-times	524	0.006	1	1	7.288
327	Rut	528	0.006	1	1	7.288
328	Egregious	1584	0.019	3	3	7.28
329	brace	1591	0.019	3	3	7.273
330	intoxicate	532	0.007	1	1	7.265
331	RON	531	0.007	1	1	7.265
332	sei	536	0.007	1	1	7.265
333	Nowell	531	0.007	1	1	7.265
334	Babylon.	534	0.007	1	1	7.265
335	tinkers	545	0.007	1	1	7.243
336	fiddlers	1087	0.013	2	2	7.243
337	Babel	9790	0.119	18	11	7.237
338	noue	551	0.007	1	1	7.222
339	yond	549	0.007	1	1	7.222
340	17.7.	551	0.007	1	1	7.222
341	Coach-man	549	0.007	1	1	7.222
342	7.22.	551	0.007	1	1	7.222
343	avaunt	2223	0.027	4	1	7.206
344	Corinths	556	0.007	1	1	7.2
345	Epig.	2233	0.027	4	3	7.2
346	Churchman	564	0.007	1	1	7.179
347	Norff	570	0.007	1	1	7.179
348	skirts	2878	0.035	5	1	7.154
349	strumpets	1159	0.014	2	2	7.148
350	gulls	585	0.007	1	1	7.138
351	Babylonish	2911	0.036	5	5	7.138
352	Dubito	589	0.007	1	1	7.118
353	bowling	592	0.007	1	1	7.118
354	mossy	603	0.007	1	1	7.098
355	to't	603	0.007	1	1	7.098
356	eing	598	0.007	1	1	7.098
357	Iesabel	602	0.007	1	1	7.098
358	adulterer	4237	0.052	7	7	7.084
359	15.4.	604	0.007	1	1	7.078
360	scuffle	608	0.007	1	1	7.078
361	sig	4901	0.06	8	1	7.066
362	Apocalips	623	0.008	1	1	7.04
363	12.4.	620	0.008	1	1	7.04
364	Danae	627	0.008	1	1	7.04
365	jested	631	0.008	1	1	7.021
366	Foist	632	0.008	1	1	7.021
367	Cara	642	0.008	1	1	7.002
368	Abaddon	637	0.008	1	1	7.002
369	Kate	1290	0.016	2	1	6.993
370	stews	2587	0.032	4	4	6.989
371	Beach	652	0.008	1	1	6.984
372	carding	645	0.008	1	1	6.984
373	Carthusian	658	0.008	1	1	6.966
374	fore-head	2008	0.025	3	3	6.936
375	frigida	681	0.008	1	1	6.913
376	weddings	679	0.008	1	1	6.913
377	Flora	2078	0.025	3	2	6.89
378	Helen	2091	0.026	3	3	6.878
379	10000.	705	0.009	1	1	6.861
380	Gardiners	703	0.009	1	1	6.861
381	7.9.	707	0.009	1	1	6.861
382	varlets	709	0.009	1	1	6.861
383	Mantuan	734	0.009	1	1	6.812
384	13.4.	741	0.009	1	1	6.796
385	Babylonian	2956	0.036	4	4	6.796
386	Butte	741	0.009	1	1	6.796
387	Anacreon	740	0.009	1	1	6.796
388	Grammarian	1485	0.018	2	2	6.788
389	ch'	750	0.009	1	1	6.78
390	scarlet	9179	0.112	12	9	6.745
391	locust	774	0.009	1	1	6.733
392	victuallers	770	0.009	1	1	6.733
393	Aul	785	0.01	1	1	6.703
394	dicing	785	0.01	1	1	6.703
395	Apron	802	0.01	1	1	6.673
396	prank	811	0.01	1	1	6.658
397	tyrannised	817	0.01	1	1	6.644
398	strumpet	3285	0.04	4	3	6.644
399	sits	23190	0.283	28	16	6.631
400	Questa	826	0.01	1	1	6.63
401	Reu.	3351	0.041	4	3	6.615
402	kepeth	846	0.01	1	1	6.601
403	shelf	845	0.01	1	1	6.601
404	discoverers	846	0.01	1	1	6.601
405	mortgaged	851	0.01	1	1	6.587
406	examinate	850	0.01	1	1	6.587
407	sanctitatis	853	0.01	1	1	6.587
408	conditioned	1725	0.021	2	1	6.573
409	fornications	1721	0.021	2	2	6.573
410	desolate	12933	0.158	15	13	6.573
411	sled	871	0.011	1	1	6.56
412	3.3.	1739	0.021	2	2	6.56
413	Paramour	878	0.011	1	1	6.546
414	Prouer.	888	0.011	1	1	6.533
415	abjured	1792	0.022	2	2	6.52
416	Whoremongers	1796	0.022	2	2	6.513
417	Taverns	2699	0.033	3	3	6.511
418	Iehoram	902	0.011	1	1	6.506
419	hunts	1820	0.022	2	2	6.493
420	muttering	909	0.011	1	1	6.493
421	Cobblers	911	0.011	1	1	6.493
422	Apoc	918	0.011	1	1	6.48
423	Iur	922	0.011	1	1	6.48
424	decking	927	0.011	1	1	6.468
425	Thais	936	0.011	1	1	6.455
426	Fighters	948	0.012	1	1	6.43
427	shameless	6711	0.082	7	7	6.419
428	adulteress	1919	0.023	2	1	6.417
429	hire	8785	0.107	9	9	6.393
430	Tamar	995	0.012	1	1	6.369
431	plaid	4003	0.049	4	4	6.357
432	Harlot	9167	0.112	9	7	6.332
433	Furlong	1023	0.013	1	1	6.322
434	played	11334	0.138	11	10	6.316
435	Russian	1061	0.013	1	1	6.276
436	Gill	1056	0.013	1	1	6.276
437	brat	1070	0.013	1	1	6.265
438	carter	2182	0.027	2	2	6.232
439	ransack	1088	0.013	1	1	6.232
440	libet	1108	0.014	1	1	6.211
441	Fairies	1122	0.014	1	1	6.19
442	ide	2263	0.028	2	2	6.179
443	priuilegio	1135	0.014	1	1	6.179
444	cibo	1134	0.014	1	1	6.179
445	purple	18224	0.222	16	12	6.171
446	fornicator	1143	0.014	1	1	6.169
447	treasuries	1138	0.014	1	1	6.169
448	misshapen	1145	0.014	1	1	6.158
449	adulterous	3504	0.043	3	3	6.135
450	CET	1174	0.014	1	1	6.128
451	Dra	1172	0.014	1	1	6.128
452	Aston	1175	0.014	1	1	6.128
453	gild	1181	0.014	1	1	6.118
454	cavilling	1191	0.015	1	1	6.108
455	Russ	1192	0.015	1	1	6.108
456	Parasite	1198	0.015	1	1	6.098
457	dishonest	6002	0.073	5	5	6.096
458	spouses	1203	0.015	1	1	6.088
459	Almaine	1205	0.015	1	1	6.088
460	FLA	1211	0.015	1	1	6.078
461	deuell	1230	0.015	1	1	6.059
462	monopolies	1234	0.015	1	1	6.059
463	bitch	1244	0.015	1	1	6.04
464	Senex	1244	0.015	1	1	6.04
465	quelle	1254	0.015	1	1	6.03
466	GROIN	1258	0.015	1	1	6.03
467	Iehoua	1262	0.015	1	1	6.021
468	arrayed	3816	0.047	3	3	6.012
469	allures	1275	0.016	1	1	6.012
470	succeded	1277	0.016	1	1	6.002
471	discoverer	1292	0.016	1	1	5.993
472	soundest	1298	0.016	1	1	5.984
473	scold	1303	0.016	1	1	5.975
474	civitas	1309	0.016	1	1	5.966
475	Gin	1317	0.016	1	1	5.966
476	thriving	2636	0.032	2	2	5.961
477	Ethnic	1318	0.016	1	1	5.957
478	Ruffians	1326	0.016	1	1	5.948
479	hackney	1328	0.016	1	1	5.948
480	exemptions	1334	0.016	1	1	5.939
481	whats	2675	0.033	2	2	5.939
482	Lais	1345	0.016	1	1	5.93
483	forehead	12159	0.148	9	8	5.924
484	incontinence	1354	0.017	1	1	5.921
485	whores	5508	0.067	4	2	5.898
486	wink	4136	0.05	3	3	5.895
487	matrons	2766	0.034	2	2	5.891
488	Littleton	2767	0.034	2	1	5.891
489	Aethiopians	1407	0.017	1	1	5.87
490	ken	2811	0.034	2	2	5.866
491	jugglers	1418	0.017	1	1	5.853
492	menstruous	1426	0.017	1	1	5.845
493	Cans	1426	0.017	1	1	5.845
494	dalliance	1431	0.017	1	1	5.845
495	LV	1444	0.018	1	1	5.828
496	Gentility	1448	0.018	1	1	5.828
497	complexions	2917	0.036	2	1	5.816
498	pelf	1457	0.018	1	1	5.812
499	credits	1472	0.018	1	1	5.804
500	longo	1481	0.018	1	1	5.796
501	transforming	1481	0.018	1	1	5.796
502	pene	1489	0.018	1	1	5.788
503	obloquy	1503	0.018	1	1	5.772
504	Ptolomie	1502	0.018	1	1	5.772
505	inhabitant	3014	0.037	2	1	5.768
506	lusting	1506	0.018	1	1	5.764
507	gaming	3021	0.037	2	2	5.764
508	paltry	1506	0.018	1	1	5.764
509	Ezec.	1520	0.019	1	1	5.756
510	Coaches	3043	0.037	2	2	5.752
511	gamesters	1523	0.019	1	1	5.749
512	Palmerin	1557	0.019	1	1	5.718
513	Insula	1565	0.019	1	1	5.71
514	fickle	3168	0.039	2	1	5.695
515	worshipper	1595	0.019	1	1	5.688
516	profuse	1615	0.02	1	1	5.666
517	Revel	21061	0.257	13	10	5.663
518	masked	1635	0.02	1	1	5.651
519	Rogero	1632	0.02	1	1	5.651
520	Chapt.	3271	0.04	2	1	5.647
521	FEE-SIMPLE	1643	0.02	1	1	5.644
522	dome	3321	0.041	2	2	5.626
523	3.3	3339	0.041	2	2	5.619
524	strengths	1683	0.021	1	1	5.608
525	'hem	1711	0.021	1	1	5.587
526	miscreants	1708	0.021	1	1	5.587
527	Romes	5130	0.063	3	3	5.585
528	multorum	1716	0.021	1	1	5.58
529	enticed	3439	0.042	2	2	5.577
530	drudgery	1722	0.021	1	1	5.573
531	rogue	6990	0.085	4	3	5.553
532	knaves	5254	0.064	3	2	5.551
533	kinsfolks	1757	0.021	1	1	5.546
534	Charon	1762	0.022	1	1	5.54
535	Hag	1766	0.022	1	1	5.54
536	opprobrious	1778	0.022	1	1	5.526
537	noses	3558	0.043	2	2	5.526
538	bolder	1796	0.022	1	1	5.513
539	Minos	1795	0.022	1	1	5.513
540	thrift	1809	0.022	1	1	5.506
541	filthines	1803	0.022	1	1	5.506
542	wipe	7298	0.089	4	4	5.492
543	Lechery	3660	0.045	2	2	5.487
544	Cerberus	1833	0.022	1	1	5.487
545	pompous	3677	0.045	2	1	5.48
546	fawn	1837	0.022	1	1	5.48
547	deified	1850	0.023	1	1	5.474
548	Apoc.	11083	0.135	6	6	5.473
549	Witch	9245	0.113	5	5	5.471
550	Hellespont	1865	0.023	1	1	5.461
551	tyrannise	1873	0.023	1	1	5.455
552	nel	1881	0.023	1	1	5.449
553	gull	1888	0.023	1	1	5.442
554	sociable	1895	0.023	1	1	5.436
555	hampton	1895	0.023	1	1	5.436
556	benumbed	1916	0.023	1	1	5.424
557	Vermilion	1928	0.024	1	1	5.411
558	Lambeth	1928	0.024	1	1	5.411
559	Syon	1931	0.024	1	1	5.411
560	clip	1933	0.024	1	1	5.405
561	Vulcan	3887	0.047	2	1	5.399
562	flatters	1941	0.024	1	1	5.399
563	l'	5856	0.071	3	1	5.393
564	deluding	1964	0.024	1	1	5.387
565	Apocalypse	3947	0.048	2	1	5.378
566	whoredoms	1981	0.024	1	1	5.375
567	Sono	1988	0.024	1	1	5.369
568	Bastards	3979	0.049	2	2	5.366
569	impudent	12093	0.147	6	5	5.347
570	thieves	22285	0.272	11	7	5.34
571	concubines	4078	0.05	2	2	5.331
572	cons	2048	0.025	1	1	5.322
573	snuff	2050	0.025	1	1	5.322
574	Maiden	6187	0.075	3	3	5.314
575	Marcellinus	2075	0.025	1	1	5.305
576	lure	2079	0.025	1	1	5.305
577	leprous	2075	0.025	1	1	5.305
578	Prou.	8310	0.101	4	4	5.303
579	wily	2092	0.026	1	1	5.293
580	ditch	10469	0.128	5	4	5.292
581	thief	23047	0.281	11	11	5.292
582	detested	4228	0.052	2	2	5.279
583	hate	65701	0.801	31	22	5.275
584	scratch	2144	0.026	1	1	5.26
585	decrepit	2144	0.026	1	1	5.26
586	Cloisters	2143	0.026	1	1	5.26
587	rides	4321	0.053	2	1	5.246
588	prefers	4321	0.053	2	2	5.246
589	jade	2169	0.026	1	1	5.243
590	sci	2175	0.027	1	1	5.238
591	beseeming	2182	0.027	1	1	5.232
592	banqueting	2202	0.027	1	1	5.222
593	Swan	4395	0.054	2	1	5.222
594	famished	2203	0.027	1	1	5.222
595	deceives	4413	0.054	2	2	5.216
596	whipped	6660	0.081	3	3	5.207
597	Apo.	2232	0.027	1	1	5.2
598	Proverbs	6913	0.084	3	3	5.155
599	SATIRE	2307	0.028	1	1	5.153
600	rife	2309	0.028	1	1	5.153
601	piss	2312	0.028	1	1	5.148
602	annal	2322	0.028	1	1	5.143
603	certo	2340	0.029	1	1	5.133
604	Roan	2337	0.029	1	1	5.133
605	contends	2343	0.029	1	1	5.128
606	cancelled	2362	0.029	1	1	5.118
607	painted	23662	0.288	10	10	5.116
608	buys	2372	0.029	1	1	5.113
609	auro	2382	0.029	1	1	5.108
610	Dau	2388	0.029	1	1	5.103
611	mints	2393	0.029	1	1	5.098
612	trim	4802	0.059	2	2	5.095
613	interprets	4849	0.059	2	1	5.081
614	stumbled	2431	0.03	1	1	5.078
615	Veneris	2430	0.03	1	1	5.078
616	seared	2455	0.03	1	1	5.064
617	Bachelor	2474	0.03	1	1	5.054
618	Conti	2476	0.03	1	1	5.049
619	horned	2489	0.03	1	1	5.045
620	resent	2493	0.03	1	1	5.04
621	wedlock	5013	0.061	2	1	5.033
622	whoredom	7526	0.092	3	2	5.032
623	Prostitute	2508	0.031	1	1	5.03
624	worthless	2510	0.031	1	1	5.03
625	thn	2520	0.031	1	1	5.026
626	videatur	2517	0.031	1	1	5.026
627	customers	2545	0.031	1	1	5.012
628	deceiving	5099	0.062	2	2	5.009
629	terminus	2577	0.031	1	1	4.993
630	dissolute	5161	0.063	2	2	4.991
631	enticing	2596	0.032	1	1	4.984
632	Crocodile	2605	0.032	1	1	4.979
633	repelled	2629	0.032	1	1	4.966
634	smother	2628	0.032	1	1	4.966
635	exalting	2631	0.032	1	1	4.961
636	envies	2650	0.032	1	1	4.952
637	descried	2647	0.032	1	1	4.952
638	Dee	2650	0.032	1	1	4.952
639	display	5310	0.065	2	2	4.95
640	Cuckold	2667	0.033	1	1	4.943
641	railed	2685	0.033	1	1	4.935
642	204	2681	0.033	1	1	4.935
643	gorgeous	2688	0.033	1	1	4.93
644	wed	5405	0.066	2	2	4.924
645	amplified	2713	0.033	1	1	4.917
646	gangrene	2729	0.033	1	1	4.908
647	Tush	2736	0.033	1	1	4.908
648	whoring	2742	0.033	1	1	4.904
649	brags	2791	0.034	1	1	4.878
650	Antichrist	50530	0.616	18	10	4.869
651	Bate	2821	0.034	1	1	4.861
652	accompanies	2828	0.035	1	1	4.857
653	Plymouth	2842	0.035	1	1	4.853
654	performs	5696	0.069	2	1	4.849
655	hug	2849	0.035	1	1	4.849
656	Butcher	2859	0.035	1	1	4.845
657	Stow	2889	0.035	1	1	4.828
658	abhorring	2902	0.035	1	1	4.82
659	recall	5820	0.071	2	1	4.818
660	tumbling	2926	0.036	1	1	4.808
661	gauge	2936	0.036	1	1	4.804
662	las	2947	0.036	1	1	4.8
663	faced	2948	0.036	1	1	4.8
664	Lordly	2953	0.036	1	1	4.796
665	Knave	8870	0.108	3	3	4.795
666	17.	83120	1.013	28	13	4.789
667	Wouldest	2973	0.036	1	1	4.788
668	drunken	11882	0.145	4	4	4.788
669	bathing	2983	0.036	1	1	4.78
670	Capt	8989	0.11	3	1	4.776
671	stakes	2993	0.037	1	1	4.776
672	Ames	3008	0.037	1	1	4.768
673	ragged	3017	0.037	1	1	4.764
674	Beast	81566	0.994	27	12	4.764
675	beggary	3028	0.037	1	1	4.76
676	enchantments	3037	0.037	1	1	4.756
677	181	3043	0.037	1	1	4.752
678	kneeled	3058	0.037	1	1	4.745
679	squire	6126	0.075	2	2	4.743
680	Hierarchy	6183	0.075	2	2	4.731
681	dice	6226	0.076	2	2	4.72
682	ast	3134	0.038	1	1	4.71
683	pollute	3138	0.038	1	1	4.71
684	importune	3148	0.038	1	1	4.703
685	booty	6307	0.077	2	2	4.701
686	lucky	3186	0.039	1	1	4.688
687	unchaste	3200	0.039	1	1	4.68
688	unsatisfied	3210	0.039	1	1	4.677
689	tong	3205	0.039	1	1	4.677
690	Rams	3216	0.039	1	1	4.673
691	83.	3226	0.039	1	1	4.669
692	healths	3230	0.039	1	1	4.666
693	pers	3237	0.039	1	1	4.666
694	174	3264	0.04	1	1	4.651
695	Albion	3266	0.04	1	1	4.651
696	uncivil	3289	0.04	1	1	4.64
697	high-way	3304	0.04	1	1	4.633
698	suitor	3317	0.04	1	1	4.63
699	winters	3340	0.041	1	1	4.619
700	Prodigality	3344	0.041	1	1	4.619
701	renounced	6702	0.082	2	2	4.614
702	Russell	3357	0.041	1	1	4.612
703	Robberies	3361	0.041	1	1	4.608
704	strip	3365	0.041	1	1	4.608
705	divorced	3378	0.041	1	1	4.601
706	Cozen	3380	0.041	1	1	4.601
707	Rev.	51328	0.626	15	4	4.584
708	factors	3437	0.042	1	1	4.577
709	Communis	3459	0.042	1	1	4.567
710	brazen	10407	0.127	3	1	4.564
711	extortion	3485	0.043	1	1	4.556
712	nedes	3496	0.043	1	1	4.553
713	drunkards	7021	0.086	2	2	4.546
714	patet	3529	0.043	1	1	4.54
715	figured	7080	0.086	2	1	4.534
716	Hateful	10655	0.13	3	3	4.531
717	abominations	10678	0.13	3	3	4.527
718	fornication	14235	0.174	4	4	4.527
719	vne	3563	0.043	1	1	4.526
720	Strains	3562	0.043	1	1	4.526
721	polity	3565	0.043	1	1	4.526
722	boys	14311	0.174	4	4	4.52
723	Insult	3586	0.044	1	1	4.516
724	play	61168	0.745	17	15	4.511
725	maintains	7229	0.088	2	2	4.505
726	84.	3627	0.044	1	1	4.5
727	giddy	3649	0.045	1	1	4.49
728	Cooke	3664	0.045	1	1	4.487
729	impudently	3698	0.045	1	1	4.471
730	Calf	11111	0.135	3	3	4.47
731	hunting	14846	0.181	4	4	4.467
732	costly	11277	0.137	3	2	4.449
733	hog	3772	0.046	1	1	4.442
734	murderers	11345	0.138	3	3	4.44
735	rascal	3785	0.046	1	1	4.439
736	filthy	30299	0.369	8	8	4.438
737	VIT	7616	0.093	2	1	4.43
738	forgo	3806	0.046	1	1	4.43
739	fragments	3811	0.046	1	1	4.43
740	silks	3896	0.048	1	1	4.396
741	sells	3915	0.048	1	1	4.39
742	multo	3918	0.048	1	1	4.39
743	drunk	35533	0.433	9	7	4.377
744	incestuous	3954	0.048	1	1	4.375
745	rect	3967	0.048	1	1	4.372
746	corrupts	3974	0.048	1	1	4.369
747	allurements	3979	0.049	1	1	4.366
748	woo	3978	0.049	1	1	4.366
749	Chalice	4028	0.049	1	1	4.348
750	puritan	4033	0.049	1	1	4.348
751	MEL	4030	0.049	1	1	4.348
752	reprehended	4037	0.049	1	1	4.345
753	matchless	4042	0.049	1	1	4.342
754	Annot.	4051	0.049	1	1	4.339
755	marries	4061	0.05	1	1	4.336
756	descriptions	4060	0.05	1	1	4.336
757	Lustful	4133	0.05	1	1	4.31
758	riot	8272	0.101	2	2	4.31
759	poisoned	12446	0.152	3	2	4.306
760	players	4154	0.051	1	1	4.305
761	lewdness	4150	0.051	1	1	4.305
762	nominated	4161	0.051	1	1	4.302
763	ugly	8331	0.102	2	2	4.3
764	Painters	4167	0.051	1	1	4.299
765	savours	4180	0.051	1	1	4.296
766	pi	4201	0.051	1	1	4.288
767	wrestle	4215	0.051	1	1	4.282
768	reviled	4228	0.052	1	1	4.279
769	Mistress	42310	0.516	10	9	4.278
770	Qual	4234	0.052	1	1	4.276
771	wrestling	4237	0.052	1	1	4.276
772	crew	8469	0.103	2	2	4.276
773	protesting	4251	0.052	1	1	4.271
774	spied	4248	0.052	1	1	4.271
775	Kin	17056	0.208	4	1	4.267
776	erst	4270	0.052	1	1	4.265
777	entice	4278	0.052	1	1	4.263
778	marry	38694	0.472	9	9	4.255
779	foil	4299	0.052	1	1	4.254
780	Hospital	8600	0.105	2	2	4.254
781	indulgent	4309	0.053	1	1	4.252
782	Sly	4313	0.053	1	1	4.249
783	spends	4330	0.053	1	1	4.243
784	whenas	4341	0.053	1	1	4.241
785	stale	4338	0.053	1	1	4.241
786	sirrah	4365	0.053	1	1	4.232
787	Severus	4378	0.053	1	1	4.23
788	buckler	4371	0.053	1	1	4.23
789	Sergeants	4379	0.053	1	1	4.227
790	diseased	8769	0.107	2	2	4.226
791	usurer	4393	0.054	1	1	4.224
792	whereinto	4395	0.054	1	1	4.222
793	moor	4396	0.054	1	1	4.222
794	apparelled	4398	0.054	1	1	4.222
795	anni	4404	0.054	1	1	4.219
796	PHI	4425	0.054	1	1	4.214
797	ith	4421	0.054	1	1	4.214
798	expounds	8875	0.108	2	2	4.21
799	dens	4464	0.054	1	1	4.2
800	beggar	8945	0.109	2	1	4.198
801	tragical	4479	0.055	1	1	4.195
802	discharging	4492	0.055	1	1	4.192
803	peevish	4508	0.055	1	1	4.187
804	tormenting	4522	0.055	1	1	4.182
805	Spittle	4536	0.055	1	1	4.177
806	bewail	9117	0.111	2	2	4.17
807	revile	4565	0.056	1	1	4.169
808	op	4574	0.056	1	1	4.166
809	Bede	4580	0.056	1	1	4.164
810	damnation	32064	0.391	7	5	4.163
811	Antichristian	13777	0.168	3	3	4.159
812	mercenary	4683	0.057	1	1	4.13
813	Grecian	9382	0.114	2	2	4.129
814	embracing	9401	0.115	2	2	4.125
815	Eclipsed	4703	0.057	1	1	4.125
816	sucked	4736	0.058	1	1	4.115
817	dunghill	4743	0.058	1	1	4.113
818	Rome	271183	3.305	57	28	4.108
819	described	42932	0.523	9	3	4.104
820	Countess	9549	0.116	2	2	4.103
821	corrupting	4784	0.058	1	1	4.1
822	scurvy	4826	0.059	1	1	4.088
823	nakedness	9651	0.118	2	2	4.088
824	consume	19326	0.236	4	4	4.086
825	idolatrous	14523	0.177	3	3	4.083
826	describing	4858	0.059	1	1	4.078
827	funerals	4870	0.059	1	1	4.076
828	flattering	9757	0.119	2	2	4.072
829	fewer	9844	0.12	2	1	4.059
830	oppressors	4931	0.06	1	1	4.056
831	poisonous	4944	0.06	1	1	4.054
832	Shores	4946	0.06	1	1	4.052
833	circa	9894	0.121	2	1	4.052
834	passengers	4981	0.061	1	1	4.042
835	rogues	5001	0.061	1	1	4.037
836	detected	5017	0.061	1	1	4.033
837	abandon	10068	0.123	2	2	4.027
838	160	5050	0.062	1	1	4.023
839	brood	5051	0.062	1	1	4.021
840	Ieremie	5090	0.062	1	1	4.012
841	plagued	5100	0.062	1	1	4.009
842	sows	5094	0.062	1	1	4.009
843	Adulterers	5137	0.063	1	1	3.998
844	linked	5190	0.063	1	1	3.984
845	significant	5185	0.063	1	1	3.984
846	lovingly	5212	0.064	1	1	3.977
847	defy	5226	0.064	1	1	3.973
848	finest	5244	0.064	1	1	3.968
849	filthiness	10515	0.128	2	2	3.965
850	strives	5260	0.064	1	1	3.964
851	entreaty	5321	0.065	1	1	3.948
852	beautified	5350	0.065	1	1	3.939
853	Hood	5353	0.065	1	1	3.939
854	detestable	10704	0.13	2	2	3.939
855	Tavern	5354	0.065	1	1	3.939
856	Cup	48330	0.589	9	8	3.934
857	tolerated	5375	0.066	1	1	3.932
858	gallants	5377	0.066	1	1	3.932
859	hawks	5379	0.066	1	1	3.932
860	widow	21540	0.263	4	4	3.93
861	partially	5392	0.066	1	1	3.928
862	robes	10833	0.132	2	1	3.921
863	darling	5419	0.066	1	1	3.921
864	purse	16277	0.198	3	3	3.919
865	occupy	5453	0.066	1	1	3.913
866	tolerable	10937	0.133	2	2	3.907
867	lascivious	5471	0.067	1	1	3.906
868	twain	5474	0.067	1	1	3.906
869	troth	5489	0.067	1	1	3.902
870	ds	5503	0.067	1	1	3.898
871	formality	5567	0.068	1	1	3.883
872	furies	5605	0.068	1	1	3.872
873	throats	5620	0.069	1	1	3.868
874	Nuns	5658	0.069	1	1	3.859
875	hounds	5657	0.069	1	1	3.859
876	Mer	5689	0.069	1	1	3.851
877	steel	11392	0.139	2	1	3.849
878	vassals	5714	0.07	1	1	3.845
879	blasphemous	11428	0.139	2	1	3.844
880	presuming	5718	0.07	1	1	3.843
881	Jer	23150	0.282	4	3	3.826
882	naked	46459	0.566	8	7	3.821
883	Lazy	5811	0.071	1	1	3.82
884	accursed	17442	0.213	3	3	3.819
885	proudly	5842	0.071	1	1	3.812
886	XXVII	5851	0.071	1	1	3.81
887	plays	17593	0.214	3	3	3.807
888	abomination	11757	0.143	2	2	3.803
889	Grain	17694	0.216	3	2	3.799
890	FA	11810	0.144	2	1	3.797
891	witchcraft	5912	0.072	1	1	3.796
892	eke	11837	0.144	2	2	3.794
893	frighted	5925	0.072	1	1	3.792
894	veil	11849	0.144	2	1	3.792
895	Hark	5947	0.073	1	1	3.786
896	Puritans	5981	0.073	1	1	3.778
897	honest	83801	1.021	14	13	3.777
898	Ware	12046	0.147	2	2	3.768
899	brand	6073	0.074	1	1	3.756
900	MON	18249	0.222	3	1	3.754
901	stink	6090	0.074	1	1	3.752
902	adherents	6092	0.074	1	1	3.752
903	dozen	6144	0.075	1	1	3.739
904	youthful	6171	0.075	1	1	3.733
905	Bastard	12394	0.151	2	2	3.727
906	contrive	6209	0.076	1	1	3.724
907	judging	18760	0.229	3	3	3.714
908	chafe	6250	0.076	1	1	3.714
909	suggestions	6262	0.076	1	1	3.712
910	sowed	6293	0.077	1	1	3.705
911	Israell	12654	0.154	2	2	3.697
912	therewithal	6336	0.077	1	1	3.695
913	termed	25438	0.31	4	4	3.69
914	livings	6392	0.078	1	1	3.682
915	seat	51212	0.624	8	6	3.68
916	Friar	12819	0.156	2	1	3.679
917	bewitched	6431	0.078	1	1	3.673
918	sister	51618	0.629	8	6	3.669
919	Comedy	6476	0.079	1	1	3.664
920	swine	12952	0.158	2	1	3.664
921	Drunkard	6511	0.079	1	1	3.657
922	students	6548	0.08	1	1	3.647
923	syllable	6553	0.08	1	1	3.646
924	whereon	19704	0.24	3	3	3.643
925	kiss	26340	0.321	4	3	3.639
926	ink	6606	0.081	1	1	3.635
927	detestation	6614	0.081	1	1	3.633
928	greedy	13232	0.161	2	2	3.633
929	dispense	13245	0.161	2	2	3.631
930	trodden	6645	0.081	1	1	3.626
931	repenting	6657	0.081	1	1	3.624
932	stealing	6657	0.081	1	1	3.624
933	brow	6696	0.082	1	1	3.615
934	striking	6712	0.082	1	1	3.612
935	Phoebus	6740	0.082	1	1	3.606
936	wanton	20242	0.247	3	3	3.604
937	attendants	6755	0.082	1	1	3.603
938	forlorn	6805	0.083	1	1	3.592
939	perverted	6835	0.083	1	1	3.586
940	stomachs	6835	0.083	1	1	3.586
941	Dragons	6883	0.084	1	1	3.575
942	liberally	6929	0.084	1	1	3.567
943	57.	6936	0.085	1	1	3.565
944	qu'il	6952	0.085	1	1	3.561
945	rival	7012	0.085	1	1	3.55
946	peculiarly	7015	0.086	1	1	3.548
947	fist	7028	0.086	1	1	3.546
948	Heathenish	7043	0.086	1	1	3.543
949	oftener	7075	0.086	1	1	3.536
950	pulling	7151	0.087	1	1	3.521
951	Ha	28655	0.349	4	2	3.518
952	augment	7169	0.087	1	1	3.516
953	Creditors	7178	0.088	1	1	3.515
954	Commentary	7188	0.088	1	1	3.513
955	rail	7220	0.088	1	1	3.506
956	inflict	7264	0.089	1	1	3.498
957	Neptune	7330	0.089	1	1	3.485
958	Commune	7351	0.09	1	1	3.48
959	shameful	14747	0.18	2	2	3.476
960	lap	7378	0.09	1	1	3.476
961	entangled	7389	0.09	1	1	3.474
962	Goat	7386	0.09	1	1	3.474
963	horns	22193	0.27	3	3	3.472
964	bearing	37031	0.451	5	2	3.47
965	Madame	7409	0.09	1	1	3.469
966	compares	7453	0.091	1	1	3.461
967	notorious	22363	0.273	3	3	3.461
968	ducats	7478	0.091	1	1	3.456
969	beastly	7495	0.091	1	1	3.453
970	virginity	7524	0.092	1	1	3.447
971	trading	7537	0.092	1	1	3.445
972	game	15105	0.184	2	2	3.441
973	waters	83222	1.014	11	8	3.439
974	feathers	15142	0.185	2	2	3.438
975	becometh	7573	0.092	1	1	3.438
976	authorized	7582	0.092	1	1	3.436
977	swears	7600	0.093	1	1	3.433
978	staying	7629	0.093	1	1	3.427
979	wife	214853	2.618	28	18	3.419
980	painting	7700	0.094	1	1	3.414
981	heed	61679	0.752	8	2	3.412
982	withered	7711	0.094	1	1	3.411
983	husbands	30992	0.378	4	4	3.405
984	recreation	7766	0.095	1	1	3.402
985	stripped	7820	0.095	1	1	3.391
986	Band	15714	0.192	2	1	3.385
987	quicquid	7912	0.096	1	1	3.375
988	joins	7933	0.097	1	1	3.37
989	hedge	8009	0.098	1	1	3.357
990	pick	8026	0.098	1	1	3.354
991	Hostess	8115	0.099	1	1	3.338
992	Colleges	8166	0.1	1	1	3.329
993	doctrines	40858	0.498	5	4	3.328
994	duo	8176	0.1	1	1	3.328
995	penny	16458	0.201	2	2	3.318
996	adultery	24714	0.301	3	3	3.316
997	curiously	8315	0.101	1	1	3.303
998	Agrippa	8329	0.102	1	1	3.3
999	woman	183598	2.237	22	20	3.298
1000	strings	8377	0.102	1	1	3.292
1001	impediment	8393	0.102	1	1	3.289
1002	Revelation	41988	0.512	5	5	3.289
1003	clad	8414	0.103	1	1	3.286
1004	sports	8466	0.103	1	1	3.276
1005	triangle	8514	0.104	1	1	3.268
1006	Ram	8617	0.105	1	1	3.252
1007	lots	8708	0.106	1	1	3.237
1008	damnable	17583	0.214	2	2	3.222
1009	unexpected	8797	0.107	1	1	3.222
1010	sitting	35270	0.43	4	4	3.218
1011	plains	8832	0.108	1	1	3.216
1012	Roman	141472	1.724	16	13	3.214
1013	magnificence	8848	0.108	1	1	3.214
1014	steed	8886	0.108	1	1	3.207
1015	deformed	8948	0.109	1	1	3.198
1016	steal	17906	0.218	2	2	3.196
1017	lovers	26913	0.328	3	3	3.193
1018	paint	8989	0.11	1	1	3.191
1019	pleads	8993	0.11	1	1	3.19
1020	Dragon	18054	0.22	2	2	3.184
1021	hie	9054	0.11	1	1	3.18
1022	guarded	9072	0.111	1	1	3.178
1023	drunkenness	18268	0.223	2	2	3.167
1024	crossed	9149	0.112	1	1	3.165
1025	drown	9177	0.112	1	1	3.161
1026	subtle	36810	0.449	4	2	3.156
1027	proud	73660	0.898	8	7	3.156
1028	overthrow	36900	0.45	4	3	3.153
1029	enraged	9233	0.113	1	1	3.152
1030	likelihood	9249	0.113	1	1	3.149
1031	conversant	9246	0.113	1	1	3.149
1032	diminished	9251	0.113	1	1	3.149
1033	defile	9264	0.113	1	1	3.147
1034	Coach	9292	0.113	1	1	3.143
1035	adhere	9298	0.113	1	1	3.142
1036	declining	9313	0.114	1	1	3.139
1037	stays	9340	0.114	1	1	3.135
1038	flat	18766	0.229	2	2	3.128
1039	richly	9389	0.114	1	1	3.128
1040	blows	18837	0.23	2	2	3.123
1041	closely	9419	0.115	1	1	3.123
1042	Benefices	9458	0.115	1	1	3.117
1043	dr	9464	0.115	1	1	3.117
1044	Tobacco	9488	0.116	1	1	3.113
1045	46.	9502	0.116	1	1	3.11
1046	deluded	9504	0.116	1	1	3.11
1047	wives	57399	0.7	6	6	3.101
1048	Muses	9656	0.118	1	1	3.087
1049	hills	29127	0.355	3	3	3.079
1050	abhor	19419	0.237	2	2	3.079
1051	Exit	19436	0.237	2	2	3.078
1052	nostrils	9776	0.119	1	1	3.07
1053	furniture	9851	0.12	1	1	3.059
1054	fo	9885	0.121	1	1	3.053
1055	Nice	19841	0.242	2	2	3.048
1056	servile	9971	0.122	1	1	3.041
1057	Excepting	9977	0.122	1	1	3.04
1058	Daughters	40010	0.488	4	4	3.036
1059	Sack	10141	0.124	1	1	3.016
1060	Embraces	10141	0.124	1	1	3.016
1061	Imprinted	10174	0.124	1	1	3.012
1062	disobedient	10184	0.124	1	1	3.01
1063	unclean	30723	0.374	3	3	3.002
1064	playing	10275	0.125	1	1	2.998
1065	agreeing	10294	0.125	1	1	2.995
1066	stain	10288	0.125	1	1	2.995
1067	impudence	10304	0.126	1	1	2.993
1068	discovering	10322	0.126	1	1	2.991
1069	dog	30988	0.378	3	3	2.99
1070	coloured	10332	0.126	1	1	2.99
1071	lusty	10354	0.126	1	1	2.986
1072	presumptuous	10383	0.127	1	1	2.983
1073	Synagogue	10391	0.127	1	1	2.982
1074	tribute	20800	0.254	2	2	2.98
1075	swearing	20821	0.254	2	2	2.979
1076	condemnation	31282	0.381	3	3	2.976
1077	fetched	10432	0.127	1	1	2.976
1078	parson	10471	0.128	1	1	2.97
1079	breeds	10535	0.128	1	1	2.961
1080	cheat	10600	0.129	1	1	2.952
1081	granting	10607	0.129	1	1	2.951
1082	Societies	10616	0.129	1	1	2.95
1083	facto	10681	0.13	1	1	2.941
1084	marrow	10704	0.13	1	1	2.939
1085	description	42949	0.523	4	4	2.934
1086	fie	32306	0.394	3	2	2.93
1087	deep	75511	0.92	7	7	2.927
1088	win	32483	0.396	3	3	2.922
1089	calais	10880	0.133	1	1	2.915
1090	pox	10902	0.133	1	1	2.912
1091	Jealousy	21960	0.268	2	2	2.902
1092	parcel	10999	0.134	1	1	2.9
1093	Infamous	11020	0.134	1	1	2.896
1094	65	11021	0.134	1	1	2.896
1095	turk	22087	0.269	2	2	2.894
1096	walks	11050	0.135	1	1	2.892
1097	Theft	11086	0.135	1	1	2.888
1098	't	11120	0.136	1	1	2.884
1099	marks	33471	0.408	3	2	2.879
1100	flourished	11210	0.137	1	1	2.872
1101	Idol	22562	0.275	2	2	2.863
1102	witty	11290	0.138	1	1	2.861
1103	Answ.	11309	0.138	1	1	2.859
1104	protestation	11307	0.138	1	1	2.859
1105	dim	11370	0.139	1	1	2.851
1106	advanced	34128	0.416	3	3	2.851
1107	afflict	11385	0.139	1	1	2.85
1108	damned	34243	0.417	3	2	2.846
1109	prodigal	11427	0.139	1	1	2.845
1110	vowed	11454	0.14	1	1	2.841
1111	prima	11491	0.14	1	1	2.837
1112	abominable	22990	0.28	2	2	2.835
1113	hearken	23019	0.281	2	1	2.834
1114	committing	11606	0.141	1	1	2.822
1115	odious	23239	0.283	2	2	2.82
1116	Husband	105631	1.287	9	9	2.806
1117	wondered	11794	0.144	1	1	2.799
1118	habit	35431	0.432	3	3	2.797
1119	laying	35626	0.434	3	3	2.789
1120	filth	11883	0.145	1	1	2.788
1121	maids	11895	0.145	1	1	2.786
1122	XVIII	11914	0.145	1	1	2.784
1123	loud	23920	0.292	2	2	2.778
1124	signify	59908	0.73	5	4	2.776
1125	Bride	12056	0.147	1	1	2.767
1126	hunt	12065	0.147	1	1	2.766
1127	alliance	12060	0.147	1	1	2.766
1128	describes	12069	0.147	1	1	2.765
1129	pleaseth	24152	0.294	2	1	2.765
1130	compel	12119	0.148	1	1	2.759
1131	Iudah	12172	0.148	1	1	2.753
1132	amorous	12171	0.148	1	1	2.753
1133	pledge	12190	0.149	1	1	2.751
1134	discontent	12204	0.149	1	1	2.75
1135	proclaim	12226	0.149	1	1	2.747
1136	quoth	36867	0.449	3	3	2.739
1137	base	61654	0.751	5	5	2.734
1138	Fetch	24696	0.301	2	2	2.733
1139	delicate	12414	0.151	1	1	2.725
1140	worn	12479	0.152	1	1	2.717
1141	knife	12510	0.152	1	1	2.714
1142	mother	150593	1.835	12	10	2.709
1143	murderer	12581	0.153	1	1	2.706
1144	slander	12613	0.154	1	1	2.702
1145	trust	126242	1.538	10	1	2.7
1146	blinded	12718	0.155	1	1	2.69
1147	attendance	12777	0.156	1	1	2.683
1148	crafty	12823	0.156	1	1	2.678
1149	sway	12829	0.156	1	1	2.678
1150	lodge	12832	0.156	1	1	2.677
1151	qualities	38805	0.473	3	3	2.665
1152	51	25891	0.316	2	1	2.664
1153	agent	12951	0.158	1	1	2.664
1154	forsooth	12960	0.158	1	1	2.663
1155	complexion	13038	0.159	1	1	2.654
1156	raging	13043	0.159	1	1	2.654
1157	lover	26112	0.318	2	2	2.652
1158	forsake	52263	0.637	4	4	2.651
1159	80	13074	0.159	1	1	2.65
1160	minus	13087	0.16	1	1	2.648
1161	blush	13133	0.16	1	1	2.644
1162	esteemed	52613	0.641	4	4	2.641
1163	Hosts	13174	0.161	1	1	2.639
1164	territories	13207	0.161	1	1	2.636
1165	Lev	13206	0.161	1	1	2.636
1166	departing	13235	0.161	1	1	2.632
1167	married	66560	0.811	5	4	2.624
1168	spent	53460	0.652	4	4	2.618
1169	dressed	13382	0.163	1	1	2.616
1170	garments	26823	0.327	2	2	2.613
1171	bloody	53730	0.655	4	2	2.611
1172	despite	13448	0.164	1	1	2.609
1173	manifestation	13497	0.165	1	1	2.604
1174	Virgin	54072	0.659	4	4	2.602
1175	42.	13551	0.165	1	1	2.599
1176	burn	40670	0.496	3	3	2.598
1177	coals	13558	0.165	1	1	2.598
1178	daughter	108707	1.325	8	7	2.594
1179	Protector	13587	0.166	1	1	2.594
1180	Chase	13640	0.166	1	1	2.589
1181	spoils	13640	0.166	1	1	2.589
1182	loath	27335	0.333	2	2	2.586
1183	evidently	27408	0.334	2	1	2.582
1184	lust	54865	0.669	4	4	2.581
1185	harbour	13726	0.167	1	1	2.579
1186	dares	13753	0.168	1	1	2.577
1187	fool	41266	0.503	3	3	2.577
1188	"	41388	0.504	3	2	2.573
1189	openly	41440	0.505	3	2	2.571
1190	morrow	27739	0.338	2	1	2.565
1191	women	152987	1.864	11	9	2.561
1192	forbids	13966	0.17	1	1	2.555
1193	kills	14012	0.171	1	1	2.55
1194	wisest	14043	0.171	1	1	2.547
1195	charms	14109	0.172	1	1	2.54
1196	Wholesome	28319	0.345	2	2	2.535
1197	subtlety	14163	0.173	1	1	2.534
1198	her	1811491	22.075	127	76	2.524
1199	cunning	28670	0.349	2	2	2.517
1200	price	57392	0.699	4	4	2.516
1201	supposes	14355	0.175	1	1	2.515
1202	'll	158479	1.931	11	9	2.51
1203	assemblies	28871	0.352	2	2	2.507
1204	ipso	14545	0.177	1	1	2.497
1205	buildings	14646	0.179	1	1	2.486
1206	fairest	14727	0.18	1	1	2.478
1207	excused	14733	0.18	1	1	2.478
1208	Covetousness	29703	0.362	2	2	2.466
1209	Yes	44644	0.544	3	3	2.463
1210	destruction	89423	1.09	6	3	2.461
1211	publicly	29824	0.363	2	2	2.46
1212	fervent	14967	0.182	1	1	2.455
1213	Indian	14985	0.183	1	1	2.453
1214	merry	30040	0.366	2	1	2.45
1215	Lightly	15080	0.184	1	1	2.444
1216	mischiefs	15127	0.184	1	1	2.44
1217	loco	15190	0.185	1	1	2.434
1218	foe	15213	0.185	1	1	2.431
1219	unnatural	15260	0.186	1	1	2.427
1220	lie	168129	2.049	11	9	2.425
1221	grown	45966	0.56	3	3	2.421
1222	muse	15327	0.187	1	1	2.42
1223	flourish	15463	0.188	1	1	2.408
1224	merchandise	15488	0.189	1	1	2.406
1225	ruined	15482	0.189	1	1	2.406
1226	tear	15500	0.189	1	1	2.404
1227	represent	31012	0.378	2	1	2.404
1228	58	15554	0.19	1	1	2.4
1229	mentions	15583	0.19	1	1	2.397
1230	expound	15629	0.191	1	1	2.392
1231	deserts	15722	0.192	1	1	2.384
1232	drinks	15747	0.192	1	1	2.382
1233	maintain	78757	0.96	5	5	2.381
1234	hot	94567	1.152	6	5	2.38
1235	reigns	15787	0.192	1	1	2.378
1236	abused	31590	0.385	2	2	2.377
1237	penitent	15876	0.194	1	1	2.37
1238	Hang	31830	0.388	2	1	2.366
1239	quench	15945	0.194	1	1	2.364
1240	lewd	15983	0.195	1	1	2.36
1241	're	16048	0.196	1	1	2.354
1242	Deuteronomy	64271	0.783	4	4	2.353
1243	fitly	16083	0.196	1	1	2.351
1244	meanest	16212	0.198	1	1	2.339
1245	she	1006738	12.268	62	48	2.337
1246	deaths	16238	0.198	1	1	2.337
1247	Wh	48807	0.595	3	3	2.334
1248	proclaimed	16275	0.198	1	1	2.334
1249	hereunto	16278	0.198	1	1	2.334
1250	lament	16334	0.199	1	1	2.329
1251	Sheriff	16356	0.199	1	1	2.327
1252	licence	16353	0.199	1	1	2.327
1253	silly	16358	0.199	1	1	2.327
1254	sale	16370	0.2	1	1	2.326
1255	female	16395	0.2	1	1	2.323
1256	ore	16392	0.2	1	1	2.323
1257	divide	32819	0.4	2	2	2.322
1258	Bar	32896	0.401	2	1	2.319
1259	keep	313074	3.815	19	14	2.316
1260	quarrel	32992	0.402	2	2	2.315
1261	impious	16500	0.201	1	1	2.314
1262	fits	16510	0.201	1	1	2.313
1263	destroyed	66138	0.806	4	1	2.311
1264	golden	49785	0.607	3	3	2.306
1265	causing	16632	0.203	1	1	2.303
1266	burnt	50113	0.611	3	3	2.296
1267	col	16743	0.204	1	1	2.293
1268	seals	16820	0.205	1	1	2.286
1269	judgment	235552	2.87	14	9	2.286
1270	foretold	16838	0.205	1	1	2.285
1271	offenders	16839	0.205	1	1	2.285
1272	ma	16855	0.205	1	1	2.283
1273	renew	16858	0.205	1	1	2.283
1274	hates	16898	0.206	1	1	2.28
1275	cleared	17054	0.208	1	1	2.267
1276	rid	17118	0.209	1	1	2.261
1277	studies	17122	0.209	1	1	2.261
1278	young	171502	2.09	10	9	2.258
1279	maist	17147	0.209	1	1	2.258
1280	discerned	17249	0.21	1	1	2.25
1281	stuff	17295	0.211	1	1	2.246
1282	infected	17325	0.211	1	1	2.244
1283	scorn	34703	0.423	2	2	2.242
1284	trusted	17518	0.214	1	1	2.228
1285	Forbear	35085	0.428	2	2	2.226
1286	Gall	17567	0.214	1	1	2.224
1287	Apostasy	17588	0.214	1	1	2.222
1288	sends	35230	0.429	2	2	2.22
1289	Popish	53150	0.648	3	2	2.212
1290	butter	17830	0.217	1	1	2.202
1291	pillars	17842	0.217	1	1	2.202
1292	Catholics	17885	0.218	1	1	2.198
1293	stage	17895	0.218	1	1	2.197
1294	meddle	17894	0.218	1	1	2.197
1295	type	17907	0.218	1	1	2.196
1296	smooth	17906	0.218	1	1	2.196
1297	Esa	17912	0.218	1	1	2.196
1298	sport	17952	0.219	1	1	2.192
1299	trade	71989	0.877	4	3	2.189
1300	betrayed	18001	0.219	1	1	2.188
1301	Luther	36123	0.44	2	2	2.184
1302	defiled	18090	0.22	1	1	2.182
1303	advance	36366	0.443	2	2	2.174
1304	Clerk	18200	0.222	1	1	2.173
1305	marked	18201	0.222	1	1	2.173
1306	condemned	91164	1.111	5	5	2.17
1307	stately	18235	0.222	1	1	2.17
1308	enters	18257	0.223	1	1	2.168
1309	leading	18263	0.223	1	1	2.167
1310	turned	109846	1.339	6	4	2.164
1311	redeem	18342	0.224	1	1	2.162
1312	monarch	18420	0.225	1	1	2.155
1313	minor	18443	0.225	1	1	2.154
1314	modest	18444	0.225	1	1	2.153
1315	lets	18569	0.226	1	1	2.144
1316	lodging	18632	0.227	1	1	2.139
1317	Captive	18662	0.227	1	1	2.137
1318	hell	149518	1.822	8	6	2.134
1319	monstrous	18738	0.228	1	1	2.131
1320	plagues	18774	0.229	1	1	2.128
1321	Hist.	18785	0.229	1	1	2.127
1322	sit	131502	1.603	7	4	2.127
1323	shame	94222	1.148	5	5	2.123
1324	vengeance	37813	0.461	2	2	2.118
1325	Italian	18997	0.232	1	1	2.111
1326	overthrown	19023	0.232	1	1	2.109
1327	tempest	19049	0.232	1	1	2.107
1328	imitation	19146	0.233	1	1	2.1
1329	lies	96467	1.176	5	5	2.089
1330	reprove	19294	0.235	1	1	2.089
1331	hide	38812	0.473	2	2	2.08
1332	Tertullian	19440	0.237	1	1	2.078
1333	del	19504	0.238	1	1	2.073
1334	breasts	19504	0.238	1	1	2.073
1335	habitation	19587	0.239	1	1	2.067
1336	uttered	19627	0.239	1	1	2.064
1337	chastity	19740	0.241	1	1	2.056
1338	embraced	19758	0.241	1	1	2.054
1339	jealous	19806	0.241	1	1	2.051
1340	23.	59639	0.727	3	3	2.045
1341	great	1790493	21.819	90	38	2.044
1342	term	59683	0.727	3	3	2.044
1343	36	39832	0.485	2	2	2.043
1344	keeps	40024	0.488	2	2	2.036
1345	simplicity	20072	0.245	1	1	2.032
1346	seven	120863	1.473	6	6	2.026
1347	constable	20148	0.246	1	1	2.026
1348	Lent	20167	0.246	1	1	2.024
1349	counterfeit	20191	0.246	1	1	2.023
1350	fain	40564	0.494	2	2	2.017
1351	excellency	60896	0.742	3	2	2.015
1352	Israel	162651	1.982	8	7	2.013
1353	common	346098	4.218	17	15	2.011
1354	converted	40728	0.496	2	2	2.011
1355	notable	40823	0.498	2	1	2.007
1356	tie	20437	0.249	1	1	2.006
1357	chaste	20646	0.252	1	1	1.991
1358	'd	144543	1.761	7	6	1.991
1359	corner	20657	0.252	1	1	1.99
1360	lease	20724	0.253	1	1	1.986
1361	Rewards	20903	0.255	1	1	1.973
1362	Es	21017	0.256	1	1	1.965
1363	seated	21058	0.257	1	1	1.962
1364	corrupt	63197	0.77	3	3	1.962
1365	unprofitable	21130	0.258	1	1	1.957
1366	mystical	21135	0.258	1	1	1.957
1367	consult	21149	0.258	1	1	1.956
1368	discovered	63467	0.773	3	3	1.956
1369	Fly	84799	1.033	4	4	1.953
1370	slave	21201	0.258	1	1	1.952
1371	Bellarmine	21215	0.259	1	1	1.952
1372	fee	21237	0.259	1	1	1.95
1373	Politic	21242	0.259	1	1	1.95
1374	precious	85205	1.038	4	4	1.946
1375	freely	63939	0.779	3	3	1.945
1376	Proverb	21331	0.26	1	1	1.944
1377	Tale	21357	0.26	1	1	1.942
1378	train	21461	0.262	1	1	1.935
1379	foul	43393	0.529	2	2	1.919
1380	Wales	21702	0.265	1	1	1.919
1381	fidelity	21748	0.265	1	1	1.916
1382	entitled	21778	0.265	1	1	1.914
1383	compared	43800	0.534	2	1	1.906
1384	call	328774	4.006	15	11	1.905
1385	Laugh	21938	0.267	1	1	1.903
1386	Stile	21951	0.268	1	1	1.902
1387	Chair	21959	0.268	1	1	1.902
1388	tempted	22002	0.268	1	1	1.899
1389	Irish	22076	0.269	1	1	1.894
1390	knees	22165	0.27	1	1	1.888
1391	Mars	22203	0.271	1	1	1.886
1392	scope	22219	0.271	1	1	1.885
1393	reputation	44574	0.543	2	2	1.88
1394	17	133873	1.631	6	5	1.879
1395	il	44690	0.545	2	1	1.877
1396	secrets	22386	0.273	1	1	1.874
1397	di	44811	0.546	2	1	1.873
1398	ruled	22509	0.274	1	1	1.866
1399	spouse	22595	0.275	1	1	1.861
1400	abuse	45195	0.551	2	2	1.861
1401	boldness	22766	0.277	1	1	1.85
1402	similitude	22791	0.278	1	1	1.848
1403	settled	45575	0.555	2	2	1.848
1404	indignation	22811	0.278	1	1	1.847
1405	prosper	22839	0.278	1	1	1.845
1406	admire	22861	0.279	1	1	1.844
1407	shadow	45786	0.558	2	2	1.842
1408	imitate	22952	0.28	1	1	1.838
1409	smoke	23076	0.281	1	1	1.83
1410	urged	23145	0.282	1	1	1.826
1411	obeyed	23197	0.283	1	1	1.823
1412	wisely	23259	0.283	1	1	1.819
1413	vice	46611	0.568	2	2	1.816
1414	stroke	23344	0.285	1	1	1.813
1415	minded	23388	0.285	1	1	1.811
1416	drink	140890	1.717	6	6	1.805
1417	Cyprian	23570	0.287	1	1	1.8
1418	dwell	70987	0.865	3	2	1.794
1419	thinks	71088	0.866	3	3	1.792
1420	dance	23697	0.289	1	1	1.792
1421	entering	23761	0.29	1	1	1.788
1422	Jew	23762	0.29	1	1	1.788
1423	offers	23765	0.29	1	1	1.788
1424	hears	23785	0.29	1	1	1.787
1425	drowned	24043	0.293	1	1	1.771
1426	Shake	24043	0.293	1	1	1.771
1427	boast	24120	0.294	1	1	1.767
1428	absent	24129	0.294	1	1	1.766
1429	worst	48340	0.589	2	2	1.763
1430	farewell	24180	0.295	1	1	1.763
1431	whiles	24191	0.295	1	1	1.762
1432	eat	145185	1.769	6	3	1.762
1433	worse	96916	1.181	4	4	1.76
1434	decreed	24249	0.296	1	1	1.759
1435	younger	24318	0.296	1	1	1.755
1436	discharged	24372	0.297	1	1	1.751
1437	became	73544	0.896	3	3	1.743
1438	spoken	147126	1.793	6	6	1.743
1439	histories	24576	0.3	1	1	1.739
1440	complaint	24586	0.3	1	1	1.739
1441	become	172873	2.107	7	6	1.732
1442	woods	24782	0.302	1	1	1.727
1443	Angel	74694	0.91	3	1	1.721
1444	imperfect	24941	0.304	1	1	1.718
1445	companions	24999	0.305	1	1	1.715
1446	dwells	25035	0.305	1	1	1.713
1447	Hypocrisy	25137	0.306	1	1	1.707
1448	impossible	75536	0.921	3	3	1.704
1449	masters	75576	0.921	3	3	1.704
1450	secretly	25285	0.308	1	1	1.699
1451	properties	25319	0.309	1	1	1.697
1452	loves	76043	0.927	3	2	1.695
1453	marvel	25347	0.309	1	1	1.695
1454	smell	25352	0.309	1	1	1.695
1455	Hated	25471	0.31	1	1	1.688
1456	covetous	25513	0.311	1	1	1.685
1457	sex	25550	0.311	1	1	1.684
1458	Popes	76677	0.934	3	2	1.683
1459	clothed	25607	0.312	1	1	1.68
1460	signification	25765	0.314	1	1	1.671
1461	convinced	25766	0.314	1	1	1.671
1462	Salomon	25808	0.315	1	1	1.669
1463	a	14471665	176.35	559	177	1.664
1464	Philosopher	25888	0.316	1	1	1.664
1465	suspected	25911	0.316	1	1	1.663
1466	opening	25968	0.316	1	1	1.66
1467	Streets	26115	0.318	1	1	1.652
1468	looks	52264	0.637	2	2	1.651
1469	43	26174	0.319	1	1	1.648
1470	mark	131282	1.6	5	5	1.644
1471	entreat	26388	0.322	1	1	1.637
1472	foolish	52888	0.645	2	2	1.634
1473	wanted	26501	0.323	1	1	1.631
1474	tom	26564	0.324	1	1	1.627
1475	refuse	53146	0.648	2	1	1.627
1476	behaviour	26702	0.325	1	1	1.62
1477	deadly	26719	0.326	1	1	1.619
1478	modesty	26836	0.327	1	1	1.613
1479	broke	26875	0.328	1	1	1.61
1480	Venus	26929	0.328	1	1	1.607
1481	stayed	26971	0.329	1	1	1.605
1482	bears	54088	0.659	2	2	1.601
1483	suspicion	27149	0.331	1	1	1.596
1484	mystery	54678	0.666	2	1	1.586
1485	44	27360	0.333	1	1	1.585
1486	?	2527462	30.799	92	44	1.579
1487	thereupon	55032	0.671	2	2	1.576
1488	discover	55186	0.673	2	2	1.572
1489	Boy	27639	0.337	1	1	1.57
1490	Gal	55443	0.676	2	1	1.566
1491	stick	27742	0.338	1	1	1.564
1492	room	55576	0.677	2	1	1.562
1493	forsaken	27796	0.339	1	1	1.562
1494	hanged	27832	0.339	1	1	1.56
1495	turn	167524	2.041	6	6	1.555
1496	amongst	251926	3.07	9	9	1.552
1497	slaves	28066	0.342	1	1	1.548
1498	judged	56237	0.685	2	2	1.545
1499	woe	28149	0.343	1	1	1.544
1500	accounted	56307	0.686	2	1	1.544
1501	Lady	112639	1.373	4	4	1.543
1502	followers	28164	0.343	1	1	1.543
1503	doom	28591	0.348	1	1	1.521
1504	touch	57247	0.698	2	2	1.52
1505	solid	28842	0.352	1	1	1.508
1506	hole	28915	0.352	1	1	1.505
1507	Vision	28960	0.353	1	1	1.503
1508	borne	86876	1.059	3	2	1.503
1509	Ah	29075	0.354	1	1	1.497
1510	Keeping	58223	0.71	2	2	1.495
1511	weather	29174	0.356	1	1	1.492
1512	view	58441	0.712	2	2	1.49
1513	zealous	29282	0.357	1	1	1.487
1514	Westminster	29288	0.357	1	1	1.486
1515	Shown	29305	0.357	1	1	1.486
1516	cry	87922	1.071	3	3	1.485
1517	paid	58812	0.717	2	2	1.481
1518	honesty	29498	0.36	1	1	1.476
1519	miracle	29540	0.36	1	1	1.474
1520	Devils	59091	0.72	2	2	1.474
1521	condemn	59378	0.724	2	2	1.467
1522	permit	29877	0.364	1	1	1.458
1523	rank	29920	0.365	1	1	1.456
1524	doors	29993	0.366	1	1	1.452
1525	revenge	60376	0.736	2	2	1.443
1526	face	181454	2.211	6	5	1.44
1527	gentlemen	60495	0.737	2	2	1.44
1528	super	30308	0.369	1	1	1.437
1529	affirmed	30406	0.371	1	1	1.432
1530	calls	121932	1.486	4	4	1.429
1531	Howsoever	30491	0.372	1	1	1.428
1532	permitted	30542	0.372	1	1	1.426
1533	Make	1313915	16.011	43	37	1.425
1534	strike	30636	0.373	1	1	1.422
1535	Anointed	30642	0.373	1	1	1.421
1536	speeches	30693	0.374	1	1	1.419
1537	star	30709	0.374	1	1	1.418
1538	absence	30716	0.374	1	1	1.418
1539	called	768363	9.363	25	21	1.417
1540	testify	30813	0.376	1	1	1.413
1541	Idols	30951	0.377	1	1	1.407
1542	consumed	31042	0.378	1	1	1.402
1543	'm	31244	0.381	1	1	1.393
1544	whose	468798	5.713	15	15	1.393
1545	else	281410	3.429	9	7	1.392
1546	terror	31309	0.382	1	1	1.39
1547	prevent	62672	0.764	2	2	1.389
1548	yearly	31375	0.382	1	1	1.387
1549	depart	62947	0.767	2	2	1.383
1550	bringeth	31606	0.385	1	1	1.377
1551	medicine	31615	0.385	1	1	1.376
1552	sooner	63462	0.773	2	2	1.371
1553	wished	31831	0.388	1	1	1.366
1554	bondage	31829	0.388	1	1	1.366
1555	presume	31879	0.389	1	1	1.364
1556	dost	31931	0.389	1	1	1.362
1557	cries	32046	0.391	1	1	1.357
1558	interpretation	32092	0.391	1	1	1.354
1559	dogs	32101	0.391	1	1	1.354
1560	Doubtless	32131	0.392	1	1	1.353
1561	speaking	96859	1.18	3	3	1.346
1562	expectation	32361	0.394	1	1	1.343
1563	like	1070087	13.04	33	30	1.34
1564	died	97793	1.192	3	3	1.332
1565	Francis	32629	0.398	1	1	1.331
1566	greatness	65345	0.796	2	1	1.329
1567	innocent	65570	0.799	2	2	1.324
1568	hours	65642	0.8	2	2	1.322
1569	serves	32991	0.402	1	1	1.315
1570	Peoples	33008	0.402	1	1	1.314
1571	endure	66031	0.805	2	2	1.314
1572	maid	33079	0.403	1	1	1.311
1573	chose	33127	0.404	1	1	1.309
1574	Chapter	132959	1.62	4	1	1.304
1575	discovery	33358	0.407	1	1	1.299
1576	save	133689	1.629	4	3	1.296
1577	fall	267911	3.265	8	7	1.293
1578	hazard	33564	0.409	1	1	1.29
1579	receives	33599	0.409	1	1	1.288
1580	colour	100836	1.229	3	2	1.288
1581	sees	33635	0.41	1	1	1.287
1582	miserable	67471	0.822	2	2	1.282
1583	soldier	33917	0.413	1	1	1.275
1584	triumph	33934	0.414	1	1	1.274
1585	house	407406	4.965	12	11	1.273
1586	dare	135920	1.656	4	4	1.272
1587	horse	136110	1.659	4	4	1.27
1588	bred	34100	0.416	1	1	1.267
1589	Throne	68392	0.833	2	1	1.263
1590	Poet	34204	0.417	1	1	1.263
1591	professed	34256	0.417	1	1	1.26
1592	pleasing	34281	0.418	1	1	1.259
1593	Item	34287	0.418	1	1	1.259
1594	wit	172149	2.098	5	3	1.253
1595	physic	34467	0.42	1	1	1.252
1596	appeared	69228	0.844	2	2	1.245
1597	twenty	103869	1.266	3	3	1.245
1598	friend	138523	1.688	4	4	1.245
1599	reproach	34657	0.422	1	1	1.244
1600	bare	69451	0.846	2	2	1.241
1601	oft	69946	0.852	2	2	1.23
1602	blame	34974	0.426	1	1	1.23
1603	broad	35012	0.427	1	1	1.229
1604	longer	105304	1.283	3	3	1.225
1605	promised	105333	1.284	3	3	1.225
1606	Fight	105643	1.287	3	3	1.221
1607	fools	35223	0.429	1	1	1.22
1608	Fate	35533	0.433	1	1	1.208
1609	choose	71078	0.866	2	2	1.207
1610	ran	35556	0.433	1	1	1.207
1611	whom	782727	9.538	22	20	1.206
1612	properly	71363	0.87	2	2	1.202
1613	song	35727	0.435	1	1	1.2
1614	stock	35766	0.436	1	1	1.198
1615	buy	35853	0.437	1	1	1.195
1616	acknowledged	35881	0.437	1	1	1.194
1617	38	35927	0.438	1	1	1.192
1618	hither	36037	0.439	1	1	1.187
1619	despair	36035	0.439	1	1	1.187
1620	secret	108173	1.318	3	3	1.186
1621	O	541781	6.602	15	9	1.184
1622	afterward	72483	0.883	2	2	1.179
1623	pleasant	72707	0.886	2	2	1.175
1624	birds	36376	0.443	1	1	1.174
1625	fail	73352	0.894	2	2	1.162
1626	practised	36690	0.447	1	1	1.161
1627	resolve	36730	0.448	1	1	1.16
1628	Vast	36772	0.448	1	1	1.158
1629	wealth	73703	0.898	2	2	1.155
1630	mouths	36905	0.45	1	1	1.153
1631	merchants	36943	0.45	1	1	1.151
1632	clothes	36950	0.45	1	1	1.151
1633	albeit	73943	0.901	2	2	1.15
1634	warm	37060	0.452	1	1	1.147
1635	wherewith	74362	0.906	2	2	1.142
1636	!	371996	4.533	10	5	1.141
1637	Jesuits	37256	0.454	1	1	1.139
1638	spend	37287	0.454	1	1	1.138
1639	temptation	37377	0.456	1	1	1.134
1640	saint	186918	2.278	5	4	1.134
1641	midst	74832	0.912	2	2	1.133
1642	servants	149996	1.828	4	4	1.13
1643	numbers	37529	0.457	1	1	1.129
1644	open	187653	2.287	5	5	1.129
1645	fifty	37601	0.458	1	1	1.126
1646	money	188212	2.294	5	5	1.124
1647	old	414305	5.049	11	9	1.124
1648	separate	37702	0.459	1	1	1.122
1649	Thou	1398203	17.038	37	26	1.119
1650	ecclesiastical	75702	0.923	2	1	1.116
1651	lived	113584	1.384	3	3	1.116
1652	apparent	37871	0.462	1	1	1.116
1653	Evening	37929	0.462	1	1	1.113
1654	brave	38044	0.464	1	1	1.109
1655	whereunto	38047	0.464	1	1	1.109
1656	Son	570683	6.954	15	9	1.109
1657	lips	38066	0.464	1	1	1.108
1658	Devil	190658	2.323	5	5	1.106
1659	vulgar	38139	0.465	1	1	1.105
1660	Host	38170	0.465	1	1	1.104
1661	saw	191431	2.333	5	3	1.1
1662	FINIS	38468	0.469	1	1	1.093
1663	18.	77389	0.943	2	2	1.085
1664	specially	38732	0.472	1	1	1.083
1665	next	271507	3.309	7	5	1.081
1666	justly	77751	0.948	2	2	1.078
1667	Essay	38918	0.474	1	1	1.076
1668	spare	38949	0.475	1	1	1.075
1669	Lordship	39217	0.478	1	1	1.065
1670	company	157530	1.92	4	4	1.059
1671	turns	39404	0.48	1	1	1.058
1672	valiant	39573	0.482	1	1	1.052
1673	below	39611	0.483	1	1	1.051
1674	differ	39678	0.484	1	1	1.048
1675	signifies	79472	0.968	2	2	1.046
1676	plead	39869	0.486	1	1	1.042
1677	terrible	39921	0.487	1	1	1.039
1678	Pope	240165	2.927	6	4	1.036
1679	names	120160	1.464	3	3	1.035
1680	ends	80149	0.977	2	2	1.034
1681	confessed	40109	0.489	1	1	1.033
1682	doth	963309	11.739	24	19	1.032
1683	Castle	80430	0.98	2	2	1.029
1684	mouth	161086	1.963	4	4	1.027
1685	runs	40288	0.491	1	1	1.026
1686	an	2497908	30.439	62	44	1.026
1687	Finally	40318	0.491	1	1	1.025
1688	hath	1823449	22.22	45	37	1.018
1689	sick	81507	0.993	2	2	1.01
1690	go	533648	6.503	13	11	0.999
1691	Wine	164447	2.004	4	4	0.997
1692	past	123448	1.504	3	2	0.996
1693	persecution	41265	0.503	1	1	0.992
1694	neither	537051	6.544	13	10	0.99
1695	proves	41434	0.505	1	1	0.986
1696	Colours	41565	0.507	1	1	0.981
1697	Accept	41690	0.508	1	1	0.977
1698	understood	125485	1.529	3	3	0.972
1699	Unknown	41827	0.51	1	1	0.972
1700	honey	41845	0.51	1	1	0.972
1701	offering	41936	0.511	1	1	0.969
1702	Manners	41947	0.511	1	1	0.968
1703	Gates	42043	0.512	1	1	0.965
1704	fire	294315	3.587	7	6	0.965
1705	rare	42119	0.513	1	1	0.962
1706	Countries	84816	1.034	2	2	0.952
1707	Nor	1146191	13.967	27	20	0.951
1708	verily	42479	0.518	1	1	0.95
1709	stands	85073	1.037	2	2	0.948
1710	cursed	42622	0.519	1	1	0.945
1711	's	1833403	22.342	43	29	0.945
1712	deal	85541	1.042	2	2	0.94
1713	rent	42785	0.521	1	1	0.94
1714	dangerous	85652	1.044	2	2	0.938
1715	glorious	128843	1.57	3	3	0.934
1716	shall	2624249	31.979	61	42	0.932
1717	frequent	43207	0.527	1	1	0.925
1718	18	129797	1.582	3	3	0.923
1719	built	87141	1.062	2	2	0.913
1720	endeavours	43626	0.532	1	1	0.912
1721	returned	87529	1.067	2	2	0.907
1722	Ergo	43824	0.534	1	1	0.905
1723	prove	220093	2.682	5	4	0.899
1724	humbly	44038	0.537	1	1	0.898
1725	Ibid.	44084	0.537	1	1	0.896
1726	leave	264688	3.225	6	6	0.895
1727	terms	88303	1.076	2	2	0.894
1728	grows	44157	0.538	1	1	0.894
1729	Better	443737	5.407	10	10	0.887
1730	got	88984	1.084	2	2	0.883
1731	gotten	44665	0.544	1	1	0.878
1732	privileges	44698	0.545	1	1	0.876
1733	false	224466	2.735	5	5	0.87
1734	usual	44893	0.547	1	1	0.87
1735	forced	89873	1.095	2	2	0.869
1736	draw	134904	1.644	3	3	0.868
1737	Treatise	45102	0.55	1	1	0.864
1738	chance	45225	0.551	1	1	0.86
1739	mans	181090	2.207	4	4	0.858
1740	tree	90586	1.104	2	2	0.857
1741	begun	45469	0.554	1	1	0.852
1742	stead	45532	0.555	1	1	0.85
1743	cried	45966	0.56	1	1	0.836
1744	stay	91988	1.121	2	2	0.835
1745	rage	46100	0.562	1	1	0.832
1746	store	46312	0.564	1	1	0.825
1747	SURELY	92689	1.13	2	2	0.824
1748	merciful	46370	0.565	1	1	0.823
1749	thy	1346327	16.406	29	20	0.822
1750	lands	92853	1.132	2	2	0.822
1751	flesh	279311	3.404	6	3	0.818
1752	showing	46685	0.569	1	1	0.814
1753	riches	93796	1.143	2	2	0.807
1754	16.	93810	1.143	2	2	0.807
1755	judgements	47124	0.574	1	1	0.8
1756	clear	141407	1.723	3	2	0.8
1757	W.	47212	0.575	1	1	0.798
1758	rightly	47299	0.576	1	1	0.795
1759	fury	47909	0.584	1	1	0.776
1760	noise	48078	0.586	1	1	0.771
1761	warrant	48147	0.587	1	1	0.769
1762	knows	144623	1.762	3	2	0.767
1763	earnest	48238	0.588	1	1	0.767
1764	head	338290	4.122	7	6	0.764
1765	violent	48514	0.591	1	1	0.758
1766	working	48604	0.592	1	1	0.756
1767	burning	48634	0.593	1	1	0.755
1768	Priests	145909	1.778	3	3	0.755
1769	fresh	48792	0.595	1	1	0.75
1770	something	97686	1.19	2	2	0.749
1771	commonly	97748	1.191	2	2	0.748
1772	noted	48905	0.596	1	1	0.747
1773	London	146866	1.79	3	3	0.745
1774	charged	49036	0.598	1	1	0.743
1775	rather	393402	4.794	8	8	0.739
1776	wicked	246712	3.006	5	5	0.734
1777	abundance	49441	0.603	1	1	0.731
1778	hatred	49444	0.603	1	1	0.731
1779	id	49498	0.603	1	1	0.729
1780	alive	49526	0.604	1	1	0.729
1781	taking	148788	1.813	3	3	0.727
1782	senses	49966	0.609	1	1	0.716
1783	then	2700348	32.906	54	39	0.715
1784	Lamb	50063	0.61	1	1	0.713
1785	suffered	100182	1.221	2	2	0.712
1786	goes	100413	1.224	2	2	0.709
1787	saved	100429	1.224	2	2	0.709
1788	journey	50247	0.612	1	1	0.708
1789	sets	50272	0.613	1	1	0.707
1790	take	907131	11.054	18	9	0.703
1791	Dominion	50446	0.615	1	1	0.702
1792	treasure	50519	0.616	1	1	0.7
1793	Fortune	101130	1.232	2	2	0.699
1794	putting	50647	0.617	1	1	0.696
1795	posterity	50699	0.618	1	1	0.695
1796	ARM	50968	0.621	1	1	0.687
1797	exercise	102303	1.247	2	2	0.682
1798	commit	51155	0.623	1	1	0.682
1799	fellow	51208	0.624	1	1	0.68
1800	prophecy	51210	0.624	1	1	0.68
1801	Magistrate	51237	0.624	1	1	0.679
1802	makes	359288	4.378	7	7	0.677
1803	commandments	51345	0.626	1	1	0.676
1804	Profess	51407	0.626	1	1	0.675
1805	fill	51476	0.627	1	1	0.673
1806	known	257669	3.14	5	5	0.671
1807	belonging	51565	0.628	1	1	0.67
1808	sweet	155475	1.895	3	3	0.663
1809	admitted	51831	0.632	1	1	0.663
1810	Kings	363629	4.431	7	5	0.66
1811	peculiar	51984	0.634	1	1	0.659
1812	sign	104160	1.269	2	2	0.656
1813	many	1356675	16.532	26	20	0.653
1814	believing	52233	0.637	1	1	0.652
1815	pen	52272	0.637	1	1	0.651
1816	parties	52516	0.64	1	1	0.644
1817	art	315875	3.849	6	5	0.64
1818	pride	105444	1.285	2	2	0.638
1819	loving	52941	0.645	1	1	0.632
1820	Sir	371184	4.523	7	7	0.63
1821	suddenly	53066	0.647	1	1	0.629
1822	instance	53150	0.648	1	1	0.627
1823	secure	53168	0.648	1	1	0.626
1824	still	373001	4.545	7	7	0.623
1825	13.	106799	1.301	2	2	0.62
1826	City	377406	4.599	7	6	0.606
1827	conversation	53957	0.658	1	1	0.605
1828	carry	108052	1.317	2	2	0.603
1829	Chap	271060	3.303	5	3	0.598
1830	sheweth	54422	0.663	1	1	0.592
1831	consequence	54571	0.665	1	1	0.589
1832	brings	54834	0.668	1	1	0.582
1833	meaning	110075	1.341	2	2	0.576
1834	mentioned	110171	1.343	2	2	0.575
1835	humours	55201	0.673	1	1	0.572
1836	Henry	110662	1.349	2	1	0.569
1837	*	55385	0.675	1	1	0.567
1838	once	277740	3.385	5	4	0.563
1839	sold	55694	0.679	1	1	0.559
1840	court	223217	2.72	4	4	0.556
1841	Satan	111662	1.361	2	2	0.556
1842	sometime	55884	0.681	1	1	0.554
1843	care	224334	2.734	4	3	0.549
1844	forty	56096	0.684	1	1	0.549
1845	breast	56115	0.684	1	1	0.548
1846	Thus	788750	9.612	14	14	0.543
1847	render	56345	0.687	1	1	0.542
1848	mountains	56383	0.687	1	1	0.541
1849	am	509469	6.208	9	8	0.536
1850	feast	56711	0.691	1	1	0.533
1851	satisfy	56748	0.692	1	1	0.532
1852	left	284479	3.467	5	3	0.528
1853	swear	56939	0.694	1	1	0.527
1854	elect	56959	0.694	1	1	0.527
1855	clearly	57009	0.695	1	1	0.526
1856	Idolatry	57073	0.696	1	1	0.524
1857	Master	228418	2.784	4	4	0.523
1858	:	8018849	97.717	140	89	0.519
1859	Apply	57357	0.699	1	1	0.517
1860	stomach	57673	0.703	1	1	0.509
1861	seeing	231216	2.818	4	4	0.506
1862	fallen	57829	0.705	1	1	0.505
1863	persuade	57909	0.706	1	1	0.503
1864	report	58002	0.707	1	1	0.501
1865	sudden	58065	0.708	1	1	0.499
1866	perish	58343	0.711	1	1	0.492
1867	season	58435	0.712	1	1	0.49
1868	giving	117136	1.427	2	2	0.487
1869	upon	2522161	30.735	43	27	0.484
1870	diseases	58776	0.716	1	1	0.482
1871	hart	58913	0.718	1	1	0.478
1872	proved	118293	1.442	2	2	0.472
1873	John	415725	5.066	7	4	0.467
1874	daily	119047	1.451	2	2	0.463
1875	19	119133	1.452	2	1	0.462
1876	feel	59669	0.727	1	1	0.46
1877	'	59808	0.729	1	1	0.456
1878	sake	119831	1.46	2	2	0.454
1879	supper	60000	0.731	1	1	0.452
1880	kept	180349	2.198	3	3	0.449
1881	quiet	60323	0.735	1	1	0.444
1882	spring	60792	0.741	1	1	0.433
1883	took	243304	2.965	4	4	0.432
1884	on	1948583	23.745	32	28	0.43
1885	considering	60911	0.742	1	1	0.43
1886	civil	121918	1.486	2	2	0.429
1887	wild	61696	0.752	1	1	0.412
1888	goods	123513	1.505	2	2	0.41
1889	Priest	123560	1.506	2	2	0.41
1890	bring	310345	3.782	5	5	0.403
1891	Italy	62147	0.757	1	1	0.401
1892	pleasure	186565	2.274	3	3	0.4
1893	scarce	62192	0.758	1	1	0.4
1894	t	186780	2.276	3	3	0.398
1895	pretended	62449	0.761	1	1	0.394
1896	deed	62715	0.764	1	1	0.388
1897	pity	62915	0.767	1	1	0.383
1898	rejoice	63078	0.769	1	1	0.38
1899	north	63334	0.772	1	1	0.374
1900	is	12301699	149.907	194	92	0.372
1901	continually	63423	0.773	1	1	0.372
1902	betwixt	127079	1.549	2	2	0.369
1903	with	6743369	82.174	106	71	0.367
1904	3.	318523	3.882	5	4	0.365
1905	)	3126749	38.102	49	37	0.363
1906	tell	255280	3.111	4	4	0.363
1907	Whilst	127767	1.557	2	2	0.361
1908	6.	191822	2.338	3	2	0.36
1909	that	17465266	212.829	273	133	0.359
1910	led	64006	0.78	1	1	0.358
1911	estates	64246	0.783	1	1	0.353
1912	door	64326	0.784	1	1	0.351
1913	west	64326	0.784	1	1	0.351
1914	the	59190422	721.285	920	211	0.351
1915	creatures	128964	1.572	2	2	0.348
1916	consequently	64502	0.786	1	1	0.347
1917	earth	451529	5.502	7	7	0.347
1918	live	322774	3.933	5	5	0.346
1919	absolute	64604	0.787	1	1	0.345
1920	truly	193999	2.364	3	3	0.344
1921	constant	64819	0.79	1	1	0.34
1922	,	97296499	1185.64	1494	287	0.334
1923	too	521045	6.349	8	6	0.333
1924	sacrifice	130353	1.589	2	2	0.332
1925	fit	197019	2.401	3	3	0.321
1926	times	394191	4.804	6	6	0.321
1927	lying	65748	0.801	1	1	0.32
1928	State	329799	4.019	5	5	0.315
1929	Gentleman	66021	0.805	1	1	0.314
1930	ibid	66183	0.807	1	1	0.31
1931	You	3714542	45.265	56	22	0.307
1932	nations	132713	1.617	2	2	0.307
1933	or	6140246	74.824	92	57	0.298
1934	please	133516	1.627	2	2	0.298
1935	prophet	133904	1.632	2	2	0.294
1936	success	67089	0.818	1	1	0.291
1937	fifth	67116	0.818	1	1	0.29
1938	language	67133	0.818	1	1	0.29
1939	white	134914	1.644	2	2	0.283
1940	observe	135204	1.648	2	2	0.28
1941	where	1086411	13.239	16	13	0.273
1942	Brethren	136332	1.661	2	2	0.268
1943	be	9896153	120.593	145	82	0.266
1944	e	136544	1.664	2	1	0.265
1945	(	3147389	38.354	46	37	0.262
1946	no	2739631	33.385	40	32	0.261
1947	Church	1175787	14.328	17	12	0.247
1948	n	69208	0.843	1	1	0.246
1949	Witnesses	69349	0.845	1	1	0.243
1950	hence	139086	1.695	2	2	0.239
1951	of	39170514	477.326	563	190	0.238
1952	strange	139257	1.697	2	2	0.237
1953	sons	139530	1.7	2	2	0.234
1954	trees	69792	0.851	1	1	0.234
1955	Ghost	139834	1.704	2	2	0.231
1956	up	1119358	13.64	16	9	0.23
1957	5.	210462	2.565	3	3	0.226
1958	cut	140466	1.712	2	2	0.225
1959	pieces	70256	0.856	1	1	0.224
1960	.	39047260	475.824	555	158	0.222
1961	l	70403	0.858	1	1	0.221
1962	si	141064	1.719	2	1	0.218
1963	saying	211699	2.58	3	3	0.218
1964	stones	70601	0.86	1	1	0.217
1965	hundred	212307	2.587	3	2	0.214
1966	Protestants	71207	0.868	1	1	0.205
1967	utterly	71440	0.871	1	1	0.2
1968	Doctor	71600	0.873	1	1	0.197
1969	Double	72073	0.878	1	1	0.187
1970	courage	72091	0.879	1	1	0.187
1971	moreover	72198	0.88	1	1	0.185
1972	here	866663	10.561	12	11	0.184
1973	20	145215	1.77	2	2	0.177
1974	night	217853	2.655	3	3	0.176
1975	Enter	145726	1.776	2	2	0.172
1976	will	2993503	36.478	41	32	0.169
1977	behind	73039	0.89	1	1	0.168
1978	F.	73082	0.891	1	1	0.167
1979	kingdoms	73313	0.893	1	1	0.163
1980	foot	146629	1.787	2	2	0.163
1981	afterwards	146805	1.789	2	2	0.161
1982	red	74028	0.902	1	1	0.149
1983	your	2073026	25.262	28	16	0.148
1984	wilt	74391	0.907	1	1	0.142
1985	set	595126	7.252	8	8	0.142
1986	quite	74671	0.91	1	1	0.136
1987	writ	74728	0.911	1	1	0.135
1988	universal	74773	0.911	1	1	0.134
1989	get	149760	1.825	2	2	0.132
1990	speak	374513	4.564	5	5	0.132
1991	heard	225126	2.743	3	3	0.129
1992	agree	75479	0.92	1	1	0.121
1993	quality	75538	0.921	1	1	0.12
1994	another	682313	8.315	9	9	0.114
1995	7.	151741	1.849	2	2	0.113
1996	name	607418	7.402	8	7	0.112
1997	even	607522	7.403	8	8	0.112
1998	seen	227877	2.777	3	3	0.111
1999	gold	152169	1.854	2	2	0.109
2000	doctrine	304623	3.712	4	4	0.108
2001	I	6187300	75.398	81	43	0.103
2002	A.	153020	1.865	2	1	0.101
2003	speaks	153099	1.866	2	2	0.1
2004	practise	76565	0.933	1	1	0.1
2005	ignorance	77023	0.939	1	1	0.091
2006	First	1465032	17.853	19	11	0.09
2007	plain	154580	1.884	2	2	0.086
2008	misery	77670	0.947	1	1	0.079
2009	prepared	77762	0.948	1	1	0.078
2010	Visible	77964	0.95	1	1	0.074
2011	credit	77984	0.95	1	1	0.074
2012	gain	78199	0.953	1	1	0.07
2013	already	157133	1.915	2	2	0.063
2014	proof	78647	0.958	1	1	0.061
2015	cruel	78662	0.959	1	1	0.061
2016	for	9369441	114.175	119	80	0.06
2017	Why	394748	4.81	5	5	0.056
2018	three	474878	5.787	6	5	0.052
2019	nay	158341	1.93	2	1	0.052
2020	dry	79186	0.965	1	1	0.052
2021	can	1982819	24.162	25	20	0.049
2022	followed	79683	0.971	1	1	0.042
2023	Now	1519152	18.512	19	13	0.038
2024	most	1280269	15.601	16	16	0.036
2025	intended	80059	0.976	1	1	0.036
2026	virtue	240899	2.936	3	3	0.031
2027	defend	80482	0.981	1	1	0.028
2028	wise	241600	2.944	3	3	0.027
2029	had	2740575	33.396	34	32	0.026
2030	commandment	80662	0.983	1	1	0.025
2031	back	161359	1.966	2	2	0.025
2032	lives	161569	1.969	2	2	0.023
2033	Souls	242572	2.956	3	2	0.021
2034	third	242706	2.958	3	3	0.021
2035	profession	81244	0.99	1	1	0.014
2036	lastly	81334	0.991	1	1	0.013
2037	entered	81333	0.991	1	1	0.013
2038	endeavour	81395	0.992	1	1	0.012
2039	Knight	81427	0.992	1	1	0.011
2040	added	81800	0.997	1	1	0.005
2041	religious	82272	1.003	1	1	-0.004
2042	Pet	82435	1.005	1	1	-0.006
2043	and	37698224	459.385	456	177	-0.011
2044	&	2737777	33.362	33	25	-0.016
2045	different	82962	1.011	1	1	-0.016
2046	my	2492426	30.372	30	23	-0.018
2047	un	83123	1.013	1	1	-0.018
2048	wherein	332751	4.055	4	3	-0.02
2049	Romans	83232	1.014	1	1	-0.02
2050	altogether	83475	1.017	1	1	-0.025
2051	acknowledge	83501	1.018	1	1	-0.025
2052	Love	838220	10.214	10	9	-0.031
2053	each	252025	3.071	3	3	-0.034
2054	after	1272516	15.507	15	14	-0.048
2055	virtues	84914	1.035	1	1	-0.049
2056	look	255208	3.11	3	3	-0.052
2057	yield	85483	1.042	1	1	-0.059
2058	inward	85678	1.044	1	1	-0.062
2059	what	2320680	28.279	27	19	-0.067
2060	destroy	86113	1.049	1	1	-0.07
2061	haste	258415	3.149	3	3	-0.07
2062	enjoy	86143	1.05	1	1	-0.07
2063	Arms	173309	2.112	2	2	-0.079
2064	If	3293480	40.134	38	30	-0.079
2065	form	173701	2.117	2	2	-0.082
2066	named	86879	1.059	1	1	-0.082
2067	former	261116	3.182	3	2	-0.085
2068	see	961542	11.717	11	8	-0.091
2069	So	5366625	65.397	61	39	-0.1
2070	Let	968524	11.802	11	10	-0.102
2071	passion	88077	1.073	1	1	-0.102
2072	English	176398	2.15	2	2	-0.104
2073	laws	264682	3.225	3	2	-0.105
2074	at	3182175	38.778	36	29	-0.107
2075	not	8929558	108.814	101	62	-0.108
2076	this	6548918	79.804	74	44	-0.109
2077	30	88541	1.079	1	1	-0.11
2078	return	177443	2.162	2	2	-0.113
2079	Captain	88772	1.082	1	1	-0.113
2080	famous	88824	1.082	1	1	-0.114
2081	notice	88877	1.083	1	1	-0.115
2082	because	1157094	14.1	13	11	-0.117
2083	by	7416468	90.376	83	48	-0.123
2084	therein	178975	2.181	2	2	-0.125
2085	there	2595192	31.625	29	23	-0.125
2086	defence	89679	1.093	1	1	-0.128
2087	number	269531	3.285	3	3	-0.131
2088	chief	180904	2.205	2	1	-0.14
2089	Empire	90491	1.103	1	1	-0.141
2090	sayeth	633645	7.722	7	6	-0.142
2091	but	6983890	85.105	77	45	-0.144
2092	Thirdly	90751	1.106	1	1	-0.145
2093	me	1731164	21.096	19	14	-0.151
2094	easy	91240	1.112	1	1	-0.153
2095	Papists	91413	1.114	1	1	-0.156
2096	nothing	640275	7.802	7	7	-0.157
2097	guilty	91473	1.115	1	1	-0.157
2098	judges	91633	1.117	1	1	-0.159
2099	sum	91719	1.118	1	1	-0.161
2100	Honourable	91740	1.118	1	1	-0.161
2101	laid	184949	2.254	2	2	-0.172
2102	who	2315377	28.215	25	19	-0.175
2103	learning	92794	1.131	1	1	-0.177
2104	want	185706	2.263	2	2	-0.178
2105	understand	185715	2.263	2	2	-0.178
2106	used	278736	3.397	3	3	-0.179
2107	sentence	93324	1.137	1	1	-0.185
2108	greater	281340	3.428	3	3	-0.193
2109	marriage	94195	1.148	1	1	-0.199
2110	Second	377815	4.604	4	4	-0.203
2111	history	94546	1.152	1	1	-0.204
2112	though	1040761	12.683	11	8	-0.205
2113	did	1515759	18.471	16	15	-0.207
2114	meat	94824	1.156	1	1	-0.209
2115	might	949632	11.572	10	8	-0.211
2116	object	94992	1.158	1	1	-0.211
2117	affection	95087	1.159	1	1	-0.213
2118	long	571124	6.96	6	6	-0.214
2119	3	571164	6.96	6	6	-0.214
2120	bad	95210	1.16	1	1	-0.214
2121	per	190947	2.327	2	1	-0.218
2122	15.	95551	1.164	1	1	-0.22
2123	Beauty	95667	1.166	1	1	-0.221
2124	delight	95852	1.168	1	1	-0.224
2125	I.	191916	2.339	2	2	-0.226
2126	yet	1835928	22.372	19	16	-0.236
2127	M.	193517	2.358	2	1	-0.238
2128	children	387096	4.717	4	4	-0.238
2129	leaves	96805	1.18	1	1	-0.238
2130	their	5435041	66.231	56	43	-0.242
2131	come	1165618	14.204	12	10	-0.243
2132	begin	97196	1.184	1	1	-0.244
2133	ways	194504	2.37	2	2	-0.245
2134	degrees	97256	1.185	1	1	-0.245
2135	never	778679	9.489	8	8	-0.246
2136	battle	97585	1.189	1	1	-0.25
2137	making	195439	2.382	2	2	-0.252
2138	12	195478	2.382	2	2	-0.252
2139	infinite	97821	1.192	1	1	-0.253
2140	his	9217642	112.325	94	60	-0.257
2141	everlasting	98162	1.196	1	1	-0.258
2142	withal	98276	1.198	1	1	-0.26
2143	are	5017099	61.138	51	37	-0.262
2144	worth	99043	1.207	1	1	-0.271
2145	say	1089806	13.28	11	10	-0.272
2146	out	1686345	20.55	17	11	-0.274
2147	soon	198528	2.419	2	2	-0.275
2148	Beasts	99530	1.213	1	1	-0.278
2149	Book	299396	3.648	3	3	-0.282
2150	&#x14d;	499329	6.085	5	5	-0.283
2151	perhaps	99958	1.218	1	1	-0.285
2152	;	9536348	116.209	95	63	-0.291
2153	indeed	301803	3.678	3	3	-0.294
2154	Thomas	100867	1.229	1	1	-0.298
2155	6	304045	3.705	3	3	-0.305
2156	says	304429	3.71	3	3	-0.306
2157	Catholic	101512	1.237	1	1	-0.307
2158	proceed	101566	1.238	1	1	-0.308
2159	content	101607	1.238	1	1	-0.308
2160	express	101655	1.239	1	1	-0.309
2161	would	1733888	21.129	17	15	-0.314
2162	desire	306364	3.733	3	3	-0.315
2163	fair	204535	2.492	2	2	-0.318
2164	la	204980	2.498	2	2	-0.321
2165	must	1333555	16.251	13	11	-0.322
2166	therefore	1231317	15.005	12	7	-0.322
2167	testimony	102732	1.252	1	1	-0.324
2168	slain	102937	1.254	1	1	-0.327
2169	worship	206782	2.52	2	2	-0.333
2170	thousand	207672	2.531	2	2	-0.34
2171	9	208082	2.536	2	2	-0.342
2172	suppose	104105	1.269	1	1	-0.343
2173	learn	104113	1.269	1	1	-0.343
2174	unto	1880305	22.913	18	15	-0.348
2175	poor	313465	3.82	3	3	-0.349
2176	born	104623	1.275	1	1	-0.35
2177	Emperor	209536	2.553	2	2	-0.352
2178	custom	105184	1.282	1	1	-0.358
2179	divers	210634	2.567	2	2	-0.36
2180	calling	105619	1.287	1	1	-0.364
2181	follow	211834	2.581	2	2	-0.368
2182	22	105972	1.291	1	1	-0.369
2183	Princes	212093	2.585	2	1	-0.37
2184	pay	106691	1.3	1	1	-0.379
2185	add	106899	1.303	1	1	-0.382
2186	Fathers	213875	2.606	2	2	-0.382
2187	between	321208	3.914	3	3	-0.384
2188	pure	107081	1.305	1	1	-0.384
2189	break	107397	1.309	1	1	-0.388
2190	mighty	107406	1.309	1	1	-0.388
2191	manifest	107661	1.312	1	1	-0.392
2192	Was	5179337	63.115	48	39	-0.395
2193	sound	107925	1.315	1	1	-0.395
2194	likewise	215998	2.632	2	2	-0.396
2195	Jerusalem	108264	1.319	1	1	-0.4
2196	drawn	108352	1.32	1	1	-0.401
2197	he	9215356	112.297	85	60	-0.402
2198	Error	108610	1.324	1	1	-0.404
2199	do	2417629	29.461	22	19	-0.421
2200	either	552589	6.734	5	5	-0.429
2201	le	110821	1.35	1	1	-0.433
2202	plainly	111081	1.354	1	1	-0.437
2203	together	444738	5.42	4	4	-0.438
2204	to	27864128	339.548	250	129	-0.442
2205	new	447014	5.447	4	4	-0.446
2206	equal	111972	1.365	1	1	-0.448
2207	R.	112114	1.366	1	1	-0.45
2208	creature	112250	1.368	1	1	-0.452
2209	enough	225014	2.742	2	2	-0.455
2210	meant	112513	1.371	1	1	-0.455
2211	last	450430	5.489	4	4	-0.457
2212	5	338721	4.128	3	2	-0.46
2213	caused	113016	1.377	1	1	-0.462
2214	as	9292085	113.232	82	61	-0.466
2215	fourth	113523	1.383	1	1	-0.468
2216	wrath	113648	1.385	1	1	-0.47
2217	Mat.	114281	1.393	1	1	-0.478
2218	houses	114523	1.396	1	1	-0.481
2219	respect	229329	2.795	2	2	-0.483
2220	often	229358	2.795	2	2	-0.483
2221	cast	229673	2.799	2	2	-0.485
2222	committed	115180	1.404	1	1	-0.489
2223	which	6940930	84.581	60	39	-0.495
2224	River	115702	1.41	1	1	-0.496
2225	11.	115752	1.411	1	1	-0.496
2226	man	1972758	24.04	17	16	-0.5
2227	under	696455	8.487	6	6	-0.5
2228	members	116122	1.415	1	1	-0.501
2229	show	349122	4.254	3	3	-0.504
2230	near	232787	2.837	2	2	-0.504
2231	tongue	116704	1.422	1	1	-0.508
2232	should	1871070	22.801	16	14	-0.511
2233	cause	585252	7.132	5	5	-0.512
2234	when	2343068	28.552	20	20	-0.514
2235	stand	235721	2.873	2	2	-0.522
2236	Gen.	118079	1.439	1	1	-0.525
2237	find	472931	5.763	4	4	-0.527
2238	Follows	118360	1.442	1	1	-0.528
2239	repentance	118567	1.445	1	1	-0.531
2240	water	355806	4.336	3	3	-0.531
2241	only	1544540	18.822	13	12	-0.534
2242	such	2262212	27.567	19	19	-0.537
2243	2.	358494	4.369	3	2	-0.542
2244	Cold	119553	1.457	1	1	-0.543
2245	presently	119716	1.459	1	1	-0.545
2246	E.	119746	1.459	1	1	-0.545
2247	taken	481305	5.865	4	4	-0.552
2248	send	120341	1.467	1	1	-0.552
2249	right	484646	5.906	4	4	-0.562
2250	against	1339213	16.319	11	8	-0.569
2251	mean	244094	2.975	2	2	-0.573
2252	substance	122160	1.489	1	1	-0.574
2253	12.	122418	1.492	1	1	-0.577
2254	know	736780	8.978	6	6	-0.581
2255	takes	123079	1.5	1	1	-0.585
2256	small	246878	3.008	2	2	-0.589
2257	except	124877	1.522	1	1	-0.606
2258	again	627628	7.648	5	5	-0.613
2259	him	4270811	52.043	34	27	-0.614
2260	more	2262327	27.568	18	17	-0.615
2261	being	1764433	21.501	14	12	-0.619
2262	give	758276	9.24	6	6	-0.623
2263	among	379416	4.624	3	3	-0.624
2264	they	6960305	84.817	55	41	-0.625
2265	till	379902	4.629	3	3	-0.626
2266	Servant	127075	1.549	1	1	-0.631
2267	comes	255457	3.113	2	2	-0.638
2268	carried	127788	1.557	1	1	-0.639
2269	confess	127821	1.558	1	1	-0.639
2270	taught	128541	1.566	1	1	-0.647
2271	difference	128593	1.567	1	1	-0.648
2272	grace	516661	6.296	4	3	-0.654
2273	&#x101;	258515	3.15	2	2	-0.655
2274	Pleased	129448	1.577	1	1	-0.658
2275	grant	129668	1.58	1	1	-0.66
2276	ten	130362	1.589	1	1	-0.668
2277	ever	652700	7.954	5	5	-0.67
2278	prayers	131302	1.6	1	1	-0.678
2279	brought	394377	4.806	3	3	-0.68
2280	1	1451762	17.691	11	6	-0.686
2281	rest	396125	4.827	3	3	-0.686
2282	happy	132157	1.61	1	1	-0.687
2283	about	661900	8.066	5	5	-0.69
2284	went	264770	3.226	2	1	-0.69
2285	meet	132574	1.616	1	1	-0.692
2286	world	932868	11.368	7	6	-0.7
2287	down	533657	6.503	4	4	-0.701
2288	have	4691254	57.167	35	31	-0.708
2289	S.	403850	4.921	3	3	-0.714
2290	place	808630	9.854	6	6	-0.716
2291	private	134915	1.644	1	1	-0.717
2292	outward	135202	1.648	1	1	-0.72
2293	in	20011385	243.856	148	82	-0.72
2294	religion	406309	4.951	3	3	-0.723
2295	soldiers	136167	1.659	1	1	-0.731
2296	hear	273421	3.332	2	2	-0.736
2297	made	1503973	18.327	11	10	-0.736
2298	argument	136912	1.668	1	1	-0.738
2299	Well	1096551	13.362	8	7	-0.74
2300	just	281045	3.425	2	2	-0.776
2301	High	281250	3.427	2	1	-0.777
2302	one	2538275	30.931	18	17	-0.781
2303	thine	141265	1.721	1	1	-0.784
2304	praise	141937	1.73	1	1	-0.79
2305	Some	1845849	22.493	13	13	-0.791
2306	found	426408	5.196	3	3	-0.792
2307	appears	142173	1.733	1	1	-0.793
2308	blood	426566	5.198	3	2	-0.793
2309	rich	142318	1.734	1	1	-0.794
2310	actions	142378	1.735	1	1	-0.795
2311	following	142882	1.741	1	1	-0.8
2312	showed	142959	1.742	1	1	-0.801
2313	eyes	285959	3.485	2	2	-0.801
2314	]	429805	5.238	3	3	-0.804
2315	d	143450	1.748	1	1	-0.806
2316	into	1727535	21.052	12	12	-0.811
2317	Air	144042	1.755	1	1	-0.812
2318	home	144093	1.756	1	1	-0.812
2319	4	434750	5.298	3	3	-0.82
2320	thee	728077	8.872	5	4	-0.827
2321	Sin	729699	8.892	5	5	-0.831
2322	hope	292642	3.566	2	2	-0.834
2323	noble	146938	1.791	1	1	-0.84
2324	delivered	148308	1.807	1	1	-0.854
2325	nation	148522	1.81	1	1	-0.856
2326	eye	149187	1.818	1	1	-0.862
2327	&c.	299097	3.645	2	2	-0.866
2328	whence	149816	1.826	1	1	-0.868
2329	true	751380	9.156	5	5	-0.873
2330	while	300747	3.665	2	2	-0.874
2331	needs	150472	1.834	1	1	-0.875
2332	necessity	150548	1.835	1	1	-0.875
2333	matters	150676	1.836	1	1	-0.877
2334	every	1057014	12.881	7	7	-0.88
2335	fell	151275	1.843	1	1	-0.882
2336	said	1514302	18.453	10	9	-0.884
2337	several	304872	3.715	2	2	-0.893
2338	these	1985969	24.201	13	13	-0.897
2339	danger	153644	1.872	1	1	-0.905
2340	unless	154621	1.884	1	1	-0.914
2341	kind	310094	3.779	2	2	-0.918
2342	excellent	155285	1.892	1	1	-0.92
2343	how	1244740	15.168	8	8	-0.923
2344	bread	156950	1.913	1	1	-0.936
2345	hand	471988	5.752	3	3	-0.939
2346	office	157520	1.92	1	1	-0.941
2347	works	315242	3.842	2	2	-0.942
2348	self	948089	11.553	6	5	-0.945
2349	thoughts	158076	1.926	1	1	-0.946
2350	France	158078	1.926	1	1	-0.946
2351	life	948809	11.562	6	6	-0.946
2352	Christs	158654	1.933	1	1	-0.951
2353	until	158797	1.935	1	1	-0.952
2354	faithful	159195	1.94	1	1	-0.956
2355	&c	479189	5.839	3	3	-0.961
2356	Yea	321813	3.922	2	2	-0.971
2357	much	1448309	17.649	9	7	-0.972
2358	words	643917	7.847	4	3	-0.972
2359	Act	322490	3.93	2	2	-0.974
2360	off	323311	3.94	2	2	-0.978
2361	2	973176	11.859	6	6	-0.983
2362	14	162434	1.979	1	1	-0.985
2363	knew	162531	1.981	1	1	-0.986
2364	proper	163180	1.989	1	1	-0.992
2365	given	491070	5.984	3	3	-0.996
2366	13	164052	1.999	1	1	-0.999
2367	told	164509	2.005	1	1	-1.003
2368	Ye	825703	10.062	5	5	-1.009
2369	living	166437	2.028	1	1	-1.02
2370	seem	166761	2.032	1	1	-1.023
2371	men	1835942	22.373	11	11	-1.024
2372	question	167153	2.037	1	1	-1.026
2373	worthy	168026	2.048	1	1	-1.034
2374	all	5908829	72.004	35	29	-1.041
2375	were	2871299	34.989	17	17	-1.041
2376	bodies	169090	2.061	1	1	-1.043
2377	example	169196	2.062	1	1	-1.044
2378	hard	169293	2.063	1	1	-1.045
2379	perfect	170422	2.077	1	1	-1.054
2380	Ministers	171247	2.087	1	1	-1.061
2381	them	4855982	59.174	28	23	-1.08
2382	sight	174034	2.121	1	1	-1.085
2383	ready	174387	2.125	1	1	-1.088
2384	Queen	174640	2.128	1	1	-1.09
2385	parts	350458	4.271	2	2	-1.094
2386	holy	701649	8.55	4	4	-1.096
2387	thought	352735	4.298	2	2	-1.104
2388	may	2661871	32.437	15	14	-1.113
2389	command	177468	2.163	1	1	-1.113
2390	ill	177562	2.164	1	1	-1.114
2391	body	712249	8.679	4	4	-1.118
2392	himself	1068396	13.019	6	6	-1.118
2393	charge	178431	2.174	1	1	-1.121
2394	joy	178769	2.179	1	1	-1.123
2395	own	1256418	15.311	7	7	-1.129
2396	sins	361871	4.41	2	2	-1.141
2397	half	181109	2.207	1	1	-1.142
2398	believe	363239	4.426	2	2	-1.146
2399	mine	181777	2.215	1	1	-1.147
2400	beginning	182083	2.219	1	1	-1.15
2401	promise	182124	2.219	1	1	-1.15
2402	strong	182777	2.227	1	1	-1.155
2403	father	550491	6.708	3	3	-1.161
2404	Wherefore	183911	2.241	1	1	-1.164
2405	began	184715	2.251	1	1	-1.171
2406	Town	184940	2.254	1	1	-1.172
2407	two	926661	11.292	5	5	-1.175
2408	Duke	187759	2.288	1	1	-1.194
2409	way	756236	9.215	4	4	-1.204
2410	alone	190842	2.326	1	1	-1.218
2411	learned	191725	2.336	1	1	-1.224
2412	gives	192161	2.342	1	1	-1.227
2413	persons	384539	4.686	2	2	-1.228
2414	kingdom	388117	4.73	2	2	-1.242
2415	Saints	194939	2.376	1	1	-1.248
2416	we	4105074	50.024	21	16	-1.252
2417	strength	196140	2.39	1	1	-1.257
2418	from	3924250	47.82	20	17	-1.258
2419	bear	196568	2.395	1	1	-1.26
2420	quod	196567	2.395	1	1	-1.26
2421	sort	197789	2.41	1	1	-1.269
2422	serve	198842	2.423	1	1	-1.277
2423	few	199429	2.43	1	1	-1.281
2424	light	399350	4.866	2	2	-1.283
2425	et	199777	2.435	1	1	-1.284
2426	done	601055	7.324	3	3	-1.288
2427	use	603174	7.35	3	3	-1.293
2428	could	808277	9.85	4	4	-1.3
2429	put	607656	7.405	3	3	-1.303
2430	force	202958	2.473	1	1	-1.306
2431	coming	203089	2.475	1	1	-1.307
2432	forth	410791	5.006	2	2	-1.324
2433	Since	412107	5.022	2	1	-1.328
2434	rule	207621	2.53	1	1	-1.339
2435	those	1667771	20.323	8	7	-1.345
2436	appear	209107	2.548	1	1	-1.349
2437	years	427133	5.205	2	2	-1.38
2438	innon-Latinalphabet	427513	5.21	2	2	-1.381
2439	Apostle	213865	2.606	1	1	-1.382
2440	matter	427808	5.213	2	2	-1.382
2441	Public	215912	2.631	1	1	-1.396
2442	day	864384	10.533	4	4	-1.397
2443	free	216340	2.636	1	1	-1.399
2444	opinion	217543	2.651	1	1	-1.406
2445	sure	217623	2.652	1	1	-1.407
2446	whether	435425	5.306	2	2	-1.408
2447	without	1089706	13.279	5	5	-1.409
2448	Christians	219658	2.677	1	1	-1.42
2449	God	4174430	50.869	19	18	-1.421
2450	P.	440626	5.369	2	1	-1.425
2451	especially	220705	2.69	1	1	-1.427
2452	people	885047	10.785	4	3	-1.431
2453	reason	664880	8.102	3	3	-1.433
2454	others	665440	8.109	3	3	-1.435
2455	any	2444028	29.783	11	9	-1.437
2456	service	222275	2.709	1	1	-1.438
2457	Psal.	222362	2.71	1	1	-1.438
2458	does	222564	2.712	1	1	-1.439
2459	blessed	226222	2.757	1	1	-1.463
2460	Wisdom	228022	2.779	1	1	-1.474
2461	besides	231481	2.821	1	1	-1.496
2462	&#x16b;	232932	2.839	1	1	-1.505
2463	10	233570	2.846	1	1	-1.509
2464	Sea	233892	2.85	1	1	-1.511
2465	pass	235903	2.875	1	1	-1.523
2466	death	707920	8.627	3	3	-1.524
2467	before	1422340	17.332	6	5	-1.53
2468	ground	237796	2.898	1	1	-1.535
2469	our	3333885	40.626	14	11	-1.537
2470	conscience	238823	2.91	1	1	-1.541
2471	spiritual	239256	2.916	1	1	-1.544
2472	hearts	239757	2.922	1	1	-1.547
2473	purpose	240680	2.933	1	1	-1.552
2474	Justice	242072	2.95	1	1	-1.561
2475	Pray	242183	2.951	1	1	-1.561
2476	further	242781	2.959	1	1	-1.565
2477	hold	243646	2.969	1	1	-1.57
2478	both	976138	11.895	4	4	-1.572
2479	BISHOP	244304	2.977	1	1	-1.574
2480	necessary	250405	3.051	1	1	-1.609
2481	word	751485	9.158	3	3	-1.61
2482	7	251211	3.061	1	1	-1.614
2483	Away	504942	6.153	2	2	-1.621
2484	four	252980	3.083	1	1	-1.624
2485	Faith	762492	9.292	3	3	-1.631
2486	receive	254239	3.098	1	1	-1.631
2487	dead	259219	3.159	1	1	-1.659
2488	truth	521766	6.358	2	2	-1.669
2489	Judge	262867	3.203	1	1	-1.68
2490	concerning	262903	3.204	1	1	-1.68
2491	good	1608969	19.607	6	5	-1.708
2492	think	539870	6.579	2	2	-1.718
2493	able	271961	3.314	1	1	-1.729
2494	[	280684	3.42	1	1	-1.774
2495	it	11231693	136.868	40	37	-1.775
2496	knowledge	282458	3.442	1	1	-1.783
2497	die	284558	3.468	1	1	-1.794
2498	end	571167	6.96	2	2	-1.799
2499	sense	285637	3.481	1	1	-1.799
2500	also	1433690	17.471	5	5	-1.805
2501	gave	290757	3.543	1	1	-1.825
2502	Gospel	291769	3.556	1	1	-1.83
2503	very	1174247	14.309	4	4	-1.839
2504	thing	892670	10.878	3	3	-1.858
2505	authority	299886	3.654	1	1	-1.87
2506	Christian	303553	3.699	1	1	-1.887
2507	Prince	306162	3.731	1	1	-1.899
2508	land	307074	3.742	1	1	-1.904
2509	l.	308378	3.758	1	1	-1.91
2510	England	309285	3.769	1	1	-1.914
2511	Christ	1858951	22.653	6	4	-1.917
2512	country	310285	3.781	1	1	-1.919
2513	little	624322	7.608	2	2	-1.927
2514	least	319491	3.893	1	1	-1.961
2515	has	321926	3.923	1	1	-1.972
2516	Scripture	324647	3.956	1	1	-1.984
2517	hands	327530	3.991	1	1	-1.997
2518	order	331304	4.037	1	1	-2.013
2519	general	331599	4.041	1	1	-2.015
2520	Ad	336628	4.102	1	1	-2.036
2521	full	343239	4.183	1	1	-2.064
2522	sent	348162	4.243	1	1	-2.085
2523	other	2103223	25.63	6	6	-2.095
2524	year	352165	4.291	1	1	-2.101
2525	within	355110	4.327	1	1	-2.113
2526	law	712338	8.68	2	2	-2.118
2527	time	1426900	17.388	4	4	-2.12
2528	above	357391	4.355	1	1	-2.123
2529	evil	357919	4.362	1	1	-2.125
2530	themselves	761621	9.281	2	2	-2.214
2531	days	393520	4.795	1	1	-2.262
2532	means	397591	4.845	1	1	-2.276
2533	de	804522	9.804	2	1	-2.293
2534	fear	406154	4.949	1	1	-2.307
2535	ought	406522	4.954	1	1	-2.309
2536	mind	407887	4.97	1	1	-2.313
2537	Part	827721	10.087	2	2	-2.334
2538	work	425644	5.187	1	1	-2.375
2539	King	1308410	15.944	3	3	-2.41
2540	us	2216337	27.008	5	4	-2.433
2541	things	1357990	16.548	3	3	-2.464
2542	came	478712	5.834	1	1	-2.544
2543	Lord	1459090	17.78	3	3	-2.567
2544	&#x113;	491365	5.988	1	1	-2.582
2545	according	502781	6.127	1	1	-2.615
2546	heaven	503504	6.136	1	1	-2.617
2547	whole	534092	6.508	1	1	-2.702
2548	over	545201	6.644	1	1	-2.732
2549	been	1095200	13.346	2	2	-2.738
2550	heart	559805	6.822	1	1	-2.77
2551	having	579260	7.059	1	1	-2.819
2552	nature	607747	7.406	1	1	-2.889
2553	Gods	640962	7.811	1	1	-2.965
2554	spirit	654859	7.98	1	1	-2.996
2555	/	905998	11.04	1	1	-3.465
2556	than	940786	11.464	1	1	-3.519
2557	same	1256120	15.307	1	1	-3.936
2558	leawdeof	1	0	1	1	n/a
2559	Libiduis	3	0	1	1	n/a
2560	Phisick-doctor	1	0	1	1	n/a
2561	douean	1	0	1	1	n/a
2562	Mutford.	1	0	1	1	n/a
2563	naughtie-packe	4	0	1	1	n/a
2564	Shalborne	3	0	1	1	n/a
2565	prophetiz	2	0	1	1	n/a
2566	hithershe	1	0	1	1	n/a
2567	CVrtean	1	0	1	1	n/a
2568	Babylon-Rome	2	0	1	1	n/a
2569	lenocinating	1	0	1	1	n/a
2570	pocche	2	0	1	1	n/a
2571	Vowe.	1	0	1	1	n/a
2572	wanton-touch	1	0	1	1	n/a
2573	Auentius	3	0	1	1	n/a
2574	begdt	1	0	1	1	n/a
2575	Nabuchadnezzar.	4	0	1	1	n/a
2576	th'Israelitish	1	0	1	1	n/a
2577	osseruauan	1	0	1	1	n/a
2578	Vsher-like	2	0	1	1	n/a
2579	Cowfeild	3	0	1	1	n/a
2580	whore-Nunnes	1	0	1	1	n/a
2581	Keuyll	2	0	1	1	n/a
2582	otkens.	1	0	1	1	n/a
2583	17.3.6.	1	0	1	1	n/a
2584	pisse'hem	1	0	1	1	n/a
2585	Messalyna	2	0	1	1	n/a
2586	NAnta	4	0	1	1	n/a
2587	Tinhead	3	0	1	1	n/a
2588	Carocht	3	0	1	1	n/a
2589	Turnebole-streete	1	0	1	1	n/a
2590	Conny-catcht	4	0	1	1	n/a
2591	three-chin	2	0	1	1	n/a
2592	Gnisippus	1	0	1	1	n/a
2593	whit-lyuerd	1	0	1	1	n/a
2594	most.	2	0	1	1	n/a
2595	descripti-	3	0	1	1	n/a
2596	bewty	2	0	1	1	n/a
2597	brkerage	1	0	1	1	n/a
2598	Cockatrize	1	0	1	1	n/a
2599	volpeggiando	2	0	1	1	n/a
2600	Apoalop.	1	0	1	1	n/a
2601	merchancts	1	0	1	1	n/a
2602	floars	3	0	1	1	n/a
2603	Beasbearer	1	0	1	1	n/a
2604	sucke-blood	1	0	1	1	n/a
2605	th'osteria	1	0	1	1	n/a
2606	Kepthe	3	0	1	1	n/a
2607	brazen-fac'et	1	0	1	1	n/a
2608	publike-professed	1	0	1	1	n/a
2609	stickering	4	0	1	1	n/a
2610	nell'olio	1	0	1	1	n/a
2611	Schoenicole	1	0	1	1	n/a
2612	21.31.32.	4	0	1	1	n/a
2613	pleasd'	4	0	1	1	n/a
2614	adultrat	1	0	1	1	n/a
2615	dovsurers	1	0	1	1	n/a
2616	Daphitas	4	0	2	2	n/a
2617	to'you	1	0	1	1	n/a
2618	ckold	1	0	1	1	n/a
2619	wmin	1	0	1	1	n/a
2620	ill-dors	1	0	1	1	n/a
2621	Rev-17.4.	1	0	1	1	n/a
2622	Zilid	1	0	1	1	n/a
2623	flesh-seller	1	0	1	1	n/a
2624	pareuan	1	0	1	1	n/a
2625	Hostler-like	4	0	1	1	n/a
2626	Yeatton	1	0	1	1	n/a
2627	For'his	2	0	1	1	n/a
2628	siftieth	3	0	1	1	n/a
2629	heedd	1	0	1	1	n/a
2630	him-sefe	3	0	1	1	n/a
2631	SVRLY	1	0	1	1	n/a
2632	Keynell	4	0	1	1	n/a
2633	Scarletcoloured	3	0	1	1	n/a
2634	bucke-headed	1	0	1	1	n/a
2635	Menandros	2	0	1	1	n/a
2636	avute	1	0	1	1	n/a
2637	baggadg	3	0	1	1	n/a
2638	Ferrests	1	0	1	1	n/a
