https://cqpweb.lancs.ac.uk/eebov3/concordance.php?pp=1&theData=%7Bwhore%2FN%7D&qmode=sq_nocase&del=begin%26t%3D-%7Cyear%7E1620%26t%3D-%7Cyear%7E1621%26t%3D-%7Cyear%7E1622%26t%3D-%7Cyear%7E1623%26t%3D-%7Cyear%7E1624%26t%3D-%7Cyear%7E1625%26t%3D-%7Cyear%7E1626%26t%3D-%7Cyear%7E1627%26t%3D-%7Cyear%7E1628%26t%3D-%7Cyear%7E1629&del=end&uT=yThere are 2,154 different words in your collocation database for "[lemma="(whore)_SUBST"%c]". (Your query "{whore/N}", restricted to texts meeting criteria "<em>year</em>: <em>1620</em> or <em>1621</em> or <em>1622</em> or <em>1623</em> or <em>1624</em> or <em>1625</em> or <em>1626</em> or <em>1627</em> or <em>1628</em> or <em>1629</em>",  returned 1,248 matches in 319 different texts)  
__________________

No.	Word	Total no. in whole corpus	Expected collocate frequency	Observed collocate frequency	In no. of texts	Mutual information value

1	Betris	9	0	3	2	14.873
2	cowbaby	5	0	2	2	14.288
3	shamelsse	5	0	2	1	14.288
4	1.2.4.	13	0	1	1	13.288
5	vnpacke	14	0	1	1	13.288
6	yring	8	0	1	1	13.288
7	man-queller	9	0	1	1	13.288
8	Rauran	5	0	1	1	13.288
9	inveigleth	9	0	1	1	13.288
10	4362	10	0	1	1	13.288
11	Zonah	20	0	2	1	13.288
12	Ethnan	13	0	1	1	13.288
13	releiues	10	0	1	1	13.288
14	Labulla	7	0	1	1	13.288
15	brauings	10	0	1	1	13.288
16	Winter-Snow	5	0	1	1	13.288
17	Kaue	14	0	1	1	13.288
18	Exanthus	7	0	1	1	13.288
19	comprizd	5	0	1	1	13.288
20	Solamons	6	0	1	1	13.288
21	Magors	8	0	1	1	13.288
22	17.4.5	11	0	1	1	13.288
23	prple	8	0	1	1	13.288
24	Vistilia	8	0	1	1	13.288
25	adges	11	0	1	1	13.288
26	diuourced	6	0	1	1	13.288
27	Issureibiah	11	0	1	1	13.288
28	pharis.	10	0	1	1	13.288
29	Charater	10	0	1	1	13.288
30	She'le	9	0	1	1	13.288
31	insatiatly	7	0	1	1	13.288
32	forchead	21	0	2	2	13.288
33	Knaes	8	0	1	1	13.288
34	Necromantical	6	0	1	1	13.288
35	Claudins	22	0	1	1	12.288
36	deluered	21	0	1	1	12.288
37	17.1.2	17	0	1	1	12.288
38	She'l	22	0	1	1	12.288
39	Pasquillus	24	0	1	1	12.288
40	Pimpes	18	0	1	1	12.288
41	famosissima	16	0	1	1	12.288
42	Venic	17	0	1	1	12.288
43	committings	17	0	1	1	12.288
44	Would'	17	0	1	1	12.288
45	Necromanticall	19	0	1	1	12.288
46	Ioane.	15	0	1	1	12.288
47	ciuilest	20	0	1	1	12.288
48	Armour-bearers	23	0	1	1	12.288
49	th'euening	21	0	1	1	12.288
50	whoremaister	28	0	1	1	11.703
51	abjurare	25	0	1	1	11.703
52	48.4.	31	0	1	1	11.703
53	Curry-combe	33	0	1	1	11.703
54	theeve	25	0	1	1	11.703
55	Vieja	31	0	1	1	11.703
56	bbes	30	0	1	1	11.703
57	Owches	41	0	1	1	11.288
58	belieu	40	0	1	1	11.288
59	reuerseth	37	0	1	1	11.288
60	Hulderick	34	0	1	1	11.288
61	hel-hound	43	0	1	1	11.288
62	Pot-companion	43	0	1	1	11.288
63	bordell	79	0.001	2	2	11.288
64	dogdayes	35	0	1	1	11.288
65	Hackneyes	42	0	1	1	11.288
66	brawled	73	0.001	2	2	11.288
67	Luitprand.	44	0.001	1	1	10.966
68	enrole	44	0.001	1	1	10.966
69	beuie	49	0.001	1	1	10.966
70	Annagram	51	0.001	1	1	10.966
71	bandstrings	50	0.001	1	1	10.966
72	purpled	209	0.002	4	2	10.828
73	Ballio	113	0.001	2	2	10.703
74	Nicolaitanes	62	0.001	1	1	10.703
75	Horsleach	55	0.001	1	1	10.703
76	ouer-worne	54	0.001	1	1	10.703
77	57.3	53	0.001	1	1	10.703
78	refusedst	68	0.001	1	1	10.48
79	mid-wiues	67	0.001	1	1	10.48
80	Silene	72	0.001	1	1	10.48
81	Strix	63	0.001	1	1	10.48
82	practie	63	0.001	1	1	10.48
83	deuore	73	0.001	1	1	10.288
84	Afra	78	0.001	1	1	10.288
85	monger	153	0.002	2	2	10.288
86	Bayards	83	0.001	1	1	10.118
87	Ederus	82	0.001	1	1	10.118
88	mentita	95	0.001	1	1	9.966
89	Brooches	101	0.001	1	1	9.966
90	Murderess	92	0.001	1	1	9.966
91	crep	100	0.001	1	1	9.966
92	Aemil	194	0.002	2	1	9.966
93	soane	102	0.001	1	1	9.828
94	bond-slaue	107	0.001	1	1	9.828
95	Missalians	107	0.001	1	1	9.828
96	fornicate	106	0.001	1	1	9.828
97	Duckat	103	0.001	1	1	9.828
98	Hydrophobia	110	0.001	1	1	9.828
99	foot-cloth	118	0.001	1	1	9.703
100	28.29.	118	0.001	1	1	9.703
101	Marozia	115	0.001	1	1	9.703
102	Paradine	120	0.001	1	1	9.703
103	Nnne	112	0.001	1	1	9.703
104	Clerimont	111	0.001	1	1	9.703
105	Traians	114	0.001	1	1	9.703
106	scarlet-coloured	125	0.001	1	1	9.587
107	Rachab	127	0.001	1	1	9.587
108	th'only	123	0.001	1	1	9.587
109	Iezabell	269	0.003	2	2	9.48
110	Officiales	139	0.001	1	1	9.48
111	VVolues	137	0.001	1	1	9.48
112	whoorish	135	0.001	1	1	9.48
113	Foundresse	132	0.001	1	1	9.48
114	Taxa	132	0.001	1	1	9.48
115	Franciscanes	132	0.001	1	1	9.48
116	Spartian	134	0.001	1	1	9.48
117	Ctus	140	0.002	1	1	9.381
118	spick	141	0.002	1	1	9.381
119	flatt'ry	140	0.002	1	1	9.381
120	Bonefire	149	0.002	1	1	9.381
121	arrant	1596	0.017	11	11	9.372
122	Tais	151	0.002	1	1	9.288
123	bastardly	466	0.005	3	3	9.288
124	Patrociny	156	0.002	1	1	9.288
125	Shrove	152	0.002	1	1	9.288
126	adherers	166	0.002	1	1	9.2
127	Hutch	163	0.002	1	1	9.2
128	forgoes	167	0.002	1	1	9.2
129	Ganimedes	160	0.002	1	1	9.2
130	cheks	159	0.002	1	1	9.2
131	annates	336	0.004	2	2	9.158
132	Hermia	169	0.002	1	1	9.118
133	enervates	169	0.002	1	1	9.118
134	Bullinger.	171	0.002	1	1	9.118
135	thriftless	177	0.002	1	1	9.118
136	vvarr	175	0.002	1	1	9.118
137	meretricious	176	0.002	1	1	9.118
138	Rhod	371	0.004	2	1	9.002
139	pouder	197	0.002	1	1	8.966
140	uery	197	0.002	1	1	8.966
141	luring	189	0.002	1	1	8.966
142	Theife	587	0.006	3	3	8.942
143	Babylons	987	0.01	5	5	8.937
144	exhausts	203	0.002	1	1	8.895
145	Lecher	616	0.006	3	3	8.873
146	mongers	208	0.002	1	1	8.828
147	Salic	215	0.002	1	1	8.828
148	Sprats	212	0.002	1	1	8.828
149	Synonima	212	0.002	1	1	8.828
150	Sf	437	0.005	2	1	8.796
151	compellations	219	0.002	1	1	8.764
152	cogitans	218	0.002	1	1	8.764
153	Sexum	220	0.002	1	1	8.764
154	deuis	223	0.002	1	1	8.764
155	Pareus.	222	0.002	1	1	8.764
156	reckned	474	0.005	2	2	8.673
157	scolding	1186	0.012	5	3	8.667
158	Goodwife	239	0.003	1	1	8.644
159	Kirtle	241	0.003	1	1	8.644
160	Apollyon	483	0.005	2	2	8.644
161	practiser	504	0.005	2	2	8.587
162	queans	255	0.003	1	1	8.587
163	baud	767	0.008	3	3	8.551
164	23.2.	264	0.003	1	1	8.533
165	lavished	260	0.003	1	1	8.533
166	renownd	260	0.003	1	1	8.533
167	Bawds	1844	0.019	7	6	8.518
168	Rut	528	0.006	2	2	8.506
169	Babylon.	534	0.006	2	2	8.506
170	thiese	267	0.003	1	1	8.48
171	tiding	273	0.003	1	1	8.48
172	Babylon	38888	0.404	142	73	8.458
173	oke	279	0.003	1	1	8.43
174	graceles	275	0.003	1	1	8.43
175	Wisards	277	0.003	1	1	8.43
176	Iag	293	0.003	1	1	8.381
177	17.5.	581	0.006	2	2	8.381
178	pn	288	0.003	1	1	8.381
179	insatiate	894	0.009	3	2	8.334
180	Tuesdays	294	0.003	1	1	8.334
181	Jewellers	306	0.003	1	1	8.288
182	18.15.	305	0.003	1	1	8.288
183	milk-white	312	0.003	1	1	8.288
184	Gammer	309	0.003	1	1	8.288
185	recanting	308	0.003	1	1	8.288
186	Bosses	313	0.003	1	1	8.288
187	Nichol	321	0.003	1	1	8.243
188	spins	320	0.003	1	1	8.243
189	17.4	642	0.007	2	2	8.222
190	entices	645	0.007	2	2	8.222
191	dalliances	330	0.003	1	1	8.2
192	sanity	327	0.003	1	1	8.2
193	wate	340	0.004	1	1	8.158
194	Whore	20634	0.214	57	22	8.056
195	haters	1828	0.019	5	1	8.04
196	whoreson	378	0.004	1	1	8.002
197	Punk	404	0.004	1	1	7.895
198	Pander	805	0.008	2	2	7.895
199	Petrarch	846	0.009	2	2	7.828
200	hed	1292	0.013	3	1	7.807
201	Bryde	432	0.005	1	1	7.796
202	scarlet	9179	0.095	21	16	7.784
203	surcharge	443	0.005	1	1	7.764
204	Babilon	5325	0.055	12	11	7.762
205	eury	456	0.005	1	1	7.733
206	garish	450	0.005	1	1	7.733
207	anatomised	451	0.005	1	1	7.733
208	Crato	451	0.005	1	1	7.733
209	17.1.	463	0.005	1	1	7.703
210	biding	463	0.005	1	1	7.703
211	Panders	464	0.005	1	1	7.703
212	Thais	936	0.01	2	2	7.688
213	Gyges	469	0.005	1	1	7.673
214	Meretrix	474	0.005	1	1	7.673
215	embrued	481	0.005	1	1	7.644
216	niet	483	0.005	1	1	7.644
217	accumulate	491	0.005	1	1	7.615
218	seduces	488	0.005	1	1	7.615
219	seven-fold	498	0.005	1	1	7.587
220	Ioane	2539	0.026	5	4	7.565
221	faemina	515	0.005	1	1	7.56
222	cozens	511	0.005	1	1	7.56
223	Fornicators	1538	0.016	3	2	7.551
224	Drab	524	0.005	1	1	7.533
225	laudably	525	0.005	1	1	7.533
226	beleaguered	521	0.005	1	1	7.533
227	brats	1042	0.011	2	1	7.533
228	Slut	523	0.005	1	1	7.533
229	17.1	1045	0.011	2	1	7.533
230	Flora	2078	0.022	4	3	7.533
231	fringed	523	0.005	1	1	7.533
232	Nowell	531	0.006	1	1	7.506
233	Gill	1056	0.011	2	2	7.506
234	intoxicate	532	0.006	1	1	7.506
235	apostatising	534	0.006	1	1	7.506
236	Benno	531	0.006	1	1	7.506
237	brat	1070	0.011	2	2	7.493
238	Leman	537	0.006	1	1	7.48
239	ary	544	0.006	1	1	7.48
240	Iras	541	0.006	1	1	7.48
241	fiddlers	1087	0.011	2	2	7.468
242	ripping	551	0.006	1	1	7.455
243	avaunt	2223	0.023	4	1	7.436
244	Necromancer	556	0.006	1	1	7.43
245	Prat	571	0.006	1	1	7.405
246	Couchant	573	0.006	1	1	7.405
247	Babel	9790	0.102	17	11	7.386
248	bawd	2878	0.03	5	4	7.386
249	Emil	582	0.006	1	1	7.381
250	hire	8785	0.091	15	7	7.362
251	Eua	591	0.006	1	1	7.357
252	lae	587	0.006	1	1	7.357
253	recompensing	591	0.006	1	1	7.357
254	bowling	592	0.006	1	1	7.357
255	Presentations	590	0.006	1	1	7.357
256	511	598	0.006	1	1	7.334
257	pocky	594	0.006	1	1	7.334
258	22.16	602	0.006	1	1	7.334
259	adulterer	4237	0.044	7	7	7.314
260	mossy	603	0.006	1	1	7.31
261	wild-fire	619	0.006	1	1	7.288
262	Danae	627	0.007	1	1	7.265
263	Apocalips	623	0.007	1	1	7.265
264	prostitute	2508	0.026	4	4	7.265
265	Antichrist.	637	0.007	1	1	7.243
266	Abaddon	637	0.007	1	1	7.243
267	desolate	12933	0.134	20	12	7.218
268	scold	1303	0.014	2	2	7.211
269	Disclaims	665	0.007	1	1	7.179
270	Reu.	3351	0.035	5	5	7.167
271	carouse	690	0.007	1	1	7.118
272	swaggering	689	0.007	1	1	7.118
273	17.6	693	0.007	1	1	7.118
274	10000.	705	0.007	1	1	7.098
275	haunting	700	0.007	1	1	7.098
276	fals	715	0.007	1	1	7.078
277	Coach	9292	0.097	13	2	7.074
278	peruerting	727	0.008	1	1	7.059
279	Babylonish	2911	0.03	4	3	7.049
280	monopoly	1459	0.015	2	2	7.049
281	dresses	1473	0.015	2	2	7.03
282	10.4.	750	0.008	1	1	7.002
283	harlots	5276	0.055	7	7	6.997
284	436	777	0.008	1	1	6.948
285	Whores	5508	0.057	7	5	6.935
286	brace	1591	0.017	2	2	6.921
287	Ione	804	0.008	1	1	6.913
288	Enchanter	797	0.008	1	1	6.913
289	Apron	802	0.008	1	1	6.913
290	bawdy	1610	0.017	2	2	6.904
291	prank	811	0.008	1	1	6.895
292	Timon	815	0.009	1	1	6.878
293	Priapus	831	0.009	1	1	6.861
294	Messalina	832	0.009	1	1	6.861
295	fornications	1721	0.018	2	2	6.804
296	conditioned	1725	0.018	2	1	6.804
297	Siren	870	0.009	1	1	6.796
298	bond-woman	864	0.009	1	1	6.796
299	Sweet-heart	864	0.009	1	1	6.796
300	Paramour	878	0.009	1	1	6.78
301	Matilda	881	0.009	1	1	6.78
302	Whoremongers	1796	0.019	2	2	6.749
303	props	1825	0.019	2	1	6.725
304	enchant	918	0.01	1	1	6.718
305	Apoc	918	0.01	1	1	6.718
306	15.3	934	0.01	1	1	6.688
307	Puta	937	0.01	1	1	6.688
308	Babels	948	0.01	1	1	6.673
309	foreshewed	963	0.01	1	1	6.644
310	patched	1934	0.02	2	2	6.637
311	bastards	3979	0.041	4	4	6.598
312	gest	1001	0.01	1	1	6.587
313	bewitching	2007	0.021	2	2	6.587
314	Hell-fire	1012	0.011	1	1	6.573
315	shoo	1008	0.011	1	1	6.573
316	Furlong	1023	0.011	1	1	6.56
317	played	11334	0.118	11	9	6.546
318	knaves	5254	0.055	5	4	6.52
319	Apostatised	1065	0.011	1	1	6.493
320	avenging	1095	0.011	1	1	6.455
321	Cooper	2193	0.023	2	1	6.455
322	libet	1108	0.012	1	1	6.442
323	Epig.	2233	0.023	2	1	6.43
324	glassy	1126	0.012	1	1	6.417
325	Cuckolds	1131	0.012	1	1	6.417
326	divorced	3378	0.035	3	2	6.417
327	Concubine	3397	0.035	3	3	6.409
328	barbers	1134	0.012	1	1	6.405
329	purple	18224	0.189	16	12	6.402
330	fornicator	1143	0.012	1	1	6.393
331	Maimony	1161	0.012	1	1	6.369
332	adulterated	1175	0.012	1	1	6.357
333	poisoning	2361	0.025	2	1	6.351
334	procurer	1187	0.012	1	1	6.345
335	Bea	1189	0.012	1	1	6.345
336	Iago	1189	0.012	1	1	6.345
337	Almaine	1205	0.013	1	1	6.322
338	Onuphrius	1215	0.013	1	1	6.31
339	Courtesans	1216	0.013	1	1	6.31
340	gins	1211	0.013	1	1	6.31
341	dotes	1209	0.013	1	1	6.31
342	forehead	12159	0.126	10	10	6.308
343	ungracious	2462	0.026	2	1	6.288
344	Iehoua	1262	0.013	1	1	6.254
345	locke	2537	0.026	2	2	6.249
346	fulsome	1271	0.013	1	1	6.243
347	prostituted	1269	0.013	1	1	6.243
348	robber	2551	0.027	2	2	6.238
349	Bridewell	1285	0.013	1	1	6.232
350	Thyatira	1296	0.014	1	1	6.211
351	Cardinalis	1310	0.014	1	1	6.2
352	Ferd	1334	0.014	1	1	6.179
353	Hackney	1328	0.014	1	1	6.179
354	plaid	4003	0.042	3	3	6.172
355	mit	1339	0.014	1	1	6.169
356	smock	1342	0.014	1	1	6.169
357	Iezabel	1348	0.014	1	1	6.158
358	Sodomy	1349	0.014	1	1	6.158
359	paints	1352	0.014	1	1	6.158
360	Lais	1345	0.014	1	1	6.158
361	cockatrice	1363	0.014	1	1	6.148
362	Theodora	1369	0.014	1	1	6.138
363	Vald	1369	0.014	1	1	6.138
364	adores	1375	0.014	1	1	6.128
365	Proverbs	6913	0.072	5	5	6.122
366	Thamar	1424	0.015	1	1	6.078
367	broker	1425	0.015	1	1	6.078
368	resorting	1428	0.015	1	1	6.078
369	pelf	1457	0.015	1	1	6.049
370	Drones	1483	0.015	1	1	6.021
371	lusting	1506	0.016	1	1	6.002
372	obloquy	1503	0.016	1	1	6.002
373	Ptolomie	1502	0.016	1	1	6.002
374	gaming	3021	0.031	2	2	5.993
375	Damme	1514	0.016	1	1	5.993
376	harlot	9167	0.095	6	6	5.978
377	Vestal	1542	0.016	1	1	5.966
378	styles	1611	0.017	1	1	5.904
379	Parrot	1611	0.017	1	1	5.904
380	papal	9725	0.101	6	5	5.893
381	masked	1635	0.017	1	1	5.878
382	banquets	3301	0.034	2	1	5.866
383	Hiss	1653	0.017	1	1	5.861
384	foreheads	3324	0.035	2	2	5.857
385	shameless	6711	0.07	4	4	5.843
386	graceless	3413	0.035	2	2	5.82
387	miscreants	1708	0.018	1	1	5.82
388	Villainous	3467	0.036	2	2	5.796
389	raked	1740	0.018	1	1	5.788
390	3.3.	1739	0.018	1	1	5.788
391	adulterous	3504	0.036	2	2	5.78
392	kinsfolks	1757	0.018	1	1	5.78
393	supporting	3530	0.037	2	1	5.772
394	knave	8870	0.092	5	5	5.763
395	reparations	1779	0.019	1	1	5.756
396	yon	1802	0.019	1	1	5.741
397	pompous	3677	0.038	2	1	5.71
398	deified	1850	0.019	1	1	5.703
399	5.11	1882	0.02	1	1	5.68
400	pranks	1881	0.02	1	1	5.68
401	brands	1898	0.02	1	1	5.666
402	adulteress	1919	0.02	1	1	5.651
403	imprecations	1918	0.02	1	1	5.651
404	rags	5772	0.06	3	3	5.646
405	prefigured	1929	0.02	1	1	5.644
406	badges	1924	0.02	1	1	5.644
407	clip	1933	0.02	1	1	5.637
408	Prophetess	1947	0.02	1	1	5.63
409	Apocalypse	3947	0.041	2	2	5.608
410	Whoredoms	1981	0.021	1	1	5.601
411	allurements	3979	0.041	2	2	5.598
412	Rarest	1996	0.021	1	1	5.594
413	supporters	2003	0.021	1	1	5.587
414	sleights	2011	0.021	1	1	5.58
415	impudent	12093	0.126	6	6	5.579
416	twilight	2023	0.021	1	1	5.573
417	247	2034	0.021	1	1	5.567
418	concubines	4078	0.042	2	2	5.563
419	Beau	2044	0.021	1	1	5.56
420	Bastard	12394	0.129	6	6	5.543
421	leprous	2075	0.022	1	1	5.54
422	Helen	2091	0.022	1	1	5.526
423	aith	2099	0.022	1	1	5.52
424	sits	23190	0.241	11	8	5.514
425	Sleeve	2112	0.022	1	1	5.513
426	wrinkles	2118	0.022	1	1	5.506
427	prating	2124	0.022	1	1	5.506
428	decrepit	2144	0.022	1	1	5.487
429	Hah	2157	0.022	1	1	5.48
430	rides	4321	0.045	2	1	5.477
431	stale	4338	0.045	2	2	5.474
432	lis	2195	0.023	1	1	5.455
433	ith	4421	0.046	2	2	5.445
434	listening	2243	0.023	1	1	5.424
435	warily	4487	0.047	2	2	5.424
436	rampant	2244	0.023	1	1	5.424
437	Isai	2258	0.023	1	1	5.417
438	Nun	4515	0.047	2	1	5.414
439	ide	2263	0.024	1	1	5.411
440	negotiations	2292	0.024	1	1	5.393
441	rep	2316	0.024	1	1	5.381
442	weakens	2329	0.024	1	1	5.369
443	rails	2361	0.025	1	1	5.351
444	drunken	11882	0.123	5	5	5.342
445	Frosts	2413	0.025	1	1	5.322
446	describing	4858	0.05	2	2	5.31
447	abjure	2423	0.025	1	1	5.31
448	hate	65701	0.682	27	21	5.307
449	bathe	4896	0.051	2	2	5.299
450	seared	2455	0.026	1	1	5.293
451	perjured	4993	0.052	2	2	5.271
452	thirsts	2496	0.026	1	1	5.271
453	worthless	2510	0.026	1	1	5.26
454	thn	2520	0.026	1	1	5.254
455	brood	5051	0.052	2	2	5.254
456	Em	7603	0.079	3	1	5.249
457	enforcing	2540	0.026	1	1	5.243
458	forswear	2569	0.027	1	1	5.227
459	stews	2587	0.027	1	1	5.216
460	Crocodile	2605	0.027	1	1	5.211
461	pate	2606	0.027	1	1	5.206
462	Rebecca	2622	0.027	1	1	5.2
463	Epigram	2632	0.027	1	1	5.195
464	Revel	21061	0.219	8	8	5.194
465	allude	2653	0.028	1	1	5.184
466	Dee	2650	0.028	1	1	5.184
467	talks	5297	0.055	2	2	5.184
468	descried	2647	0.028	1	1	5.184
469	bella	2647	0.028	1	1	5.184
470	abominations	10678	0.111	4	4	5.174
471	Cuckold	2667	0.028	1	1	5.174
472	tolerated	5375	0.056	2	2	5.164
473	Rev.	51328	0.533	19	9	5.156
474	Mart.	2716	0.028	1	1	5.148
475	attire	8194	0.085	3	3	5.14
476	Sodomites	2734	0.028	1	1	5.138
477	enforces	2759	0.029	1	1	5.128
478	matrons	2766	0.029	1	1	5.123
479	Apoc.	11083	0.115	4	4	5.119
480	carcass	5550	0.058	2	1	5.118
481	Sextus	2772	0.029	1	1	5.118
482	Venery	2793	0.029	1	1	5.108
483	handmaid	2829	0.029	1	1	5.088
484	Luxurious	2832	0.029	1	1	5.088
485	riotous	2846	0.03	1	1	5.083
486	possessing	5709	0.059	2	1	5.076
487	Magus	5737	0.06	2	2	5.069
488	thief	23047	0.239	8	8	5.064
489	audacious	2899	0.03	1	1	5.054
490	injuriously	2897	0.03	1	1	5.054
491	abhorring	2902	0.03	1	1	5.054
492	faced	2948	0.031	1	1	5.03
493	Babylonian	2956	0.031	1	1	5.026
494	lends	2960	0.031	1	1	5.026
495	genealogy	2971	0.031	1	1	5.021
496	Wouldest	2973	0.031	1	1	5.016
497	shifting	2993	0.031	1	1	5.007
498	inhabitant	3014	0.031	1	1	4.998
499	enchantments	3037	0.032	1	1	4.989
500	coaches	3043	0.032	1	1	4.984
501	lash	3070	0.032	1	1	4.97
502	Matron	3083	0.032	1	1	4.966
503	kepe	9336	0.097	3	3	4.952
504	dice	6226	0.065	2	2	4.952
505	booty	6307	0.066	2	2	4.932
506	surplice	3203	0.033	1	1	4.913
507	cup	48330	0.502	15	15	4.902
508	healths	3230	0.034	1	1	4.9
509	Jesting	3230	0.034	1	1	4.9
510	incite	3235	0.034	1	1	4.895
511	Broils	3266	0.034	1	1	4.883
512	idolatries	3266	0.034	1	1	4.883
513	Strumpet	3285	0.034	1	1	4.874
514	Franc	3303	0.034	1	1	4.866
515	Comparisons	3308	0.034	1	1	4.866
516	sluggish	3307	0.034	1	1	4.866
517	suitor	3317	0.034	1	1	4.861
518	whipped	6660	0.069	2	2	4.855
519	Miser	3333	0.035	1	1	4.853
520	hunters	3346	0.035	1	1	4.849
521	3.3	3339	0.035	1	1	4.849
522	Robberies	3361	0.035	1	1	4.841
523	Strip	3365	0.035	1	1	4.841
524	cozen	3380	0.035	1	1	4.832
525	avenged	3380	0.035	1	1	4.832
526	10000	3420	0.036	1	1	4.816
527	Antichristian	13777	0.143	4	4	4.806
528	coloured	10332	0.107	3	3	4.805
529	random	3453	0.036	1	1	4.804
530	unwholesome	3465	0.036	1	1	4.796
531	nedes	3496	0.036	1	1	4.784
532	sitting	35270	0.366	10	8	4.772
533	Curtains	3546	0.037	1	1	4.764
534	Beast	81566	0.847	23	13	4.764
535	noses	3558	0.037	1	1	4.76
536	swollen	3551	0.037	1	1	4.76
537	polity	3565	0.037	1	1	4.756
538	rabble	7160	0.074	2	2	4.75
539	derided	3589	0.037	1	1	4.745
540	sacrificed	14434	0.15	4	3	4.739
541	Hunted	3634	0.038	1	1	4.729
542	Cooke	3664	0.038	1	1	4.718
543	Closet	7354	0.076	2	2	4.712
544	insatiable	3697	0.038	1	1	4.703
545	beastly	7495	0.078	2	2	4.684
546	Whoredom	7526	0.078	2	2	4.679
547	hog	3772	0.039	1	1	4.673
548	Pap	3784	0.039	1	1	4.669
549	Rascal	3785	0.039	1	1	4.669
550	veritatem	3791	0.039	1	1	4.666
551	cheated	3803	0.04	1	1	4.662
552	arrayed	3816	0.04	1	1	4.658
553	Philistims	3838	0.04	1	1	4.651
554	shaped	3839	0.04	1	1	4.647
555	unholy	3846	0.04	1	1	4.647
556	morsel	3858	0.04	1	1	4.644
557	tempts	3862	0.04	1	1	4.64
558	wiles	3908	0.041	1	1	4.622
559	gap	3918	0.041	1	1	4.619
560	painted	23662	0.246	6	6	4.611
561	detest	7917	0.082	2	2	4.605
562	usurers	3968	0.041	1	1	4.601
563	Annot.	4051	0.042	1	1	4.57
564	marries	4061	0.042	1	1	4.567
565	burn	40670	0.422	10	7	4.566
566	frantic	4089	0.042	1	1	4.56
567	enamoured	4135	0.043	1	1	4.543
568	longs	4138	0.043	1	1	4.54
569	Agrippa	8329	0.087	2	2	4.531
570	Trojan	4173	0.043	1	1	4.529
571	Painters	4167	0.043	1	1	4.529
572	interred	4188	0.044	1	1	4.523
573	wrestling	4237	0.044	1	1	4.506
574	spied	4248	0.044	1	1	4.503
575	forged	8528	0.089	2	2	4.498
576	Abimelech	4276	0.044	1	1	4.493
577	thumb	4280	0.044	1	1	4.493
578	143	4311	0.045	1	1	4.48
579	prefers	4321	0.045	1	1	4.477
580	spends	4330	0.045	1	1	4.477
581	basest	4331	0.045	1	1	4.474
582	Vassal	4357	0.045	1	1	4.468
583	play	61168	0.635	14	13	4.463
584	Severus	4378	0.045	1	1	4.461
585	diseased	8769	0.091	2	2	4.458
586	moor	4396	0.046	1	1	4.455
587	plays	17593	0.183	4	3	4.453
588	PHI	4425	0.046	1	1	4.445
589	affinity	8856	0.092	2	2	4.444
590	horns	22193	0.23	5	4	4.44
591	dens	4464	0.046	1	1	4.433
592	beggar	8945	0.093	2	2	4.428
593	Paint	8989	0.093	2	2	4.422
594	peevish	4508	0.047	1	1	4.417
595	Graced	4511	0.047	1	1	4.417
596	betraying	4564	0.047	1	1	4.399
597	livers	4570	0.047	1	1	4.399
598	ensigns	9131	0.095	2	2	4.399
599	commemoration	4565	0.047	1	1	4.399
600	Antichrist	50530	0.525	11	7	4.39
601	Relics	13846	0.144	3	3	4.384
602	differed	4629	0.048	1	1	4.378
603	Orbis	4637	0.048	1	1	4.378
604	defile	9264	0.096	2	2	4.378
605	Iulius	9289	0.096	2	2	4.375
606	merrily	4679	0.049	1	1	4.363
607	judging	18760	0.195	4	4	4.361
608	Grecian	9382	0.097	2	1	4.36
609	Annot	4704	0.049	1	1	4.357
610	Mistress	42310	0.439	9	8	4.357
611	exacted	4701	0.049	1	1	4.357
612	Tobacco	9488	0.099	2	2	4.344
613	fornication	14235	0.148	3	2	4.343
614	78.	4748	0.049	1	1	4.342
615	cunning	28670	0.298	6	6	4.334
616	124	4812	0.05	1	1	4.322
617	erring	4825	0.05	1	1	4.319
618	Rosemary	4837	0.05	1	1	4.316
619	velvet	4856	0.05	1	1	4.31
620	masculine	4862	0.051	1	1	4.308
621	Magdalen	4888	0.051	1	1	4.302
622	shun	14847	0.154	3	2	4.283
623	profane	40020	0.415	8	4	4.267
624	wedlock	5013	0.052	1	1	4.265
625	clamour	5016	0.052	1	1	4.263
626	Rome	271183	2.815	54	37	4.262
627	deceits	5024	0.052	1	1	4.26
628	vermin	5068	0.053	1	1	4.249
629	drunk	35533	0.369	7	7	4.246
630	Plagued	5100	0.053	1	1	4.241
631	sows	5094	0.053	1	1	4.241
632	cheek	5113	0.053	1	1	4.235
633	Isay	5116	0.053	1	1	4.235
634	winding	5128	0.053	1	1	4.232
635	Romes	5130	0.053	1	1	4.23
636	Adulterers	5137	0.053	1	1	4.23
637	burned	20536	0.213	4	4	4.23
638	playing	10275	0.107	2	2	4.228
639	Assyrians	5157	0.054	1	1	4.224
640	ditch	10469	0.109	2	2	4.202
641	filthiness	10515	0.109	2	2	4.195
642	purer	5259	0.055	1	1	4.195
643	Meadows	5286	0.055	1	1	4.187
644	hating	5297	0.055	1	1	4.184
645	fitly	16083	0.167	3	3	4.167
646	constraint	5368	0.056	1	1	4.166
647	hawks	5379	0.056	1	1	4.164
648	darling	5419	0.056	1	1	4.151
649	locks	5427	0.056	1	1	4.151
650	twain	5474	0.057	1	1	4.138
651	lascivious	5471	0.057	1	1	4.138
652	entertaining	5479	0.057	1	1	4.135
653	Gallows	5501	0.057	1	1	4.13
654	infamous	11020	0.114	2	2	4.128
655	thieves	22285	0.231	4	3	4.112
656	displayed	5618	0.058	1	1	4.1
657	heavier	5619	0.058	1	1	4.1
658	costly	11277	0.117	2	1	4.094
659	groves	5645	0.059	1	1	4.093
660	Nuns	5658	0.059	1	1	4.09
661	vowed	11454	0.119	2	2	4.072
662	handsome	11498	0.119	2	1	4.066
663	frequented	5786	0.06	1	1	4.056
664	confederates	11609	0.121	2	2	4.053
665	accursed	17442	0.181	3	3	4.05
666	resembled	5836	0.061	1	1	4.045
667	Nil	5842	0.061	1	1	4.045
668	professes	11732	0.122	2	2	4.037
669	abomination	11757	0.122	2	2	4.035
670	noting	5928	0.062	1	1	4.023
671	stinking	11949	0.124	2	2	4.012
672	dishonest	6002	0.062	1	1	4.005
673	stained	6010	0.062	1	1	4.002
674	Dragon	18054	0.187	3	2	4.001
675	59.	6027	0.063	1	1	3.998
676	Brooke	6055	0.063	1	1	3.991
677	filthy	30299	0.315	5	5	3.991
678	mon	18249	0.189	3	2	3.985
679	adherents	6092	0.063	1	1	3.984
680	tempting	6108	0.063	1	1	3.979
681	polluted	12233	0.127	2	2	3.977
682	smiles	6115	0.064	1	1	3.977
683	Hierarchy	6183	0.064	1	1	3.961
684	golden	49785	0.517	8	8	3.952
685	chafe	6250	0.065	1	1	3.946
686	basely	6310	0.066	1	1	3.932
687	patrimony	6348	0.066	1	1	3.924
688	baggage	6358	0.066	1	1	3.921
689	whip	6373	0.066	1	1	3.917
690	Sarah	6377	0.066	1	1	3.917
691	price	57392	0.596	9	7	3.917
692	Pamphlet	6387	0.066	1	1	3.915
693	17.	83120	0.863	13	6	3.913
694	bewitched	6431	0.067	1	1	3.904
695	Personages	6449	0.067	1	1	3.902
696	honest	83801	0.87	13	7	3.902
697	abhor	19419	0.202	3	3	3.895
698	revenue	12958	0.135	2	2	3.894
699	metaphor	6491	0.067	1	1	3.891
700	magnified	6500	0.068	1	1	3.889
701	Drunkard	6511	0.068	1	1	3.887
702	naughty	6533	0.068	1	1	3.883
703	guile	6552	0.068	1	1	3.878
704	blush	13133	0.136	2	2	3.875
705	Fiftly	6621	0.069	1	1	3.864
706	naked	46459	0.482	7	7	3.859
707	trodden	6645	0.069	1	1	3.857
708	daughters	40010	0.415	6	5	3.853
709	allure	6732	0.07	1	1	3.839
710	Ezech.	6776	0.07	1	1	3.83
711	Iosephus	6799	0.071	1	1	3.824
712	stomachs	6835	0.071	1	1	3.816
713	perverted	6835	0.071	1	1	3.816
714	eschew	6866	0.071	1	1	3.81
715	Genes	6873	0.071	1	1	3.81
716	chaste	20646	0.214	3	3	3.807
717	gloss	13765	0.143	2	2	3.807
718	tribute	20800	0.216	3	3	3.797
719	Al	6997	0.073	1	1	3.784
720	Treatises	6996	0.073	1	1	3.784
721	rogue	6990	0.073	1	1	3.784
722	uncleanness	14027	0.146	2	2	3.78
723	heathenish	7043	0.073	1	1	3.774
724	condemning	14091	0.146	2	2	3.773
725	begot	7053	0.073	1	1	3.772
726	lane	7088	0.074	1	1	3.764
727	challenged	7132	0.074	1	1	3.756
728	assumption	7125	0.074	1	1	3.756
729	commerce	14266	0.148	2	2	3.755
730	boys	14311	0.149	2	2	3.75
731	likes	7169	0.074	1	1	3.749
732	Creditors	7178	0.075	1	1	3.747
733	execrable	7210	0.075	1	1	3.741
734	tenets	7204	0.075	1	1	3.741
735	rail	7220	0.075	1	1	3.739
736	foul	43393	0.451	6	6	3.735
737	idolatrous	14523	0.151	2	2	3.729
738	hills	29127	0.302	4	3	3.725
739	Chaldee	7286	0.076	1	1	3.725
740	wipe	7298	0.076	1	1	3.722
741	Seat	51212	0.532	7	4	3.719
742	rotten	14651	0.152	2	2	3.717
743	stamped	7328	0.076	1	1	3.716
744	87	7352	0.076	1	1	3.712
745	Lap	7378	0.077	1	1	3.707
746	Madame	7409	0.077	1	1	3.701
747	assoiled	7417	0.077	1	1	3.699
748	Orleans	7491	0.078	1	1	3.684
749	treats	7496	0.078	1	1	3.684
750	superstitions	7530	0.078	1	1	3.677
751	trading	7537	0.078	1	1	3.677
752	nd	15088	0.157	2	2	3.675
753	Card	7542	0.078	1	1	3.675
754	loco	15190	0.158	2	2	3.665
755	str	7686	0.08	1	1	3.647
756	heed	61679	0.64	8	2	3.643
757	Zach.	7738	0.08	1	1	3.638
758	marry	38694	0.402	5	5	3.638
759	odious	23239	0.241	3	3	3.637
760	merchandise	15488	0.161	2	2	3.637
761	Dog	30988	0.322	4	3	3.636
762	appertains	7757	0.081	1	1	3.635
763	Hos.	15549	0.161	2	1	3.631
764	puffed	7888	0.082	1	1	3.61
765	mocked	7900	0.082	1	1	3.608
766	quicquid	7912	0.082	1	1	3.606
767	quench	15945	0.166	2	2	3.595
768	Hare	7991	0.083	1	1	3.591
769	approaches	8131	0.084	1	1	3.567
770	superfluous	16318	0.169	2	1	3.561
771	Colleges	8166	0.085	1	1	3.56
772	duo	8176	0.085	1	1	3.558
773	sale	16370	0.17	2	2	3.557
774	Prou.	8310	0.086	1	1	3.534
775	TAYLOR	8326	0.086	1	1	3.533
776	mother	150593	1.563	18	15	3.525
777	Sectaries	8390	0.087	1	1	3.521
778	clad	8414	0.087	1	1	3.518
779	Gown	8419	0.087	1	1	3.516
780	properties	25319	0.263	3	1	3.513
781	crew	8469	0.088	1	1	3.508
782	damned	34243	0.356	4	3	3.492
783	pregnant	8560	0.089	1	1	3.492
784	maist	17147	0.178	2	2	3.49
785	banks	17161	0.178	2	2	3.489
786	tall	8632	0.09	1	1	3.48
787	apostate	8710	0.09	1	1	3.468
788	magnificence	8848	0.092	1	1	3.445
789	Grain	17694	0.184	2	1	3.445
790	expounds	8875	0.092	1	1	3.441
791	butter	17830	0.185	2	2	3.434
792	destruction	89423	0.928	10	8	3.429
793	steal	17906	0.186	2	2	3.427
794	bloody	53730	0.558	6	4	3.427
795	pleads	8993	0.093	1	1	3.42
796	fashions	9013	0.094	1	1	3.417
797	array	9012	0.094	1	1	3.417
798	guarded	9072	0.094	1	1	3.408
799	woman	183598	1.906	20	16	3.391
800	enraged	9233	0.096	1	1	3.384
801	waters	83222	0.864	9	7	3.381
802	witch	9245	0.096	1	1	3.381
803	declining	9313	0.097	1	1	3.37
804	pens	9367	0.097	1	1	3.363
805	dat	9363	0.097	1	1	3.363
806	hired	9416	0.098	1	1	3.355
807	Roman	141472	1.469	15	12	3.352
808	sores	9491	0.099	1	1	3.344
809	Popes	76677	0.796	8	6	3.329
810	inference	9633	0.1	1	1	3.322
811	Muses	9656	0.1	1	1	3.319
812	exceeds	9675	0.1	1	1	3.316
813	Watching	9672	0.1	1	1	3.316
814	debet	9714	0.101	1	1	3.31
815	Mundi	9709	0.101	1	1	3.31
816	begotten	29211	0.303	3	3	3.307
817	turns	39404	0.409	4	3	3.29
818	chastity	19740	0.205	2	2	3.287
819	Daughter	108707	1.129	11	7	3.285
820	viz	9934	0.103	1	1	3.278
821	keeps	40024	0.416	4	4	3.267
822	headlong	10029	0.104	1	1	3.264
823	sets	50272	0.522	5	5	3.26
824	abandon	10068	0.105	1	1	3.258
825	Embraces	10141	0.105	1	1	3.247
826	Imprinted	10174	0.106	1	1	3.243
827	Tragedy	10196	0.106	1	1	3.241
828	impudence	10304	0.107	1	1	3.224
829	vent	10319	0.107	1	1	3.223
830	seduced	10324	0.107	1	1	3.222
831	discovering	10322	0.107	1	1	3.222
832	dancing	10351	0.108	1	1	3.218
833	talked	10368	0.108	1	1	3.216
834	Hebrew	41553	0.431	4	2	3.213
835	breaks	20777	0.216	2	1	3.213
836	Synagogue	10391	0.108	1	1	3.212
837	rewards	20903	0.217	2	2	3.204
838	weakened	10463	0.109	1	1	3.203
839	Revelation	41988	0.436	4	4	3.198
840	barren	21073	0.219	2	2	3.192
841	husband	105631	1.097	10	10	3.189
842	unprofitable	21130	0.219	2	1	3.189
843	cheat	10600	0.11	1	1	3.184
844	hang	31830	0.33	3	3	3.183
845	petty	10617	0.11	1	1	3.182
846	Societies	10616	0.11	1	1	3.182
847	damnation	32064	0.333	3	3	3.172
848	marrow	10704	0.111	1	1	3.17
849	necks	10810	0.112	1	1	3.156
850	perdition	10866	0.113	1	1	3.148
851	calais	10880	0.113	1	1	3.147
852	entitled	21778	0.226	2	2	3.145
853	pox	10902	0.113	1	1	3.143
854	indulgence	10911	0.113	1	1	3.142
855	stile	21951	0.228	2	2	3.134
856	Turk	22087	0.229	2	2	3.125
857	walks	11050	0.115	1	1	3.124
858	swore	11085	0.115	1	1	3.119
859	notorious	22363	0.232	2	2	3.107
860	sprung	11190	0.116	1	1	3.105
861	perchance	11230	0.117	1	1	3.1
862	wife	214853	2.23	19	17	3.091
863	compassed	11351	0.118	1	1	3.086
864	Inn	11350	0.118	1	1	3.086
865	murderers	11345	0.118	1	1	3.086
866	Vicar	11392	0.118	1	1	3.079
867	scarcely	11399	0.118	1	1	3.079
868	adorn	11429	0.119	1	1	3.076
869	forsook	11497	0.119	1	1	3.067
870	become	172873	1.795	15	12	3.063
871	fitter	11535	0.12	1	1	3.063
872	ice	11552	0.12	1	1	3.06
873	criminal	11681	0.121	1	1	3.043
874	wondered	11794	0.122	1	1	3.03
875	purposed	11812	0.123	1	1	3.028
876	common	346098	3.593	29	13	3.013
877	wheel	12003	0.125	1	1	3.005
878	Prodigious	12011	0.125	1	1	3.003
879	ware	12046	0.125	1	1	3
880	hunt	12065	0.125	1	1	2.998
881	Bride	12056	0.125	1	1	2.998
882	exposed	24132	0.251	2	2	2.997
883	prey	24332	0.253	2	2	2.985
884	proclaim	12226	0.127	1	1	2.978
885	issued	12230	0.127	1	1	2.977
886	subtle	36810	0.382	3	3	2.973
887	quoth	36867	0.383	3	3	2.971
888	Mounted	12305	0.128	1	1	2.969
889	fetch	24696	0.256	2	2	2.964
890	Adultery	24714	0.257	2	2	2.962
891	delicate	12414	0.129	1	1	2.956
892	malignant	12436	0.129	1	1	2.953
893	worn	12479	0.13	1	1	2.949
894	burnt	50113	0.52	4	3	2.943
895	Amos	12559	0.13	1	1	2.939
896	murderer	12581	0.131	1	1	2.937
897	backs	12586	0.131	1	1	2.936
898	correspondence	12597	0.131	1	1	2.935
899	trust	126242	1.311	10	1	2.932
900	nose	25309	0.263	2	2	2.929
901	Israell	12654	0.131	1	1	2.928
902	Transubstantiation	12665	0.132	1	1	2.927
903	limbs	12705	0.132	1	1	2.922
904	Friar	12819	0.133	1	1	2.909
905	draught	12880	0.134	1	1	2.903
906	traffic	12930	0.134	1	1	2.898
907	heretical	12934	0.134	1	1	2.896
908	Swine	12952	0.135	1	1	2.894
909	complexion	13038	0.135	1	1	2.886
910	Wolf	13047	0.135	1	1	2.885
911	Lev	13206	0.137	1	1	2.867
912	offerings	13224	0.137	1	1	2.865
913	greedy	13232	0.137	1	1	2.864
914	Priests	145909	1.515	11	6	2.86
915	Pope	240165	2.493	18	12	2.852
916	dressed	13382	0.139	1	1	2.848
917	Athanasius	13378	0.139	1	1	2.848
918	Revelations	13397	0.139	1	1	2.846
919	despite	13448	0.14	1	1	2.841
920	lovers	26913	0.279	2	2	2.84
921	maintaining	13453	0.14	1	1	2.84
922	Virgin	54072	0.561	4	4	2.833
923	her	1811491	18.805	134	71	2.833
924	Anthony	13580	0.141	1	1	2.826
925	Grecians	13604	0.141	1	1	2.824
926	doctrines	40858	0.424	3	2	2.822
927	harbour	13726	0.143	1	1	2.811
928	dares	13753	0.143	1	1	2.808
929	she	1006738	10.451	73	41	2.804
930	beds	13800	0.143	1	1	2.803
931	observations	27622	0.287	2	2	2.802
932	Annum	13979	0.145	1	1	2.785
933	kills	14012	0.146	1	1	2.781
934	charms	14109	0.147	1	1	2.771
935	diet	28239	0.293	2	2	2.771
936	Methinks	14132	0.147	1	1	2.769
937	swear	56939	0.591	4	4	2.759
938	Martin	14281	0.148	1	1	2.754
939	described	42932	0.446	3	2	2.751
940	gets	14332	0.149	1	1	2.749
941	obtaining	14368	0.149	1	1	2.745
942	o'er	14473	0.15	1	1	2.735
943	whereto	14493	0.15	1	1	2.733
944	dispatch	14533	0.151	1	1	2.728
945	Simon	29226	0.303	2	2	2.721
946	buildings	14646	0.152	1	1	2.718
947	thread	14714	0.153	1	1	2.711
948	fairest	14727	0.153	1	1	2.709
949	hunting	14846	0.154	1	1	2.698
950	beget	14843	0.154	1	1	2.698
951	dearly	14865	0.154	1	1	2.696
952	descended	29883	0.31	2	2	2.689
953	Des	29895	0.31	2	2	2.688
954	Deacons	14999	0.156	1	1	2.683
955	doors	29993	0.311	2	2	2.683
956	accompanied	30033	0.312	2	2	2.681
957	intends	15033	0.156	1	1	2.679
958	game	15105	0.157	1	1	2.673
959	feathers	15142	0.157	1	1	2.669
960	terra	15176	0.158	1	1	2.667
961	craft	15181	0.158	1	1	2.666
962	foe	15213	0.158	1	1	2.663
963	grown	45966	0.477	3	3	2.652
964	cried	45966	0.477	3	2	2.652
965	bought	30717	0.319	2	2	2.649
966	absence	30716	0.319	2	2	2.649
967	goodly	30823	0.32	2	2	2.644
968	70	15439	0.16	1	1	2.641
969	flourish	15463	0.161	1	1	2.639
970	kindly	15466	0.161	1	1	2.638
971	husbands	30992	0.322	2	2	2.636
972	casts	15527	0.161	1	1	2.633
973	pronounce	15550	0.161	1	1	2.631
974	Zion	31118	0.323	2	2	2.63
975	Sodom	15597	0.162	1	1	2.627
976	Nero	15620	0.162	1	1	2.625
977	'm	31244	0.324	2	2	2.625
978	16.	93810	0.974	6	5	2.623
979	pretending	15693	0.163	1	1	2.618
980	drinks	15747	0.164	1	1	2.613
981	reigns	15787	0.164	1	1	2.609
982	discovered	63467	0.659	4	3	2.602
983	key	15904	0.165	1	1	2.599
984	sat	47715	0.495	3	2	2.599
985	millions	15911	0.165	1	1	2.598
986	lend	15915	0.165	1	1	2.598
987	dost	31931	0.332	2	2	2.593
988	differing	16158	0.168	1	1	2.576
989	expectation	32361	0.336	2	2	2.574
990	Elias	16197	0.168	1	1	2.573
991	lament	16334	0.17	1	1	2.56
992	ore	16392	0.17	1	1	2.555
993	strongest	16405	0.17	1	1	2.554
994	quarrel	32992	0.343	2	2	2.546
995	torn	16521	0.172	1	1	2.544
996	married	66560	0.691	4	4	2.533
997	Readers	16753	0.174	1	1	2.524
998	receives	33599	0.349	2	2	2.52
999	seals	16820	0.175	1	1	2.518
1000	hates	16898	0.175	1	1	2.511
1001	lodged	16921	0.176	1	1	2.509
1002	estimation	17074	0.177	1	1	2.497
1003	Fishes	17087	0.177	1	1	2.495
1004	sister	51618	0.536	3	3	2.485
1005	Peters	17256	0.179	1	1	2.481
1006	beaten	34661	0.36	2	2	2.475
1007	yields	17327	0.18	1	1	2.475
1008	coin	17339	0.18	1	1	2.474
1009	scorn	34703	0.36	2	2	2.473
1010	expedition	17374	0.18	1	1	2.471
1011	Regiment	17461	0.181	1	1	2.464
1012	betray	17683	0.184	1	1	2.445
1013	37.	17837	0.185	1	1	2.433
1014	meddle	17894	0.186	1	1	2.428
1015	Esa	17912	0.186	1	1	2.427
1016	exact	35980	0.374	2	2	2.421
1017	defiled	18090	0.188	1	1	2.413
1018	Athens	18242	0.189	1	1	2.4
1019	drunkenness	18268	0.19	1	1	2.399
1020	call	328774	3.413	18	16	2.399
1021	lust	54865	0.57	3	3	2.397
1022	posture	18332	0.19	1	1	2.394
1023	keep	313074	3.25	17	13	2.387
1024	vicious	18428	0.191	1	1	2.386
1025	merchants	36943	0.384	2	1	2.383
1026	lets	18569	0.193	1	1	2.375
1027	Monstrous	18738	0.195	1	1	2.362
1028	judged	56237	0.584	3	3	2.361
1029	undoubtedly	18754	0.195	1	1	2.361
1030	plagues	18774	0.195	1	1	2.359
1031	blows	18837	0.196	1	1	2.355
1032	shame	94222	0.978	5	5	2.354
1033	gladly	18903	0.196	1	1	2.35
1034	vengeance	37813	0.393	2	2	2.349
1035	conveyed	18913	0.196	1	1	2.349
1036	Companion	19107	0.198	1	1	2.334
1037	Iudas	19126	0.199	1	1	2.333
1038	Tyranny	38301	0.398	2	2	2.331
1039	Par	38300	0.398	2	2	2.331
1040	horrid	19167	0.199	1	1	2.329
1041	members	116122	1.205	6	4	2.315
1042	specially	38732	0.402	2	2	2.314
1043	great	1790493	18.587	92	52	2.307
1044	spare	38949	0.404	2	2	2.307
1045	Feasts	19508	0.203	1	1	2.304
1046	intelligence	19523	0.203	1	1	2.303
1047	uttered	19627	0.204	1	1	2.295
1048	restrain	19741	0.205	1	1	2.287
1049	jealous	19806	0.206	1	1	2.282
1050	nice	19841	0.206	1	1	2.279
1051	cost	39743	0.413	2	2	2.277
1052	manifold	19880	0.206	1	1	2.276
1053	reputed	19893	0.207	1	1	2.276
1054	term	59683	0.62	3	3	2.276
1055	loose	59737	0.62	3	2	2.274
1056	Venice	19987	0.208	1	1	2.269
1057	drink	140890	1.463	7	7	2.259
1058	loyal	20260	0.21	1	1	2.249
1059	nere	20350	0.211	1	1	2.243
1060	walked	20392	0.212	1	1	2.24
1061	tie	20437	0.212	1	1	2.237
1062	horn	20550	0.213	1	1	2.229
1063	base	61654	0.64	3	3	2.229
1064	wild	61696	0.641	3	3	2.228
1065	leith	20613	0.214	1	1	2.224
1066	40.	20630	0.214	1	1	2.223
1067	warning	20690	0.215	1	1	2.219
1068	lease	20724	0.215	1	1	2.217
1069	openly	41440	0.43	2	2	2.217
1070	reduce	20718	0.215	1	1	2.217
1071	swearing	20821	0.216	1	1	2.21
1072	stream	20865	0.217	1	1	2.207
1073	killing	20948	0.218	1	1	2.201
1074	retire	21045	0.219	1	1	2.194
1075	Herod	21047	0.219	1	1	2.194
1076	Mystical	21135	0.219	1	1	2.188
1077	fighting	21135	0.219	1	1	2.188
1078	consult	21149	0.22	1	1	2.188
1079	serpents	21180	0.22	1	1	2.185
1080	Slave	21201	0.22	1	1	2.184
1081	market	21236	0.22	1	1	2.182
1082	fee	21237	0.221	1	1	2.181
1083	nearest	21311	0.221	1	1	2.177
1084	final	21409	0.222	1	1	2.17
1085	Deuteronomy	64271	0.667	3	3	2.169
1086	description	42949	0.446	2	2	2.166
1087	laboured	21489	0.223	1	1	2.164
1088	widow	21540	0.224	1	1	2.161
1089	idle	43098	0.447	2	2	2.16
1090	commanding	21556	0.224	1	1	2.16
1091	confirmed	64726	0.672	3	3	2.159
1092	Drawn	108352	1.125	5	1	2.152
1093	Ocean	21709	0.225	1	1	2.149
1094	ten	130362	1.353	6	5	2.148
1095	Bridge	21894	0.227	1	1	2.137
1096	compared	43800	0.455	2	2	2.137
1097	Jealousy	21960	0.228	1	1	2.133
1098	deserve	44125	0.458	2	2	2.126
1099	Christendom	22143	0.23	1	1	2.121
1100	records	22275	0.231	1	1	2.113
1101	Apollo	22342	0.232	1	1	2.108
1102	34.	22411	0.233	1	1	2.104
1103	meant	112513	1.168	5	4	2.098
1104	abuse	45195	0.469	2	2	2.092
1105	weeping	22605	0.235	1	1	2.091
1106	mans	181090	1.88	8	7	2.089
1107	Alas	67915	0.705	3	3	2.089
1108	rude	22714	0.236	1	1	2.084
1109	big	22769	0.236	1	1	2.081
1110	throne	68392	0.71	3	3	2.079
1111	adding	22908	0.238	1	1	2.072
1112	imitate	22952	0.238	1	1	2.069
1113	abominable	22990	0.239	1	1	2.067
1114	smoke	23076	0.24	1	1	2.062
1115	Jer	23150	0.24	1	1	2.057
1116	47	23189	0.241	1	1	2.055
1117	wisely	23259	0.241	1	1	2.051
1118	stroke	23344	0.242	1	1	2.045
1119	brass	23353	0.242	1	1	2.045
1120	wine	164447	1.707	7	6	2.036
1121	Merchant	23511	0.244	1	1	2.034
1122	Repeat	23553	0.245	1	1	2.032
1123	acquaintance	23888	0.248	1	1	2.012
1124	restored	47801	0.496	2	2	2.011
1125	loud	23920	0.248	1	1	2.01
1126	drowned	24043	0.25	1	1	2.002
1127	absent	24129	0.251	1	1	1.997
1128	carries	24147	0.251	1	1	1.996
1129	worst	48340	0.502	2	2	1.995
1130	farewell	24180	0.251	1	1	1.994
1131	Fox	24216	0.251	1	1	1.992
1132	Worse	96916	1.006	4	3	1.991
1133	supposing	24260	0.252	1	1	1.99
1134	distinguished	24314	0.252	1	1	1.986
1135	discharged	24372	0.253	1	1	1.983
1136	vows	24417	0.254	1	1	1.98
1137	became	73544	0.763	3	3	1.974
1138	procured	24521	0.255	1	1	1.974
1139	deceit	24531	0.255	1	1	1.973
1140	proud	73660	0.765	3	3	1.972
1141	Histories	24576	0.255	1	1	1.971
1142	Leo	24606	0.255	1	1	1.969
1143	Albeit	73943	0.768	3	3	1.967
1144	flies	24756	0.257	1	1	1.96
1145	14.	99060	1.028	4	4	1.96
1146	telling	24804	0.258	1	1	1.957
1147	Conditions	49776	0.517	2	2	1.953
1148	invention	24895	0.258	1	1	1.952
1149	J	24919	0.259	1	1	1.951
1150	boldly	24995	0.26	1	1	1.946
1151	Lamb	50063	0.52	2	2	1.944
1152	royal	101049	1.049	4	4	1.931
1153	secretly	25285	0.263	1	1	1.93
1154	termed	25438	0.264	1	1	1.921
1155	hated	25471	0.264	1	1	1.919
1156	constrained	25544	0.265	1	1	1.915
1157	clothed	25607	0.266	1	1	1.912
1158	18.	77389	0.803	3	2	1.901
1159	Salomon	25808	0.268	1	1	1.9
1160	suspected	25911	0.269	1	1	1.894
1161	partakers	25934	0.269	1	1	1.893
1162	Wo	26036	0.27	1	1	1.887
1163	company	157530	1.635	6	6	1.875
1164	sit	131502	1.365	5	4	1.873
1165	kiss	26340	0.273	1	1	1.871
1166	anon	26356	0.274	1	1	1.87
1167	ass	26382	0.274	1	1	1.868
1168	heathens	26424	0.274	1	1	1.866
1169	comfortable	26493	0.275	1	1	1.862
1170	lays	26622	0.276	1	1	1.855
1171	usually	53352	0.554	2	1	1.853
1172	spent	53460	0.555	2	2	1.849
1173	17	133873	1.39	5	4	1.847
1174	garments	26823	0.278	1	1	1.845
1175	Money	188212	1.954	7	6	1.841
1176	stayed	26971	0.28	1	1	1.837
1177	Israel	162651	1.689	6	4	1.829
1178	sorrows	27191	0.282	1	1	1.825
1179	sheweth	54422	0.565	2	2	1.824
1180	industry	27242	0.283	1	1	1.822
1181	lusts	54617	0.567	2	2	1.819
1182	mystery	54678	0.568	2	2	1.817
1183	school	27359	0.284	1	1	1.816
1184	Port	27474	0.285	1	1	1.81
1185	allow	54968	0.571	2	2	1.809
1186	Boy	27639	0.287	1	1	1.801
1187	hanged	27832	0.289	1	1	1.791
1188	barbarous	28021	0.291	1	1	1.781
1189	followers	28164	0.292	1	1	1.774
1190	welcome	28288	0.294	1	1	1.768
1191	Chron.	28380	0.295	1	1	1.763
1192	lawfully	28401	0.295	1	1	1.762
1193	called	768363	7.976	27	19	1.759
1194	torment	28570	0.297	1	1	1.753
1195	doom	28591	0.297	1	1	1.752
1196	sail	28690	0.298	1	1	1.748
1197	wives	57399	0.596	2	2	1.747
1198	'd	144543	1.501	5	4	1.736
1199	vision	28960	0.301	1	1	1.734
1200	dealing	28989	0.301	1	1	1.733
1201	Shown	29305	0.304	1	1	1.717
1202	Ezek.	29318	0.304	1	1	1.716
1203	afterwards	146805	1.524	5	4	1.714
1204	honesty	29498	0.306	1	1	1.707
1205	miracle	29540	0.307	1	1	1.705
1206	share	29601	0.307	1	1	1.702
1207	famous	88824	0.922	3	3	1.702
1208	reports	29748	0.309	1	1	1.695
1209	defence	89679	0.931	3	3	1.688
1210	entertain	30000	0.311	1	1	1.683
1211	merry	30040	0.312	1	1	1.681
1212	quiet	60323	0.626	2	2	1.675
1213	Rebels	30162	0.313	1	1	1.675
1214	affirmed	30406	0.316	1	1	1.664
1215	travel	30408	0.316	1	1	1.663
1216	calls	121932	1.266	4	4	1.66
1217	Howsoever	30491	0.317	1	1	1.66
1218	judges	91633	0.951	3	3	1.657
1219	mothers	30565	0.317	1	1	1.656
1220	a	14471665	150.228	473	147	1.655
1221	Graces	61202	0.635	2	2	1.654
1222	strike	30636	0.318	1	1	1.653
1223	Anointed	30642	0.318	1	1	1.652
1224	an	2497908	25.93	81	37	1.643
1225	Priest	123560	1.283	4	2	1.641
1226	scarce	62192	0.646	2	2	1.631
1227	Monarchy	31153	0.323	1	1	1.629
1228	execute	31219	0.324	1	1	1.625
1229	condemnation	31282	0.325	1	1	1.623
1230	terror	31309	0.325	1	1	1.621
1231	prevent	62672	0.651	2	2	1.62
1232	beautiful	31363	0.326	1	1	1.619
1233	Daniel	31557	0.328	1	1	1.61
1234	fr	63238	0.657	2	2	1.607
1235	Devil	190658	1.979	6	6	1.6
1236	wished	31831	0.33	1	1	1.598
1237	Oaths	31854	0.331	1	1	1.596
1238	Beauty	95667	0.993	3	1	1.595
1239	freely	63939	0.664	2	2	1.591
1240	dogs	32101	0.333	1	1	1.586
1241	leaves	96805	1.005	3	3	1.578
1242	divide	32819	0.341	1	1	1.553
1243	mark	131282	1.363	4	4	1.553
1244	sides	65850	0.684	2	2	1.549
1245	chose	33127	0.344	1	1	1.54
1246	beasts	99530	1.033	3	3	1.538
1247	Shore	33521	0.348	1	1	1.523
1248	Language	67133	0.697	2	2	1.521
1249	Paradise	33568	0.349	1	1	1.521
1250	suit	33605	0.349	1	1	1.52
1251	lie	168129	1.745	5	5	1.518
1252	spoil	33637	0.349	1	1	1.518
1253	race	33650	0.349	1	1	1.517
1254	Soldier	33917	0.352	1	1	1.506
1255	bred	34100	0.354	1	1	1.498
1256	advanced	34128	0.354	1	1	1.497
1257	Physicians	34162	0.355	1	1	1.496
1258	Item	34287	0.356	1	1	1.49
1259	music	34871	0.362	1	1	1.466
1260	li	35098	0.364	1	1	1.457
1261	fools	35223	0.366	1	1	1.452
1262	sends	35230	0.366	1	1	1.451
1263	delights	35263	0.366	1	1	1.45
1264	choose	71078	0.738	2	2	1.439
1265	laying	35626	0.37	1	1	1.435
1266	nisi	35678	0.37	1	1	1.433
1267	buy	35853	0.372	1	1	1.426
1268	carry	108052	1.122	3	3	1.419
1269	double	72073	0.748	2	1	1.419
1270	kept	180349	1.872	5	5	1.417
1271	chief	180904	1.878	5	2	1.413
1272	Afterward	72483	0.752	2	2	1.41
1273	eat	145185	1.507	4	3	1.408
1274	desirous	36305	0.377	1	1	1.408
1275	19.	72769	0.755	2	2	1.405
1276	garden	36538	0.379	1	1	1.399
1277	turned	109846	1.14	3	3	1.396
1278	bed	73593	0.764	2	2	1.388
1279	clothes	36950	0.384	1	1	1.382
1280	bearing	37031	0.384	1	1	1.379
1281	warm	37060	0.385	1	1	1.378
1282	sincere	37054	0.385	1	1	1.378
1283	wilt	74391	0.772	2	2	1.373
1284	turning	37211	0.386	1	1	1.372
1285	Jesuits	37256	0.387	1	1	1.371
1286	spend	37287	0.387	1	1	1.369
1287	note	111981	1.163	3	3	1.368
1288	writ	74728	0.776	2	1	1.366
1289	book	299396	3.108	8	6	1.364
1290	subjection	37480	0.389	1	1	1.362
1291	Highness	37512	0.389	1	1	1.361
1292	numbers	37529	0.39	1	1	1.36
1293	open	187653	1.948	5	5	1.36
1294	make	1313915	13.64	35	28	1.36
1295	deep	75511	0.784	2	2	1.351
1296	Second	377815	3.922	10	7	1.35
1297	fell	151275	1.57	4	4	1.349
1298	ecclesiastical	75702	0.786	2	1	1.348
1299	separated	37858	0.393	1	1	1.347
1300	Evening	37929	0.394	1	1	1.345
1301	loves	76043	0.789	2	2	1.341
1302	Dan	38042	0.395	1	1	1.34
1303	whereunto	38047	0.395	1	1	1.34
1304	Lips	38066	0.395	1	1	1.339
1305	women	152987	1.588	4	4	1.333
1306	6.	191822	1.991	5	4	1.328
1307	committed	115180	1.196	3	3	1.327
1308	FINIS	38468	0.399	1	1	1.324
1309	qualities	38805	0.403	1	1	1.312
1310	driven	38873	0.404	1	1	1.309
1311	blind	77737	0.807	2	2	1.309
1312	forbidden	38907	0.404	1	1	1.308
1313	Fourthly	38947	0.404	1	1	1.307
1314	proceedings	39090	0.406	1	1	1.301
1315	Teaching	39101	0.406	1	1	1.301
1316	loved	78391	0.814	2	2	1.297
1317	maintain	78757	0.818	2	2	1.291
1318	lo	39596	0.411	1	1	1.283
1319	below	39611	0.411	1	1	1.282
1320	'll	158479	1.645	4	4	1.282
1321	differ	39678	0.412	1	1	1.28
1322	plead	39869	0.414	1	1	1.273
1323	terrible	39921	0.414	1	1	1.271
1324	fashion	39934	0.415	1	1	1.271
1325	nought	39966	0.415	1	1	1.269
1326	space	80076	0.831	2	2	1.267
1327	abroad	80124	0.832	2	2	1.266
1328	send	120341	1.249	3	3	1.264
1329	?	2527462	26.237	63	38	1.264
1330	runs	40288	0.418	1	1	1.258
1331	seven	120863	1.255	3	3	1.258
1332	Finally	40318	0.419	1	1	1.257
1333	provide	40597	0.421	1	1	1.247
1334	evils	40623	0.422	1	1	1.246
1335	notable	40823	0.424	1	1	1.239
1336	fool	41266	0.428	1	1	1.223
1337	Bill	41380	0.43	1	1	1.219
1338	proves	41434	0.43	1	1	1.217
1339	colours	41565	0.432	1	1	1.213
1340	Policy	41924	0.435	1	1	1.2
1341	offering	41936	0.435	1	1	1.2
1342	amongst	251926	2.615	6	5	1.198
1343	Church	1175787	12.206	28	15	1.198
1344	Rare	42119	0.437	1	1	1.194
1345	saying	211699	2.198	5	4	1.186
1346	Countries	84816	0.881	2	2	1.184
1347	milk	42416	0.44	1	1	1.183
1348	verily	42479	0.441	1	1	1.181
1349	Reformed	42488	0.441	1	1	1.181
1350	stands	85073	0.883	2	2	1.179
1351	utter	42614	0.442	1	1	1.177
1352	whose	468798	4.867	11	11	1.177
1353	virtuous	42661	0.443	1	1	1.175
1354	honoured	42718	0.443	1	1	1.173
1355	difference	128593	1.335	3	2	1.168
1356	young	171502	1.78	4	4	1.168
1357	plague	42909	0.445	1	1	1.167
1358	Tim	86301	0.896	2	1	1.159
1359	hath	1823449	18.929	42	28	1.15
1360	whom	782727	8.125	18	14	1.147
1361	seed	130549	1.355	3	3	1.146
1362	ergo	43824	0.455	1	1	1.136
1363	camp	43972	0.457	1	1	1.131
1364	broken	88305	0.917	2	2	1.125
1365	guilt	44211	0.459	1	1	1.124
1366	notes	44287	0.46	1	1	1.121
1367	yes	44644	0.463	1	1	1.11
1368	conclude	89613	0.93	2	2	1.104
1369	usual	44893	0.466	1	1	1.102
1370	beat	45020	0.467	1	1	1.098
1371	thou	1398203	14.515	31	18	1.095
1372	wanting	45133	0.469	1	1	1.094
1373	chance	45225	0.47	1	1	1.091
1374	Empire	90491	0.939	2	2	1.09
1375	sum	91719	0.952	2	2	1.071
1376	yea	321813	3.341	7	7	1.067
1377	old	414305	4.301	9	7	1.065
1378	Writers	46092	0.479	1	1	1.063
1379	Angry	46285	0.481	1	1	1.057
1380	store	46312	0.481	1	1	1.056
1381	strange	139257	1.446	3	2	1.053
1382	p	46503	0.483	1	1	1.051
1383	sons	139530	1.448	3	3	1.051
1384	holds	46539	0.483	1	1	1.05
1385	thine	141265	1.466	3	3	1.033
1386	Marriage	94195	0.978	2	2	1.032
1387	agreed	47125	0.489	1	1	1.032
1388	rightly	47299	0.491	1	1	1.026
1389	affected	47304	0.491	1	1	1.026
1390	build	47348	0.492	1	1	1.025
1391	blood	426566	4.428	9	9	1.023
1392	Among	379416	3.939	8	7	1.022
1393	Object	94992	0.986	2	2	1.02
1394	lately	47691	0.495	1	1	1.014
1395	Gentle	47820	0.496	1	1	1.01
1396	home	144093	1.496	3	3	1.004
1397	noise	48078	0.499	1	1	1.003
1398	warrant	48147	0.5	1	1	1.001
1399	ashamed	48199	0.5	1	1	0.999
1400	knows	144623	1.501	3	3	0.999
1401	puts	48280	0.501	1	1	0.997
1402	begin	97196	1.009	2	2	0.987
1403	degree	97277	1.01	2	2	0.986
1404	fresh	48792	0.507	1	1	0.981
1405	Wh	48807	0.507	1	1	0.981
1406	commonly	97748	1.015	2	2	0.979
1407	expressly	49045	0.509	1	1	0.974
1408	States	49055	0.509	1	1	0.974
1409	fire	294315	3.055	6	4	0.974
1410	Mischief	49083	0.51	1	1	0.973
1411	wicked	246712	2.561	5	5	0.965
1412	neighbour	49578	0.515	1	1	0.958
1413	taking	148788	1.545	3	3	0.958
1414	16	148850	1.545	3	3	0.957
1415	hell	149518	1.552	3	3	0.951
1416	write	99970	1.038	2	2	0.946
1417	servants	149996	1.557	3	3	0.946
1418	bones	50056	0.52	1	1	0.945
1419	Prov.	50161	0.521	1	1	0.941
1420	Fortune	101130	1.05	2	2	0.93
1421	instruments	50653	0.526	1	1	0.927
1422	revealed	50925	0.529	1	1	0.92
1423	arm	50968	0.529	1	1	0.918
1424	fair	204535	2.123	4	3	0.914
1425	Prophecy	51210	0.532	1	1	0.912
1426	profess	51407	0.534	1	1	0.906
1427	plain	154580	1.605	3	3	0.903
1428	possessed	51998	0.54	1	1	0.89
1429	poor	313465	3.254	6	5	0.883
1430	pen	52272	0.543	1	1	0.882
1431	instead	52525	0.545	1	1	0.875
1432	pride	105444	1.095	2	2	0.87
1433	calling	105619	1.096	2	2	0.867
1434	fight	105643	1.097	2	1	0.867
1435	foolish	52888	0.549	1	1	0.865
1436	secure	53168	0.552	1	1	0.858
1437	add	106899	1.11	2	2	0.85
1438	heathen	53596	0.556	1	1	0.846
1439	special	107206	1.113	2	2	0.846
1440	back	161359	1.675	3	3	0.841
1441	Gross	53803	0.559	1	1	0.84
1442	bears	54088	0.562	1	1	0.833
1443	sure	217623	2.259	4	4	0.824
1444	served	54417	0.565	1	1	0.824
1445	night	217853	2.262	4	4	0.823
1446	deceived	54539	0.566	1	1	0.821
1447	consequence	54571	0.567	1	1	0.82
1448	bold	54959	0.571	1	1	0.81
1449	prove	220093	2.285	4	4	0.808
1450	hereby	55021	0.571	1	1	0.808
1451	thereupon	55032	0.571	1	1	0.808
1452	name	607418	6.306	11	8	0.803
1453	leaving	55555	0.577	1	1	0.794
1454	turn	167524	1.739	3	3	0.787
1455	worthy	168026	1.744	3	3	0.782
1456	iniquity	56296	0.584	1	1	0.775
1457	Lady	112639	1.169	2	2	0.774
1458	like	1070087	11.108	19	13	0.774
1459	head	338290	3.512	6	6	0.773
1460	why	394748	4.098	7	4	0.773
1461	filled	56573	0.587	1	1	0.768
1462	ordinary	113361	1.177	2	2	0.765
1463	satisfy	56748	0.589	1	1	0.763
1464	lived	113584	1.179	2	2	0.762
1465	elect	56959	0.591	1	1	0.758
1466	Idolatry	57073	0.593	1	1	0.755
1467	touch	57247	0.594	1	1	0.751
1468	nor	1146191	11.898	20	15	0.749
1469	Touching	115302	1.197	2	1	0.741
1470	here	866663	8.997	15	14	0.737
1471	seeing	231216	2.4	4	4	0.737
1472	overcome	57959	0.602	1	1	0.733
1473	With	6743369	70.002	116	83	0.729
1474	intent	58266	0.605	1	1	0.725
1475	perish	58343	0.606	1	1	0.724
1476	wont	58350	0.606	1	1	0.723
1477	diseases	58776	0.61	1	1	0.713
1478	judgment	235552	2.445	4	4	0.71
1479	Cardinal	58899	0.611	1	1	0.71
1480	many	1356675	14.083	23	17	0.708
1481	Devils	59091	0.613	1	1	0.705
1482	wait	59233	0.615	1	1	0.702
1483	Condemn	59378	0.616	1	1	0.698
1484	set	595126	6.178	10	9	0.695
1485	23.	59639	0.619	1	1	0.692
1486	spiritual	239256	2.484	4	4	0.688
1487	makes	359288	3.73	6	5	0.686
1488	signify	59908	0.622	1	1	0.685
1489	justified	59968	0.623	1	1	0.684
1490	supper	60000	0.623	1	1	0.683
1491	revenge	60376	0.627	1	1	0.674
1492	21.	60549	0.629	1	1	0.67
1493	mortal	60563	0.629	1	1	0.67
1494	Sabbath	60668	0.63	1	1	0.667
1495	now	1519152	15.77	25	16	0.665
1496	took	243304	2.526	4	4	0.663
1497	asked	61036	0.634	1	1	0.658
1498	12.	122418	1.271	2	2	0.654
1499	join	61462	0.638	1	1	0.648
1500	past	123448	1.282	2	2	0.642
1501	en	61856	0.642	1	1	0.639
1502	Text	124188	1.289	2	2	0.634
1503	written	186305	1.934	3	3	0.633
1504	Italy	62147	0.645	1	1	0.632
1505	pleasure	186565	1.937	3	3	0.631
1506	requires	62190	0.646	1	1	0.631
1507	)	3126749	32.458	50	31	0.623
1508	deed	62715	0.651	1	1	0.619
1509	depart	62947	0.653	1	1	0.614
1510	(	3147389	32.673	50	36	0.614
1511	quantity	63147	0.656	1	1	0.609
1512	corrupt	63197	0.656	1	1	0.608
1513	continually	63423	0.658	1	1	0.603
1514	sooner	63462	0.659	1	1	0.602
1515	betwixt	127079	1.319	2	2	0.6
1516	voice	127213	1.321	2	2	0.599
1517	verse	254782	2.645	4	4	0.597
1518	3.	318523	3.307	5	4	0.597
1519	B.	127907	1.328	2	1	0.591
1520	Led	64006	0.664	1	1	0.59
1521	gives	192161	1.995	3	3	0.589
1522	thy	1346327	13.976	21	12	0.587
1523	taught	128541	1.334	2	2	0.584
1524	glorious	128843	1.338	2	2	0.58
1525	truly	193999	2.014	3	3	0.575
1526	take	907131	9.417	14	5	0.572
1527	constant	64819	0.673	1	1	0.572
1528	safe	64842	0.673	1	1	0.571
1529	Gentiles	65128	0.676	1	1	0.565
1530	sacrifice	130353	1.353	2	2	0.564
1531	rather	393402	4.084	6	6	0.555
1532	innocent	65570	0.681	1	1	0.555
1533	shall	2624249	27.242	40	30	0.554
1534	hours	65642	0.681	1	1	0.553
1535	:	8018849	83.242	122	71	0.551
1536	lying	65748	0.683	1	1	0.551
1537	or	6140246	63.741	93	58	0.545
1538	leave	264688	2.748	4	4	0.542
1539	simple	66612	0.692	1	1	0.532
1540	please	133516	1.386	2	2	0.529
1541	neither	537051	5.575	8	7	0.521
1542	on	1948583	20.228	29	24	0.52
1543	even	607522	6.307	9	9	0.513
1544	Churches	202693	2.104	3	3	0.512
1545	house	407406	4.229	6	4	0.505
1546	dare	135920	1.411	2	2	0.503
1547	soldiers	136167	1.414	2	1	0.501
1548	Mary	68927	0.716	1	1	0.483
1549	n	69208	0.718	1	1	0.477
1550	thousand	207672	2.156	3	3	0.477
1551	witnesses	69349	0.72	1	1	0.474
1552	bound	138712	1.44	2	2	0.474
1553	bare	69451	0.721	1	1	0.472
1554	east	69528	0.722	1	1	0.47
1555	Hence	139086	1.444	2	2	0.47
1556	Mankind	69641	0.723	1	1	0.468
1557	Caesar	69848	0.725	1	1	0.464
1558	oft	69946	0.726	1	1	0.462
1559	shows	70001	0.727	1	1	0.461
1560	[	280684	2.914	4	3	0.457
1561	pieces	70256	0.729	1	1	0.455
1562	cap	211323	2.194	3	3	0.452
1563	wrong	71272	0.74	1	1	0.435
1564	&#x14d;	499329	5.184	7	6	0.433
1565	of	39170514	406.623	549	184	0.433
1566	utterly	71440	0.742	1	1	0.431
1567	sought	71565	0.743	1	1	0.429
1568	Doctor	71600	0.743	1	1	0.428
1569	the	59190422	614.447	826	221	0.427
1570	thus	788750	8.188	11	9	0.426
1571	Trade	71989	0.747	1	1	0.42
1572	Kings	363629	3.775	5	4	0.406
1573	c	292350	3.035	4	3	0.398
1574	Kingdoms	73313	0.761	1	1	0.394
1575	's	1833403	19.032	25	20	0.393
1576	wealth	73703	0.765	1	1	0.386
1577	commanded	147447	1.531	2	1	0.386
1578	child	148012	1.537	2	2	0.38
1579	doth	963309	10	13	12	0.379
1580	wherewith	74362	0.772	1	1	0.374
1581	!	371996	3.862	5	2	0.373
1582	still	373001	3.872	5	3	0.369
1583	quite	74671	0.775	1	1	0.368
1584	get	149760	1.555	2	2	0.363
1585	commands	74993	0.779	1	1	0.361
1586	is	12301699	127.702	164	83	0.361
1587	multitude	75242	0.781	1	1	0.356
1588	Latin	75364	0.782	1	1	0.354
1589	agree	75479	0.784	1	1	0.352
1590	City	377406	3.918	5	4	0.352
1591	quality	75538	0.784	1	1	0.351
1592	masters	75576	0.785	1	1	0.35
1593	7.	151741	1.575	2	2	0.344
1594	20.	75893	0.788	1	1	0.344
1595	love	838220	8.701	11	9	0.338
1596	speaks	153099	1.589	2	2	0.332
1597	,	97296499	1010.02	1265	272	0.325
1598	under	696455	7.23	9	7	0.316
1599	bring	310345	3.222	4	4	0.312
1600	misery	77670	0.806	1	1	0.311
1601	sweet	155475	1.614	2	2	0.309
1602	justly	77751	0.807	1	1	0.309
1603	visible	77964	0.809	1	1	0.305
1604	credit	77984	0.81	1	1	0.305
1605	Birth	78181	0.812	1	1	0.301
1606	gain	78199	0.812	1	1	0.301
1607	bread	156950	1.629	2	2	0.296
1608	Egypt	78714	0.817	1	1	0.291
1609	office	157520	1.635	2	2	0.291
1610	times	394191	4.092	5	5	0.289
1611	sleep	79160	0.822	1	1	0.283
1612	sayeth	633645	6.578	8	7	0.282
1613	that	17465266	181.304	220	121	0.279
1614	means	397591	4.127	5	5	0.277
1615	Wars	79970	0.83	1	1	0.268
1616	Secondly	160056	1.662	2	2	0.268
1617	ends	80149	0.832	1	1	0.265
1618	between	321208	3.334	4	3	0.263
1619	defend	80482	0.836	1	1	0.259
1620	mouth	161086	1.672	2	2	0.258
1621	commandment	80662	0.837	1	1	0.256
1622	Greek	80695	0.838	1	1	0.255
1623	enemy	162072	1.682	2	2	0.249
1624	14	162434	1.686	2	2	0.246
1625	victory	81232	0.843	1	1	0.246
1626	profession	81244	0.843	1	1	0.246
1627	knew	162531	1.687	2	2	0.245
1628	sick	81507	0.846	1	1	0.241
1629	religious	82272	0.854	1	1	0.228
1630	4.	246979	2.564	3	2	0.227
1631	Since	412107	4.278	5	4	0.225
1632	Pet	82435	0.856	1	1	0.225
1633	Who	2315377	24.036	28	23	0.22
1634	;	9536348	98.995	115	71	0.216
1635	health	83023	0.862	1	1	0.215
1636	John	415725	4.316	5	4	0.212
1637	wherein	332751	3.454	4	4	0.212
1638	seem	166761	1.731	2	2	0.208
1639	yet	1835928	19.059	22	18	0.207
1640	each	252025	2.616	3	2	0.197
1641	silver	84062	0.873	1	1	0.197
1642	chosen	84591	0.878	1	1	0.188
1643	fly	84799	0.88	1	1	0.184
1644	yield	85483	0.887	1	1	0.172
1645	deal	85541	0.888	1	1	0.171
1646	destroy	86113	0.894	1	1	0.162
1647	would	1733888	17.999	20	19	0.152
1648	for	9369441	97.263	108	67	0.151
1649	borne	86876	0.902	1	1	0.149
1650	named	86879	0.902	1	1	0.149
1651	hour	87383	0.907	1	1	0.141
1652	reward	88300	0.917	1	1	0.126
1653	terms	88303	0.917	1	1	0.125
1654	got	88984	0.924	1	1	0.115
1655	did	1515759	15.735	17	15	0.112
1656	fall	267911	2.781	3	3	0.109
1657	practice	89548	0.93	1	1	0.105
1658	And	37698224	391.339	420	179	0.102
1659	profit	90042	0.935	1	1	0.097
1660	Where	1086411	11.278	12	11	0.09
1661	read	271950	2.823	3	3	0.088
1662	after	1272516	13.21	14	13	0.084
1663	strong	182777	1.897	2	2	0.076
1664	fully	92165	0.957	1	1	0.064
1665	his	9217642	95.687	100	58	0.064
1666	once	277740	2.883	3	3	0.057
1667	want	185706	1.928	2	2	0.053
1668	understand	185715	1.928	2	2	0.053
1669	up	1119358	11.62	12	10	0.046
1670	Saint	186918	1.94	2	2	0.044
1671	will	2993503	31.075	32	25	0.042
1672	ask	93732	0.973	1	1	0.039
1673	else	281410	2.921	3	3	0.038
1674	army	188187	1.954	2	2	0.034
1675	hot	94567	0.982	1	1	0.027
1676	find	472931	4.909	5	4	0.026
1677	said	1514302	15.72	16	9	0.025
1678	self	948089	9.842	10	10	0.023
1679	meat	94824	0.984	1	1	0.023
1680	Friends	189996	1.972	2	2	0.02
1681	line	95017	0.986	1	1	0.02
1682	affection	95087	0.987	1	1	0.019
1683	son	570683	5.924	6	6	0.018
1684	bad	95210	0.988	1	1	0.017
1685	15.	95551	0.992	1	1	0.012
1686	against	1339213	13.902	14	13	0.01
1687	My	2492426	25.874	26	17	0.007
1688	lies	96467	1.001	1	1	-0.002
1689	fine	96522	1.002	1	1	-0.003
1690	children	387096	4.018	4	3	-0.007
1691	speaking	96859	1.006	1	1	-0.008
1692	gave	290757	3.018	3	3	-0.009
1693	another	682313	7.083	7	6	-0.017
1694	something	97686	1.014	1	1	-0.02
1695	making	195439	2.029	2	2	-0.021
1696	died	97793	1.015	1	1	-0.022
1697	given	491070	5.098	5	5	-0.028
1698	granted	98434	1.022	1	1	-0.031
1699	fit	197019	2.045	2	2	-0.032
1700	brought	394377	4.094	4	4	-0.034
1701	worth	99043	1.028	1	1	-0.04
1702	.	39047260	405.344	393	141	-0.045
1703	&c.	299097	3.105	3	3	-0.05
1704	few	199429	2.07	2	2	-0.05
1705	perhaps	99958	1.038	1	1	-0.053
1706	be	9896153	102.73	99	67	-0.053
1707	then	2700348	28.032	27	21	-0.054
1708	suffered	100182	1.04	1	1	-0.057
1709	goes	100413	1.042	1	1	-0.06
1710	saved	100429	1.043	1	1	-0.06
1711	declare	100528	1.044	1	1	-0.062
1712	continue	100553	1.044	1	1	-0.062
1713	colour	100836	1.047	1	1	-0.066
1714	Thomas	100867	1.047	1	1	-0.066
1715	upon	2522161	26.182	25	24	-0.067
1716	age	202681	2.104	2	1	-0.073
1717	says	304429	3.16	3	3	-0.075
1718	catholic	101512	1.054	1	1	-0.076
1719	express	101655	1.055	1	1	-0.078
1720	sorts	102012	1.059	1	1	-0.083
1721	Prince	306162	3.178	3	2	-0.083
1722	some	1845849	19.162	18	14	-0.09
1723	Oath	102906	1.068	1	1	-0.095
1724	slain	102937	1.069	1	1	-0.096
1725	kind	310094	3.219	3	3	-0.102
1726	worship	206782	2.147	2	2	-0.102
1727	this	6548918	67.983	63	38	-0.11
1728	suppose	104105	1.081	1	1	-0.112
1729	learn	104113	1.081	1	1	-0.112
1730	Charity	104646	1.086	1	1	-0.119
1731	first	1465032	15.208	14	13	-0.119
1732	not	8929558	92.696	85	56	-0.125
1733	custom	105184	1.092	1	1	-0.127
1734	5.	210462	2.185	2	2	-0.128
1735	longer	105304	1.093	1	1	-0.128
1736	weak	105310	1.093	1	1	-0.129
1737	divers	210634	2.187	2	2	-0.129
1738	promised	105333	1.093	1	1	-0.129
1739	What	2320680	24.091	22	17	-0.131
1740	follow	211834	2.199	2	2	-0.137
1741	22	105972	1.1	1	1	-0.138
1742	B	106037	1.101	1	1	-0.139
1743	declared	106222	1.103	1	1	-0.141
1744	may	2661871	27.633	25	19	-0.144
1745	13.	106799	1.109	1	1	-0.149
1746	minds	106848	1.109	1	1	-0.15
1747	fathers	213875	2.22	2	2	-0.151
1748	Word	751485	7.801	7	6	-0.156
1749	break	107397	1.115	1	1	-0.157
1750	]	429805	4.462	4	2	-0.158
1751	let	968524	10.054	9	8	-0.16
1752	Somewhat	108061	1.122	1	1	-0.166
1753	free	216340	2.246	2	2	-0.167
1754	Scripture	324647	3.37	3	3	-0.168
1755	Jerusalem	108264	1.124	1	1	-0.169
1756	grow	108376	1.125	1	1	-0.17
1757	desired	108540	1.127	1	1	-0.172
1758	I	6187300	64.229	57	37	-0.172
1759	ever	652700	6.776	6	5	-0.175
1760	whether	435425	4.52	4	3	-0.176
1761	by	7416468	76.989	68	45	-0.179
1762	your	2073026	21.52	19	13	-0.18
1763	hands	327530	3.4	3	3	-0.181
1764	dear	109293	1.135	1	1	-0.182
1765	&	2737777	28.42	25	22	-0.185
1766	so	5366625	55.71	49	29	-0.185
1767	had	2740575	28.45	25	24	-0.186
1768	Christians	219658	2.28	2	2	-0.189
1769	do	2417629	25.097	22	20	-0.19
1770	meaning	110075	1.143	1	1	-0.192
1771	stone	110110	1.143	1	1	-0.193
1772	mentioned	110171	1.144	1	1	-0.194
1773	was	5179337	53.766	47	33	-0.194
1774	especially	220705	2.291	2	2	-0.196
1775	le	110821	1.15	1	1	-0.202
1776	plainly	111081	1.153	1	1	-0.206
1777	walk	111166	1.154	1	1	-0.207
1778	equal	111972	1.162	1	1	-0.217
1779	false	224466	2.33	2	2	-0.22
1780	creature	112250	1.165	1	1	-0.221
1781	Enough	225014	2.336	2	2	-0.224
1782	heard	225126	2.337	2	2	-0.225
1783	Sometimes	226924	2.356	2	1	-0.236
1784	fourth	113523	1.179	1	1	-0.237
1785	punishment	113533	1.179	1	1	-0.237
1786	No	2739631	28.44	24	20	-0.245
1787	Mat.	114281	1.186	1	1	-0.246
1788	But	6983890	72.499	61	43	-0.249
1789	houses	114523	1.189	1	1	-0.25
1790	River	115702	1.201	1	1	-0.264
1791	reign	115734	1.201	1	1	-0.265
1792	11.	115752	1.202	1	1	-0.265
1793	title	115960	1.204	1	1	-0.268
1794	near	232787	2.417	2	2	-0.273
1795	tongue	116704	1.212	1	1	-0.277
1796	remember	116819	1.213	1	1	-0.278
1797	length	117029	1.215	1	1	-0.281
1798	giving	117136	1.216	1	1	-0.282
1799	Gen.	118079	1.226	1	1	-0.294
1800	proved	118293	1.228	1	1	-0.296
1801	repentance	118567	1.231	1	1	-0.3
1802	daily	119047	1.236	1	1	-0.305
1803	conscience	238823	2.479	2	2	-0.31
1804	2.	358494	3.722	3	2	-0.311
1805	&c	479189	4.974	4	4	-0.315
1806	to	27864128	289.253	232	119	-0.318
1807	have	4691254	48.699	39	32	-0.32
1808	answer	362673	3.765	3	3	-0.328
1809	say	1089806	11.313	9	9	-0.33
1810	pray	242183	2.514	2	2	-0.33
1811	must	1333555	13.843	11	10	-0.332
1812	war	243324	2.526	2	2	-0.337
1813	If	3293480	34.189	27	23	-0.341
1814	both	976138	10.133	8	8	-0.341
1815	substance	122160	1.268	1	1	-0.343
1816	person	366738	3.807	3	3	-0.344
1817	know	736780	7.648	6	6	-0.35
1818	There	2595192	26.94	21	15	-0.359
1819	these	1985969	20.616	16	16	-0.366
1820	understood	125485	1.303	1	1	-0.381
1821	all	5908829	61.339	47	35	-0.384
1822	away	504942	5.242	4	4	-0.39
1823	give	758276	7.872	6	6	-0.392
1824	till	379902	3.944	3	3	-0.395
1825	one	2538275	26.349	20	18	-0.398
1826	servant	127075	1.319	1	1	-0.4
1827	am	509469	5.289	4	4	-0.403
1828	whilst	127767	1.326	1	1	-0.407
1829	confess	127821	1.327	1	1	-0.408
1830	Temple	127888	1.328	1	1	-0.409
1831	most	1280269	13.29	10	9	-0.41
1832	You	3714542	38.56	29	16	-0.411
1833	which	6940930	72.053	54	39	-0.416
1834	because	1157094	12.012	9	9	-0.416
1835	words	643917	6.684	5	3	-0.419
1836	known	257669	2.675	2	2	-0.419
1837	Haste	258415	2.683	2	2	-0.424
1838	kingdom	388117	4.029	3	2	-0.425
1839	former	261116	2.711	2	2	-0.439
1840	9.	131214	1.362	1	1	-0.446
1841	prayers	131302	1.363	1	1	-0.447
1842	they	6960305	72.254	53	36	-0.447
1843	observed	131498	1.365	1	1	-0.449
1844	rest	396125	4.112	3	3	-0.455
1845	two	926661	9.62	7	7	-0.459
1846	meet	132574	1.376	1	1	-0.461
1847	Nations	132713	1.378	1	1	-0.462
1848	thence	133035	1.381	1	1	-0.466
1849	s	133183	1.383	1	1	-0.467
1850	world	932868	9.684	7	7	-0.468
1851	go	533648	5.54	4	4	-0.47
1852	down	533657	5.54	4	4	-0.47
1853	save	133689	1.388	1	1	-0.473
1854	10.	134546	1.397	1	1	-0.482
1855	as	9292085	96.46	69	55	-0.483
1856	run	134767	1.399	1	1	-0.484
1857	private	134915	1.401	1	1	-0.486
1858	think	539870	5.604	4	4	-0.487
1859	observe	135204	1.404	1	1	-0.489
1860	O	541781	5.624	4	4	-0.492
1861	their	5435041	56.42	40	32	-0.496
1862	held	136444	1.416	1	1	-0.502
1863	made	1503973	15.613	11	10	-0.505
1864	well	1096551	11.383	8	7	-0.509
1865	see	961542	9.982	7	7	-0.512
1866	lawful	138238	1.435	1	1	-0.521
1867	friend	138523	1.438	1	1	-0.524
1868	2	973176	10.102	7	6	-0.529
1869	used	278736	2.894	2	2	-0.533
1870	flesh	279311	2.9	2	2	-0.536
1871	Ghost	139834	1.452	1	1	-0.538
1872	received	280865	2.916	2	2	-0.544
1873	high	281250	2.92	2	1	-0.546
1874	men	1835942	19.059	13	10	-0.552
1875	almost	141302	1.467	1	1	-0.553
1876	he	9215356	95.663	65	50	-0.558
1877	praise	141937	1.473	1	1	-0.559
1878	die	284558	2.954	2	2	-0.563
1879	Rich	142318	1.477	1	1	-0.563
1880	following	142882	1.483	1	1	-0.569
1881	Showed	142959	1.484	1	1	-0.569
1882	should	1871070	19.423	13	11	-0.579
1883	1	1451762	15.071	10	7	-0.592
1884	thee	728077	7.558	5	5	-0.596
1885	Enter	145726	1.513	1	1	-0.597
1886	sin	729699	7.575	5	5	-0.599
1887	hope	292642	3.038	2	2	-0.603
1888	foot	146629	1.522	1	1	-0.606
1889	London	146866	1.525	1	1	-0.608
1890	better	443737	4.606	3	3	-0.619
1891	together	444738	4.617	3	3	-0.622
1892	notwithstanding	148685	1.544	1	1	-0.626
1893	whence	149816	1.555	1	1	-0.637
1894	authority	299886	3.113	2	2	-0.638
1895	while	300747	3.122	2	2	-0.642
1896	Earth	451529	4.687	3	3	-0.644
1897	matters	150676	1.564	1	1	-0.645
1898	shalt	151151	1.569	1	1	-0.65
1899	labour	151222	1.57	1	1	-0.651
1900	gold	152169	1.58	1	1	-0.66
1901	several	304872	3.165	2	2	-0.662
1902	land	307074	3.188	2	1	-0.673
1903	unto	1880305	19.519	12	9	-0.702
1904	are	5017099	52.082	32	26	-0.703
1905	again	627628	6.515	4	4	-0.704
1906	Peter	156920	1.629	1	1	-0.704
1907	from	3924250	40.737	25	22	-0.704
1908	already	157133	1.631	1	1	-0.706
1909	subjects	157137	1.631	1	1	-0.706
1910	me	1731164	17.971	11	10	-0.708
1911	estate	157763	1.638	1	1	-0.712
1912	vain	158202	1.642	1	1	-0.716
1913	nay	158341	1.644	1	1	-0.717
1914	time	1426900	14.812	9	8	-0.719
1915	Christs	158654	1.647	1	1	-0.72
1916	causes	158986	1.65	1	1	-0.723
1917	faithful	159195	1.653	1	1	-0.725
1918	taken	481305	4.996	3	3	-0.736
1919	In	20011385	207.735	124	79	-0.744
1920	lives	161569	1.677	1	1	-0.746
1921	proper	163180	1.694	1	1	-0.76
1922	13	164052	1.703	1	1	-0.768
1923	lost	164242	1.705	1	1	-0.77
1924	told	164509	1.708	1	1	-0.772
1925	general	331599	3.442	2	2	-0.783
1926	living	166437	1.728	1	1	-0.789
1927	come	1165618	12.1	7	7	-0.79
1928	Whereas	170273	1.768	1	1	-0.822
1929	perfect	170422	1.769	1	1	-0.823
1930	we	4105074	42.614	24	18	-0.828
1931	full	343239	3.563	2	1	-0.833
1932	thereby	172833	1.794	1	1	-0.843
1933	arms	173309	1.799	1	1	-0.847
1934	ready	174387	1.81	1	1	-0.856
1935	therefore	1231317	12.782	7	7	-0.869
1936	thought	352735	3.662	2	2	-0.873
1937	English	176398	1.831	1	1	-0.873
1938	being	1764433	18.316	10	10	-0.873
1939	return	177443	1.842	1	1	-0.881
1940	ill	177562	1.843	1	1	-0.882
1941	how	1244740	12.922	7	6	-0.884
1942	joy	178769	1.856	1	1	-0.892
1943	therein	178975	1.858	1	1	-0.894
1944	also	1433690	14.883	8	8	-0.896
1945	own	1256418	13.043	7	7	-0.898
1946	th	180132	1.87	1	1	-0.903
1947	When	2343068	24.323	13	12	-0.904
1948	can	1982819	20.583	11	10	-0.904
1949	Lib.	181181	1.881	1	1	-0.911
1950	without	1089706	11.312	6	6	-0.915
1951	Wherefore	183911	1.909	1	1	-0.933
1952	began	184715	1.918	1	1	-0.939
1953	laid	184949	1.92	1	1	-0.941
1954	heart	559805	5.811	3	3	-0.954
1955	t	186780	1.939	1	1	-0.955
1956	at	3182175	33.034	17	14	-0.958
1957	true	751380	7.8	4	4	-0.963
1958	such	2262212	23.484	12	11	-0.969
1959	long	571124	5.929	3	3	-0.983
1960	3	571164	5.929	3	3	-0.983
1961	alone	190842	1.981	1	1	-0.986
1962	Per	190947	1.982	1	1	-0.987
1963	saw	191431	1.987	1	1	-0.991
1964	none	383245	3.978	2	2	-0.992
1965	learned	191725	1.99	1	1	-0.993
1966	persons	384539	3.992	2	2	-0.997
1967	only	1544540	16.034	8	8	-1.003
1968	having	579260	6.013	3	3	-1.003
1969	them	4855982	50.409	25	23	-1.012
1970	ways	194504	2.019	1	1	-1.014
1971	Cause	585252	6.075	3	3	-1.018
1972	strength	196140	2.036	1	1	-1.026
1973	bear	196568	2.041	1	1	-1.029
1974	Man	1972758	20.479	10	10	-1.034
1975	serve	198842	2.064	1	1	-1.046
1976	greatest	200955	2.086	1	1	-1.061
1977	use	603174	6.262	3	3	-1.062
1978	place	808630	8.394	4	3	-1.069
1979	v.	202373	2.101	1	1	-1.071
1980	put	607656	6.308	3	3	-1.072
1981	force	202958	2.107	1	1	-1.075
1982	before	1422340	14.765	7	7	-1.077
1983	rule	207621	2.155	1	1	-1.108
1984	consider	208021	2.159	1	1	-1.111
1985	9	208082	2.16	1	1	-1.111
1986	little	624322	6.481	3	2	-1.111
1987	though	1040761	10.804	5	4	-1.112
1988	Emperor	209536	2.175	1	1	-1.121
1989	other	2103223	21.833	10	9	-1.127
1990	out	1686345	17.506	8	8	-1.13
1991	every	1057014	10.973	5	4	-1.134
1992	need	211437	2.195	1	1	-1.134
1993	Princes	212093	2.202	1	1	-1.139
1994	although	212964	2.211	1	1	-1.145
1995	likewise	215998	2.242	1	1	-1.165
1996	4	434750	4.513	2	2	-1.174
1997	were	2871299	29.807	13	11	-1.197
1998	service	222275	2.307	1	1	-1.206
1999	Psal.	222362	2.308	1	1	-1.207
2000	does	222564	2.31	1	1	-1.208
2001	him	4270811	44.335	19	17	-1.222
2002	more	2262327	23.485	10	8	-1.232
2003	master	228418	2.371	1	1	-1.246
2004	respect	229329	2.381	1	1	-1.251
2005	often	229358	2.381	1	1	-1.252
2006	God	4174430	43.334	18	15	-1.268
2007	manner	467036	4.848	2	2	-1.277
2008	10	233570	2.425	1	1	-1.278
2009	Sea	233892	2.428	1	1	-1.28
2010	stand	235721	2.447	1	1	-1.291
2011	hand	471988	4.9	2	2	-1.293
2012	might	949632	9.858	4	4	-1.301
2013	body	712249	7.394	3	3	-1.301
2014	three	474878	4.93	2	2	-1.301
2015	ground	237796	2.469	1	1	-1.304
2016	purpose	240680	2.499	1	1	-1.321
2017	Wise	241600	2.508	1	1	-1.327
2018	right	484646	5.031	2	2	-1.331
2019	souls	242572	2.518	1	1	-1.332
2020	Further	242781	2.52	1	1	-1.334
2021	Hold	243646	2.529	1	1	-1.339
2022	Bishop	244304	2.536	1	1	-1.343
2023	towards	247540	2.57	1	1	-1.362
2024	particular	248725	2.582	1	1	-1.368
2025	it	11231693	116.594	45	32	-1.374
2026	side	250068	2.596	1	1	-1.376
2027	Heaven	503504	5.227	2	2	-1.386
2028	page	252043	2.616	1	1	-1.388
2029	themselves	761621	7.906	3	3	-1.398
2030	Look	255208	2.649	1	1	-1.406
2031	tell	255280	2.65	1	1	-1.406
2032	Dead	259219	2.691	1	1	-1.428
2033	too	521045	5.409	2	2	-1.435
2034	Judge	262867	2.729	1	1	-1.448
2035	concerning	262903	2.729	1	1	-1.448
2036	laws	264682	2.748	1	1	-1.458
2037	Christ	1858951	19.298	7	5	-1.463
2038	good	1608969	16.703	6	3	-1.477
2039	Number	269531	2.798	1	1	-1.484
2040	been	1095200	11.369	4	4	-1.507
2041	part	827721	8.592	3	3	-1.518
2042	either	552589	5.736	2	2	-1.52
2043	those	1667771	17.313	6	6	-1.529
2044	Just	281045	2.918	1	1	-1.545
2045	left	284479	2.953	1	1	-1.562
2046	end	571167	5.929	2	2	-1.568
2047	eyes	285959	2.969	1	1	-1.57
2048	much	1448309	15.035	5	4	-1.588
2049	Gospel	291769	3.029	1	1	-1.599
2050	very	1174247	12.19	4	4	-1.608
2051	thing	892670	9.267	3	2	-1.627
2052	done	601055	6.24	2	2	-1.641
2053	indeed	301803	3.133	1	1	-1.648
2054	Christian	303553	3.151	1	1	-1.656
2055	always	304181	3.158	1	1	-1.659
2056	any	2444028	25.371	8	6	-1.665
2057	Art	315875	3.279	1	1	-1.713
2058	case	319514	3.317	1	1	-1.73
2059	nothing	640275	6.647	2	2	-1.733
2060	Gods	640962	6.654	2	1	-1.734
2061	live	322774	3.351	1	1	-1.744
2062	off	323311	3.356	1	1	-1.747
2063	state	329799	3.424	1	1	-1.776
2064	order	331304	3.439	1	1	-1.782
2065	reason	664880	6.902	2	2	-1.787
2066	5	338721	3.516	1	1	-1.814
2067	sent	348162	3.614	1	1	-1.854
2068	show	349122	3.624	1	1	-1.858
2069	Holy	701649	7.284	2	2	-1.865
2070	year	352165	3.656	1	1	-1.87
2071	within	355110	3.686	1	1	-1.882
2072	himself	1068396	11.091	3	3	-1.886
2073	above	357391	3.71	1	1	-1.891
2074	evil	357919	3.716	1	1	-1.894
2075	Non	359411	3.731	1	1	-1.9
2076	sins	361871	3.757	1	1	-1.909
2077	believe	363239	3.771	1	1	-1.915
2078	our	3333885	34.609	9	9	-1.943
2079	honour	374182	3.884	1	1	-1.958
2080	way	756236	7.85	2	2	-1.973
2081	present	383135	3.977	1	1	-1.992
2082	glory	384462	3.991	1	1	-1.997
2083	never	778679	8.083	2	2	-2.015
2084	y	397054	4.122	1	1	-2.043
2085	light	399350	4.146	1	1	-2.052
2086	could	808277	8.391	2	2	-2.069
2087	Religion	406309	4.218	1	1	-2.076
2088	mind	407887	4.234	1	1	-2.082
2089	forth	410791	4.264	1	1	-2.092
2090	work	425644	4.419	1	1	-2.144
2091	innon-Latinalphabet	427513	4.438	1	1	-2.15
2092	into	1727535	17.933	4	4	-2.165
2093	day	864384	8.973	2	2	-2.166
2094	far	439291	4.56	1	1	-2.189
2095	us	2216337	23.007	5	5	-2.202
2096	things	1357990	14.097	3	3	-2.232
2097	thereof	458302	4.758	1	1	-2.25
2098	life	948809	9.849	2	2	-2.3
2099	came	478712	4.969	1	1	-2.313
2100	Lord	1459090	15.147	3	3	-2.336
2101	&#x113;	491365	5.101	1	1	-2.351
2102	its	492268	5.11	1	1	-2.353
2103	according	502781	5.219	1	1	-2.384
2104	grace	516661	5.363	1	1	-2.423
2105	truth	521766	5.416	1	1	-2.437
2106	whole	534092	5.544	1	1	-2.471
2107	over	545201	5.66	1	1	-2.501
2108	father	550491	5.715	1	1	-2.515
2109	spirit	654859	6.798	1	1	-2.765
2110	about	661900	6.871	1	1	-2.781
2111	others	665440	6.908	1	1	-2.788
2112	death	707920	7.349	1	1	-2.878
2113	Law	712338	7.395	1	1	-2.886
2114	power	776557	8.061	1	1	-3.011
2115	de	804522	8.352	1	1	-3.062
2116	ye	825703	8.572	1	1	-3.1
2117	/	905998	9.405	1	1	-3.233
2118	than	940786	9.766	1	1	-3.288
2119	same	1256120	13.04	1	1	-3.705
2120	King	1308410	13.582	1	1	-3.764
2121	steale't	1	0	1	1	n/a
2122	dovsurers	1	0	1	1	n/a
2123	Nabuchadnezzar.	4	0	1	1	n/a
2124	siftieth	3	0	1	1	n/a
2125	flatt'rings	2	0	1	1	n/a
2126	cheaps	4	0	1	1	n/a
2127	Seiden.	1	0	1	1	n/a
2128	Triamala	1	0	1	1	n/a
2129	buckeheaded	1	0	1	1	n/a
2130	Bearix	2	0	1	1	n/a
2131	Messalyna	2	0	1	1	n/a
2132	21.31.32.	4	0	1	1	n/a
2133	Gagan	1	0	1	1	n/a
2134	Capritius	4	0	1	1	n/a
2135	inyfully	1	0	1	1	n/a
2136	figge-leaue-righteousnesse	2	0	1	1	n/a
2137	naughtie-packe	4	0	1	1	n/a
2138	wmin	1	0	1	1	n/a
2139	Ezdu	1	0	1	1	n/a
2140	bucke-headed	1	0	1	1	n/a
2141	Holyship	3	0	1	1	n/a
2142	Onkclos	1	0	1	1	n/a
2143	foeheads	1	0	1	1	n/a
2144	bestrod	4	0	1	1	n/a
2145	Triple-turn	1	0	1	1	n/a
2146	heedd	1	0	1	1	n/a
2147	begdt	1	0	1	1	n/a
2148	Scarletcoloured	3	0	1	1	n/a
2149	Gentlemomen	2	0	1	1	n/a
2150	Etigafou	1	0	1	1	n/a
2151	Carocht	3	0	1	1	n/a
2152	Hostler-like	4	0	1	1	n/a
2153	three-chin	2	0	1	1	n/a
2154	holy-waterbottle	1	0	1	1	n/a
