https://cqpweb.lancs.ac.uk/eebov3/concordance.php?pp=1&theData=%7Bwhore%2FN%7D&qmode=sq_nocase&del=begin%26t%3D-%7Cyear%7E1622%26t%3D-%7Cyear%7E1623%26t%3D-%7Cyear%7E1624%26t%3D-%7Cyear%7E1625%26t%3D-%7Cyear%7E1626%26t%3D-%7Cyear%7E1627%26t%3D-%7Cyear%7E1628%26t%3D-%7Cyear%7E1629%26t%3D-%7Cyear%7E1630%26t%3D-%7Cyear%7E1631&del=end&uT=yThere are 2,436 different words in your collocation database for "[lemma="(whore)_SUBST"%c]". (Your query "{whore/N}", restricted to texts meeting criteria "<em>year</em>: <em>1622</em> or <em>1623</em> or <em>1624</em> or <em>1625</em> or <em>1626</em> or <em>1627</em> or <em>1628</em> or <em>1629</em> or <em>1630</em> or <em>1631</em>",  returned 1,524 matches in 333 different texts)  
__________________

No.	Word	Total no. in whole corpus	Expected collocate frequency	Observed collocate frequency	In no. of texts	Mutual information value

1	Betris	9	0	3	2	14.873
2	Exanthus	7	0	2	2	14.288
3	Schaenicolae	4	0	2	1	14.288
4	shamelsse	5	0	2	1	14.288
5	cowbaby	5	0	2	2	14.288
6	comprizd	5	0	1	1	13.288
7	4362	10	0	1	1	13.288
8	euiscerate	4	0	1	1	13.288
9	man-queller	9	0	1	1	13.288
10	Magors	8	0	1	1	13.288
11	noyseth	4	0	1	1	13.288
12	pharis.	10	0	1	1	13.288
13	bestrod	4	0	1	1	13.288
14	brauings	10	0	1	1	13.288
15	Capritius	4	0	1	1	13.288
16	Hostler-like	4	0	1	1	13.288
17	Necromantical	6	0	1	1	13.288
18	Vistilia	8	0	1	1	13.288
19	Doride	10	0	1	1	13.288
20	17.4.5	11	0	1	1	13.288
21	Knaes	8	0	1	1	13.288
22	diuourced	6	0	1	1	13.288
23	Charater	10	0	1	1	13.288
24	sixe-penny	7	0	1	1	13.288
25	inveigleth	9	0	1	1	13.288
26	Winter-Snow	5	0	1	1	13.288
27	cheaps	4	0	1	1	13.288
28	Labulla	7	0	1	1	13.288
29	adges	11	0	1	1	13.288
30	yring	8	0	1	1	13.288
31	Barretours	11	0	1	1	13.288
32	Rauran	5	0	1	1	13.288
33	Issureibiah	11	0	1	1	13.288
34	Gamester.	6	0	1	1	13.288
35	Zonah	20	0	2	1	12.703
36	Venic	17	0	1	1	12.288
37	17.1.2	17	0	1	1	12.288
38	Kaue	14	0	1	1	12.288
39	Pimpes	18	0	1	1	12.288
40	famosissima	16	0	1	1	12.288
41	Would'	17	0	1	1	12.288
42	Ethnan	13	0	1	1	12.288
43	threw't	19	0	1	1	12.288
44	Ioane.	15	0	1	1	12.288
45	aluring	35	0	2	2	12.288
46	vnpacke	14	0	1	1	12.288
47	1.2.4.	13	0	1	1	12.288
48	committings	17	0	1	1	12.288
49	deflowreth	15	0	1	1	12.288
50	Th'vniust	13	0	1	1	12.288
51	Owches	41	0.001	2	2	11.966
52	Harlets	21	0	1	1	11.703
53	abjurare	25	0	1	1	11.703
54	Armour-bearers	23	0	1	1	11.703
55	deluered	21	0	1	1	11.703
56	forchead	21	0	1	1	11.703
57	Claudins	22	0	1	1	11.703
58	Pasquillus	24	0	1	1	11.703
59	theeve	25	0	1	1	11.703
60	th'euening	21	0	1	1	11.703
61	ouer-worne	54	0.001	2	2	11.48
62	arrants	28	0	1	1	11.288
63	48.4.	31	0	1	1	11.288
64	Hulderick	34	0	1	1	11.288
65	Vieja	31	0	1	1	11.288
66	prones	29	0	1	1	11.288
67	Kitchin-maid	33	0	1	1	11.288
68	Curry-combe	33	0	1	1	11.288
69	whoremaister	28	0	1	1	11.288
70	Luciferian.	34	0	1	1	11.288
71	bordell	79	0.001	2	2	10.966
72	hel-hound	43	0.001	1	1	10.966
73	Pleberio	43	0.001	1	1	10.966
74	reuerseth	37	0.001	1	1	10.966
75	Pot-companion	43	0.001	1	1	10.966
76	Cladius	39	0.001	1	1	10.966
77	Babylonicam	39	0.001	1	1	10.966
78	Hackneyes	42	0.001	1	1	10.966
79	belieu	40	0.001	1	1	10.966
80	Annagram	51	0.001	1	1	10.703
81	Luitprand.	44	0.001	1	1	10.703
82	beuie	49	0.001	1	1	10.703
83	enrole	44	0.001	1	1	10.703
84	Brooches	101	0.001	2	2	10.587
85	Duckat	103	0.001	2	2	10.587
86	purpled	209	0.003	4	2	10.587
87	PVP	161	0.002	3	1	10.551
88	harlott	56	0.001	1	1	10.48
89	Horsleach	55	0.001	1	1	10.48
90	zey	52	0.001	1	1	10.48
91	Ballio	113	0.001	2	2	10.48
92	57.3	53	0.001	1	1	10.48
93	Nicolaitanes	62	0.001	1	1	10.288
94	Guilt-head	65	0.001	1	1	10.288
95	mid-wiues	67	0.001	1	1	10.288
96	practie	63	0.001	1	1	10.288
97	Taxa	132	0.002	2	2	10.2
98	brawled	73	0.001	1	1	10.118
99	Caparisoned	69	0.001	1	1	10.118
100	flatt'ry	140	0.002	2	2	10.118
101	spick	141	0.002	2	2	10.118
102	flattry	79	0.001	1	1	9.966
103	Afra	78	0.001	1	1	9.966
104	Hermia	169	0.002	2	2	9.895
105	Hutch	163	0.002	2	2	9.895
106	Bayards	83	0.001	1	1	9.828
107	Iezabell	269	0.003	3	3	9.785
108	Murderess	92	0.001	1	1	9.703
109	Catamite	96	0.001	1	1	9.703
110	Theophile	91	0.001	1	1	9.703
111	Hackneys	95	0.001	1	1	9.703
112	mentita	95	0.001	1	1	9.703
113	Aemil	194	0.003	2	1	9.644
114	mongers	208	0.003	2	2	9.587
115	fornicate	106	0.001	1	1	9.587
116	Asam	106	0.001	1	1	9.587
117	crep	100	0.001	1	1	9.587
118	Areusa	106	0.001	1	1	9.587
119	Bilbo	223	0.003	2	1	9.48
120	Hydrophobia	110	0.001	1	1	9.48
121	Missalians	107	0.001	1	1	9.48
122	insnar	108	0.001	1	1	9.48
123	Clerimont	111	0.001	1	1	9.48
124	stigmatical	114	0.001	1	1	9.48
125	Elicia	112	0.001	1	1	9.48
126	bond-slaue	107	0.001	1	1	9.48
127	swaggers	112	0.001	1	1	9.48
128	Babilon.	114	0.001	1	1	9.48
129	Nnne	112	0.001	1	1	9.48
130	Spittles	118	0.002	1	1	9.381
131	Paradine	120	0.002	1	1	9.381
132	belon	122	0.002	1	1	9.381
133	Marozia	115	0.002	1	1	9.381
134	Scismaticks	118	0.002	1	1	9.381
135	28.29.	118	0.002	1	1	9.381
136	Babylons	987	0.013	8	8	9.322
137	meretricem	123	0.002	1	1	9.288
138	Rachab	127	0.002	1	1	9.288
139	th'only	123	0.002	1	1	9.288
140	scarlet-coloured	125	0.002	1	1	9.288
141	Gaz	254	0.003	2	1	9.288
142	renownd	260	0.003	2	2	9.243
143	arrant	1596	0.02	12	9	9.214
144	VVolues	137	0.002	1	1	9.2
145	whoorish	135	0.002	1	1	9.2
146	Uenetian	134	0.002	1	1	9.2
147	Foundresse	132	0.002	1	1	9.2
148	hoarce	135	0.002	1	1	9.2
149	Officiales	139	0.002	1	1	9.118
150	Orl	431	0.006	3	1	9.091
151	Iag	293	0.004	2	2	9.078
152	Bonefire	149	0.002	1	1	9.04
153	monger	153	0.002	1	1	9.04
154	wickedst	153	0.002	1	1	9.04
155	Shrove	152	0.002	1	1	9.04
156	Gammer	309	0.004	2	2	9.002
157	Ganimedes	160	0.002	1	1	8.966
158	Bosses	313	0.004	2	2	8.966
159	Patrociny	156	0.002	1	1	8.966
160	sanity	327	0.004	2	2	8.93
161	enervates	169	0.002	1	1	8.895
162	adherers	166	0.002	1	1	8.895
163	forgoes	167	0.002	1	1	8.895
164	annates	336	0.004	2	2	8.861
165	thriftless	177	0.002	1	1	8.828
166	vvarr	175	0.002	1	1	8.828
167	Bullinger.	171	0.002	1	1	8.828
168	meretricious	176	0.002	1	1	8.828
169	Alteza	178	0.002	1	1	8.764
170	tiffany	178	0.002	1	1	8.764
171	Bawds	1844	0.023	10	6	8.739
172	Rhod	371	0.005	2	1	8.733
173	luring	189	0.002	1	1	8.703
174	Puritanicall	191	0.002	1	1	8.703
175	baud	767	0.01	4	4	8.688
176	uery	197	0.003	1	1	8.644
177	pouder	197	0.003	1	1	8.644
178	Cand	392	0.005	2	1	8.644
179	stiffened	198	0.003	1	1	8.644
180	Pander	805	0.01	4	4	8.615
181	exhausts	203	0.003	1	1	8.587
182	ner'e	209	0.003	1	1	8.587
183	Apostats	203	0.003	1	1	8.587
184	Synonima	212	0.003	1	1	8.533
185	Sprats	212	0.003	1	1	8.533
186	Salic	215	0.003	1	1	8.533
187	17.4	642	0.008	3	3	8.533
188	Sf	437	0.006	2	1	8.506
189	Sexum	220	0.003	1	1	8.48
190	cogitans	218	0.003	1	1	8.48
191	Pareus.	222	0.003	1	1	8.48
192	Ien	220	0.003	1	1	8.48
193	faher	221	0.003	1	1	8.48
194	insatiate	894	0.011	4	2	8.468
195	bastardly	466	0.006	2	2	8.405
196	Panders	464	0.006	2	2	8.405
197	Goodwife	239	0.003	1	1	8.381
198	Meretrix	474	0.006	2	2	8.381
199	carted	237	0.003	1	1	8.381
200	scolding	1186	0.015	5	3	8.381
201	Bawd	2878	0.037	12	9	8.361
202	Vns	246	0.003	1	1	8.334
203	Kirtle	241	0.003	1	1	8.334
204	noone-day	249	0.003	1	1	8.288
205	Centurio	253	0.003	1	1	8.288
206	practiser	504	0.006	2	2	8.288
207	queans	255	0.003	1	1	8.288
208	Lodw	251	0.003	1	1	8.288
209	Sempr	251	0.003	1	1	8.288
210	lavished	260	0.003	1	1	8.243
211	Goodl	258	0.003	1	1	8.243
212	fringed	523	0.007	2	2	8.243
213	23.2.	264	0.003	1	1	8.243
214	Babylon	38888	0.493	147	79	8.22
215	Babylon.	534	0.007	2	2	8.2
216	stiffe-necked	268	0.003	1	1	8.2
217	tiding	273	0.004	1	1	8.158
218	Euan	275	0.004	1	1	8.158
219	graceles	275	0.004	1	1	8.158
220	oke	279	0.004	1	1	8.158
221	Thou't	281	0.004	1	1	8.118
222	Tuesdays	294	0.004	1	1	8.078
223	T.S	295	0.004	1	1	8.078
224	pn	288	0.004	1	1	8.078
225	pocky	594	0.008	2	1	8.059
226	19.2.	299	0.004	1	1	8.04
227	18.15.	305	0.004	1	1	8.002
228	Jewellers	306	0.004	1	1	8.002
229	Celest	305	0.004	1	1	8.002
230	Smug	624	0.008	2	1	7.984
231	milk-white	312	0.004	1	1	7.966
232	entices	645	0.008	2	2	7.93
233	spins	320	0.004	1	1	7.93
234	Nichol	321	0.004	1	1	7.93
235	oney	333	0.004	1	1	7.895
236	dalliances	330	0.004	1	1	7.895
237	wate	340	0.004	1	1	7.861
238	Dirge	336	0.004	1	1	7.861
239	Yare	338	0.004	1	1	7.861
240	Coach	9292	0.118	26	2	7.786
241	Whore	20634	0.262	57	21	7.767
242	haters	1828	0.023	5	1	7.752
243	whoreson	378	0.005	1	1	7.703
244	prostitutes	382	0.005	1	1	7.703
245	Punk	404	0.005	1	1	7.615
246	Babilon	5325	0.068	13	11	7.589
247	Messalina	832	0.011	2	2	7.573
248	Flora	2078	0.026	5	5	7.571
249	heart-strings	419	0.005	1	1	7.56
250	Petrarch	846	0.011	2	2	7.546
251	fornications	1721	0.022	4	4	7.52
252	Bryde	432	0.006	1	1	7.506
253	garish	450	0.006	1	1	7.455
254	anatomised	451	0.006	1	1	7.455
255	Crato	451	0.006	1	1	7.455
256	eury	456	0.006	1	1	7.43
257	17.1.	463	0.006	1	1	7.405
258	biding	463	0.006	1	1	7.405
259	Thais	936	0.012	2	2	7.393
260	reckned	474	0.006	1	1	7.381
261	Reu.	3351	0.043	7	7	7.364
262	Apollyon	483	0.006	1	1	7.357
263	niet	483	0.006	1	1	7.357
264	embrued	481	0.006	1	1	7.357
265	scarlet	9179	0.116	19	16	7.351
266	accumulate	491	0.006	1	1	7.334
267	seduces	488	0.006	1	1	7.334
268	seven-fold	498	0.006	1	1	7.31
269	Ioane	2539	0.032	5	4	7.279
270	faemina	515	0.007	1	1	7.265
271	Fornicators	1538	0.02	3	2	7.265
272	cozens	511	0.007	1	1	7.265
273	beleaguered	521	0.007	1	1	7.243
274	Dices	518	0.007	1	1	7.243
275	leavings	519	0.007	1	1	7.243
276	Slut	523	0.007	1	1	7.243
277	Drab	524	0.007	1	1	7.243
278	Hee'le	522	0.007	1	1	7.243
279	brats	1042	0.013	2	1	7.243
280	17.1	1045	0.013	2	1	7.243
281	Benno	531	0.007	1	1	7.222
282	Rut	528	0.007	1	1	7.222
283	laudably	525	0.007	1	1	7.222
284	prostitution	531	0.007	1	1	7.222
285	bearded	1068	0.014	2	2	7.211
286	Leman	537	0.007	1	1	7.2
287	bawdy	1610	0.02	3	3	7.2
288	apostatising	534	0.007	1	1	7.2
289	ary	544	0.007	1	1	7.179
290	Iras	541	0.007	1	1	7.179
291	fiddlers	1087	0.014	2	2	7.179
292	ripping	551	0.007	1	1	7.158
293	Necromancer	556	0.007	1	1	7.158
294	Prat	571	0.007	1	1	7.118
295	Yell	567	0.007	1	1	7.118
296	Couchant	573	0.007	1	1	7.098
297	lae	587	0.007	1	1	7.078
298	17.5.	581	0.007	1	1	7.078
299	Emil	582	0.007	1	1	7.078
300	Theife	587	0.007	1	1	7.078
301	recompensing	591	0.008	1	1	7.059
302	Presentations	590	0.008	1	1	7.059
303	Eua	591	0.008	1	1	7.059
304	bowling	592	0.008	1	1	7.059
305	511	598	0.008	1	1	7.04
306	mossy	603	0.008	1	1	7.04
307	22.16	602	0.008	1	1	7.04
308	Lecher	616	0.008	1	1	7.002
309	wild-fire	619	0.008	1	1	7.002
310	Apocalips	623	0.008	1	1	6.984
311	prostitute	2508	0.032	4	4	6.975
312	fulsome	1271	0.016	2	2	6.957
313	Antichrist.	637	0.008	1	1	6.948
314	libidinous	649	0.008	1	1	6.93
315	hies	653	0.008	1	1	6.913
316	Gin	1317	0.017	2	2	6.904
317	Ruffians	1326	0.017	2	1	6.895
318	Disclaims	665	0.008	1	1	6.895
319	paints	1352	0.017	2	2	6.87
320	hire	8785	0.111	13	5	6.867
321	Camera	680	0.009	1	1	6.861
322	Cormorant	679	0.009	1	1	6.861
323	swaggering	689	0.009	1	1	6.845
324	carouse	690	0.009	1	1	6.845
325	17.6	693	0.009	1	1	6.828
326	Babel	9790	0.124	14	8	6.818
327	haunting	700	0.009	1	1	6.812
328	Sorceress	710	0.009	1	1	6.796
329	LAN	2137	0.027	3	1	6.791
330	fals	715	0.009	1	1	6.78
331	Anagram	724	0.009	1	1	6.764
332	peruerting	727	0.009	1	1	6.764
333	Babylonish	2911	0.037	4	3	6.76
334	monopoly	1459	0.019	2	2	6.756
335	Alehouses	734	0.009	1	1	6.749
336	dishonours	1478	0.019	2	2	6.741
337	dresses	1473	0.019	2	2	6.741
338	10.4.	750	0.01	1	1	6.718
339	dimmed	757	0.01	1	1	6.703
340	Numen	1522	0.019	2	2	6.695
341	436	777	0.01	1	1	6.673
342	Drone	789	0.01	1	1	6.644
343	bastards	3979	0.05	5	4	6.632
344	Enchanter	797	0.01	1	1	6.63
345	brace	1591	0.02	2	2	6.63
346	croaking	805	0.01	1	1	6.615
347	apron	802	0.01	1	1	6.615
348	Doll	807	0.01	1	1	6.615
349	desolate	12933	0.164	16	8	6.609
350	aduers	810	0.01	1	1	6.601
351	Timon	815	0.01	1	1	6.601
352	Bab	823	0.01	1	1	6.587
353	WALT	829	0.011	1	1	6.573
354	Hiss	1653	0.021	2	2	6.573
355	Priapus	831	0.011	1	1	6.573
356	Calisto	836	0.011	1	1	6.56
357	divorced	3378	0.043	4	3	6.546
358	adulterer	4237	0.054	5	5	6.541
359	stews	2587	0.033	3	2	6.515
360	Sweet-heart	864	0.011	1	1	6.506
361	Siren	870	0.011	1	1	6.506
362	bond-woman	864	0.011	1	1	6.506
363	cram	875	0.011	1	1	6.493
364	arse	879	0.011	1	1	6.493
365	Paramour	878	0.011	1	1	6.493
366	knaves	5254	0.067	6	4	6.493
367	Matilda	881	0.011	1	1	6.48
368	knave	8870	0.112	10	8	6.475
369	reparations	1779	0.023	2	2	6.468
370	Jester	911	0.012	1	1	6.442
371	headstrong	906	0.012	1	1	6.442
372	props	1825	0.023	2	1	6.436
373	enchant	918	0.012	1	1	6.43
374	Apoc	918	0.012	1	1	6.43
375	whores	5508	0.07	6	5	6.426
376	15.3	934	0.012	1	1	6.405
377	Puta	937	0.012	1	1	6.393
378	played	11334	0.144	12	10	6.384
379	Babels	948	0.012	1	1	6.381
380	pertinacious	952	0.012	1	1	6.369
381	boldest	959	0.012	1	1	6.357
382	foreshewed	963	0.012	1	1	6.357
383	patched	1934	0.025	2	2	6.351
384	prefigured	1929	0.025	2	2	6.351
385	Lod	1974	0.025	2	1	6.322
386	lends	2960	0.038	3	2	6.322
387	gest	1001	0.013	1	1	6.299
388	wrinkled	2004	0.025	2	2	6.299
389	bewitching	2007	0.025	2	2	6.299
390	Hell-fire	1012	0.013	1	1	6.288
391	shoo	1008	0.013	1	1	6.288
392	piper	1006	0.013	1	1	6.288
393	profanenesse	1036	0.013	1	1	6.254
394	Gill	1056	0.013	1	1	6.222
395	prating	2124	0.027	2	2	6.216
396	Apostatised	1065	0.014	1	1	6.211
397	brat	1070	0.014	1	1	6.2
398	7.11	1073	0.014	1	1	6.2
399	spends	4330	0.055	4	3	6.187
400	Cooper	2193	0.028	2	1	6.169
401	avenging	1095	0.014	1	1	6.169
402	Sampsons	1099	0.014	1	1	6.169
403	forehead	12159	0.154	11	11	6.157
404	rampant	2244	0.028	2	2	6.138
405	glassy	1126	0.014	1	1	6.128
406	T'was	1127	0.014	1	1	6.128
407	Cuckolds	1131	0.014	1	1	6.128
408	Concubine	3397	0.043	3	3	6.121
409	priuilegio	1135	0.014	1	1	6.118
410	barbers	1134	0.014	1	1	6.118
411	purple	18224	0.231	16	12	6.114
412	Fornicator	1143	0.015	1	1	6.108
413	Maimony	1161	0.015	1	1	6.088
414	Bess	1159	0.015	1	1	6.088
415	adulterated	1175	0.015	1	1	6.069
416	poisoning	2361	0.03	2	1	6.064
417	procurer	1187	0.015	1	1	6.059
418	Iago	1189	0.015	1	1	6.049
419	Bea	1189	0.015	1	1	6.049
420	paintings	1197	0.015	1	1	6.04
421	prodigally	1202	0.015	1	1	6.04
422	dotes	1209	0.015	1	1	6.03
423	undecent	1218	0.015	1	1	6.021
424	gins	1211	0.015	1	1	6.021
425	Onuphrius	1215	0.015	1	1	6.021
426	Courtesans	1216	0.015	1	1	6.021
427	Arraign	1215	0.015	1	1	6.021
428	ungracious	2462	0.031	2	1	6.002
429	wie	1252	0.016	1	1	5.975
430	locke	2537	0.032	2	2	5.957
431	robber	2551	0.032	2	2	5.952
432	offense	1276	0.016	1	1	5.948
433	Romes	5130	0.065	4	4	5.943
434	Bridewell	1285	0.016	1	1	5.939
435	firebrands	1283	0.016	1	1	5.939
436	Thyatira	1296	0.016	1	1	5.93
437	Scold	1303	0.017	1	1	5.921
438	spun	2608	0.033	2	2	5.917
439	Cardinalis	1310	0.017	1	1	5.913
440	Stationers	1318	0.017	1	1	5.904
441	Epigram	2632	0.033	2	2	5.904
442	harlots	5276	0.067	4	4	5.902
443	Hackney	1328	0.017	1	1	5.895
444	ning	1325	0.017	1	1	5.895
445	allude	2653	0.034	2	2	5.895
446	Abbeys	2663	0.034	2	2	5.887
447	Ferd	1334	0.017	1	1	5.887
448	plaid	4003	0.051	3	3	5.887
449	Torm	1342	0.017	1	1	5.878
450	mit	1339	0.017	1	1	5.878
451	smock	1342	0.017	1	1	5.878
452	Lais	1345	0.017	1	1	5.87
453	Sodomy	1349	0.017	1	1	5.87
454	Iezabel	1348	0.017	1	1	5.87
455	Thief	23047	0.292	17	9	5.862
456	cockatrice	1363	0.017	1	1	5.853
457	Theodora	1369	0.017	1	1	5.845
458	Vald	1369	0.017	1	1	5.845
459	day-light	1374	0.017	1	1	5.845
460	adores	1375	0.017	1	1	5.845
461	luxurious	2832	0.036	2	2	5.8
462	Thamar	1424	0.018	1	1	5.788
463	broker	1425	0.018	1	1	5.788
464	resorting	1428	0.018	1	1	5.788
465	stale	4338	0.055	3	3	5.769
466	pelf	1457	0.019	1	1	5.756
467	Mathias	1469	0.019	1	1	5.749
468	Babylonian	2956	0.038	2	2	5.737
469	Drones	1483	0.019	1	1	5.733
470	Nun	4515	0.057	3	2	5.713
471	gaming	3021	0.038	2	2	5.707
472	Damme	1514	0.019	1	1	5.703
473	scores	1516	0.019	1	1	5.703
474	harlot	9167	0.116	6	6	5.69
475	AMB	1537	0.02	1	1	5.68
476	Vestal	1542	0.02	1	1	5.68
477	Matron	3083	0.039	2	2	5.677
478	Hip	3106	0.039	2	1	5.666
479	documents	1587	0.02	1	1	5.637
480	looser	1591	0.02	1	1	5.63
481	styles	1611	0.02	1	1	5.615
482	Parrot	1611	0.02	1	1	5.615
483	lecherous	1613	0.02	1	1	5.615
484	Jesting	3230	0.041	2	2	5.612
485	papal	9725	0.123	6	5	5.605
486	masked	1635	0.021	1	1	5.594
487	strumpet	3285	0.042	2	2	5.587
488	banquets	3301	0.042	2	1	5.58
489	comparisons	3308	0.042	2	2	5.577
490	foreheads	3324	0.042	2	2	5.57
491	Miser	3333	0.042	2	2	5.563
492	hunters	3346	0.042	2	2	5.56
493	shameless	6711	0.085	4	4	5.555
494	graceless	3413	0.043	2	2	5.529
495	drudgery	1722	0.022	1	1	5.52
496	random	3453	0.044	2	2	5.513
497	impudent	12093	0.153	7	7	5.513
498	Villainous	3467	0.044	2	2	5.51
499	3.3.	1739	0.022	1	1	5.506
500	raked	1740	0.022	1	1	5.5
501	traded	1751	0.022	1	1	5.493
502	supporting	3530	0.045	2	1	5.484
503	Bastard	12394	0.157	7	6	5.478
504	curtains	3546	0.045	2	2	5.474
505	yon	1802	0.023	1	1	5.455
506	whoremongers	1796	0.023	1	1	5.455
507	Rat	3615	0.046	2	1	5.449
508	Hunted	3634	0.046	2	2	5.439
509	nursery	1846	0.023	1	1	5.417
510	beastly	7495	0.095	4	3	5.396
511	pranks	1881	0.024	1	1	5.393
512	liveries	1876	0.024	1	1	5.393
513	5.11	1882	0.024	1	1	5.387
514	brands	1898	0.024	1	1	5.375
515	Likewyse	1911	0.024	1	1	5.369
516	adulteress	1919	0.024	1	1	5.363
517	imprecations	1918	0.024	1	1	5.363
518	rags	5772	0.073	3	3	5.357
519	badges	1924	0.024	1	1	5.357
520	clip	1933	0.025	1	1	5.351
521	Prophetess	1947	0.025	1	1	5.339
522	Apocalypse	3947	0.05	2	2	5.322
523	Whoredoms	1981	0.025	1	1	5.316
524	usurers	3968	0.05	2	2	5.313
525	Rarest	1996	0.025	1	1	5.305
526	Breakfast	1998	0.025	1	1	5.305
527	supporters	2003	0.025	1	1	5.299
528	sleights	2011	0.026	1	1	5.293
529	twilight	2023	0.026	1	1	5.288
530	Bracelets	2031	0.026	1	1	5.282
531	247	2034	0.026	1	1	5.276
532	concubines	4078	0.052	2	2	5.274
533	Beau	2044	0.026	1	1	5.271
534	attire	8194	0.104	4	4	5.267
535	Baptista	2049	0.026	1	1	5.265
536	longs	4138	0.053	2	2	5.252
537	leprous	2075	0.026	1	1	5.249
538	Goodman	2097	0.027	1	1	5.232
539	aith	2099	0.027	1	1	5.232
540	sits	23190	0.294	11	8	5.226
541	wrinkles	2118	0.027	1	1	5.222
542	Sleeve	2112	0.027	1	1	5.222
543	stricter	2128	0.027	1	1	5.211
544	abominations	10678	0.135	5	5	5.207
545	repairs	2140	0.027	1	1	5.206
546	Hah	2157	0.027	1	1	5.195
547	jade	2169	0.028	1	1	5.184
548	presuppose	2170	0.028	1	1	5.184
549	lis	2195	0.028	1	1	5.169
550	Apoc.	11083	0.141	5	5	5.153
551	listening	2243	0.028	1	1	5.138
552	warily	4487	0.057	2	2	5.135
553	paint	8989	0.114	4	4	5.133
554	lard	2252	0.029	1	1	5.133
555	Isai	2258	0.029	1	1	5.128
556	graced	4511	0.057	2	2	5.128
557	negotiations	2292	0.029	1	1	5.103
558	Proverbs	6913	0.088	3	3	5.098
559	rep	2316	0.029	1	1	5.088
560	dotage	2321	0.029	1	1	5.088
561	weakens	2329	0.03	1	1	5.083
562	kepe	9336	0.118	4	4	5.079
563	rails	2361	0.03	1	1	5.064
564	racked	2371	0.03	1	1	5.054
565	buys	2372	0.03	1	1	5.054
566	drunken	11882	0.151	5	5	5.053
567	Gasp	2411	0.031	1	1	5.03
568	Frosts	2413	0.031	1	1	5.03
569	abjure	2423	0.031	1	1	5.026
570	bathe	4896	0.062	2	2	5.009
571	Bachelor	2474	0.031	1	1	4.993
572	thirsts	2496	0.032	1	1	4.984
573	perjured	4993	0.063	2	2	4.982
574	NICK	2498	0.032	1	1	4.979
575	bravest	2525	0.032	1	1	4.966
576	Em	7603	0.096	3	1	4.96
577	enforcing	2540	0.032	1	1	4.957
578	Brownists	2554	0.032	1	1	4.948
579	forswear	2569	0.033	1	1	4.939
580	enticing	2596	0.033	1	1	4.926
581	pate	2606	0.033	1	1	4.921
582	Crocodile	2605	0.033	1	1	4.921
583	Rebecca	2622	0.033	1	1	4.913
584	Revel	21061	0.267	8	8	4.905
585	talks	5297	0.067	2	2	4.898
586	Dee	2650	0.034	1	1	4.895
587	bella	2647	0.034	1	1	4.895
588	Cuckold	2667	0.034	1	1	4.887
589	fitly	16083	0.204	6	4	4.879
590	cup	48330	0.613	18	17	4.877
591	tolerated	5375	0.068	2	2	4.876
592	Mart.	2716	0.034	1	1	4.861
593	Sodomites	2734	0.035	1	1	4.849
594	hate	65701	0.833	24	18	4.849
595	Claret	2747	0.035	1	1	4.845
596	Gallows	5501	0.07	2	2	4.843
597	Infamous	11020	0.14	4	4	4.84
598	enforces	2759	0.035	1	1	4.837
599	Abbots	5526	0.07	2	2	4.834
600	Sextus	2772	0.035	1	1	4.832
601	carcass	5550	0.07	2	1	4.828
602	Venery	2793	0.035	1	1	4.82
603	gown	8419	0.107	3	3	4.813
604	costly	11277	0.143	4	2	4.806
605	bequeath	2835	0.036	1	1	4.8
606	handmaid	2829	0.036	1	1	4.8
607	riotous	2846	0.036	1	1	4.792
608	possessing	5709	0.072	2	1	4.788
609	knavery	2867	0.036	1	1	4.784
610	Magus	5737	0.073	2	2	4.782
611	sacrificed	14434	0.183	5	4	4.772
612	audacious	2899	0.037	1	1	4.768
613	injuriously	2897	0.037	1	1	4.768
614	abhorring	2902	0.037	1	1	4.764
615	plays	17593	0.223	6	5	4.75
616	faced	2948	0.037	1	1	4.741
617	painted	23662	0.3	8	4	4.737
618	trap	2964	0.038	1	1	4.733
619	Wouldest	2973	0.038	1	1	4.729
620	genealogy	2971	0.038	1	1	4.729
621	shifting	2993	0.038	1	1	4.722
622	inhabitant	3014	0.038	1	1	4.71
623	nd	15088	0.191	5	3	4.708
624	enchantments	3037	0.039	1	1	4.699
625	lash	3070	0.039	1	1	4.684
626	Iulius	9289	0.118	3	3	4.671
627	honest	83801	1.062	27	9	4.668
628	dice	6226	0.079	2	2	4.664
629	dos	3133	0.04	1	1	4.655
630	Ast	3134	0.04	1	1	4.655
631	Tobacco	9488	0.12	3	3	4.64
632	baggage	6358	0.081	2	2	4.633
633	Pamphlet	6387	0.081	2	2	4.626
634	surplice	3203	0.041	1	1	4.622
635	healths	3230	0.041	1	1	4.612
636	incite	3235	0.041	1	1	4.608
637	Broils	3266	0.041	1	1	4.594
638	idolatries	3266	0.041	1	1	4.594
639	Franc	3303	0.042	1	1	4.577
640	sluggish	3307	0.042	1	1	4.577
641	whipped	6660	0.084	2	1	4.567
642	Strip	3365	0.043	1	1	4.55
643	cozen	3380	0.043	1	1	4.546
644	avenged	3380	0.043	1	1	4.546
645	requital	3416	0.043	1	1	4.529
646	10000	3420	0.043	1	1	4.526
647	playing	10275	0.13	3	3	4.525
648	coloured	10332	0.131	3	3	4.517
649	relics	13846	0.176	4	4	4.51
650	unwholesome	3465	0.044	1	1	4.51
651	bowl	3496	0.044	1	1	4.497
652	Treatises	6996	0.089	2	2	4.495
653	Adulterous	3504	0.044	1	1	4.493
654	Corporally	3518	0.045	1	1	4.487
655	Orations	3552	0.045	1	1	4.474
656	swollen	3551	0.045	1	1	4.474
657	noses	3558	0.045	1	1	4.471
658	Fornication	14235	0.181	4	3	4.47
659	doting	3584	0.045	1	1	4.461
660	rabble	7160	0.091	2	2	4.461
661	derided	3589	0.046	1	1	4.458
662	rudiments	3605	0.046	1	1	4.452
663	Cooke	3664	0.046	1	1	4.43
664	rotten	14651	0.186	4	4	4.429
665	Closet	7354	0.093	2	2	4.424
666	prithee	7377	0.094	2	2	4.419
667	burn	40670	0.516	11	8	4.415
668	insatiable	3697	0.047	1	1	4.414
669	shun	14847	0.188	4	3	4.41
670	toy	3727	0.047	1	1	4.405
671	treats	7496	0.095	2	2	4.396
672	judging	18760	0.238	5	4	4.394
673	Mercer	3762	0.048	1	1	4.39
674	Dames	3766	0.048	1	1	4.39
675	Whoredom	7526	0.095	2	2	4.39
676	Pap	3784	0.048	1	1	4.381
677	Rascal	3785	0.048	1	1	4.381
678	filthy	30299	0.384	8	7	4.38
679	veritatem	3791	0.048	1	1	4.378
680	cheated	3803	0.048	1	1	4.375
681	arrayed	3816	0.048	1	1	4.369
682	Philistims	3838	0.049	1	1	4.36
683	shaped	3839	0.049	1	1	4.36
684	Mistress	42310	0.536	11	9	4.358
685	unholy	3846	0.049	1	1	4.357
686	morsel	3858	0.049	1	1	4.354
687	tempts	3862	0.049	1	1	4.351
688	Beast	81566	1.034	21	11	4.344
689	Antichrist	50530	0.641	13	9	4.343
690	wiles	3908	0.05	1	1	4.336
691	sells	3915	0.05	1	1	4.334
692	abomination	11757	0.149	3	3	4.332
693	sitting	35270	0.447	9	7	4.331
694	gap	3918	0.05	1	1	4.331
695	drunk	35533	0.45	9	9	4.321
696	Rev.	51328	0.651	13	9	4.32
697	detest	7917	0.1	2	2	4.316
698	allurements	3979	0.05	1	1	4.31
699	Bride	12056	0.153	3	3	4.295
700	marries	4061	0.052	1	1	4.279
701	play	61168	0.775	15	12	4.274
702	superfluous	16318	0.207	4	2	4.273
703	frantic	4089	0.052	1	1	4.271
704	cunning	28670	0.363	7	7	4.268
705	wandered	4115	0.052	1	1	4.26
706	chaste	20646	0.262	5	5	4.256
707	enamoured	4135	0.052	1	1	4.254
708	Prou.	8310	0.105	2	2	4.247
709	TAYLOR	8326	0.106	2	2	4.245
710	Trojan	4173	0.053	1	1	4.241
711	interred	4188	0.053	1	1	4.235
712	Pelagians	4212	0.053	1	1	4.227
713	crew	8469	0.107	2	2	4.219
714	Slave	21201	0.269	5	4	4.217
715	forged	8528	0.108	2	2	4.21
716	Abimelech	4276	0.054	1	1	4.206
717	baits	4274	0.054	1	1	4.206
718	thumb	4280	0.054	1	1	4.203
719	bribes	4305	0.055	1	1	4.195
720	143	4311	0.055	1	1	4.195
721	sly	4313	0.055	1	1	4.192
722	Mat	12944	0.164	3	1	4.192
723	basest	4331	0.055	1	1	4.187
724	barrenness	4345	0.055	1	1	4.182
725	Vassal	4357	0.055	1	1	4.179
726	diseased	8769	0.111	2	1	4.169
727	ith	4421	0.056	1	1	4.158
728	affinity	8856	0.112	2	2	4.155
729	profane	40020	0.507	9	5	4.149
730	Beggar	8945	0.113	2	2	4.141
731	steal	17906	0.227	4	4	4.139
732	usurping	4491	0.057	1	1	4.135
733	fashions	9013	0.114	2	2	4.129
734	Dragon	18054	0.229	4	3	4.127
735	Spittle	4536	0.058	1	1	4.12
736	Sr	4563	0.058	1	1	4.113
737	mon	18249	0.231	4	3	4.112
738	revile	4565	0.058	1	1	4.11
739	betraying	4564	0.058	1	1	4.11
740	ensigns	9131	0.116	2	2	4.11
741	livers	4570	0.058	1	1	4.11
742	commemoration	4565	0.058	1	1	4.11
743	Antichristian	13777	0.175	3	3	4.103
744	differed	4629	0.059	1	1	4.09
745	fares	4637	0.059	1	1	4.088
746	Orbis	4637	0.059	1	1	4.088
747	merrily	4679	0.059	1	1	4.076
748	Grecian	9382	0.119	2	1	4.072
749	Annot	4704	0.06	1	1	4.069
750	exacted	4701	0.06	1	1	4.069
751	hired	9416	0.119	2	2	4.066
752	78.	4748	0.06	1	1	4.054
753	Athenian	4760	0.06	1	1	4.052
754	infection	9557	0.121	2	2	4.045
755	price	57392	0.728	12	10	4.044
756	124	4812	0.061	1	1	4.035
757	erring	4825	0.061	1	1	4.03
758	scurvy	4826	0.061	1	1	4.03
759	Rosemary	4837	0.061	1	1	4.028
760	Rome	271183	3.438	56	38	4.026
761	velvet	4856	0.062	1	1	4.021
762	masculine	4862	0.062	1	1	4.021
763	describing	4858	0.062	1	1	4.021
764	Exit	19436	0.246	4	2	4.021
765	Magdalen	4888	0.062	1	1	4.012
766	Solon	4981	0.063	1	1	3.986
767	golden	49785	0.631	10	10	3.986
768	wedlock	5013	0.064	1	1	3.977
769	fry	5008	0.064	1	1	3.977
770	clamour	5016	0.064	1	1	3.975
771	deceits	5024	0.064	1	1	3.973
772	blue	5046	0.064	1	1	3.966
773	brood	5051	0.064	1	1	3.966
774	vermin	5068	0.064	1	1	3.961
775	Plagued	5100	0.065	1	1	3.95
776	cheek	5113	0.065	1	1	3.948
777	Isay	5116	0.065	1	1	3.946
778	winding	5128	0.065	1	1	3.943
779	Burned	20536	0.26	4	4	3.942
780	adulterers	5137	0.065	1	1	3.941
781	Assyrians	5157	0.065	1	1	3.935
782	breaks	20777	0.263	4	2	3.925
783	Synagogue	10391	0.132	2	2	3.925
784	subscription	5238	0.066	1	1	3.913
785	filthiness	10515	0.133	2	2	3.907
786	purer	5259	0.067	1	1	3.906
787	unprofitable	21130	0.268	4	2	3.9
788	Meadows	5286	0.067	1	1	3.9
789	hating	5297	0.067	1	1	3.898
790	cheat	10600	0.134	2	2	3.895
791	're	16048	0.203	3	3	3.883
792	gluttony	5361	0.068	1	1	3.878
793	constraint	5368	0.068	1	1	3.878
794	hawks	5379	0.068	1	1	3.874
795	Seventhly	5381	0.068	1	1	3.874
796	necks	10810	0.137	2	2	3.868
797	darling	5419	0.069	1	1	3.864
798	foul	43393	0.55	8	8	3.862
799	locks	5427	0.069	1	1	3.861
800	Champions	5435	0.069	1	1	3.859
801	pox	10902	0.138	2	2	3.855
802	entertaining	5479	0.07	1	1	3.847
803	troth	5489	0.07	1	1	3.845
804	horns	22193	0.281	4	3	3.83
805	sheets	5556	0.07	1	1	3.828
806	Niece	5575	0.071	1	1	3.822
807	flourished	11210	0.142	2	2	3.815
808	heavier	5619	0.071	1	1	3.812
809	displayed	5618	0.071	1	1	3.812
810	groves	5645	0.072	1	1	3.804
811	Nuns	5658	0.072	1	1	3.802
812	scarcely	11399	0.145	2	2	3.791
813	adorn	11429	0.145	2	2	3.787
814	handsome	11498	0.146	2	1	3.778
815	frequented	5786	0.073	1	1	3.77
816	Confederates	11609	0.147	2	2	3.764
817	odious	23239	0.295	4	4	3.763
818	lazy	5811	0.074	1	1	3.762
819	Regiment	17461	0.221	3	3	3.761
820	resembled	5836	0.074	1	1	3.756
821	Nil	5842	0.074	1	1	3.754
822	professes	11732	0.149	2	2	3.75
823	Frogs	5922	0.075	1	1	3.735
824	noting	5928	0.075	1	1	3.735
825	Hark	5947	0.075	1	1	3.729
826	stinking	11949	0.152	2	2	3.723
827	stained	6010	0.076	1	1	3.714
828	59.	6027	0.076	1	1	3.71
829	Brooke	6055	0.077	1	1	3.703
830	tempting	6108	0.077	1	1	3.692
831	smiles	6115	0.078	1	1	3.69
832	polluted	12233	0.155	2	2	3.689
833	unpunished	6139	0.078	1	1	3.684
834	Vicious	18428	0.234	3	3	3.683
835	118	6146	0.078	1	1	3.682
836	modest	18444	0.234	3	3	3.682
837	base	61654	0.782	10	6	3.677
838	prostrate	6239	0.079	1	1	3.66
839	backs	12586	0.16	2	2	3.648
840	basely	6310	0.08	1	1	3.644
841	patrimony	6348	0.081	1	1	3.635
842	Sarah	6377	0.081	1	1	3.63
843	whip	6373	0.081	1	1	3.63
844	Usher	6397	0.081	1	1	3.624
845	Flattery	12831	0.163	2	2	3.62
846	bewitched	6431	0.082	1	1	3.617
847	Personages	6449	0.082	1	1	3.612
848	traffic	12930	0.164	2	2	3.609
849	Damsel	6465	0.082	1	1	3.608
850	abhor	19419	0.246	3	3	3.607
851	revenue	12958	0.164	2	2	3.606
852	metaphor	6491	0.082	1	1	3.603
853	magnified	6500	0.082	1	1	3.601
854	naughty	6533	0.083	1	1	3.594
855	guile	6552	0.083	1	1	3.589
856	blush	13133	0.167	2	2	3.586
857	Kiss	26340	0.334	4	3	3.583
858	Fiftly	6621	0.084	1	1	3.575
859	roasted	6622	0.084	1	1	3.575
860	naked	46459	0.589	7	6	3.571
861	keeps	40024	0.507	6	6	3.564
862	allure	6732	0.085	1	1	3.551
863	Ezech.	6776	0.086	1	1	3.541
864	Anthony	13580	0.172	2	2	3.539
865	Iosephus	6799	0.086	1	1	3.536
866	suffices	6840	0.087	1	1	3.528
867	harbour	13726	0.174	2	2	3.523
868	eschew	6866	0.087	1	1	3.523
869	Genes	6873	0.087	1	1	3.521
870	gloss	13765	0.175	2	2	3.519
871	57.	6936	0.088	1	1	3.508
872	Simile	6960	0.088	1	1	3.503
873	Rogue	6990	0.089	1	1	3.497
874	Al	6997	0.089	1	1	3.495
875	uncleanness	14027	0.178	2	2	3.492
876	Drunkards	7021	0.089	1	1	3.49
877	heathenish	7043	0.089	1	1	3.485
878	condemning	14091	0.179	2	2	3.485
879	begot	7053	0.089	1	1	3.484
880	lane	7088	0.09	1	1	3.476
881	assumption	7125	0.09	1	1	3.469
882	challenged	7132	0.09	1	1	3.468
883	commerce	14266	0.181	2	2	3.468
884	boys	14311	0.181	2	2	3.463
885	Pirates	7168	0.091	1	1	3.46
886	likes	7169	0.091	1	1	3.46
887	tenets	7204	0.091	1	1	3.453
888	execrable	7210	0.091	1	1	3.452
889	Chaldee	7286	0.092	1	1	3.436
890	wipe	7298	0.093	1	1	3.434
891	stamped	7328	0.093	1	1	3.428
892	87	7352	0.093	1	1	3.424
893	subtle	36810	0.467	5	5	3.422
894	kneel	7364	0.093	1	1	3.42
895	Hero	7374	0.094	1	1	3.419
896	Lap	7378	0.094	1	1	3.419
897	assoiled	7417	0.094	1	1	3.411
898	beget	14843	0.188	2	2	3.41
899	thieves	22285	0.283	3	3	3.409
900	Noblemen	7441	0.094	1	1	3.407
901	couple	7466	0.095	1	1	3.402
902	Orleans	7491	0.095	1	1	3.396
903	superstitions	7530	0.096	1	1	3.388
904	Card	7542	0.096	1	1	3.387
905	swears	7600	0.096	1	1	3.376
906	foe	15213	0.193	2	2	3.375
907	Lodgings	7603	0.096	1	1	3.375
908	abominable	22990	0.291	3	3	3.364
909	str	7686	0.097	1	1	3.36
910	kindly	15466	0.196	2	2	3.35
911	marry	38694	0.491	5	5	3.35
912	Zach.	7738	0.098	1	1	3.35
913	merchandise	15488	0.196	2	2	3.349
914	dog	30988	0.393	4	3	3.348
915	appertains	7757	0.098	1	1	3.347
916	Hos.	15549	0.197	2	1	3.343
917	Roman	141472	1.793	18	16	3.327
918	Common	346098	4.387	44	19	3.326
919	puffed	7888	0.1	1	1	3.322
920	mocked	7900	0.1	1	1	3.32
921	expects	7910	0.1	1	1	3.318
922	lend	15915	0.202	2	2	3.31
923	wife	214853	2.724	27	19	3.309
924	Hare	7991	0.101	1	1	3.303
925	daughters	40010	0.507	5	4	3.301
926	lean	16023	0.203	2	2	3.3
927	hastily	8048	0.102	1	1	3.293
928	beggars	8051	0.102	1	1	3.292
929	payed	8116	0.103	1	1	3.281
930	approaches	8131	0.103	1	1	3.278
931	richest	8181	0.104	1	1	3.27
932	sale	16370	0.208	2	2	3.269
933	waters	83222	1.055	10	8	3.245
934	Agrippa	8329	0.106	1	1	3.243
935	ugly	8331	0.106	1	1	3.243
936	Sectaries	8390	0.106	1	1	3.232
937	clad	8414	0.107	1	1	3.228
938	nose	25309	0.321	3	3	3.225
939	properties	25319	0.321	3	1	3.224
940	hates	16898	0.214	2	2	3.223
941	cheap	8467	0.107	1	1	3.22
942	estimation	17074	0.216	2	2	3.208
943	Seat	51212	0.649	6	4	3.208
944	pregnant	8560	0.109	1	1	3.204
945	damned	34243	0.434	4	4	3.204
946	maist	17147	0.217	2	2	3.202
947	banks	17161	0.218	2	2	3.201
948	tall	8632	0.109	1	1	3.192
949	fortitude	8634	0.109	1	1	3.192
950	coin	17339	0.22	2	2	3.186
951	apostate	8710	0.11	1	1	3.179
952	accursed	17442	0.221	2	2	3.177
953	woman	183598	2.327	21	15	3.174
954	she	1006738	12.762	114	49	3.159
955	dainty	8837	0.112	1	1	3.158
956	complaining	8854	0.112	1	1	3.156
957	magnificence	8848	0.112	1	1	3.156
958	Cat	8876	0.113	1	1	3.152
959	bloody	53730	0.681	6	4	3.139
960	Esa	17912	0.227	2	2	3.139
961	array	9012	0.114	1	1	3.13
962	trades	9008	0.114	1	1	3.13
963	grown	45966	0.583	5	4	3.101
964	17.	83120	1.054	9	7	3.094
965	witch	9245	0.117	1	1	3.093
966	defile	9264	0.117	1	1	3.09
967	lets	18569	0.235	2	2	3.087
968	pens	9367	0.119	1	1	3.075
969	dat	9363	0.119	1	1	3.075
970	hellish	9373	0.119	1	1	3.073
971	mother	150593	1.909	16	14	3.067
972	diet	28239	0.358	3	3	3.067
973	GENTLEWOMAN	9432	0.12	1	1	3.064
974	swear	56939	0.722	6	6	3.055
975	sores	9491	0.12	1	1	3.055
976	brave	38044	0.482	4	4	3.052
977	Companion	19107	0.242	2	2	3.046
978	inference	9633	0.122	1	1	3.034
979	Muses	9656	0.122	1	1	3.03
980	Watching	9672	0.123	1	1	3.028
981	exceeds	9675	0.123	1	1	3.028
982	Samaria	9703	0.123	1	1	3.023
983	hills	29127	0.369	3	2	3.022
984	Mundi	9709	0.123	1	1	3.022
985	debet	9714	0.123	1	1	3.022
986	begotten	29211	0.37	3	3	3.018
987	Devilish	9817	0.124	1	1	3.007
988	drawn	108352	1.374	11	2	3.002
989	turns	39404	0.5	4	3	3.001
990	viz	9934	0.126	1	1	2.99
991	destruction	89423	1.134	9	7	2.989
992	Avarice	9956	0.126	1	1	2.986
993	Venice	19987	0.253	2	2	2.981
994	headlong	10029	0.127	1	1	2.976
995	abandon	10068	0.128	1	1	2.97
996	Monsters	10127	0.128	1	1	2.961
997	ride	20257	0.257	2	1	2.961
998	become	172873	2.191	17	14	2.956
999	Car	20342	0.258	2	1	2.955
1000	Tragedy	10196	0.129	1	1	2.951
1001	bought	30717	0.389	3	3	2.946
1002	impudence	10304	0.131	1	1	2.937
1003	discovering	10322	0.131	1	1	2.935
1004	vent	10319	0.131	1	1	2.935
1005	seduced	10324	0.131	1	1	2.933
1006	dancing	10351	0.131	1	1	2.93
1007	talked	10368	0.131	1	1	2.928
1008	wages	20748	0.263	2	2	2.927
1009	Landed	10381	0.132	1	1	2.926
1010	Hebrew	41553	0.527	4	2	2.925
1011	tribute	20800	0.264	2	2	2.923
1012	rewards	20903	0.265	2	2	2.916
1013	weakened	10463	0.133	1	1	2.915
1014	ditch	10469	0.133	1	1	2.914
1015	Revelation	41988	0.532	4	4	2.91
1016	breeds	10535	0.134	1	1	2.905
1017	barren	21073	0.267	2	2	2.905
1018	hang	31830	0.404	3	3	2.894
1019	petty	10617	0.135	1	1	2.893
1020	damnation	32064	0.407	3	3	2.884
1021	Lordships	21570	0.273	2	2	2.871
1022	perdition	10866	0.138	1	1	2.86
1023	calais	10880	0.138	1	1	2.858
1024	Impatient	10884	0.138	1	1	2.857
1025	indulgence	10911	0.138	1	1	2.854
1026	Popes	76677	0.972	7	6	2.848
1027	stile	21951	0.278	2	2	2.845
1028	walks	11050	0.14	1	1	2.835
1029	swore	11085	0.141	1	1	2.831
1030	Married	66560	0.844	6	6	2.83
1031	notorious	22363	0.284	2	2	2.819
1032	sprung	11190	0.142	1	1	2.817
1033	perchance	11230	0.142	1	1	2.812
1034	nails	11259	0.143	1	1	2.809
1035	'll	158479	2.009	14	8	2.801
1036	Inn	11350	0.144	1	1	2.797
1037	compassed	11351	0.144	1	1	2.797
1038	Vicar	11392	0.144	1	1	2.792
1039	gulf	11408	0.145	1	1	2.79
1040	Drank	11443	0.145	1	1	2.785
1041	vowed	11454	0.145	1	1	2.784
1042	forsook	11497	0.146	1	1	2.779
1043	fitter	11535	0.146	1	1	2.774
1044	ice	11552	0.146	1	1	2.772
1045	criminal	11681	0.148	1	1	2.755
1046	minded	23388	0.297	2	2	2.754
1047	Repeat	23553	0.299	2	2	2.744
1048	purposed	11812	0.15	1	1	2.74
1049	loose	59737	0.757	5	3	2.723
1050	wheel	12003	0.152	1	1	2.716
1051	Prodigious	12011	0.152	1	1	2.715
1052	ware	12046	0.153	1	1	2.711
1053	hunt	12065	0.153	1	1	2.709
1054	exposed	24132	0.306	2	2	2.709
1055	Daughter	108707	1.378	9	6	2.707
1056	worst	48340	0.613	4	4	2.707
1057	supposing	24260	0.308	2	2	2.701
1058	prey	24332	0.308	2	2	2.697
1059	Exeunt	12174	0.154	1	1	2.696
1060	issued	12230	0.155	1	1	2.69
1061	deceit	24531	0.311	2	2	2.685
1062	Histories	24576	0.312	2	2	2.683
1063	quoth	36867	0.467	3	3	2.683
1064	Logic	12290	0.156	1	1	2.682
1065	Mounted	12305	0.156	1	1	2.68
1066	Flies	24756	0.314	2	2	2.672
1067	delicate	12414	0.157	1	1	2.667
1068	spend	37287	0.473	3	3	2.666
1069	malignant	12436	0.158	1	1	2.666
1070	poisoned	12446	0.158	1	1	2.664
1071	ded	12467	0.158	1	1	2.662
1072	worn	12479	0.158	1	1	2.66
1073	burnt	50113	0.635	4	3	2.654
1074	Amos	12559	0.159	1	1	2.651
1075	sets	50272	0.637	4	4	2.65
1076	murderer	12581	0.16	1	1	2.648
1077	correspondence	12597	0.16	1	1	2.647
1078	Transubstantiation	12665	0.161	1	1	2.639
1079	cruelly	12674	0.161	1	1	2.638
1080	famous	88824	1.126	7	6	2.636
1081	limbs	12705	0.161	1	1	2.634
1082	termed	25438	0.323	2	2	2.633
1083	fowl	12776	0.162	1	1	2.626
1084	Friar	12819	0.163	1	1	2.621
1085	her	1811491	22.964	141	69	2.618
1086	draught	12880	0.163	1	1	2.614
1087	Sister	51618	0.654	4	4	2.612
1088	heretical	12934	0.164	1	1	2.608
1089	Swine	12952	0.164	1	1	2.606
1090	forsooth	12960	0.164	1	1	2.606
1091	spare	38949	0.494	3	3	2.603
1092	Wo	26036	0.33	2	2	2.599
1093	raging	13043	0.165	1	1	2.597
1094	keep	313074	3.969	24	16	2.596
1095	Wolf	13047	0.165	1	1	2.596
1096	Lev	13206	0.167	1	1	2.579
1097	safely	26431	0.335	2	1	2.577
1098	offerings	13224	0.168	1	1	2.577
1099	greedy	13232	0.168	1	1	2.576
1100	cost	39743	0.504	3	3	2.574
1101	Mal	13346	0.169	1	1	2.563
1102	Athanasius	13378	0.17	1	1	2.56
1103	dressed	13382	0.17	1	1	2.56
1104	Revelations	13397	0.17	1	1	2.558
1105	despite	13448	0.171	1	1	2.552
1106	maintaining	13453	0.171	1	1	2.552
1107	lovers	26913	0.341	2	2	2.551
1108	virgin	54072	0.685	4	4	2.545
1109	coals	13558	0.172	1	1	2.54
1110	Grecians	13604	0.173	1	1	2.535
1111	chase	13640	0.173	1	1	2.532
1112	lust	54865	0.696	4	4	2.524
1113	dares	13753	0.174	1	1	2.52
1114	beds	13800	0.175	1	1	2.515
1115	observations	27622	0.35	2	2	2.514
1116	Annum	13979	0.177	1	1	2.497
1117	hinders	14016	0.178	1	1	2.492
1118	Worlds	28162	0.357	2	2	2.486
1119	drink	140890	1.786	10	10	2.485
1120	Methinks	14132	0.179	1	1	2.481
1121	welcome	28288	0.359	2	2	2.48
1122	Martin	14281	0.181	1	1	2.466
1123	described	42932	0.544	3	2	2.463
1124	gets	14332	0.182	1	1	2.46
1125	heretic	14330	0.182	1	1	2.46
1126	idle	43098	0.546	3	3	2.457
1127	obtaining	14368	0.182	1	1	2.457
1128	Fortune	101130	1.282	7	5	2.449
1129	o'er	14473	0.184	1	1	2.446
1130	whereto	14493	0.184	1	1	2.445
1131	Idolatrous	14523	0.184	1	1	2.441
1132	dispatch	14533	0.184	1	1	2.441
1133	Whit	14561	0.185	1	1	2.438
1134	priests	145909	1.85	10	5	2.435
1135	compared	43800	0.555	3	3	2.434
1136	Simon	29226	0.371	2	2	2.432
1137	Ant	14620	0.185	1	1	2.432
1138	thread	14714	0.187	1	1	2.423
1139	chain	14713	0.187	1	1	2.423
1140	fairest	14727	0.187	1	1	2.421
1141	proud	73660	0.934	5	5	2.421
1142	share	29601	0.375	2	2	2.414
1143	hunting	14846	0.188	1	1	2.41
1144	dearly	14865	0.188	1	1	2.408
1145	descended	29883	0.379	2	2	2.4
1146	Des	29895	0.379	2	2	2.4
1147	Deacons	14999	0.19	1	1	2.395
1148	Pope	240165	3.045	16	12	2.394
1149	accompanied	30033	0.381	2	2	2.393
1150	merry	30040	0.381	2	2	2.393
1151	intends	15033	0.191	1	1	2.391
1152	ALE	15087	0.191	1	1	2.386
1153	terra	15176	0.192	1	1	2.378
1154	craft	15181	0.192	1	1	2.378
1155	loco	15190	0.193	1	1	2.376
1156	strike	30636	0.388	2	2	2.364
1157	goodly	30823	0.391	2	2	2.356
1158	70	15439	0.196	1	1	2.353
1159	husbands	30992	0.393	2	2	2.348
1160	brains	15509	0.197	1	1	2.347
1161	casts	15527	0.197	1	1	2.345
1162	pronounce	15550	0.197	1	1	2.343
1163	Zion	31118	0.395	2	2	2.342
1164	Monarchy	31153	0.395	2	2	2.34
1165	Sodom	15597	0.198	1	1	2.339
1166	Nero	15620	0.198	1	1	2.336
1167	'm	31244	0.396	2	2	2.336
1168	16.	93810	1.189	6	5	2.335
1169	pretending	15693	0.199	1	1	2.33
1170	drinks	15747	0.2	1	1	2.325
1171	reigns	15787	0.2	1	1	2.321
1172	discovered	63467	0.805	4	3	2.314
1173	key	15904	0.202	1	1	2.31
1174	sat	47715	0.605	3	2	2.31
1175	millions	15911	0.202	1	1	2.31
1176	restored	47801	0.606	3	3	2.308
1177	quench	15945	0.202	1	1	2.307
1178	dost	31931	0.405	2	2	2.305
1179	Deuteronomy	64271	0.815	4	4	2.296
1180	worse	96916	1.229	6	4	2.288
1181	differing	16158	0.205	1	1	2.288
1182	Elias	16197	0.205	1	1	2.284
1183	lament	16334	0.207	1	1	2.272
1184	cloak	16351	0.207	1	1	2.27
1185	Sheriff	16356	0.207	1	1	2.27
1186	strongest	16405	0.208	1	1	2.265
1187	call	328774	4.168	20	16	2.263
1188	quarrel	32992	0.418	2	2	2.258
1189	torn	16521	0.209	1	1	2.256
1190	conditions	49776	0.631	3	3	2.249
1191	Readers	16753	0.212	1	1	2.235
1192	Shore	33521	0.425	2	2	2.235
1193	receives	33599	0.426	2	2	2.231
1194	royal	101049	1.281	6	5	2.228
1195	lodged	16921	0.215	1	1	2.221
1196	Soldier	33917	0.43	2	2	2.218
1197	Alas	67915	0.861	4	4	2.216
1198	Fishes	17087	0.217	1	1	2.207
1199	Peters	17256	0.219	1	1	2.193
1200	yields	17327	0.22	1	1	2.187
1201	beaten	34661	0.439	2	2	2.186
1202	scorn	34703	0.44	2	2	2.185
1203	expedition	17374	0.22	1	1	2.183
1204	rebel	17458	0.221	1	1	2.176
1205	Apostasy	17588	0.223	1	1	2.165
1206	husband	105631	1.339	6	6	2.164
1207	fools	35223	0.447	2	2	2.163
1208	betray	17683	0.224	1	1	2.157
1209	butter	17830	0.226	1	1	2.146
1210	37.	17837	0.226	1	1	2.145
1211	gallant	17961	0.228	1	1	2.135
1212	exact	35980	0.456	2	2	2.133
1213	betrayed	18001	0.228	1	1	2.132
1214	defiled	18090	0.229	1	1	2.125
1215	desirous	36305	0.46	2	2	2.12
1216	spite	18225	0.231	1	1	2.114
1217	mystery	54678	0.693	3	3	2.114
1218	Athens	18242	0.231	1	1	2.113
1219	drunkenness	18268	0.232	1	1	2.11
1220	posture	18332	0.232	1	1	2.105
1221	merchants	36943	0.468	2	1	2.094
1222	Wilt	74391	0.943	4	4	2.085
1223	writ	74728	0.947	4	2	2.078
1224	pernicious	18691	0.237	1	1	2.078
1225	Book	299396	3.795	16	6	2.076
1226	Monstrous	18738	0.238	1	1	2.074
1227	judged	56237	0.713	3	3	2.073
1228	undoubtedly	18754	0.238	1	1	2.073
1229	plagues	18774	0.238	1	1	2.071
1230	shame	94222	1.194	5	5	2.066
1231	gladly	18903	0.24	1	1	2.061
1232	conveyed	18913	0.24	1	1	2.06
1233	Iudas	19126	0.243	1	1	2.044
1234	wives	57399	0.728	3	3	2.044
1235	DEDICATED	19135	0.243	1	1	2.043
1236	Par	38300	0.486	2	2	2.042
1237	Tyranny	38301	0.486	2	2	2.042
1238	horrid	19167	0.243	1	1	2.041
1239	soft	38616	0.49	2	2	2.031
1240	specially	38732	0.491	2	2	2.026
1241	Feasts	19508	0.247	1	1	2.016
1242	intelligence	19523	0.248	1	1	2.014
1243	maintain	78757	0.998	4	4	2.002
1244	chastity	19740	0.25	1	1	1.999
1245	restrain	19741	0.25	1	1	1.999
1246	contend	19790	0.251	1	1	1.995
1247	jealous	19806	0.251	1	1	1.994
1248	manifold	19880	0.252	1	1	1.989
1249	reputed	19893	0.252	1	1	1.987
1250	great	1790493	22.697	89	50	1.971
1251	comparison	40468	0.513	2	1	1.963
1252	loyal	20260	0.257	1	1	1.961
1253	Crosses	20281	0.257	1	1	1.96
1254	nere	20350	0.258	1	1	1.955
1255	arose	20382	0.258	1	1	1.952
1256	adore	20395	0.259	1	1	1.952
1257	walked	20392	0.259	1	1	1.952
1258	Graces	61202	0.776	3	3	1.951
1259	horn	20550	0.261	1	1	1.941
1260	wine	164447	2.085	8	7	1.94
1261	Priest	123560	1.566	6	4	1.938
1262	leith	20613	0.261	1	1	1.936
1263	40.	20630	0.262	1	1	1.935
1264	Fool	41266	0.523	2	2	1.935
1265	'd	144543	1.832	7	2	1.934
1266	warning	20690	0.262	1	1	1.931
1267	reduce	20718	0.263	1	1	1.929
1268	openly	41440	0.525	2	2	1.929
1269	swearing	20821	0.264	1	1	1.922
1270	stream	20865	0.265	1	1	1.919
1271	money	188212	2.386	9	6	1.915
1272	killing	20948	0.266	1	1	1.913
1273	retire	21045	0.267	1	1	1.906
1274	Herod	21047	0.267	1	1	1.906
1275	Mystical	21135	0.268	1	1	1.9
1276	fighting	21135	0.268	1	1	1.9
1277	serpents	21180	0.269	1	1	1.897
1278	fee	21237	0.269	1	1	1.893
1279	market	21236	0.269	1	1	1.893
1280	Progress	21299	0.27	1	1	1.889
1281	nearest	21311	0.27	1	1	1.888
1282	University	21328	0.27	1	1	1.887
1283	honoured	42718	0.542	2	2	1.885
1284	a	14471665	183.452	677	155	1.884
1285	final	21409	0.271	1	1	1.882
1286	door	64326	0.815	3	1	1.879
1287	description	42949	0.544	2	2	1.877
1288	laboured	21489	0.272	1	1	1.876
1289	widow	21540	0.273	1	1	1.872
1290	commanding	21556	0.273	1	1	1.871
1291	confirmed	64726	0.821	3	3	1.87
1292	prefer	21583	0.274	1	1	1.87
1293	Ocean	21709	0.275	1	1	1.861
1294	entitled	21778	0.276	1	1	1.857
1295	Bridge	21894	0.278	1	1	1.849
1296	sit	131502	1.667	6	5	1.848
1297	laugh	21938	0.278	1	1	1.846
1298	Jealousy	21960	0.278	1	1	1.845
1299	forgotten	21994	0.279	1	1	1.843
1300	deserve	44125	0.559	2	2	1.838
1301	Christendom	22143	0.281	1	1	1.833
1302	records	22275	0.282	1	1	1.824
1303	Cor	22308	0.283	1	1	1.822
1304	Apollo	22342	0.283	1	1	1.82
1305	34.	22411	0.284	1	1	1.816
1306	meant	112513	1.426	5	4	1.81
1307	wanting	45133	0.572	2	2	1.806
1308	weeping	22605	0.287	1	1	1.803
1309	mans	181090	2.296	8	6	1.801
1310	scandal	22639	0.287	1	1	1.801
1311	skin	45425	0.576	2	2	1.796
1312	rude	22714	0.288	1	1	1.796
1313	big	22769	0.289	1	1	1.793
1314	stead	45532	0.577	2	2	1.793
1315	throne	68392	0.867	3	3	1.791
1316	attained	22823	0.289	1	1	1.789
1317	adding	22908	0.29	1	1	1.784
1318	cried	45966	0.583	2	1	1.779
1319	old	414305	5.252	18	9	1.777
1320	smoke	23076	0.293	1	1	1.773
1321	Jer	23150	0.294	1	1	1.769
1322	47	23189	0.294	1	1	1.766
1323	members	116122	1.472	5	3	1.764
1324	wisely	23259	0.295	1	1	1.762
1325	brass	23353	0.296	1	1	1.756
1326	stir	46896	0.595	2	2	1.75
1327	Merchant	23511	0.298	1	1	1.747
1328	Aug.	23554	0.299	1	1	1.744
1329	street	23649	0.3	1	1	1.738
1330	lately	47691	0.605	2	2	1.726
1331	sought	71565	0.907	3	2	1.725
1332	acquaintance	23888	0.303	1	1	1.724
1333	loud	23920	0.303	1	1	1.722
1334	trade	71989	0.913	3	2	1.717
1335	called	768363	9.74	32	20	1.716
1336	absent	24129	0.306	1	1	1.709
1337	carries	24147	0.306	1	1	1.708
1338	affect	24146	0.306	1	1	1.708
1339	Fox	24216	0.307	1	1	1.704
1340	distinguished	24314	0.308	1	1	1.698
1341	coat	24384	0.309	1	1	1.694
1342	fresh	48792	0.619	2	2	1.693
1343	vows	24417	0.31	1	1	1.692
1344	became	73544	0.932	3	3	1.686
1345	procured	24521	0.311	1	1	1.686
1346	bed	73593	0.933	3	3	1.685
1347	mischief	49083	0.622	2	2	1.685
1348	Deity	24584	0.312	1	1	1.682
1349	Leo	24606	0.312	1	1	1.681
1350	garment	24609	0.312	1	1	1.68
1351	Albeit	73943	0.937	3	3	1.678
1352	fetch	24696	0.313	1	1	1.675
1353	Adultery	24714	0.313	1	1	1.674
1354	14.	99060	1.256	4	4	1.672
1355	telling	24804	0.314	1	1	1.669
1356	beasts	99530	1.262	4	4	1.665
1357	quite	74671	0.947	3	2	1.664
1358	invention	24895	0.316	1	1	1.664
1359	J	24919	0.316	1	1	1.662
1360	false	224466	2.846	9	9	1.661
1361	boldly	24995	0.317	1	1	1.658
1362	Lamb	50063	0.635	2	2	1.656
1363	Latin	75364	0.955	3	3	1.651
1364	an	2497908	31.665	99	40	1.645
1365	secretly	25285	0.321	1	1	1.642
1366	Slight	25468	0.323	1	1	1.631
1367	hated	25471	0.323	1	1	1.631
1368	women	152987	1.939	6	6	1.629
1369	constrained	25544	0.324	1	1	1.627
1370	clothed	25607	0.325	1	1	1.623
1371	makes	359288	4.555	14	10	1.62
1372	18.	77389	0.981	3	2	1.613
1373	Aside	51692	0.655	2	1	1.61
1374	suspected	25911	0.329	1	1	1.606
1375	partakers	25934	0.329	1	1	1.605
1376	ten	130362	1.653	5	4	1.597
1377	anon	26356	0.334	1	1	1.582
1378	ass	26382	0.334	1	1	1.58
1379	heathens	26424	0.335	1	1	1.578
1380	entertained	26459	0.335	1	1	1.576
1381	comfortable	26493	0.336	1	1	1.574
1382	lays	26622	0.338	1	1	1.567
1383	usually	53352	0.676	2	1	1.564
1384	17	133873	1.697	5	4	1.559
1385	Garments	26823	0.34	1	1	1.556
1386	stayed	26971	0.342	1	1	1.548
1387	bears	54088	0.686	2	2	1.544
1388	sorrows	27191	0.345	1	1	1.537
1389	sheweth	54422	0.69	2	2	1.536
1390	devil	190658	2.417	7	6	1.534
1391	industry	27242	0.345	1	1	1.534
1392	deceived	54539	0.691	2	2	1.532
1393	lusts	54617	0.692	2	2	1.53
1394	school	27359	0.347	1	1	1.528
1395	Port	27474	0.348	1	1	1.522
1396	allow	54968	0.697	2	2	1.521
1397	voyage	27566	0.349	1	1	1.517
1398	Boy	27639	0.35	1	1	1.513
1399	forsaken	27796	0.352	1	1	1.505
1400	strange	139257	1.765	5	4	1.502
1401	turn	167524	2.124	6	3	1.498
1402	note	111981	1.42	4	4	1.495
1403	barbarous	28021	0.355	1	1	1.493
1404	iniquity	56296	0.714	2	2	1.487
1405	Beware	28157	0.357	1	1	1.486
1406	followers	28164	0.357	1	1	1.486
1407	wholesome	28319	0.359	1	1	1.478
1408	Chron.	28380	0.36	1	1	1.475
1409	?	2527462	32.04	89	46	1.474
1410	lawfully	28401	0.36	1	1	1.474
1411	compare	28481	0.361	1	1	1.47
1412	poor	313465	3.974	11	7	1.469
1413	Idolatry	57073	0.724	2	2	1.467
1414	torment	28570	0.362	1	1	1.465
1415	equity	28671	0.364	1	1	1.46
1416	examined	28679	0.364	1	1	1.46
1417	sail	28690	0.364	1	1	1.459
1418	knows	144623	1.833	5	5	1.447
1419	vision	28960	0.367	1	1	1.446
1420	dealing	28989	0.368	1	1	1.444
1421	perish	58343	0.74	2	2	1.435
1422	plot	29203	0.37	1	1	1.434
1423	Ezek.	29318	0.372	1	1	1.428
1424	afterwards	146805	1.861	5	4	1.426
1425	broken	88305	1.119	3	3	1.422
1426	honesty	29498	0.374	1	1	1.419
1427	miracle	29540	0.375	1	1	1.417
1428	fruitful	29679	0.376	1	1	1.41
1429	reports	29748	0.377	1	1	1.407
1430	term	59683	0.757	2	2	1.402
1431	permit	29877	0.379	1	1	1.401
1432	defence	89679	1.137	3	3	1.4
1433	doors	29993	0.38	1	1	1.395
1434	entertain	30000	0.38	1	1	1.395
1435	kept	180349	2.286	6	6	1.392
1436	send	120341	1.526	4	4	1.391
1437	quiet	60323	0.765	2	2	1.387
1438	Rebels	30162	0.382	1	1	1.387
1439	mortal	60563	0.768	2	2	1.381
1440	travel	30408	0.386	1	1	1.375
1441	mothers	30565	0.388	1	1	1.368
1442	Anointed	30642	0.388	1	1	1.364
1443	wretched	30683	0.389	1	1	1.362
1444	absence	30716	0.389	1	1	1.361
1445	Martyr	30803	0.391	1	1	1.357
1446	wild	61696	0.782	2	2	1.355
1447	plain	154580	1.96	5	4	1.351
1448	scarce	62192	0.788	2	2	1.343
1449	execute	31219	0.396	1	1	1.337
1450	desiring	31273	0.396	1	1	1.335
1451	open	187653	2.379	6	6	1.335
1452	condemnation	31282	0.397	1	1	1.335
1453	terror	31309	0.397	1	1	1.333
1454	beautiful	31363	0.398	1	1	1.331
1455	Hot	94567	1.199	3	3	1.323
1456	Daniel	31557	0.4	1	1	1.322
1457	branch	31608	0.401	1	1	1.319
1458	fr	63238	0.802	2	2	1.319
1459	draws	31643	0.401	1	1	1.318
1460	rejected	31663	0.401	1	1	1.317
1461	betwixt	127079	1.611	4	2	1.312
1462	wished	31831	0.404	1	1	1.309
1463	vow	31839	0.404	1	1	1.309
1464	Oaths	31854	0.404	1	1	1.308
1465	Beauty	95667	1.213	3	1	1.307
1466	6.	191822	2.432	6	5	1.303
1467	dogs	32101	0.407	1	1	1.297
1468	difference	128593	1.63	4	3	1.295
1469	leaves	96805	1.227	3	3	1.29
1470	fie	32306	0.41	1	1	1.288
1471	expectation	32361	0.41	1	1	1.286
1472	begin	97196	1.232	3	3	1.284
1473	constant	64819	0.822	2	2	1.283
1474	safe	64842	0.822	2	2	1.283
1475	Degree	97277	1.233	3	3	1.283
1476	like	1070087	13.565	33	20	1.283
1477	Israel	162651	2.062	5	3	1.278
1478	seed	130549	1.655	4	4	1.273
1479	holding	32663	0.414	1	1	1.272
1480	wits	32674	0.414	1	1	1.272
1481	Mark	131282	1.664	4	4	1.265
1482	lying	65748	0.834	2	2	1.263
1483	why	394748	5.004	12	8	1.262
1484	sides	65850	0.835	2	2	1.26
1485	Maid	33079	0.419	1	1	1.254
1486	chose	33127	0.42	1	1	1.252
1487	wax	33550	0.425	1	1	1.233
1488	wash	33557	0.425	1	1	1.233
1489	Language	67133	0.851	2	2	1.233
1490	Paradise	33568	0.426	1	1	1.233
1491	suit	33605	0.426	1	1	1.231
1492	lie	168129	2.131	5	4	1.23
1493	spoil	33637	0.426	1	1	1.23
1494	race	33650	0.427	1	1	1.229
1495	content	101607	1.288	3	3	1.22
1496	bred	34100	0.432	1	1	1.21
1497	advanced	34128	0.433	1	1	1.209
1498	visit	34153	0.433	1	1	1.208
1499	Physicians	34162	0.433	1	1	1.207
1500	professed	34256	0.434	1	1	1.204
1501	Item	34287	0.435	1	1	1.202
1502	young	171502	2.174	5	5	1.202
1503	hath	1823449	23.115	53	28	1.197
1504	Mary	68927	0.874	2	2	1.195
1505	Legs	34666	0.439	1	1	1.186
1506	music	34871	0.442	1	1	1.178
1507	sons	139530	1.769	4	4	1.177
1508	Caesar	69848	0.885	2	2	1.176
1509	Oft	69946	0.887	2	2	1.173
1510	Blame	34974	0.443	1	1	1.173
1511	li	35098	0.445	1	1	1.168
1512	pieces	70256	0.891	2	2	1.167
1513	calling	105619	1.339	3	3	1.164
1514	delights	35263	0.447	1	1	1.162
1515	thine	141265	1.791	4	4	1.159
1516	make	1313915	16.656	37	27	1.151
1517	fate	35533	0.45	1	1	1.151
1518	Rich	142318	1.804	4	4	1.149
1519	37	35612	0.451	1	1	1.148
1520	laying	35626	0.452	1	1	1.147
1521	nisi	35678	0.452	1	1	1.145
1522	thou	1398203	17.725	39	20	1.138
1523	carry	108052	1.37	3	2	1.131
1524	home	144093	1.827	4	4	1.131
1525	hither	36037	0.457	1	1	1.13
1526	double	72073	0.914	2	1	1.13
1527	dumb	36044	0.457	1	1	1.13
1528	Afterward	72483	0.919	2	2	1.122
1529	sure	217623	2.759	6	6	1.121
1530	eat	145185	1.841	4	3	1.12
1531	19.	72769	0.923	2	2	1.116
1532	Enter	145726	1.847	4	4	1.115
1533	garden	36538	0.463	1	1	1.11
1534	turned	109846	1.393	3	3	1.107
1535	's	1833403	23.241	50	23	1.105
1536	wealth	73703	0.934	2	2	1.098
1537	sincere	37054	0.47	1	1	1.09
1538	turning	37211	0.472	1	1	1.084
1539	Jesuits	37256	0.472	1	1	1.082
1540	kill	74750	0.948	2	2	1.078
1541	D.	149564	1.896	4	2	1.077
1542	increased	37408	0.474	1	1	1.076
1543	subjection	37480	0.475	1	1	1.074
1544	commands	74993	0.951	2	2	1.073
1545	Highness	37512	0.476	1	1	1.072
1546	numbers	37529	0.476	1	1	1.072
1547	censure	37706	0.478	1	1	1.065
1548	deep	75511	0.957	2	2	1.063
1549	second	377815	4.789	10	7	1.062
1550	Ordinary	113361	1.437	3	3	1.062
1551	vengeance	37813	0.479	1	1	1.061
1552	separated	37858	0.48	1	1	1.059
1553	lived	113584	1.44	3	3	1.059
1554	Name	607418	7.7	16	11	1.055
1555	loves	76043	0.964	2	2	1.053
1556	Dan	38042	0.482	1	1	1.052
1557	Lips	38066	0.483	1	1	1.051
1558	wings	38100	0.483	1	1	1.05
1559	Omnes	38114	0.483	1	1	1.049
1560	praying	38212	0.484	1	1	1.046
1561	committed	115180	1.46	3	3	1.039
1562	FINIS	38468	0.488	1	1	1.036
1563	Title	115960	1.47	3	3	1.029
1564	drew	38764	0.491	1	1	1.025
1565	truly	193999	2.459	5	4	1.024
1566	blind	77737	0.985	2	2	1.021
1567	driven	38873	0.493	1	1	1.021
1568	forbidden	38907	0.493	1	1	1.02
1569	Fourthly	38947	0.494	1	1	1.018
1570	George	39058	0.495	1	1	1.014
1571	whose	468798	5.943	12	10	1.014
1572	proceedings	39090	0.496	1	1	1.013
1573	Teaching	39101	0.496	1	1	1.012
1574	Church	1175787	14.905	30	18	1.009
1575	loved	78391	0.994	2	2	1.009
1576	Egypt	78714	0.998	2	2	1.003
1577	company	157530	1.997	4	4	1.002
1578	art	315875	4.004	8	5	0.998
1579	lo	39596	0.502	1	1	0.995
1580	below	39611	0.502	1	1	0.994
1581	differ	39678	0.503	1	1	0.991
1582	terrible	39921	0.506	1	1	0.983
1583	fashion	39934	0.506	1	1	0.982
1584	nought	39966	0.507	1	1	0.981
1585	space	80076	1.015	2	2	0.978
1586	tried	40042	0.508	1	1	0.978
1587	abroad	80124	1.016	2	2	0.978
1588	yea	321813	4.08	8	8	0.972
1589	runs	40288	0.511	1	1	0.969
1590	Finally	40318	0.511	1	1	0.968
1591	provide	40597	0.515	1	1	0.958
1592	evils	40623	0.515	1	1	0.957
1593	calls	121932	1.546	3	3	0.957
1594	notable	40823	0.518	1	1	0.95
1595	doctrines	40858	0.518	1	1	0.949
1596	lines	40967	0.519	1	1	0.945
1597	Bill	41380	0.525	1	1	0.931
1598	health	83023	1.052	2	2	0.926
1599	colours	41565	0.527	1	1	0.924
1600	Policy	41924	0.532	1	1	0.912
1601	City	377406	4.784	9	8	0.912
1602	each	252025	3.195	6	3	0.909
1603	fire	294315	3.731	7	5	0.908
1604	Rare	42119	0.534	1	1	0.905
1605	oftentimes	42310	0.536	1	1	0.899
1606	Mad	42332	0.537	1	1	0.898
1607	saying	211699	2.684	5	4	0.898
1608	milk	42416	0.538	1	1	0.895
1609	Reformed	42488	0.539	1	1	0.893
1610	stands	85073	1.078	2	2	0.891
1611	whilst	127767	1.62	3	3	0.889
1612	utter	42614	0.54	1	1	0.888
1613	virtuous	42661	0.541	1	1	0.887
1614	grand	42729	0.542	1	1	0.884
1615	yield	85483	1.084	2	2	0.884
1616	plague	42909	0.544	1	1	0.879
1617	passing	43069	0.546	1	1	0.873
1618	Tim	86301	1.094	2	1	0.87
1619	borne	86876	1.101	2	2	0.861
1620	request	43622	0.553	1	1	0.855
1621	ergo	43824	0.556	1	1	0.848
1622	camp	43972	0.557	1	1	0.843
1623	believed	87994	1.116	2	2	0.842
1624	prove	220093	2.79	5	4	0.842
1625	English	176398	2.236	4	4	0.839
1626	Grows	44157	0.56	1	1	0.837
1627	guilt	44211	0.56	1	1	0.835
1628	notes	44287	0.561	1	1	0.833
1629	reach	44414	0.563	1	1	0.829
1630	got	88984	1.128	2	2	0.826
1631	please	133516	1.693	3	3	0.826
1632	gotten	44665	0.566	1	1	0.821
1633	conclude	89613	1.136	2	2	0.816
1634	usual	44893	0.569	1	1	0.813
1635	run	134767	1.708	3	3	0.812
1636	private	134915	1.71	3	2	0.811
1637	beat	45020	0.571	1	1	0.809
1638	profit	90042	1.141	2	2	0.809
1639	skill	45072	0.571	1	1	0.807
1640	abuse	45195	0.573	1	1	0.804
1641	Empire	90491	1.147	2	2	0.802
1642	dare	135920	1.723	3	2	0.8
1643	set	595126	7.544	13	10	0.785
1644	judges	91633	1.162	2	2	0.784
1645	now	1519152	19.258	33	19	0.777
1646	Writers	46092	0.584	1	1	0.775
1647	unlawful	46183	0.585	1	1	0.773
1648	Angry	46285	0.587	1	1	0.769
1649	once	277740	3.521	6	5	0.769
1650	store	46312	0.587	1	1	0.768
1651	friendship	46387	0.588	1	1	0.766
1652	thy	1346327	17.067	29	19	0.765
1653	want	185706	2.354	4	3	0.765
1654	p	46503	0.59	1	1	0.762
1655	holds	46539	0.59	1	1	0.761
1656	written	186305	2.362	4	4	0.76
1657	still	373001	4.728	8	6	0.759
1658	pleasure	186565	2.365	4	3	0.758
1659	)	3126749	39.637	67	33	0.757
1660	ask	93732	1.188	2	2	0.751
1661	marriage	94195	1.194	2	2	0.744
1662	agreed	47125	0.597	1	1	0.743
1663	rightly	47299	0.6	1	1	0.738
1664	affected	47304	0.6	1	1	0.738
1665	build	47348	0.6	1	1	0.736
1666	blood	426566	5.407	9	9	0.735
1667	among	379416	4.81	8	7	0.734
1668	Object	94992	1.204	2	2	0.732
1669	bad	95210	1.207	2	2	0.729
1670	Gentle	47820	0.606	1	1	0.722
1671	spiritual	239256	3.033	5	5	0.721
1672	warrant	48147	0.61	1	1	0.712
1673	ashamed	48199	0.611	1	1	0.711
1674	fine	96522	1.224	2	2	0.709
1675	puts	48280	0.612	1	1	0.708
1676	(	3147389	39.898	65	32	0.704
1677	noted	48905	0.62	1	1	0.69
1678	London	146866	1.862	3	3	0.688
1679	expressly	49045	0.622	1	1	0.686
1680	States	49055	0.622	1	1	0.685
1681	child	148012	1.876	3	3	0.677
1682	wicked	246712	3.128	5	5	0.677
1683	worth	99043	1.256	2	2	0.672
1684	neighbour	49578	0.629	1	1	0.67
1685	taking	148788	1.886	3	3	0.67
1686	16	148850	1.887	3	3	0.669
1687	eye	149187	1.891	3	3	0.666
1688	nor	1146191	14.53	23	17	0.663
1689	hell	149518	1.895	3	3	0.662
1690	my	2492426	31.596	50	21	0.662
1691	write	99970	1.267	2	2	0.658
1692	belly	50036	0.634	1	1	0.657
1693	bones	50056	0.635	1	1	0.656
1694	Prov.	50161	0.636	1	1	0.653
1695	with	6743369	85.483	134	89	0.649
1696	amongst	251926	3.194	5	3	0.647
1697	fell	151275	1.918	3	3	0.646
1698	23	101193	1.283	2	2	0.641
1699	instruments	50653	0.642	1	1	0.639
1700	Catholic	101512	1.287	2	2	0.636
1701	revealed	50925	0.646	1	1	0.631
1702	verse	254782	3.23	5	5	0.63
1703	arm	50968	0.646	1	1	0.63
1704	here	866663	10.986	17	16	0.63
1705	fair	204535	2.593	4	3	0.625
1706	Prophecy	51210	0.649	1	1	0.623
1707	profess	51407	0.652	1	1	0.618
1708	fill	51476	0.653	1	1	0.616
1709	:	8018849	101.652	155	72	0.609
1710	possessed	51998	0.659	1	1	0.601
1711	many	1356675	17.198	26	18	0.596
1712	green	52193	0.662	1	1	0.596
1713	looks	52264	0.663	1	1	0.594
1714	pen	52272	0.663	1	1	0.594
1715	instead	52525	0.666	1	1	0.587
1716	Thus	788750	9.999	15	9	0.585
1717	longer	105304	1.335	2	2	0.583
1718	weak	105310	1.335	2	2	0.583
1719	pride	105444	1.337	2	2	0.581
1720	thirty	52798	0.669	1	1	0.579
1721	fight	105643	1.339	2	1	0.579
1722	Cap	211323	2.679	4	4	0.578
1723	foolish	52888	0.67	1	1	0.577
1724	leave	264688	3.355	5	5	0.575
1725	discipline	53324	0.676	1	1	0.565
1726	add	106899	1.355	2	2	0.562
1727	spent	53460	0.678	1	1	0.561
1728	apt	53529	0.679	1	1	0.559
1729	heathen	53596	0.679	1	1	0.558
1730	special	107206	1.359	2	2	0.557
1731	back	161359	2.046	3	3	0.553
1732	Gross	53803	0.682	1	1	0.552
1733	free	216340	2.743	4	2	0.545
1734	Turks	54116	0.686	1	1	0.544
1735	grow	108376	1.374	2	2	0.542
1736	read	271950	3.447	5	5	0.536
1737	served	54417	0.69	1	1	0.536
1738	consequence	54571	0.692	1	1	0.532
1739	pound	54933	0.696	1	1	0.522
1740	bold	54959	0.697	1	1	0.521
1741	hereby	55021	0.698	1	1	0.52
1742	stone	110110	1.396	2	2	0.519
1743	sickness	55104	0.699	1	1	0.518
1744	leaving	55555	0.704	1	1	0.506
1745	seem	166761	2.114	3	3	0.505
1746	whom	782727	9.922	14	10	0.497
1747	away	504942	6.401	9	9	0.492
1748	Enough	225014	2.852	4	4	0.488
1749	else	281410	3.567	5	4	0.487
1750	Mountains	56383	0.715	1	1	0.485
1751	head	338290	4.288	6	6	0.485
1752	filled	56573	0.717	1	1	0.48
1753	satisfy	56748	0.719	1	1	0.475
1754	Whereas	170273	2.159	3	2	0.475
1755	fourth	113523	1.439	2	2	0.475
1756	is	12301699	155.944	216	87	0.47
1757	touch	57247	0.726	1	1	0.463
1758	apply	57357	0.727	1	1	0.46
1759	Touching	115302	1.462	2	1	0.452
1760	stomach	57673	0.731	1	1	0.452
1761	seeing	231216	2.931	4	4	0.449
1762	persuade	57909	0.734	1	1	0.446
1763	overcome	57959	0.735	1	1	0.445
1764	keeping	58223	0.738	1	1	0.438
1765	intent	58266	0.739	1	1	0.437
1766	tongue	116704	1.479	2	2	0.435
1767	wont	58350	0.74	1	1	0.435
1768	afraid	58383	0.74	1	1	0.434
1769	C	292350	3.706	5	4	0.432
1770	diseases	58776	0.745	1	1	0.424
1771	paid	58812	0.746	1	1	0.424
1772	Cardinal	58899	0.747	1	1	0.422
1773	or	6140246	77.838	104	52	0.418
1774	devils	59091	0.749	1	1	0.417
1775	wait	59233	0.751	1	1	0.413
1776	self	948089	12.019	16	16	0.413
1777	Condemn	59378	0.753	1	1	0.41
1778	Sect.	59519	0.755	1	1	0.406
1779	daily	119047	1.509	2	2	0.406
1780	23.	59639	0.756	1	1	0.404
1781	Allowed	59743	0.757	1	1	0.401
1782	signify	59908	0.759	1	1	0.397
1783	justified	59968	0.76	1	1	0.396
1784	doth	963309	12.212	16	12	0.39
1785	chief	180904	2.293	3	1	0.388
1786	seven	120863	1.532	2	2	0.384
1787	Gentlemen	60495	0.767	1	1	0.383
1788	pray	242183	3.07	4	3	0.382
1789	21.	60549	0.768	1	1	0.382
1790	Sabbath	60668	0.769	1	1	0.379
1791	on	1948583	24.701	32	23	0.373
1792	strong	182777	2.317	3	3	0.373
1793	asked	61036	0.774	1	1	0.37
1794	ere	61209	0.776	1	1	0.366
1795	join	61462	0.779	1	1	0.36
1796	heed	61679	0.782	1	1	0.355
1797	along	61778	0.783	1	1	0.353
1798	en	61856	0.784	1	1	0.351
1799	kind	310094	3.931	5	4	0.347
1800	Text	124188	1.574	2	2	0.345
1801	requires	62190	0.788	1	1	0.343
1802	Saint	186918	2.37	3	2	0.34
1803	&#x14d;	499329	6.33	8	7	0.338
1804	quantity	63147	0.801	1	1	0.321
1805	corrupt	63197	0.801	1	1	0.32
1806	continually	63423	0.804	1	1	0.315
1807	March	63519	0.805	1	1	0.313
1808	servant	127075	1.611	2	2	0.312
1809	Youth	63555	0.806	1	1	0.312
1810	voice	127213	1.613	2	2	0.311
1811	B.	127907	1.621	2	1	0.303
1812	Led	64006	0.811	1	1	0.302
1813	Alexander	64017	0.812	1	1	0.301
1814	of	39170514	496.549	609	199	0.295
1815	,	97296499	1233.389	1509	288	0.291
1816	Gentiles	65128	0.826	1	1	0.276
1817	ever	652700	8.274	10	9	0.273
1818	the	59190422	750.334	905	237	0.27
1819	anger	65536	0.831	1	1	0.267
1820	hours	65642	0.832	1	1	0.265
1821	safety	65883	0.835	1	1	0.26
1822	simple	66612	0.844	1	1	0.244
1823	save	133689	1.695	2	2	0.239
1824	fall	267911	3.396	4	4	0.236
1825	persuaded	67094	0.851	1	1	0.234
1826	Epistle	67239	0.852	1	1	0.23
1827	10.	134546	1.706	2	2	0.23
1828	most	1280269	16.23	19	13	0.227
1829	think	539870	6.844	8	6	0.225
1830	Churches	202693	2.57	3	3	0.223
1831	for	9369441	118.773	138	79	0.216
1832	house	407406	5.165	6	5	0.216
1833	soldiers	136167	1.726	2	1	0.212
1834	may	2661871	33.744	39	19	0.209
1835	Argument	136912	1.736	2	2	0.205
1836	full	343239	4.351	5	3	0.201
1837	did	1515759	19.215	22	16	0.195
1838	n	69208	0.877	1	1	0.189
1839	thousand	207672	2.633	3	3	0.188
1840	JOHN	415725	5.27	6	5	0.187
1841	consider	208021	2.637	3	3	0.186
1842	witnesses	69349	0.879	1	1	0.186
1843	.	39047260	494.987	563	164	0.186
1844	bound	138712	1.758	2	2	0.186
1845	east	69528	0.881	1	1	0.182
1846	Hence	139086	1.763	2	2	0.182
1847	Mankind	69641	0.883	1	1	0.18
1848	under	696455	8.829	10	8	0.18
1849	So	5366625	68.031	77	35	0.179
1850	that	17465266	221.4	250	124	0.175
1851	shows	70001	0.887	1	1	0.172
1852	;	9536348	120.889	136	80	0.17
1853	[	280684	3.558	4	3	0.169
1854	need	211437	2.68	3	2	0.163
1855	stones	70601	0.895	1	1	0.16
1856	yet	1835928	23.273	26	17	0.16
1857	almost	141302	1.791	2	2	0.159
1858	dwell	70987	0.9	1	1	0.152
1859	choose	71078	0.901	1	1	0.15
1860	wrong	71272	0.904	1	1	0.146
1861	will	2993503	37.948	42	28	0.146
1862	son	570683	7.234	8	7	0.145
1863	you	3714542	47.088	52	25	0.143
1864	utterly	71440	0.906	1	1	0.143
1865	Arguments	71833	0.911	1	1	0.135
1866	where	1086411	13.772	15	12	0.123
1867	night	217853	2.762	3	3	0.119
1868	gave	290757	3.686	4	4	0.118
1869	behind	73039	0.926	1	1	0.111
1870	Kingdoms	73313	0.929	1	1	0.106
1871	commanded	147447	1.869	2	1	0.098
1872	your	2073026	26.279	28	16	0.092
1873	no	2739631	34.729	37	23	0.091
1874	wherewith	74362	0.943	1	1	0.085
1875	!	371996	4.716	5	3	0.084
1876	get	149760	1.898	2	2	0.075
1877	servants	149996	1.901	2	2	0.073
1878	then	2700348	34.231	36	23	0.073
1879	multitude	75242	0.954	1	1	0.068
1880	Would	1733888	21.98	23	19	0.065
1881	agree	75479	0.957	1	1	0.064
1882	quality	75538	0.958	1	1	0.063
1883	masters	75576	0.958	1	1	0.062
1884	shalt	151151	1.916	2	2	0.062
1885	labour	151222	1.917	2	2	0.061
1886	said	1514302	19.196	20	12	0.059
1887	7.	151741	1.924	2	2	0.056
1888	20.	75893	0.962	1	1	0.056
1889	down	533657	6.765	7	6	0.049
1890	cast	229673	2.912	3	3	0.043
1891	Some	1845849	23.399	24	15	0.037
1892	And	37698224	477.886	490	180	0.036
1893	because	1157094	14.668	15	13	0.032
1894	misery	77670	0.985	1	1	0.022
1895	sweet	155475	1.971	2	2	0.021
1896	visible	77964	0.988	1	1	0.017
1897	credit	77984	0.989	1	1	0.017
1898	Birth	78181	0.991	1	1	0.013
1899	gain	78199	0.991	1	1	0.013
1900	I	6187300	78.434	79	37	0.01
1901	bread	156950	1.99	2	2	0.008
1902	judgment	235552	2.986	3	3	0.007
1903	cruel	78662	0.997	1	1	0.004
1904	office	157520	1.997	2	2	0.002
1905	find	472931	5.995	6	5	0.001
1906	whereupon	78977	1.001	1	1	-0.002
1907	sleep	79160	1.004	1	1	-0.005
1908	be	9896153	125.45	125	69	-0.005
1909	nay	158341	2.007	2	2	-0.005
1910	sayeth	633645	8.033	8	7	-0.006
1911	Christs	158654	2.011	2	2	-0.008
1912	grave	79381	1.006	1	1	-0.009
1913	means	397591	5.04	5	5	-0.012
1914	shall	2624249	33.267	33	23	-0.012
1915	conscience	238823	3.028	3	3	-0.013
1916	3.	318523	4.038	4	4	-0.014
1917	was	5179337	65.656	65	37	-0.014
1918	who	2315377	29.351	29	24	-0.017
1919	Wars	79970	1.014	1	1	-0.02
1920	Secondly	160056	2.029	2	2	-0.021
1921	his	9217642	116.848	115	63	-0.023
1922	between	321208	4.072	4	3	-0.026
1923	do	2417629	30.647	30	22	-0.031
1924	Greek	80695	1.023	1	1	-0.033
1925	live	322774	4.092	4	2	-0.033
1926	enemy	162072	2.055	2	2	-0.039
1927	took	243304	3.084	3	3	-0.04
1928	war	243324	3.085	3	3	-0.04
1929	victory	81232	1.03	1	1	-0.042
1930	profession	81244	1.03	1	1	-0.043
1931	Knight	81427	1.032	1	1	-0.046
1932	sick	81507	1.033	1	1	-0.047
1933	one	2538275	32.177	31	23	-0.054
1934	gracious	81919	1.039	1	1	-0.055
1935	have	4691254	59.469	57	35	-0.061
1936	4.	246979	3.131	3	2	-0.062
1937	since	412107	5.224	5	5	-0.063
1938	Pet	82435	1.045	1	1	-0.064
1939	wherein	332751	4.218	4	4	-0.077
1940	love	838220	10.626	10	7	-0.088
1941	Say	1089806	13.815	13	11	-0.088
1942	worthy	168026	2.13	2	2	-0.091
1943	silver	84062	1.066	1	1	-0.092
1944	chosen	84591	1.072	1	1	-0.101
1945	fly	84799	1.075	1	1	-0.104
1946	deal	85541	1.084	1	1	-0.117
1947	Man	1972758	25.008	23	15	-0.121
1948	known	257669	3.266	3	3	-0.123
1949	destroy	86113	1.092	1	1	-0.126
1950	close	86281	1.094	1	1	-0.129
1951	Dead	259219	3.286	3	3	-0.131
1952	arms	173309	2.197	2	2	-0.136
1953	even	607522	7.701	7	7	-0.138
1954	named	86879	1.101	1	1	-0.139
1955	this	6548918	83.018	75	39	-0.147
1956	hour	87383	1.108	1	1	-0.148
1957	men	1835942	23.274	21	9	-0.148
1958	returned	87529	1.11	1	1	-0.15
1959	reward	88300	1.119	1	1	-0.163
1960	terms	88303	1.119	1	1	-0.163
1961	must	1333555	16.905	15	11	-0.172
1962	What	2320680	29.418	26	22	-0.178
1963	neither	537051	6.808	6	6	-0.182
1964	practice	89548	1.135	1	1	-0.183
1965	wind	89919	1.14	1	1	-0.189
1966	upon	2522161	31.972	28	27	-0.191
1967	after	1272516	16.131	14	13	-0.204
1968	all	5908829	74.904	65	43	-0.205
1969	sum	91719	1.163	1	1	-0.217
1970	25	91872	1.165	1	1	-0.22
1971	fully	92165	1.168	1	1	-0.224
1972	two	926661	11.747	10	8	-0.232
1973	There	2595192	32.898	28	19	-0.233
1974	Sir	371184	4.705	4	3	-0.234
1975	understand	185715	2.354	2	2	-0.235
1976	used	278736	3.533	3	2	-0.236
1977	up	1119358	14.19	12	10	-0.242
1978	World	932868	11.826	10	9	-0.242
1979	t	186780	2.368	2	2	-0.243
1980	should	1871070	23.719	20	18	-0.246
1981	When	2343068	29.702	25	19	-0.249
1982	to	27864128	353.223	297	124	-0.25
1983	Duke	187759	2.38	2	2	-0.251
1984	made	1503973	19.065	16	12	-0.253
1985	Army	188187	2.386	2	2	-0.254
1986	ones	94155	1.194	1	1	-0.255
1987	increase	94264	1.195	1	1	-0.257
1988	&	2737777	34.706	29	22	-0.259
1989	give	758276	9.612	8	7	-0.265
1990	die	284558	3.607	3	3	-0.266
1991	Till	379902	4.816	4	4	-0.268
1992	friends	189996	2.409	2	2	-0.268
1993	line	95017	1.205	1	1	-0.268
1994	by	7416468	94.016	78	50	-0.269
1995	affection	95087	1.205	1	1	-0.27
1996	15.	95551	1.211	1	1	-0.277
1997	against	1339213	16.977	14	13	-0.278
1998	none	383245	4.858	4	3	-0.28
1999	offer	96063	1.218	1	1	-0.284
2000	gives	192161	2.436	2	2	-0.284
2001	see	961542	12.189	10	9	-0.286
2002	me	1731164	21.945	18	14	-0.286
2003	lies	96467	1.223	1	1	-0.29
2004	children	387096	4.907	4	3	-0.295
2005	speaking	96859	1.228	1	1	-0.296
2006	Kingdom	388117	4.92	4	3	-0.299
2007	hope	292642	3.71	3	3	-0.306
2008	First	1465032	18.572	15	14	-0.308
2009	something	97686	1.238	1	1	-0.308
2010	making	195439	2.478	2	2	-0.309
2011	commonly	97748	1.239	1	1	-0.309
2012	fast	97823	1.24	1	1	-0.31
2013	very	1174247	14.886	12	9	-0.311
2014	given	491070	6.225	5	5	-0.316
2015	rather	393402	4.987	4	4	-0.318
2016	but	6983890	88.532	71	47	-0.318
2017	granted	98434	1.248	1	1	-0.319
2018	fit	197019	2.498	2	2	-0.32
2019	brought	394377	4.999	4	4	-0.322
2020	image	99324	1.259	1	1	-0.332
2021	&c.	299097	3.792	3	3	-0.338
2022	loss	99713	1.264	1	1	-0.338
2023	few	199429	2.528	2	2	-0.338
2024	perhaps	99958	1.267	1	1	-0.342
2025	suffered	100182	1.27	1	1	-0.345
2026	not	8929558	113.197	89	55	-0.347
2027	goes	100413	1.273	1	1	-0.348
2028	declare	100528	1.274	1	1	-0.35
2029	continue	100553	1.275	1	1	-0.35
2030	colour	100836	1.278	1	1	-0.354
2031	Thomas	100867	1.279	1	1	-0.355
2032	24	100969	1.28	1	1	-0.356
2033	age	202681	2.569	2	1	-0.361
2034	says	304429	3.859	3	3	-0.363
2035	express	101655	1.289	1	1	-0.366
2036	am	509469	6.458	5	5	-0.369
2037	communion	101932	1.292	1	1	-0.37
2038	sorts	102012	1.293	1	1	-0.371
2039	Prince	306162	3.881	3	2	-0.372
2040	Oath	102906	1.305	1	1	-0.383
2041	slain	102937	1.305	1	1	-0.384
2042	holiness	103065	1.307	1	1	-0.386
2043	worship	206782	2.621	2	2	-0.39
2044	bring	310345	3.934	3	3	-0.391
2045	suppose	104105	1.32	1	1	-0.4
2046	learn	104113	1.32	1	1	-0.4
2047	sign	104160	1.32	1	1	-0.401
2048	Immediately	104214	1.321	1	1	-0.402
2049	H.	104565	1.326	1	1	-0.407
2050	Charity	104646	1.327	1	1	-0.408
2051	custom	105184	1.333	1	1	-0.415
2052	divers	210634	2.67	2	2	-0.417
2053	going	105462	1.337	1	1	-0.419
2054	follow	211834	2.685	2	2	-0.425
2055	22	105972	1.343	1	1	-0.426
2056	B	106037	1.344	1	1	-0.427
2057	Princes	212093	2.689	2	2	-0.427
2058	declared	106222	1.347	1	1	-0.429
2059	although	212964	2.7	2	2	-0.433
2060	whole	534092	6.771	5	5	-0.437
2061	minds	106848	1.355	1	1	-0.438
2062	Fathers	213875	2.711	2	2	-0.439
2063	]	429805	5.449	4	2	-0.446
2064	let	968524	12.278	9	9	-0.448
2065	Somewhat	108061	1.37	1	1	-0.454
2066	Scripture	324647	4.115	3	3	-0.456
2067	he	9215356	116.819	85	52	-0.459
2068	desired	108540	1.376	1	1	-0.46
2069	whether	435425	5.52	4	3	-0.465
2070	hands	327530	4.152	3	3	-0.469
2071	dear	109293	1.386	1	1	-0.47
2072	as	9292085	117.792	85	52	-0.471
2073	well	1096551	13.901	10	8	-0.475
2074	witness	109825	1.392	1	1	-0.477
2075	state	329799	4.181	3	3	-0.479
2076	help	220081	2.79	2	2	-0.48
2077	meaning	110075	1.395	1	1	-0.481
2078	mentioned	110171	1.397	1	1	-0.482
2079	especially	220705	2.798	2	2	-0.484
2080	le	110821	1.405	1	1	-0.49
2081	plainly	111081	1.408	1	1	-0.494
2082	walk	111166	1.409	1	1	-0.495
2083	equal	111972	1.419	1	1	-0.505
2084	heard	225126	2.854	2	2	-0.513
2085	Lady	112639	1.428	1	1	-0.514
2086	Sometimes	226924	2.877	2	1	-0.524
2087	punishment	113533	1.439	1	1	-0.525
2088	another	682313	8.649	6	5	-0.528
2089	good	1608969	20.396	14	8	-0.543
2090	River	115702	1.467	1	1	-0.553
2091	reign	115734	1.467	1	1	-0.553
2092	besides	231481	2.934	2	2	-0.553
2093	sent	348162	4.414	3	3	-0.557
2094	near	232787	2.951	2	2	-0.561
2095	remember	116819	1.481	1	1	-0.566
2096	length	117029	1.484	1	1	-0.569
2097	giving	117136	1.485	1	1	-0.57
2098	every	1057014	13.399	9	7	-0.574
2099	if	3293480	41.75	28	21	-0.576
2100	Gen.	118079	1.497	1	1	-0.582
2101	proved	118293	1.5	1	1	-0.585
2102	had	2740575	34.741	23	22	-0.595
2103	presently	119716	1.518	1	1	-0.602
2104	Answer	362673	4.598	3	3	-0.616
2105	8	242055	3.068	2	2	-0.617
2106	right	484646	6.144	4	3	-0.619
2107	Kings	363629	4.61	3	3	-0.62
2108	hold	243646	3.089	2	2	-0.627
2109	substance	122160	1.549	1	1	-0.631
2110	person	366738	4.649	3	3	-0.632
2111	12.	122418	1.552	1	1	-0.634
2112	takes	123079	1.56	1	1	-0.642
2113	past	123448	1.565	1	1	-0.646
2114	which	6940930	87.987	56	40	-0.652
2115	how	1244740	15.779	10	8	-0.658
2116	were	2871299	36.398	23	13	-0.662
2117	word	751485	9.526	6	5	-0.667
2118	unto	1880305	23.836	15	8	-0.668
2119	understood	125485	1.591	1	1	-0.67
2120	Oh	126299	1.601	1	1	-0.679
2121	tell	255280	3.236	2	2	-0.694
2122	confess	127821	1.62	1	1	-0.696
2123	Temple	127888	1.621	1	1	-0.697
2124	taught	128541	1.63	1	1	-0.704
2125	any	2444028	30.982	19	10	-0.705
2126	words	643917	8.163	5	3	-0.707
2127	glorious	128843	1.633	1	1	-0.708
2128	they	6960305	88.233	54	36	-0.708
2129	haste	258415	3.276	2	2	-0.712
2130	Come	1165618	14.776	9	8	-0.715
2131	out	1686345	21.377	13	9	-0.718
2132	sacrifice	130353	1.652	1	1	-0.725
2133	former	261116	3.31	2	2	-0.727
2134	9.	131214	1.663	1	1	-0.734
2135	prayers	131302	1.665	1	1	-0.735
2136	times	394191	4.997	3	3	-0.736
2137	judge	262867	3.332	2	2	-0.737
2138	observed	131498	1.667	1	1	-0.737
2139	rest	396125	5.022	3	3	-0.743
2140	happy	132157	1.675	1	1	-0.744
2141	can	1982819	25.135	15	15	-0.745
2142	went	264770	3.356	2	2	-0.747
2143	meet	132574	1.681	1	1	-0.749
2144	Nations	132713	1.682	1	1	-0.751
2145	thence	133035	1.686	1	1	-0.754
2146	more	2262327	28.679	17	10	-0.754
2147	s	133183	1.688	1	1	-0.756
2148	himself	1068396	13.544	8	7	-0.76
2149	Prophet	133904	1.697	1	1	-0.763
2150	O	541781	6.868	4	4	-0.78
2151	might	949632	12.038	7	6	-0.782
2152	Next	271507	3.442	2	2	-0.783
2153	held	136444	1.73	1	1	-0.79
2154	e	136544	1.731	1	1	-0.792
2155	hear	273421	3.466	2	2	-0.793
2156	forth	410791	5.207	3	3	-0.796
2157	lawful	138238	1.752	1	1	-0.809
2158	friend	138523	1.756	1	1	-0.812
2159	2	973176	12.337	7	6	-0.818
2160	their	5435041	68.898	39	31	-0.821
2161	both	976138	12.374	7	7	-0.822
2162	flesh	279311	3.541	2	2	-0.824
2163	Ghost	139834	1.773	1	1	-0.826
2164	Heart	559805	7.096	4	3	-0.827
2165	received	280865	3.56	2	2	-0.832
2166	cut	140466	1.781	1	1	-0.832
2167	high	281250	3.565	2	1	-0.834
2168	Crown	140652	1.783	1	1	-0.834
2169	such	2262212	28.677	16	13	-0.842
2170	praise	141937	1.799	1	1	-0.847
2171	actions	142378	1.805	1	1	-0.852
2172	3	571164	7.24	4	4	-0.856
2173	following	142882	1.811	1	1	-0.857
2174	Showed	142959	1.812	1	1	-0.858
2175	in	20011385	253.676	139	87	-0.868
2176	at	3182175	40.339	22	14	-0.875
2177	4	434750	5.511	3	3	-0.877
2178	thee	728077	9.23	5	5	-0.884
2179	foot	146629	1.859	1	1	-0.894
2180	Noble	146938	1.863	1	1	-0.897
2181	being	1764433	22.367	12	11	-0.898
2182	better	443737	5.625	3	3	-0.907
2183	together	444738	5.638	3	3	-0.91
2184	though	1040761	13.193	7	4	-0.914
2185	notwithstanding	148685	1.885	1	1	-0.914
2186	new	447014	5.667	3	2	-0.918
2187	whence	149816	1.899	1	1	-0.925
2188	authority	299886	3.802	2	2	-0.927
2189	done	601055	7.619	4	4	-0.93
2190	true	751380	9.525	5	5	-0.93
2191	needs	150472	1.908	1	1	-0.932
2192	Earth	451529	5.724	3	3	-0.932
2193	use	603174	7.646	4	4	-0.935
2194	take	907131	11.499	6	6	-0.939
2195	put	607656	7.703	4	4	-0.945
2196	behold	152112	1.928	1	1	-0.947
2197	gold	152169	1.929	1	1	-0.948
2198	speaks	153099	1.941	1	1	-0.957
2199	Land	307074	3.893	2	1	-0.961
2200	excellent	155285	1.969	1	1	-0.977
2201	without	1089706	13.814	7	7	-0.981
2202	are	5017099	63.6	32	24	-0.991
2203	Peter	156920	1.989	1	1	-0.992
2204	from	3924250	49.746	25	20	-0.993
2205	own	1256418	15.927	8	8	-0.993
2206	already	157133	1.992	1	1	-0.994
2207	subjects	157137	1.992	1	1	-0.994
2208	hand	471988	5.983	3	3	-0.996
2209	estate	157763	2	1	1	-1
2210	before	1422340	18.03	9	9	-1.002
2211	France	158078	2.004	1	1	-1.003
2212	vain	158202	2.006	1	1	-1.004
2213	time	1426900	18.088	9	8	-1.007
2214	causes	158986	2.015	1	1	-1.011
2215	faithful	159195	2.018	1	1	-1.013
2216	&c	479189	6.075	3	3	-1.018
2217	Gods	640962	8.125	4	3	-1.022
2218	taken	481305	6.101	3	3	-1.024
2219	mouth	161086	2.042	1	1	-1.03
2220	Lives	161569	2.048	1	1	-1.034
2221	off	323311	4.099	2	2	-1.035
2222	14	162434	2.059	1	1	-1.042
2223	knew	162531	2.06	1	1	-1.043
2224	se	163405	2.071	1	1	-1.051
2225	13	164052	2.08	1	1	-1.056
2226	lost	164242	2.082	1	1	-1.058
2227	told	164509	2.085	1	1	-1.06
2228	these	1985969	25.175	12	11	-1.069
2229	general	331599	4.204	2	2	-1.072
2230	reason	664880	8.428	4	2	-1.075
2231	living	166437	2.11	1	1	-1.077
2232	hard	169293	2.146	1	1	-1.102
2233	whatsoever	170245	2.158	1	1	-1.11
2234	perfect	170422	2.16	1	1	-1.111
2235	We	4105074	52.038	24	17	-1.117
2236	only	1544540	19.58	9	8	-1.121
2237	thereby	172833	2.191	1	1	-1.132
2238	day	864384	10.958	5	4	-1.132
2239	Too	521045	6.605	3	3	-1.139
2240	sight	174034	2.206	1	1	-1.142
2241	show	349122	4.426	2	2	-1.146
2242	therefore	1231317	15.609	7	7	-1.157
2243	year	352165	4.464	2	2	-1.158
2244	thought	352735	4.472	2	2	-1.161
2245	within	355110	4.502	2	2	-1.17
2246	ill	177562	2.251	1	1	-1.171
2247	go	533648	6.765	3	3	-1.173
2248	joy	178769	2.266	1	1	-1.18
2249	therein	178975	2.269	1	1	-1.182
2250	also	1433690	18.174	8	8	-1.184
2251	th	180132	2.284	1	1	-1.191
2252	half	181109	2.296	1	1	-1.199
2253	Lib.	181181	2.297	1	1	-1.2
2254	face	181454	2.3	1	1	-1.202
2255	mine	181777	2.304	1	1	-1.204
2256	Wherefore	183911	2.331	1	1	-1.221
2257	know	736780	9.34	4	4	-1.223
2258	either	552589	7.005	3	3	-1.223
2259	began	184715	2.342	1	1	-1.227
2260	laid	184949	2.345	1	1	-1.229
2261	them	4855982	61.557	26	22	-1.243
2262	honour	374182	4.743	2	2	-1.246
2263	alone	190842	2.419	1	1	-1.275
2264	Per	190947	2.421	1	1	-1.275
2265	learned	191725	2.43	1	1	-1.281
2266	ancient	193683	2.455	1	1	-1.296
2267	Liberty	193859	2.458	1	1	-1.297
2268	never	778679	9.871	4	3	-1.303
2269	Saints	194939	2.471	1	1	-1.305
2270	12	195478	2.478	1	1	-1.309
2271	strength	196140	2.486	1	1	-1.314
2272	bear	196568	2.492	1	1	-1.317
2273	quod	196567	2.492	1	1	-1.317
2274	it	11231693	142.38	57	33	-1.321
2275	serve	198842	2.521	1	1	-1.334
2276	greatest	200955	2.547	1	1	-1.349
2277	place	808630	10.251	4	3	-1.358
2278	v.	202373	2.565	1	1	-1.359
2279	force	202958	2.573	1	1	-1.363
2280	him	4270811	54.139	21	17	-1.366
2281	ye	825703	10.467	4	4	-1.388
2282	much	1448309	18.36	7	5	-1.391
2283	1	1451762	18.403	7	6	-1.395
2284	rule	207621	2.632	1	1	-1.396
2285	5.	210462	2.668	1	1	-1.416
2286	work	425644	5.396	2	2	-1.432
2287	found	426408	5.405	2	2	-1.434
2288	likewise	215998	2.738	1	1	-1.453
2289	been	1095200	13.883	5	5	-1.473
2290	far	439291	5.569	2	2	-1.477
2291	Christians	219658	2.785	1	1	-1.477
2292	service	222275	2.818	1	1	-1.495
2293	Psal.	222362	2.819	1	1	-1.495
2294	does	222564	2.821	1	1	-1.496
2295	thing	892670	11.316	4	3	-1.5
2296	last	450430	5.71	2	2	-1.513
2297	Lords	228223	2.893	1	1	-1.533
2298	council	228985	2.903	1	1	-1.537
2299	thereof	458302	5.81	2	2	-1.538
2300	often	229358	2.908	1	1	-1.54
2301	&#x16b;	232932	2.953	1	1	-1.562
2302	manner	467036	5.92	2	2	-1.566
2303	10	233570	2.961	1	1	-1.566
2304	Sea	233892	2.965	1	1	-1.568
2305	stand	235721	2.988	1	1	-1.579
2306	pass	235903	2.99	1	1	-1.58
2307	body	712249	9.029	3	3	-1.59
2308	ground	237796	3.014	1	1	-1.592
2309	those	1667771	21.142	7	7	-1.595
2310	purpose	240680	3.051	1	1	-1.609
2311	Paul	240876	3.054	1	1	-1.61
2312	Wise	241600	3.063	1	1	-1.615
2313	souls	242572	3.075	1	1	-1.621
2314	third	242706	3.077	1	1	-1.621
2315	Further	242781	3.078	1	1	-1.622
2316	sin	729699	9.25	3	3	-1.625
2317	mean	244094	3.094	1	1	-1.63
2318	Bishop	244304	3.097	1	1	-1.631
2319	towards	247540	3.138	1	1	-1.65
2320	particular	248725	3.153	1	1	-1.657
2321	side	250068	3.17	1	1	-1.664
2322	Heaven	503504	6.383	2	2	-1.674
2323	page	252043	3.195	1	1	-1.676
2324	way	756236	9.587	3	3	-1.676
2325	four	252980	3.207	1	1	-1.681
2326	Look	255208	3.235	1	1	-1.694
2327	comes	255457	3.238	1	1	-1.695
2328	concerning	262903	3.333	1	1	-1.737
2329	other	2103223	26.662	8	7	-1.737
2330	Number	269531	3.417	1	1	-1.773
2331	father	550491	6.978	2	2	-1.803
2332	soul	555660	7.044	2	2	-1.816
2333	God	4174430	52.918	15	12	-1.819
2334	greater	281340	3.566	1	1	-1.834
2335	left	284479	3.606	1	1	-1.85
2336	end	571167	7.241	2	2	-1.856
2337	having	579260	7.343	2	2	-1.876
2338	While	300747	3.813	1	1	-1.931
2339	indeed	301803	3.826	1	1	-1.936
2340	our	3333885	42.262	11	11	-1.942
2341	Christian	303553	3.848	1	1	-1.944
2342	6	304045	3.854	1	1	-1.946
2343	always	304181	3.856	1	1	-1.947
2344	several	304872	3.865	1	1	-1.95
2345	desire	306364	3.884	1	1	-1.957
2346	Little	624322	7.914	2	1	-1.984
2347	again	627628	7.956	2	2	-1.992
2348	least	319491	4.05	1	1	-2.018
2349	case	319514	4.05	1	1	-2.018
2350	Nothing	640275	8.117	2	2	-2.021
2351	has	321926	4.081	1	1	-2.029
2352	spirit	654859	8.301	2	2	-2.053
2353	order	331304	4.2	1	1	-2.07
2354	5	338721	4.294	1	1	-2.102
2355	things	1357990	17.215	4	4	-2.106
2356	Holy	701649	8.895	2	2	-2.153
2357	Law	712338	9.03	2	2	-2.175
2358	above	357391	4.531	1	1	-2.18
2359	evil	357919	4.537	1	1	-2.182
2360	2.	358494	4.545	1	1	-2.184
2361	Non	359411	4.556	1	1	-2.188
2362	sins	361871	4.587	1	1	-2.198
2363	believe	363239	4.605	1	1	-2.203
2364	us	2216337	28.096	6	6	-2.227
2365	Christ	1858951	23.565	5	5	-2.237
2366	speak	374513	4.748	1	1	-2.247
2367	themselves	761621	9.655	2	2	-2.271
2368	present	383135	4.857	1	1	-2.28
2369	glory	384462	4.874	1	1	-2.285
2370	persons	384539	4.875	1	1	-2.285
2371	y	397054	5.033	1	1	-2.332
2372	light	399350	5.062	1	1	-2.34
2373	could	808277	10.246	2	2	-2.357
2374	fear	406154	5.149	1	1	-2.364
2375	mind	407887	5.171	1	1	-2.37
2376	part	827721	10.493	2	2	-2.391
2377	innon-Latinalphabet	427513	5.419	1	1	-2.438
2378	matter	427808	5.423	1	1	-2.439
2379	into	1727535	21.899	4	4	-2.453
2380	than	940786	11.926	2	2	-2.576
2381	three	474878	6.02	1	1	-2.59
2382	came	478712	6.068	1	1	-2.601
2383	&#x113;	491365	6.229	1	1	-2.639
2384	its	492268	6.24	1	1	-2.642
2385	according	502781	6.374	1	1	-2.672
2386	grace	516661	6.55	1	1	-2.711
2387	truth	521766	6.614	1	1	-2.726
2388	over	545201	6.911	1	1	-2.789
2389	long	571124	7.24	1	1	-2.856
2390	Cause	585252	7.419	1	1	-2.891
2391	King	1308410	16.586	2	2	-3.052
2392	about	661900	8.391	1	1	-3.069
2393	others	665440	8.436	1	1	-3.076
2394	death	707920	8.974	1	1	-3.166
2395	Lord	1459090	18.496	2	2	-3.209
2396	power	776557	9.844	1	1	-3.299
2397	de	804522	10.199	1	1	-3.35
2398	life	948809	12.028	1	1	-3.588
2399	same	1256120	15.923	1	1	-3.993
2400	purt'nance	3	0	1	1	n/a
2401	Triple-turn	1	0	1	1	n/a
2402	figge-leaue-righteousnesse	2	0	1	1	n/a
2403	Babalonish	3	0	1	1	n/a
2404	Gentlemomen	2	0	1	1	n/a
2405	Etigafou	1	0	1	1	n/a
2406	acrant	1	0	1	1	n/a
2407	inyfully	1	0	1	1	n/a
2408	flatt'rings	2	0	1	1	n/a
2409	Onkclos	1	0	1	1	n/a
2410	midage	3	0	1	1	n/a
2411	Mlians	1	0	1	1	n/a
2412	Gagan	1	0	1	1	n/a
2413	buckeheaded	1	0	1	1	n/a
2414	perurted	1	0	1	1	n/a
2415	Ezdu	1	0	1	1	n/a
2416	heroyique	1	0	1	1	n/a
2417	neckcloathes	1	0	1	1	n/a
2418	seauenheaded	2	0	1	1	n/a
2419	Sempster.	2	0	1	1	n/a
2420	impressioned	3	0	1	1	n/a
2421	Holyship	3	0	1	1	n/a
2422	th'Odes	1	0	1	1	n/a
2423	Dingles	2	0	1	1	n/a
2424	Bearix	2	0	1	1	n/a
2425	Seiden.	1	0	1	1	n/a
2426	H'inuited	2	0	1	1	n/a
2427	ouer-stew	1	0	1	1	n/a
2428	steale't	1	0	1	1	n/a
2429	holy-waterbottle	1	0	1	1	n/a
2430	Rephabus	1	0	1	1	n/a
2431	vmelian	1	0	1	1	n/a
2432	Sweetbreds	1	0	1	1	n/a
2433	honcster	1	0	1	1	n/a
2434	Lambe-stones	2	0	1	1	n/a
2435	Triamala	1	0	1	1	n/a
2436	foeheads	1	0	1	1	n/a
