https://cqpweb.lancs.ac.uk/eebov3/concordance.php?pp=1&theData=%7Bwhore%2FN%7D&qmode=sq_nocase&del=begin%26t%3D-%7Cyear%7E1624%26t%3D-%7Cyear%7E1625%26t%3D-%7Cyear%7E1626%26t%3D-%7Cyear%7E1627%26t%3D-%7Cyear%7E1628%26t%3D-%7Cyear%7E1629%26t%3D-%7Cyear%7E1630%26t%3D-%7Cyear%7E1631%26t%3D-%7Cyear%7E1632%26t%3D-%7Cyear%7E1633&del=end&uT=yThere are 2,607 different words in your collocation database for "[lemma="(whore)_SUBST"%c]". (Your query "{whore/N}", restricted to texts meeting criteria "<em>year</em>: <em>1624</em> or <em>1625</em> or <em>1626</em> or <em>1627</em> or <em>1628</em> or <em>1629</em> or <em>1630</em> or <em>1631</em> or <em>1632</em> or <em>1633</em>",  returned 1,561 matches in 334 different texts)  
__________________

No.	Word	Total no. in whole corpus	Expected collocate frequency	Observed collocate frequency	In no. of texts	Mutual information value

1	cowbaby	5	0	2	2	14.288
2	Schaenicolae	4	0	2	1	14.288
3	Out-flatter	6	0	1	1	13.288
4	Capritius	4	0	1	1	13.288
5	condmneth	6	0	1	1	13.288
6	Phrene	8	0	1	1	13.288
7	wisedme	16	0	2	1	13.288
8	17.4.5	11	0	1	1	13.288
9	diuourced	6	0	1	1	13.288
10	euiscerate	4	0	1	1	13.288
11	deceitfullest	9	0	1	1	13.288
12	Labulla	7	0	1	1	13.288
13	brauings	10	0	1	1	13.288
14	Hostler-like	4	0	1	1	13.288
15	Barretours	11	0	1	1	13.288
16	bravings	11	0	1	1	13.288
17	sixe-penny	7	0	1	1	13.288
18	Knaes	8	0	1	1	13.288
19	Vistilia	8	0	1	1	13.288
20	comprizd	5	0	1	1	13.288
21	Exanthus	7	0	1	1	13.288
22	bestrod	4	0	1	1	13.288
23	inveigleth	9	0	1	1	13.288
24	Betris	9	0	1	1	13.288
25	Super-superlatively	6	0	1	1	13.288
26	yring	8	0	1	1	13.288
27	Necromantical	6	0	1	1	13.288
28	Winter-Snow	5	0	1	1	13.288
29	Issureibiah	11	0	1	1	13.288
30	Gamester.	6	0	1	1	13.288
31	unpledg	4	0	1	1	13.288
32	Doride	10	0	1	1	13.288
33	noyseth	4	0	1	1	13.288
34	Charater	10	0	1	1	13.288
35	Zonah	20	0	2	1	12.703
36	Kaue	14	0	1	1	12.288
37	17.1.2	17	0	1	1	12.288
38	Ethnan	13	0	1	1	12.288
39	teaming	19	0	1	1	12.288
40	Th'vniust	13	0	1	1	12.288
41	Kadash	13	0	1	1	12.288
42	1.2.4.	13	0	1	1	12.288
43	famosissima	16	0	1	1	12.288
44	committings	17	0	1	1	12.288
45	Would'	17	0	1	1	12.288
46	deflowreth	15	0	1	1	12.288
47	Ioane.	15	0	1	1	12.288
48	Clubbers	14	0	1	1	12.288
49	threw't	19	0	1	1	12.288
50	Pimpes	18	0	1	1	12.288
51	Fitchow	19	0	1	1	12.288
52	aluring	35	0.001	2	2	11.966
53	forchead	21	0	1	1	11.703
54	theeve	25	0	1	1	11.703
55	Harlets	21	0	1	1	11.703
56	Iacom	23	0	1	1	11.703
57	intertayn	24	0	1	1	11.703
58	behel	26	0	1	1	11.703
59	Scapha	54	0.001	2	1	11.48
60	Stone-crop	55	0.001	2	1	11.48
61	Vieja	31	0	1	1	11.288
62	arrants	28	0	1	1	11.288
63	prones	29	0	1	1	11.288
64	Luciferian.	34	0	1	1	11.288
65	48.4.	31	0	1	1	11.288
66	Curry-combe	33	0	1	1	11.288
67	whoremaister	28	0	1	1	11.288
68	Kitchin-maid	33	0	1	1	11.288
69	42.43.	31	0	1	1	11.288
70	Owches	41	0.001	1	1	10.966
71	Cladius	39	0.001	1	1	10.966
72	Moonelight	38	0.001	1	1	10.966
73	reuerseth	37	0.001	1	1	10.966
74	belieu	40	0.001	1	1	10.966
75	bordell	79	0.001	2	2	10.966
76	Babylonicam	39	0.001	1	1	10.966
77	beuie	49	0.001	1	1	10.703
78	proiectors	49	0.001	1	1	10.703
79	enrole	44	0.001	1	1	10.703
80	Pot-companion	43	0.001	1	1	10.703
81	Luitprand.	44	0.001	1	1	10.703
82	Pleberio	43	0.001	1	1	10.703
83	modulate	50	0.001	1	1	10.703
84	Purpled	209	0.003	4	2	10.533
85	harlott	56	0.001	1	1	10.48
86	Soran	109	0.001	2	1	10.48
87	zey	52	0.001	1	1	10.48
88	PVP	161	0.002	3	1	10.48
89	ouer-worne	54	0.001	1	1	10.48
90	Ballio	113	0.002	2	2	10.381
91	afaire	58	0.001	1	1	10.288
92	Guilt-head	65	0.001	1	1	10.288
93	profaneth	62	0.001	1	1	10.288
94	Nicolaitanes	62	0.001	1	1	10.288
95	practie	63	0.001	1	1	10.288
96	Taxa	132	0.002	2	2	10.2
97	councilled	69	0.001	1	1	10.118
98	brawled	73	0.001	1	1	10.118
99	mongers	208	0.003	3	3	10.118
100	Stonecrop	70	0.001	1	1	10.118
101	Caparisoned	69	0.001	1	1	10.118
102	who'le	71	0.001	1	1	10.118
103	mid-wiues	67	0.001	1	1	10.118
104	Afra	78	0.001	1	1	9.966
105	flattry	79	0.001	1	1	9.966
106	Chymia	79	0.001	1	1	9.966
107	Sorceresses	85	0.001	1	1	9.828
108	Bayards	83	0.001	1	1	9.828
109	Whore-house	84	0.001	1	1	9.828
110	Hackneys	95	0.001	1	1	9.703
111	Welborne	95	0.001	1	1	9.703
112	Catamite	96	0.001	1	1	9.703
113	Spend-thrifts	95	0.001	1	1	9.703
114	Theophile	91	0.001	1	1	9.703
115	mentita	95	0.001	1	1	9.703
116	Puritanicall	191	0.003	2	2	9.644
117	Brooches	101	0.001	1	1	9.587
118	crep	100	0.001	1	1	9.587
119	Duckat	103	0.001	1	1	9.587
120	Hyperides	98	0.001	1	1	9.587
121	counterfeiteth	102	0.001	1	1	9.587
122	bond-slaue	107	0.001	1	1	9.48
123	insnar	108	0.001	1	1	9.48
124	Areusa	106	0.001	1	1	9.48
125	Missalians	107	0.001	1	1	9.48
126	Asam	106	0.001	1	1	9.48
127	Hydrophobia	110	0.001	1	1	9.48
128	Bilbo	223	0.003	2	1	9.43
129	Bawd	2878	0.037	25	16	9.385
130	Elicia	112	0.002	1	1	9.381
131	stigmatical	114	0.002	1	1	9.381
132	Nnne	112	0.002	1	1	9.381
133	1203	119	0.002	1	1	9.381
134	Babilon.	114	0.002	1	1	9.381
135	candlelight	113	0.002	1	1	9.381
136	28.29.	118	0.002	1	1	9.381
137	Marozia	115	0.002	1	1	9.381
138	Scismaticks	118	0.002	1	1	9.381
139	swaggers	112	0.002	1	1	9.381
140	Spittles	118	0.002	1	1	9.381
141	carted	237	0.003	2	2	9.334
142	belon	122	0.002	1	1	9.288
143	scarlet-coloured	125	0.002	1	1	9.288
144	Paradine	120	0.002	1	1	9.288
145	meretricem	123	0.002	1	1	9.288
146	Rachab	127	0.002	1	1	9.288
147	libeat	127	0.002	1	1	9.288
148	th'only	123	0.002	1	1	9.288
149	canters	121	0.002	1	1	9.288
150	Gaz	254	0.003	2	1	9.243
151	queans	255	0.003	2	2	9.243
152	Pricket	128	0.002	1	1	9.2
153	Uenetian	134	0.002	1	1	9.2
154	Iezabell	269	0.004	2	2	9.158
155	Pander	805	0.011	6	6	9.158
156	VVolues	137	0.002	1	1	9.118
157	Officiales	139	0.002	1	1	9.118
158	spick	141	0.002	1	1	9.118
159	hoarce	135	0.002	1	1	9.118
160	whoorish	135	0.002	1	1	9.118
161	flatt'ry	140	0.002	1	1	9.118
162	Babylons	987	0.013	7	7	9.095
163	Orl	431	0.006	3	1	9.065
164	unguided	147	0.002	1	1	9.04
165	panders	464	0.006	3	3	8.966
166	Patrociny	156	0.002	1	1	8.966
167	monger	153	0.002	1	1	8.966
168	wickedst	153	0.002	1	1	8.966
169	Arsace	315	0.004	2	1	8.93
170	meretrix	474	0.006	3	3	8.918
171	Hutch	163	0.002	1	1	8.895
172	meritoria	158	0.002	1	1	8.895
173	Ganimedes	160	0.002	1	1	8.895
174	adherers	166	0.002	1	1	8.828
175	Hermia	169	0.002	1	1	8.828
176	forgoes	167	0.002	1	1	8.828
177	enervates	169	0.002	1	1	8.828
178	annates	336	0.004	2	2	8.828
179	Bullinger.	171	0.002	1	1	8.828
180	meretricious	176	0.002	1	1	8.764
181	vvarr	175	0.002	1	1	8.764
182	23.18	179	0.002	1	1	8.764
183	Whore-master	178	0.002	1	1	8.764
184	Alteza	178	0.002	1	1	8.764
185	tiffany	178	0.002	1	1	8.764
186	Blanda	369	0.005	2	1	8.703
187	Rhod	371	0.005	2	1	8.703
188	Iezabels	181	0.002	1	1	8.703
189	Squ	193	0.003	1	1	8.644
190	frizzled	195	0.003	1	1	8.644
191	facit.	189	0.003	1	1	8.644
192	Cand	392	0.005	2	1	8.615
193	arrant	1596	0.021	8	5	8.594
194	exhausts	203	0.003	1	1	8.587
195	stiffened	198	0.003	1	1	8.587
196	Apostats	203	0.003	1	1	8.587
197	ner'e	209	0.003	1	1	8.533
198	17.4	642	0.008	3	3	8.498
199	cogitans	218	0.003	1	1	8.48
200	Synonima	212	0.003	1	1	8.48
201	Salic	215	0.003	1	1	8.48
202	Sexum	220	0.003	1	1	8.43
203	Pareus.	222	0.003	1	1	8.43
204	Ien	220	0.003	1	1	8.43
205	Bian	224	0.003	1	1	8.43
206	faher	221	0.003	1	1	8.43
207	haunteth	231	0.003	1	1	8.381
208	bastardly	466	0.006	2	2	8.357
209	scolding	1186	0.015	5	3	8.343
210	muffle	242	0.003	1	1	8.334
211	Kirtle	241	0.003	1	1	8.334
212	23.27	248	0.003	1	1	8.288
213	Vns	246	0.003	1	1	8.288
214	noone-day	249	0.003	1	1	8.288
215	practiser	504	0.007	2	2	8.265
216	Goodl	258	0.003	1	1	8.243
217	Lodw	251	0.003	1	1	8.243
218	Sempr	251	0.003	1	1	8.243
219	Centurio	253	0.003	1	1	8.243
220	Fow	263	0.003	1	1	8.2
221	23.2.	264	0.003	1	1	8.2
222	renownd	260	0.003	1	1	8.2
223	lavished	260	0.003	1	1	8.2
224	bawds	1844	0.024	7	4	8.194
225	tiding	273	0.004	1	1	8.158
226	stiffe-necked	268	0.004	1	1	8.158
227	Babylon	38888	0.505	142	76	8.136
228	26.1	279	0.004	1	1	8.118
229	graceles	275	0.004	1	1	8.118
230	Thou't	281	0.004	1	1	8.118
231	oke	279	0.004	1	1	8.118
232	Euan	275	0.004	1	1	8.118
233	greatnesses	284	0.004	1	1	8.078
234	pn	288	0.004	1	1	8.078
235	Iag	293	0.004	1	1	8.04
236	T.S	295	0.004	1	1	8.04
237	pocky	594	0.008	2	1	8.021
238	19.2.	299	0.004	1	1	8.002
239	18.15.	305	0.004	1	1	7.966
240	Gammer	309	0.004	1	1	7.966
241	Lecher	616	0.008	2	2	7.966
242	Celest	305	0.004	1	1	7.966
243	21.9.	311	0.004	1	1	7.966
244	Smug	624	0.008	2	1	7.948
245	Thais	936	0.012	3	3	7.942
246	bosses	313	0.004	1	1	7.93
247	Revelat.	327	0.004	1	1	7.895
248	Dancers	972	0.013	3	1	7.895
249	sanity	327	0.004	1	1	7.895
250	Nichol	321	0.004	1	1	7.895
251	oney	333	0.004	1	1	7.861
252	Bawdy-house	334	0.004	1	1	7.861
253	uncleanesse	330	0.004	1	1	7.861
254	wate	340	0.004	1	1	7.828
255	Dirge	336	0.004	1	1	7.828
256	Yare	338	0.004	1	1	7.828
257	doubleness	350	0.005	1	1	7.796
258	17.1	1045	0.014	3	2	7.785
259	Concupisence	354	0.005	1	1	7.764
260	apostaticall	362	0.005	1	1	7.733
261	haters	1828	0.024	5	1	7.721
262	scarlet	9179	0.119	25	19	7.712
263	Whittington	368	0.005	1	1	7.703
264	673	373	0.005	1	1	7.703
265	whoreson	378	0.005	1	1	7.673
266	prostitutes	382	0.005	1	1	7.644
267	baud	767	0.01	2	2	7.644
268	Rowze	384	0.005	1	1	7.644
269	subtlest	400	0.005	1	1	7.587
270	Adulteresses	398	0.005	1	1	7.587
271	Punk	404	0.005	1	1	7.587
272	7.19.	410	0.005	1	1	7.56
273	676	408	0.005	1	1	7.56
274	heart-strings	419	0.005	1	1	7.533
275	Petrarch	846	0.011	2	2	7.506
276	prostituted	1269	0.017	3	1	7.506
277	fornications	1721	0.022	4	4	7.487
278	Bryde	432	0.006	1	1	7.48
279	taverner	440	0.006	1	1	7.455
280	Babilon	5325	0.069	12	10	7.44
281	garish	450	0.006	1	1	7.43
282	insatiate	894	0.012	2	1	7.43
283	Iezabel	1348	0.018	3	3	7.421
284	Crato	451	0.006	1	1	7.405
285	biding	463	0.006	1	1	7.381
286	17.1.	463	0.006	1	1	7.381
287	7.18.	459	0.006	1	1	7.381
288	Land-Lords	466	0.006	1	1	7.357
289	strumpet	3285	0.043	7	7	7.357
290	Galla	470	0.006	1	1	7.357
291	reckned	474	0.006	1	1	7.334
292	embrued	481	0.006	1	1	7.334
293	seduces	488	0.006	1	1	7.31
294	Apollyon	483	0.006	1	1	7.31
295	niet	483	0.006	1	1	7.31
296	hire	8785	0.114	18	8	7.302
297	Whore	20634	0.268	42	13	7.293
298	accumulate	491	0.006	1	1	7.288
299	Ste.	502	0.007	1	1	7.265
300	seven-fold	498	0.007	1	1	7.265
301	prostitute	2508	0.033	5	5	7.261
302	Nothus	508	0.007	1	1	7.243
303	Ioane	2539	0.033	5	4	7.243
304	Fornicators	1538	0.02	3	2	7.229
305	Dices	518	0.007	1	1	7.222
306	leavings	519	0.007	1	1	7.222
307	faemina	515	0.007	1	1	7.222
308	brats	1042	0.014	2	1	7.211
309	Slut	523	0.007	1	1	7.2
310	beleaguered	521	0.007	1	1	7.2
311	Vasques	527	0.007	1	1	7.2
312	fringed	523	0.007	1	1	7.2
313	Hee'le	522	0.007	1	1	7.2
314	Rut	528	0.007	1	1	7.179
315	Benno	531	0.007	1	1	7.179
316	cme	533	0.007	1	1	7.179
317	Babylon.	534	0.007	1	1	7.179
318	apostatising	534	0.007	1	1	7.179
319	prostitution	531	0.007	1	1	7.179
320	bearded	1068	0.014	2	2	7.169
321	Leman	537	0.007	1	1	7.158
322	22.15	537	0.007	1	1	7.158
323	fiddlers	1087	0.014	2	2	7.148
324	ary	544	0.007	1	1	7.138
325	ripping	551	0.007	1	1	7.118
326	Reu.	3351	0.044	6	6	7.108
327	517	570	0.007	1	1	7.078
328	Prat	571	0.007	1	1	7.078
329	Yell	567	0.007	1	1	7.078
330	Fornicator	1143	0.015	2	2	7.078
331	Couchant	573	0.007	1	1	7.078
332	pessima	579	0.008	1	1	7.059
333	liceret	576	0.008	1	1	7.059
334	17.5.	581	0.008	1	1	7.059
335	Babylonish	2911	0.038	5	4	7.047
336	unpitied	586	0.008	1	1	7.04
337	lae	587	0.008	1	1	7.04
338	recompensing	591	0.008	1	1	7.021
339	bowling	592	0.008	1	1	7.021
340	8.5.	597	0.008	1	1	7.002
341	511	598	0.008	1	1	7.002
342	scelerum	606	0.008	1	1	6.984
343	census	628	0.008	1	1	6.93
344	inveigled	636	0.008	1	1	6.913
345	17.2	642	0.008	1	1	6.913
346	Antichrist.	637	0.008	1	1	6.913
347	desolate	12933	0.168	20	11	6.896
348	entices	645	0.008	1	1	6.895
349	libidinous	649	0.008	1	1	6.895
350	Scold	1303	0.017	2	2	6.887
351	hies	653	0.009	1	1	6.878
352	Gin	1317	0.017	2	2	6.87
353	Ruffians	1326	0.017	2	1	6.861
354	Disclaims	665	0.009	1	1	6.861
355	coach	9292	0.121	14	1	6.858
356	wrinkled	2004	0.026	3	3	6.85
357	bewitching	2007	0.026	3	3	6.845
358	Lais	1345	0.018	2	2	6.837
359	Cormorant	679	0.009	1	1	6.828
360	Camera	680	0.009	1	1	6.828
361	paints	1352	0.018	2	2	6.828
362	whoremonger	678	0.009	1	1	6.828
363	concubine	3397	0.044	5	4	6.825
364	swaggering	689	0.009	1	1	6.812
365	Flora	2078	0.027	3	3	6.796
366	carouse	690	0.009	1	1	6.796
367	haunting	700	0.009	1	1	6.78
368	harlot	9167	0.119	13	8	6.771
369	Sorceress	710	0.009	1	1	6.764
370	minora	710	0.009	1	1	6.764
371	LAN	2137	0.028	3	1	6.759
372	Anagram	724	0.009	1	1	6.733
373	peruerting	727	0.009	1	1	6.733
374	monopoly	1459	0.019	2	2	6.725
375	Alehouses	734	0.01	1	1	6.718
376	steeled	728	0.01	1	1	6.718
377	suburb	730	0.01	1	1	6.718
378	dresses	1473	0.019	2	2	6.71
379	dishonours	1478	0.019	2	2	6.703
380	10.4.	750	0.01	1	1	6.688
381	dimmed	757	0.01	1	1	6.673
382	Numen	1522	0.02	2	2	6.658
383	436	777	0.01	1	1	6.63
384	Drone	789	0.01	1	1	6.615
385	numina	795	0.01	1	1	6.601
386	brace	1591	0.021	2	2	6.594
387	apron	802	0.01	1	1	6.587
388	aduers	810	0.011	1	1	6.573
389	Doll	807	0.011	1	1	6.573
390	Dinah	810	0.011	1	1	6.573
391	croaking	805	0.011	1	1	6.573
392	forehead	12159	0.158	15	14	6.57
393	Bab	823	0.011	1	1	6.546
394	WALT	829	0.011	1	1	6.533
395	Messalina	832	0.011	1	1	6.533
396	Priapus	831	0.011	1	1	6.533
397	Calisto	836	0.011	1	1	6.52
398	haunted	2517	0.033	3	1	6.52
399	divorced	3378	0.044	4	3	6.51
400	Sweet-heart	864	0.011	1	1	6.48
401	bond-woman	864	0.011	1	1	6.48
402	3.3.	1739	0.023	2	2	6.468
403	played	11334	0.147	13	9	6.465
404	arse	879	0.011	1	1	6.455
405	disdainfully	879	0.011	1	1	6.455
406	cram	875	0.011	1	1	6.455
407	Paramour	878	0.011	1	1	6.455
408	monumenta	880	0.011	1	1	6.455
409	harlots	5276	0.069	6	6	6.453
410	Babel	9790	0.127	11	5	6.435
411	rifle	902	0.012	1	1	6.417
412	Jester	911	0.012	1	1	6.405
413	headstrong	906	0.012	1	1	6.405
414	props	1825	0.024	2	1	6.399
415	enchant	918	0.012	1	1	6.393
416	Apoc	918	0.012	1	1	6.393
417	15.3	934	0.012	1	1	6.369
418	tolerating	934	0.012	1	1	6.369
419	Puta	937	0.012	1	1	6.357
420	lactis	949	0.012	1	1	6.345
421	Babels	948	0.012	1	1	6.345
422	pertinacious	952	0.012	1	1	6.334
423	foreshewed	963	0.013	1	1	6.322
424	boldest	959	0.013	1	1	6.322
425	prefigured	1929	0.025	2	2	6.322
426	patched	1934	0.025	2	2	6.316
427	knave	8870	0.115	9	7	6.288
428	Lod	1974	0.026	2	1	6.288
429	bastards	3979	0.052	4	3	6.274
430	gest	1001	0.013	1	1	6.265
431	shoo	1008	0.013	1	1	6.254
432	Ludgate	1008	0.013	1	1	6.254
433	piper	1006	0.013	1	1	6.254
434	Hell-fire	1012	0.013	1	1	6.254
435	9.2	1023	0.013	1	1	6.232
436	profanenesse	1036	0.014	1	1	6.211
437	knaves	5254	0.068	5	3	6.196
438	Gill	1056	0.014	1	1	6.19
439	adulterer	4237	0.055	4	4	6.184
440	Apostatised	1065	0.014	1	1	6.179
441	7.11	1073	0.014	1	1	6.169
442	brat	1070	0.014	1	1	6.169
443	spends	4330	0.056	4	3	6.153
444	avenging	1095	0.014	1	1	6.138
445	Cooper	2193	0.029	2	1	6.133
446	Sampsons	1099	0.014	1	1	6.128
447	whores	5508	0.072	5	4	6.128
448	Courtesan	1103	0.014	1	1	6.128
449	rampant	2244	0.029	2	2	6.103
450	T'was	1127	0.015	1	1	6.098
451	barbers	1134	0.015	1	1	6.088
452	Cuckolds	1131	0.015	1	1	6.088
453	priuilegio	1135	0.015	1	1	6.088
454	purple	18224	0.237	16	12	6.079
455	Bess	1159	0.015	1	1	6.059
456	strumpets	1159	0.015	1	1	6.059
457	Maimony	1161	0.015	1	1	6.049
458	adulterated	1175	0.015	1	1	6.03
459	Bea	1189	0.015	1	1	6.021
460	procurer	1187	0.015	1	1	6.021
461	paintings	1197	0.016	1	1	6.012
462	prodigally	1202	0.016	1	1	6.002
463	gins	1211	0.016	1	1	5.993
464	dotes	1209	0.016	1	1	5.993
465	undecent	1218	0.016	1	1	5.984
466	Onuphrius	1215	0.016	1	1	5.984
467	Courtesans	1216	0.016	1	1	5.984
468	Arraign	1215	0.016	1	1	5.984
469	insatiable	3697	0.048	3	2	5.966
470	ungracious	2462	0.032	2	1	5.966
471	wie	1252	0.016	1	1	5.939
472	9.1	1257	0.016	1	1	5.939
473	joyneth	1272	0.017	1	1	5.921
474	fulsome	1271	0.017	1	1	5.921
475	robber	2551	0.033	2	2	5.917
476	offense	1276	0.017	1	1	5.913
477	Romes	5130	0.067	4	4	5.908
478	adulterers	5137	0.067	4	4	5.906
479	firebrands	1283	0.017	1	1	5.904
480	Bridewell	1285	0.017	1	1	5.904
481	Stews	2587	0.034	2	1	5.895
482	Thyatira	1296	0.017	1	1	5.895
483	spun	2608	0.034	2	2	5.883
484	Cardinalis	1310	0.017	1	1	5.878
485	Epigram	2632	0.034	2	2	5.87
486	Stationers	1318	0.017	1	1	5.87
487	Hackney	1328	0.017	1	1	5.861
488	3.16.	2653	0.034	2	1	5.861
489	ning	1325	0.017	1	1	5.861
490	allurements	3979	0.052	3	2	5.859
491	Abbeys	2663	0.035	2	2	5.853
492	imitates	1329	0.017	1	1	5.853
493	signo	1339	0.017	1	1	5.845
494	mit	1339	0.017	1	1	5.845
495	smock	1342	0.017	1	1	5.845
496	Torm	1342	0.017	1	1	5.845
497	shameless	6711	0.087	5	5	5.843
498	declaim	1350	0.018	1	1	5.837
499	Sodomy	1349	0.018	1	1	5.837
500	Priscus	1353	0.018	1	1	5.828
501	concubines	4078	0.053	3	3	5.823
502	cockatrice	1363	0.018	1	1	5.82
503	day-light	1374	0.018	1	1	5.812
504	Theodora	1369	0.018	1	1	5.812
505	Vald	1369	0.018	1	1	5.812
506	adores	1375	0.018	1	1	5.804
507	Receptacles	1385	0.018	1	1	5.796
508	alludeth	1397	0.018	1	1	5.788
509	decks	1409	0.018	1	1	5.772
510	luxurious	2832	0.037	2	2	5.764
511	broker	1425	0.019	1	1	5.756
512	Thamar	1424	0.019	1	1	5.756
513	riotous	2846	0.037	2	2	5.756
514	hyre	1435	0.019	1	1	5.749
515	Thief	23047	0.299	16	8	5.74
516	stale	4338	0.056	3	3	5.736
517	pelf	1457	0.019	1	1	5.725
518	Mathias	1469	0.019	1	1	5.71
519	plump	1471	0.019	1	1	5.71
520	Babylonian	2956	0.038	2	2	5.703
521	lends	2960	0.038	2	1	5.703
522	Drones	1483	0.019	1	1	5.695
523	Damme	1514	0.02	1	1	5.666
524	Stage-playes	1514	0.02	1	1	5.666
525	scores	1516	0.02	1	1	5.666
526	Vestal	1542	0.02	1	1	5.644
527	AMB	1537	0.02	1	1	5.644
528	differed	4629	0.06	3	2	5.641
529	Hip	3106	0.04	2	1	5.633
530	documents	1587	0.021	1	1	5.601
531	looser	1591	0.021	1	1	5.594
532	lecherous	1613	0.021	1	1	5.58
533	Aristippus	1612	0.021	1	1	5.58
534	styles	1611	0.021	1	1	5.58
535	bawdy	1610	0.021	1	1	5.58
536	Papal	9725	0.126	6	5	5.57
537	masked	1635	0.021	1	1	5.56
538	attire	8194	0.106	5	5	5.554
539	banquets	3301	0.043	2	1	5.543
540	hiss	1653	0.022	1	1	5.54
541	Prou.	8310	0.108	5	4	5.534
542	foreheads	3324	0.043	2	2	5.533
543	hunters	3346	0.043	2	2	5.526
544	painted	23662	0.307	14	10	5.51
545	courting	1698	0.022	1	1	5.506
546	drudgery	1722	0.022	1	1	5.48
547	ails	1742	0.023	1	1	5.468
548	raked	1740	0.023	1	1	5.468
549	traded	1751	0.023	1	1	5.461
550	supporting	3530	0.046	2	1	5.449
551	Ape	5317	0.069	3	1	5.442
552	reparations	1779	0.023	1	1	5.436
553	doting	3584	0.047	2	2	5.427
554	whoremongers	1796	0.023	1	1	5.424
555	derided	3589	0.047	2	2	5.424
556	Rat	3615	0.047	2	1	5.414
557	Hunted	3634	0.047	2	2	5.405
558	hunts	1820	0.024	1	1	5.405
559	Cooke	3664	0.048	2	2	5.393
560	nursery	1846	0.024	1	1	5.381
561	Iul	1860	0.024	1	1	5.369
562	beastly	7495	0.097	4	3	5.361
563	pranks	1881	0.024	1	1	5.357
564	5.11	1882	0.024	1	1	5.357
565	liveries	1876	0.024	1	1	5.357
566	Gull	1888	0.025	1	1	5.351
567	brands	1898	0.025	1	1	5.345
568	cheated	3803	0.049	2	2	5.339
569	Likewyse	1911	0.025	1	1	5.334
570	imprecations	1918	0.025	1	1	5.328
571	adulteress	1919	0.025	1	1	5.328
572	clip	1933	0.025	1	1	5.316
573	Edomites	1935	0.025	1	1	5.316
574	Parricide	1938	0.025	1	1	5.31
575	Prophetess	1947	0.025	1	1	5.305
576	Apocalypse	3947	0.051	2	2	5.288
577	Whoredoms	1981	0.026	1	1	5.282
578	Rarest	1996	0.026	1	1	5.271
579	Breakfast	1998	0.026	1	1	5.271
580	supporters	2003	0.026	1	1	5.265
581	sleights	2011	0.026	1	1	5.26
582	impudent	12093	0.157	6	6	5.256
583	twilight	2023	0.026	1	1	5.249
584	fornication	14235	0.185	7	6	5.243
585	Bracelets	2031	0.026	1	1	5.243
586	Beau	2044	0.027	1	1	5.238
587	Baptista	2049	0.027	1	1	5.232
588	longs	4138	0.054	2	2	5.219
589	leprous	2075	0.027	1	1	5.216
590	Clo	2086	0.027	1	1	5.206
591	ditch	10469	0.136	5	3	5.201
592	Goodman	2097	0.027	1	1	5.2
593	sits	23190	0.301	11	8	5.191
594	wrinkles	2118	0.028	1	1	5.184
595	betrothed	2127	0.028	1	1	5.179
596	prating	2124	0.028	1	1	5.179
597	stricter	2128	0.028	1	1	5.179
598	5.14	2144	0.028	1	1	5.169
599	repairs	2140	0.028	1	1	5.169
600	tickle	2140	0.028	1	1	5.169
601	fawning	2152	0.028	1	1	5.164
602	Hah	2157	0.028	1	1	5.158
603	basest	4331	0.056	2	2	5.153
604	251	2164	0.028	1	1	5.153
605	presuppose	2170	0.028	1	1	5.148
606	5.5	2169	0.028	1	1	5.148
607	jade	2169	0.028	1	1	5.148
608	plays	17593	0.228	8	6	5.13
609	Apoc.	11083	0.144	5	5	5.119
610	Bedlam	2245	0.029	1	1	5.103
611	paint	8989	0.117	4	4	5.099
612	lard	2252	0.029	1	1	5.098
613	Isai	2258	0.029	1	1	5.093
614	228	2280	0.03	1	1	5.078
615	256	2295	0.03	1	1	5.069
616	negotiations	2292	0.03	1	1	5.069
617	invites	4587	0.06	2	2	5.069
618	dotage	2321	0.03	1	1	5.054
619	rep	2316	0.03	1	1	5.054
620	weakens	2329	0.03	1	1	5.049
621	rails	2361	0.031	1	1	5.026
622	racked	2371	0.031	1	1	5.021
623	buys	2372	0.031	1	1	5.021
624	231	2379	0.031	1	1	5.016
625	Gasp	2411	0.031	1	1	4.998
626	Frosts	2413	0.031	1	1	4.998
627	hate	65701	0.853	27	21	4.984
628	wipe	7298	0.095	3	3	4.984
629	impossibilities	2442	0.032	1	1	4.979
630	bathe	4896	0.064	2	2	4.975
631	Popedome	2449	0.032	1	1	4.975
632	Bachelor	2474	0.032	1	1	4.961
633	thirsts	2496	0.032	1	1	4.948
634	perjured	4993	0.065	2	2	4.948
635	NICK	2498	0.032	1	1	4.948
636	bravest	2525	0.033	1	1	4.93
637	enforcing	2540	0.033	1	1	4.921
638	Brownists	2554	0.033	1	1	4.913
639	playing	10275	0.133	4	4	4.906
640	coloured	10332	0.134	4	4	4.898
641	Superlative	2586	0.034	1	1	4.895
642	enticing	2596	0.034	1	1	4.891
643	pate	2606	0.034	1	1	4.887
644	144	5231	0.068	2	1	4.88
645	Rebecca	2622	0.034	1	1	4.878
646	Mistress	42310	0.549	16	13	4.864
647	allude	2653	0.034	1	1	4.861
648	bella	2647	0.034	1	1	4.861
649	talks	5297	0.069	2	2	4.861
650	abominations	10678	0.139	4	4	4.851
651	tolerated	5375	0.07	2	2	4.841
652	alluring	2691	0.035	1	1	4.841
653	Mart.	2716	0.035	1	1	4.824
654	Sodomites	2734	0.036	1	1	4.816
655	Claret	2747	0.036	1	1	4.808
656	enforces	2759	0.036	1	1	4.804
657	Matrons	2766	0.036	1	1	4.8
658	Abbots	5526	0.072	2	2	4.8
659	conscionable	2773	0.036	1	1	4.796
660	carcass	5550	0.072	2	1	4.794
661	Venery	2793	0.036	1	1	4.784
662	bequeath	2835	0.037	1	1	4.764
663	possessing	5709	0.074	2	1	4.754
664	knavery	2867	0.037	1	1	4.749
665	Magus	5737	0.075	2	2	4.747
666	rags	5772	0.075	2	2	4.739
667	injuriously	2897	0.038	1	1	4.733
668	audacious	2899	0.038	1	1	4.733
669	swearers	2927	0.038	1	1	4.718
670	Pontifical	2936	0.038	1	1	4.714
671	affinity	8856	0.115	3	3	4.705
672	trap	2964	0.039	1	1	4.699
673	drunken	11882	0.154	4	4	4.696
674	Wouldest	2973	0.039	1	1	4.695
675	hark	5947	0.077	2	2	4.695
676	genealogy	2971	0.039	1	1	4.695
677	shifting	2993	0.039	1	1	4.684
678	inhabitant	3014	0.039	1	1	4.677
679	gaming	3021	0.039	1	1	4.673
680	receptacle	3021	0.039	1	1	4.673
681	enchantments	3037	0.039	1	1	4.666
682	insinuating	3074	0.04	1	1	4.647
683	matron	3083	0.04	1	1	4.644
684	Bastard	12394	0.161	4	3	4.636
685	178	3105	0.04	1	1	4.633
686	dice	6226	0.081	2	2	4.63
687	kepe	9336	0.121	3	3	4.63
688	dos	3133	0.041	1	1	4.619
689	Ast	3134	0.041	1	1	4.619
690	Tobacco	9488	0.123	3	3	4.606
691	surplice	3203	0.042	1	1	4.587
692	cup	48330	0.628	15	13	4.579
693	healths	3230	0.042	1	1	4.577
694	Jesting	3230	0.042	1	1	4.577
695	incite	3235	0.042	1	1	4.573
696	plotted	3245	0.042	1	1	4.57
697	metaphor	6491	0.084	2	2	4.568
698	idolatries	3266	0.042	1	1	4.56
699	Banquet	9804	0.127	3	2	4.559
700	Waldenses	3270	0.043	1	1	4.556
701	sluggish	3307	0.043	1	1	4.543
702	comparisons	3308	0.043	1	1	4.54
703	whipped	6660	0.087	2	1	4.531
704	Miser	3333	0.043	1	1	4.529
705	3.3	3339	0.043	1	1	4.526
706	hee	3347	0.044	1	1	4.523
707	Gentium	3362	0.044	1	1	4.516
708	cozen	3380	0.044	1	1	4.51
709	avenged	3380	0.044	1	1	4.51
710	muddy	3388	0.044	1	1	4.506
711	graceless	3413	0.044	1	1	4.497
712	10000	3420	0.044	1	1	4.493
713	requital	3416	0.044	1	1	4.493
714	Rev.	51328	0.667	15	11	4.492
715	factors	3437	0.045	1	1	4.487
716	chaste	20646	0.268	6	6	4.484
717	enticed	3439	0.045	1	1	4.484
718	random	3453	0.045	1	1	4.48
719	relics	13846	0.18	4	4	4.476
720	villainous	3467	0.045	1	1	4.474
721	bowl	3496	0.045	1	1	4.461
722	Adulterous	3504	0.046	1	1	4.458
723	Revel	21061	0.274	6	6	4.455
724	Corporally	3518	0.046	1	1	4.452
725	Constance	7047	0.092	2	1	4.45
726	sitting	35270	0.458	10	8	4.449
727	curtains	3546	0.046	1	1	4.442
728	Orations	3552	0.046	1	1	4.439
729	swollen	3551	0.046	1	1	4.439
730	noses	3558	0.046	1	1	4.436
731	inviting	3580	0.047	1	1	4.427
732	steal	17906	0.233	5	5	4.427
733	rabble	7160	0.093	2	2	4.427
734	cunning	28670	0.372	8	8	4.425
735	rudiments	3605	0.047	1	1	4.417
736	sacrificed	14434	0.187	4	3	4.416
737	Antichrist	50530	0.656	14	10	4.415
738	comb	3632	0.047	1	1	4.405
739	Chaldee	7286	0.095	2	2	4.402
740	infamous	11020	0.143	3	3	4.39
741	prithee	7377	0.096	2	2	4.384
742	impudently	3698	0.048	1	1	4.381
743	horns	22193	0.288	6	5	4.38
744	Castor	3715	0.048	1	1	4.375
745	toy	3727	0.048	1	1	4.369
746	Mercer	3762	0.049	1	1	4.357
747	whoredom	7526	0.098	2	2	4.355
748	Dames	3766	0.049	1	1	4.354
749	nd	15088	0.196	4	2	4.352
750	veritatem	3791	0.049	1	1	4.345
751	honest	83801	1.088	22	9	4.338
752	arrayed	3816	0.05	1	1	4.336
753	price	57392	0.745	15	11	4.331
754	handsome	11498	0.149	3	2	4.329
755	shaped	3839	0.05	1	1	4.328
756	unholy	3846	0.05	1	1	4.325
757	morsel	3858	0.05	1	1	4.319
758	dog	30988	0.402	8	5	4.313
759	graves	11632	0.151	3	1	4.312
760	sells	3915	0.051	1	1	4.299
761	abomination	11757	0.153	3	3	4.296
762	detest	7917	0.103	2	2	4.282
763	usurers	3968	0.052	1	1	4.279
764	affronts	3991	0.052	1	1	4.271
765	plaid	4003	0.052	1	1	4.265
766	're	16048	0.208	4	4	4.263
767	prose	4017	0.052	1	1	4.26
768	puritan	4033	0.052	1	1	4.254
769	wiped	4053	0.053	1	1	4.249
770	hastened	4054	0.053	1	1	4.249
771	marries	4061	0.053	1	1	4.246
772	play	61168	0.794	15	11	4.239
773	frantic	4089	0.053	1	1	4.235
774	wandered	4115	0.053	1	1	4.227
775	Ierem.	4126	0.054	1	1	4.222
776	lustful	4133	0.054	1	1	4.219
777	enamoured	4135	0.054	1	1	4.219
778	146	4176	0.054	1	1	4.206
779	interred	4188	0.054	1	1	4.2
780	utterance	4192	0.054	1	1	4.2
781	gown	8419	0.109	2	2	4.194
782	Pelagians	4212	0.055	1	1	4.192
783	naked	46459	0.603	11	10	4.189
784	cheap	8467	0.11	2	2	4.186
785	baits	4274	0.056	1	1	4.171
786	1.2	4300	0.056	1	1	4.164
787	bribes	4305	0.056	1	1	4.161
788	sly	4313	0.056	1	1	4.158
789	143	4311	0.056	1	1	4.158
790	Mat	12944	0.168	3	1	4.158
791	deck	4329	0.056	1	1	4.153
792	barrenness	4345	0.056	1	1	4.148
793	Vassal	4357	0.057	1	1	4.143
794	diseased	8769	0.114	2	1	4.134
795	bidden	4393	0.057	1	1	4.133
796	ith	4421	0.057	1	1	4.123
797	usurping	4491	0.058	1	1	4.1
798	fashions	9013	0.117	2	2	4.095
799	decked	4505	0.059	1	1	4.095
800	Monarchies	4511	0.059	1	1	4.093
801	Dragon	18054	0.234	4	3	4.093
802	graced	4511	0.059	1	1	4.093
803	Nun	4515	0.059	1	1	4.093
804	burn	40670	0.528	9	6	4.091
805	Beast	81566	1.059	18	8	4.087
806	Spittle	4536	0.059	1	1	4.086
807	Sr	4563	0.059	1	1	4.078
808	Prov.	50161	0.651	11	4	4.078
809	livers	4570	0.059	1	1	4.076
810	commemoration	4565	0.059	1	1	4.076
811	revile	4565	0.059	1	1	4.076
812	betraying	4564	0.059	1	1	4.076
813	Antichristian	13777	0.179	3	3	4.068
814	vicious	18428	0.239	4	4	4.063
815	Orbis	4637	0.06	1	1	4.054
816	fares	4637	0.06	1	1	4.054
817	merrily	4679	0.061	1	1	4.04
818	judging	18760	0.244	4	3	4.037
819	exacted	4701	0.061	1	1	4.035
820	Annot	4704	0.061	1	1	4.033
821	Athenian	4760	0.062	1	1	4.016
822	infection	9557	0.124	2	2	4.01
823	inclines	4803	0.062	1	1	4.002
824	124	4812	0.063	1	1	4
825	erring	4825	0.063	1	1	3.998
826	nakedness	9651	0.125	2	2	3.997
827	scurvy	4826	0.063	1	1	3.995
828	Rosemary	4837	0.063	1	1	3.993
829	pension	4843	0.063	1	1	3.991
830	describing	4858	0.063	1	1	3.986
831	Exit	19436	0.252	4	2	3.986
832	Funerals	4870	0.063	1	1	3.984
833	sucking	4880	0.063	1	1	3.979
834	Magdalen	4888	0.064	1	1	3.977
835	Luc	4952	0.064	1	1	3.959
836	Solon	4981	0.065	1	1	3.95
837	errand	4999	0.065	1	1	3.946
838	profane	40020	0.52	8	4	3.945
839	fry	5008	0.065	1	1	3.943
840	clamour	5016	0.065	1	1	3.941
841	wedlock	5013	0.065	1	1	3.941
842	Inasmuch	5020	0.065	1	1	3.939
843	deceits	5024	0.065	1	1	3.939
844	blue	5046	0.066	1	1	3.932
845	filthy	30299	0.393	6	5	3.931
846	brood	5051	0.066	1	1	3.93
847	vermin	5068	0.066	1	1	3.926
848	Plagued	5100	0.066	1	1	3.917
849	deceiving	5099	0.066	1	1	3.917
850	cheek	5113	0.066	1	1	3.913
851	Assyrians	5157	0.067	1	1	3.9
852	seduced	10324	0.134	2	2	3.899
853	dancing	10351	0.134	2	2	3.895
854	Hos.	15549	0.202	3	2	3.893
855	Synagogue	10391	0.135	2	2	3.89
856	herself	10419	0.135	2	2	3.886
857	Rome	271183	3.521	52	34	3.884
858	subscription	5238	0.068	1	1	3.878
859	swimming	5252	0.068	1	1	3.874
860	purer	5259	0.068	1	1	3.872
861	Meadows	5286	0.069	1	1	3.866
862	cheat	10600	0.138	2	2	3.861
863	hating	5297	0.069	1	1	3.861
864	Slave	21201	0.275	4	3	3.861
865	bidding	5342	0.069	1	1	3.849
866	Tavern	5354	0.07	1	1	3.847
867	gluttony	5361	0.07	1	1	3.845
868	fitly	16083	0.209	3	1	3.845
869	constraint	5368	0.07	1	1	3.843
870	hawks	5379	0.07	1	1	3.841
871	Seventhly	5381	0.07	1	1	3.839
872	Solomons	5407	0.07	1	1	3.832
873	locks	5427	0.071	1	1	3.826
874	Champions	5435	0.071	1	1	3.824
875	Babe	5443	0.071	1	1	3.822
876	pox	10902	0.142	2	2	3.82
877	lascivious	5471	0.071	1	1	3.816
878	entertaining	5479	0.071	1	1	3.814
879	troth	5489	0.071	1	1	3.81
880	seduce	5489	0.071	1	1	3.81
881	Gallows	5501	0.071	1	1	3.808
882	sheets	5556	0.072	1	1	3.794
883	thieves	22285	0.289	4	4	3.789
884	Niece	5575	0.072	1	1	3.788
885	oft-times	5591	0.073	1	1	3.784
886	base	61654	0.801	11	7	3.78
887	flourished	11210	0.146	2	2	3.78
888	displayed	5618	0.073	1	1	3.778
889	costly	11277	0.146	2	1	3.772
890	groves	5645	0.073	1	1	3.77
891	Hosea	5654	0.073	1	1	3.768
892	frequented	5786	0.075	1	1	3.735
893	confederates	11609	0.151	2	2	3.73
894	lazy	5811	0.076	1	1	3.727
895	Regiment	17461	0.227	3	3	3.726
896	resembled	5836	0.076	1	1	3.722
897	Nil	5842	0.076	1	1	3.72
898	professes	11732	0.152	2	2	3.715
899	Frogs	5922	0.077	1	1	3.701
900	drunk	35533	0.461	6	6	3.701
901	noting	5928	0.077	1	1	3.699
902	waits	5976	0.078	1	1	3.688
903	stinking	11949	0.155	2	2	3.688
904	permanent	5981	0.078	1	1	3.686
905	stained	6010	0.078	1	1	3.68
906	Bride	12056	0.157	2	2	3.676
907	59.	6027	0.078	1	1	3.675
908	Exeunt	12174	0.158	2	2	3.661
909	adherents	6092	0.079	1	1	3.66
910	tempting	6108	0.079	1	1	3.657
911	polluted	12233	0.159	2	2	3.655
912	unpunished	6139	0.08	1	1	3.649
913	118	6146	0.08	1	1	3.647
914	modest	18444	0.24	3	3	3.647
915	adultery	24714	0.321	4	3	3.64
916	foul	43393	0.563	7	7	3.635
917	golden	49785	0.646	8	8	3.63
918	worn	12479	0.162	2	2	3.626
919	prostrate	6239	0.081	1	1	3.626
920	stoned	6236	0.081	1	1	3.626
921	basely	6310	0.082	1	1	3.61
922	patrimony	6348	0.082	1	1	3.601
923	Baggage	6358	0.083	1	1	3.598
924	whip	6373	0.083	1	1	3.596
925	Sarah	6377	0.083	1	1	3.594
926	Pamphlet	6387	0.083	1	1	3.592
927	Usher	6397	0.083	1	1	3.589
928	Flattery	12831	0.167	2	2	3.586
929	bewitched	6431	0.084	1	1	3.582
930	Personages	6449	0.084	1	1	3.579
931	marry	38694	0.502	6	6	3.578
932	Damsel	6465	0.084	1	1	3.575
933	traffic	12930	0.168	2	2	3.574
934	revenue	12958	0.168	2	2	3.571
935	favourites	6500	0.084	1	1	3.567
936	naughty	6533	0.085	1	1	3.56
937	blush	13133	0.171	2	2	3.552
938	Kiss	26340	0.342	4	3	3.548
939	roasted	6622	0.086	1	1	3.54
940	Fiftly	6621	0.086	1	1	3.54
941	Ezech.	6776	0.088	1	1	3.506
942	Iosephus	6799	0.088	1	1	3.501
943	suffices	6840	0.089	1	1	3.493
944	burned	20536	0.267	3	3	3.492
945	eschew	6866	0.089	1	1	3.487
946	dares	13753	0.179	2	2	3.485
947	gloss	13765	0.179	2	2	3.484
948	Proverbs	6913	0.09	1	1	3.477
949	wife	214853	2.79	31	22	3.474
950	57.	6936	0.09	1	1	3.472
951	volumes	6936	0.09	1	1	3.472
952	Simile	6960	0.09	1	1	3.468
953	SAMPSON	6989	0.091	1	1	3.463
954	Treatises	6996	0.091	1	1	3.461
955	Rogue	6990	0.091	1	1	3.461
956	Drunkards	7021	0.091	1	1	3.455
957	heathenish	7043	0.091	1	1	3.452
958	condemning	14091	0.183	2	2	3.45
959	lane	7088	0.092	1	1	3.442
960	assumption	7125	0.093	1	1	3.434
961	commerce	14266	0.185	2	2	3.433
962	challenged	7132	0.093	1	1	3.433
963	Sue	14301	0.186	2	1	3.429
964	boys	14311	0.186	2	2	3.428
965	Pirates	7168	0.093	1	1	3.425
966	tenets	7204	0.094	1	1	3.419
967	execrable	7210	0.094	1	1	3.417
968	rail	7220	0.094	1	1	3.416
969	inflict	7264	0.094	1	1	3.407
970	perishing	7275	0.095	1	1	3.404
971	rotten	14651	0.19	2	2	3.394
972	stamped	7328	0.095	1	1	3.394
973	tendered	7357	0.096	1	1	3.388
974	kneel	7364	0.096	1	1	3.387
975	Hero	7374	0.096	1	1	3.385
976	Lap	7378	0.096	1	1	3.384
977	assoiled	7417	0.096	1	1	3.376
978	Noblemen	7441	0.097	1	1	3.372
979	couple	7466	0.097	1	1	3.367
980	treats	7496	0.097	1	1	3.361
981	MOTHER	150593	1.955	20	16	3.354
982	superstitions	7530	0.098	1	1	3.354
983	'll	158479	2.058	21	12	3.351
984	Lodgings	7603	0.099	1	1	3.341
985	swears	7600	0.099	1	1	3.341
986	shipwreck	7606	0.099	1	1	3.339
987	abominable	22990	0.299	3	3	3.329
988	wasted	15355	0.199	2	2	3.326
989	str	7686	0.1	1	1	3.325
990	painting	7700	0.1	1	1	3.322
991	Zach.	7738	0.101	1	1	3.315
992	Cards	7740	0.101	1	1	3.315
993	Merchandise	15488	0.201	2	2	3.314
994	odious	23239	0.302	3	3	3.314
995	appertains	7757	0.101	1	1	3.312
996	Suffolk	7796	0.101	1	1	3.305
997	Roman	141472	1.837	18	16	3.293
998	puffed	7888	0.102	1	1	3.288
999	mocked	7900	0.103	1	1	3.285
1000	expects	7910	0.103	1	1	3.283
1001	89	7913	0.103	1	1	3.283
1002	hang	31830	0.413	4	4	3.275
1003	lewd	15983	0.208	2	2	3.269
1004	Hare	7991	0.104	1	1	3.268
1005	Daughters	40010	0.52	5	4	3.267
1006	lean	16023	0.208	2	2	3.265
1007	damnation	32064	0.416	4	4	3.264
1008	beggars	8051	0.105	1	1	3.258
1009	hastily	8048	0.105	1	1	3.258
1010	hostess	8115	0.105	1	1	3.246
1011	payed	8116	0.105	1	1	3.246
1012	approaches	8131	0.106	1	1	3.243
1013	superfluous	16318	0.212	2	1	3.239
1014	richest	8181	0.106	1	1	3.235
1015	sale	16370	0.213	2	2	3.234
1016	17.	83120	1.079	10	8	3.212
1017	waters	83222	1.081	10	8	3.21
1018	Agrippa	8329	0.108	1	1	3.21
1019	TAYLOR	8326	0.108	1	1	3.21
1020	ugly	8331	0.108	1	1	3.208
1021	Sectaries	8390	0.109	1	1	3.199
1022	clad	8414	0.109	1	1	3.194
1023	nose	25309	0.329	3	3	3.191
1024	properties	25319	0.329	3	1	3.19
1025	hates	16898	0.219	2	2	3.188
1026	crew	8469	0.11	1	1	3.184
1027	forged	8528	0.111	1	1	3.175
1028	Seat	51212	0.665	6	4	3.174
1029	pregnant	8560	0.111	1	1	3.17
1030	damned	34243	0.445	4	4	3.169
1031	banks	17161	0.223	2	2	3.166
1032	fortitude	8634	0.112	1	1	3.157
1033	common	346098	4.494	40	18	3.154
1034	apostate	8710	0.113	1	1	3.144
1035	woman	183598	2.384	21	16	3.139
1036	livery	8754	0.114	1	1	3.137
1037	compared	43800	0.569	5	3	3.136
1038	leprosy	8802	0.114	1	1	3.129
1039	dainty	8837	0.115	1	1	3.124
1040	magnificence	8848	0.115	1	1	3.122
1041	complaining	8854	0.115	1	1	3.12
1042	Cat	8876	0.115	1	1	3.118
1043	behaviour	26702	0.347	3	2	3.113
1044	Esa	17912	0.233	2	2	3.104
1045	array	9012	0.117	1	1	3.095
1046	trades	9008	0.117	1	1	3.095
1047	Talent	9018	0.117	1	1	3.094
1048	defiled	18090	0.235	2	2	3.09
1049	she	1006738	13.072	110	54	3.073
1050	vindicate	9176	0.119	1	1	3.07
1051	Iulius	9289	0.121	1	1	3.052
1052	spend	37287	0.484	4	4	3.047
1053	pens	9367	0.122	1	1	3.04
1054	dat	9363	0.122	1	1	3.04
1055	monstrous	18738	0.243	2	2	3.039
1056	hellish	9373	0.122	1	1	3.039
1057	spices	9374	0.122	1	1	3.039
1058	hired	9416	0.122	1	1	3.032
1059	GENTLEWOMAN	9432	0.123	1	1	3.029
1060	sores	9491	0.123	1	1	3.021
1061	swear	56939	0.739	6	6	3.021
1062	brave	38044	0.494	4	4	3.017
1063	expert	9616	0.125	1	1	3.001
1064	Muses	9656	0.125	1	1	2.995
1065	exceeds	9675	0.126	1	1	2.993
1066	Samaria	9703	0.126	1	1	2.989
1067	hills	29127	0.378	3	2	2.988
1068	Mundi	9709	0.126	1	1	2.987
1069	betwixt	127079	1.65	13	3	2.978
1070	Dionysius	9814	0.127	1	1	2.973
1071	Devilish	9817	0.128	1	1	2.971
1072	amidst	9881	0.128	1	1	2.962
1073	Daughter	108707	1.412	11	9	2.962
1074	phrases	9896	0.129	1	1	2.96
1075	viz	9934	0.129	1	1	2.955
1076	Avarice	9956	0.129	1	1	2.951
1077	keeps	40024	0.52	4	4	2.944
1078	burnt	50113	0.651	5	4	2.942
1079	headlong	10029	0.13	1	1	2.941
1080	sets	50272	0.653	5	5	2.937
1081	abandon	10068	0.131	1	1	2.936
1082	Monsters	10127	0.132	1	1	2.927
1083	ride	20257	0.263	2	1	2.927
1084	Sack	10141	0.132	1	1	2.925
1085	Car	20342	0.264	2	1	2.921
1086	Tragedy	10196	0.132	1	1	2.917
1087	walked	20392	0.265	2	2	2.917
1088	wretched	30683	0.398	3	2	2.913
1089	blast	10261	0.133	1	1	2.908
1090	leith	20613	0.268	2	2	2.902
1091	impudence	10304	0.134	1	1	2.902
1092	Sister	51618	0.67	5	5	2.899
1093	wages	20748	0.269	2	2	2.892
1094	Landed	10381	0.135	1	1	2.891
1095	Hebrew	41553	0.54	4	2	2.89
1096	breaks	20777	0.27	2	1	2.89
1097	tribute	20800	0.27	2	2	2.888
1098	rewards	20903	0.271	2	2	2.882
1099	weakened	10463	0.136	1	1	2.879
1100	loathsome	10486	0.136	1	1	2.876
1101	Revelation	41988	0.545	4	4	2.875
1102	filthiness	10515	0.137	1	1	2.873
1103	breeds	10535	0.137	1	1	2.87
1104	barren	21073	0.274	2	2	2.87
1105	devoted	10556	0.137	1	1	2.867
1106	unprofitable	21130	0.274	2	1	2.866
1107	petty	10617	0.138	1	1	2.858
1108	Deuteronomy	64271	0.835	6	5	2.846
1109	widow	21540	0.28	2	2	2.838
1110	numbered	10774	0.14	1	1	2.838
1111	Lordships	21570	0.28	2	2	2.836
1112	Talents	10810	0.14	1	1	2.832
1113	necks	10810	0.14	1	1	2.832
1114	servitude	10822	0.141	1	1	2.831
1115	calais	10880	0.141	1	1	2.823
1116	Impatient	10884	0.141	1	1	2.823
1117	indulgence	10911	0.142	1	1	2.819
1118	Pepper	10969	0.142	1	1	2.812
1119	lust	54865	0.712	5	5	2.811
1120	stile	21951	0.285	2	2	2.811
1121	daring	11022	0.143	1	1	2.805
1122	walks	11050	0.144	1	1	2.801
1123	swore	11085	0.144	1	1	2.797
1124	famous	88824	1.153	8	7	2.794
1125	destruction	89423	1.161	8	6	2.785
1126	notorious	22363	0.29	2	2	2.784
1127	sprung	11190	0.145	1	1	2.783
1128	drop	22395	0.291	2	2	2.782
1129	perchance	11230	0.146	1	1	2.778
1130	nails	11259	0.146	1	1	2.774
1131	Inn	11350	0.147	1	1	2.762
1132	scarcely	11399	0.148	1	1	2.756
1133	gulf	11408	0.148	1	1	2.755
1134	adorn	11429	0.148	1	1	2.752
1135	Drank	11443	0.149	1	1	2.75
1136	vowed	11454	0.149	1	1	2.75
1137	Levit.	11468	0.149	1	1	2.748
1138	grown	45966	0.597	4	3	2.745
1139	corners	11488	0.149	1	1	2.745
1140	forsook	11497	0.149	1	1	2.744
1141	ice	11552	0.15	1	1	2.737
1142	criminal	11681	0.152	1	1	2.721
1143	minded	23388	0.304	2	2	2.719
1144	husband	105631	1.372	9	8	2.714
1145	purposed	11812	0.153	1	1	2.705
1146	street	23649	0.307	2	2	2.703
1147	uphold	11837	0.154	1	1	2.702
1148	her	1811491	23.521	151	77	2.683
1149	Prodigious	12011	0.156	1	1	2.68
1150	ware	12046	0.156	1	1	2.677
1151	exposed	24132	0.313	2	2	2.674
1152	hunt	12065	0.157	1	1	2.674
1153	worst	48340	0.628	4	4	2.672
1154	Supposing	24260	0.315	2	2	2.667
1155	Iudah	12172	0.158	1	1	2.662
1156	proclaim	12226	0.159	1	1	2.656
1157	issued	12230	0.159	1	1	2.655
1158	sweetly	12254	0.159	1	1	2.652
1159	deceit	24531	0.319	2	2	2.651
1160	subtle	36810	0.478	3	3	2.65
1161	quoth	36867	0.479	3	3	2.648
1162	Logic	12290	0.16	1	1	2.647
1163	garment	24609	0.32	2	2	2.646
1164	Mounted	12305	0.16	1	1	2.646
1165	flies	24756	0.321	2	2	2.638
1166	poisoned	12446	0.162	1	1	2.63
1167	kill	74750	0.971	6	6	2.628
1168	ded	12467	0.162	1	1	2.627
1169	keep	313074	4.065	25	17	2.621
1170	45.	12583	0.163	1	1	2.614
1171	backs	12586	0.163	1	1	2.614
1172	deep	75511	0.981	6	4	2.613
1173	correspondence	12597	0.164	1	1	2.612
1174	Transubstantiation	12665	0.164	1	1	2.605
1175	cruelly	12674	0.165	1	1	2.603
1176	Troy	12678	0.165	1	1	2.603
1177	limbs	12705	0.165	1	1	2.599
1178	termed	25438	0.33	2	2	2.598
1179	fowl	12776	0.166	1	1	2.592
1180	taxes	12789	0.166	1	1	2.59
1181	Darius	12799	0.166	1	1	2.589
1182	draught	12880	0.167	1	1	2.58
1183	paths	12898	0.168	1	1	2.578
1184	heretical	12934	0.168	1	1	2.574
1185	morn	12933	0.168	1	1	2.574
1186	smart	12945	0.168	1	1	2.573
1187	forsooth	12960	0.168	1	1	2.571
1188	spare	38949	0.506	3	3	2.569
1189	Citizen	13039	0.169	1	1	2.562
1190	Wolf	13047	0.169	1	1	2.561
1191	raging	13043	0.169	1	1	2.561
1192	resort	13089	0.17	1	1	2.556
1193	Lev	13206	0.172	1	1	2.544
1194	safely	26431	0.343	2	1	2.543
1195	offerings	13224	0.172	1	1	2.542
1196	greedy	13232	0.172	1	1	2.541
1197	become	172873	2.245	13	12	2.534
1198	Rents	13329	0.173	1	1	2.53
1199	Mal	13346	0.173	1	1	2.529
1200	Athanasius	13378	0.174	1	1	2.525
1201	dressed	13382	0.174	1	1	2.525
1202	Revelations	13397	0.174	1	1	2.523
1203	bloody	53730	0.698	4	3	2.519
1204	despite	13448	0.175	1	1	2.518
1205	maintaining	13453	0.175	1	1	2.517
1206	lovers	26913	0.349	2	2	2.517
1207	Venus	26929	0.35	2	2	2.516
1208	coals	13558	0.176	1	1	2.506
1209	Anthony	13580	0.176	1	1	2.504
1210	chase	13640	0.177	1	1	2.497
1211	harbour	13726	0.178	1	1	2.488
1212	Fool	41266	0.536	3	3	2.485
1213	observations	27622	0.359	2	2	2.479
1214	forbids	13966	0.181	1	1	2.464
1215	Annum	13979	0.182	1	1	2.462
1216	hinders	14016	0.182	1	1	2.458
1217	uncleanness	14027	0.182	1	1	2.457
1218	judged	56237	0.73	4	4	2.454
1219	Worlds	28162	0.366	2	2	2.451
1220	drink	140890	1.829	10	10	2.451
1221	Diet	28239	0.367	2	2	2.447
1222	described	42932	0.557	3	2	2.428
1223	gets	14332	0.186	1	1	2.426
1224	heretic	14330	0.186	1	1	2.426
1225	wives	57399	0.745	4	4	2.424
1226	idle	43098	0.56	3	3	2.422
1227	obtaining	14368	0.187	1	1	2.422
1228	Fortune	101130	1.313	7	5	2.414
1229	whereto	14493	0.188	1	1	2.41
1230	Idolatrous	14523	0.189	1	1	2.407
1231	Whit	14561	0.189	1	1	2.403
1232	priests	145909	1.895	10	5	2.4
1233	begotten	29211	0.379	2	2	2.399
1234	Simon	29226	0.38	2	2	2.398
1235	Ant	14620	0.19	1	1	2.397
1236	buildings	14646	0.19	1	1	2.394
1237	worthily	14691	0.191	1	1	2.39
1238	chain	14713	0.191	1	1	2.388
1239	fairest	14727	0.191	1	1	2.387
1240	proud	73660	0.956	5	5	2.386
1241	monster	14836	0.193	1	1	2.376
1242	beget	14843	0.193	1	1	2.376
1243	misfortune	14852	0.193	1	1	2.375
1244	shun	14847	0.193	1	1	2.375
1245	hunting	14846	0.193	1	1	2.375
1246	wilt	74391	0.966	5	5	2.372
1247	descended	29883	0.388	2	2	2.366
1248	doors	29993	0.389	2	2	2.361
1249	Deacons	14999	0.195	1	1	2.36
1250	intends	15033	0.195	1	1	2.357
1251	ALE	15087	0.196	1	1	2.352
1252	function	15109	0.196	1	1	2.35
1253	stead	45532	0.591	3	3	2.343
1254	terra	15176	0.197	1	1	2.343
1255	craft	15181	0.197	1	1	2.343
1256	loco	15190	0.197	1	1	2.342
1257	total	15196	0.197	1	1	2.342
1258	foe	15213	0.198	1	1	2.34
1259	strike	30636	0.398	2	2	2.33
1260	Popes	76677	0.996	5	4	2.328
1261	bought	30717	0.399	2	2	2.326
1262	70	15439	0.201	1	1	2.318
1263	kindly	15466	0.201	1	1	2.316
1264	husbands	30992	0.402	2	2	2.313
1265	tear	15500	0.201	1	1	2.313
1266	brains	15509	0.201	1	1	2.312
1267	Monarchy	31153	0.405	2	2	2.306
1268	Sodom	15597	0.203	1	1	2.304
1269	execute	31219	0.405	2	2	2.303
1270	Nero	15620	0.203	1	1	2.302
1271	'm	31244	0.406	2	2	2.302
1272	16.	93810	1.218	6	5	2.3
1273	pretending	15693	0.204	1	1	2.295
1274	drinks	15747	0.205	1	1	2.29
1275	abused	31590	0.41	2	2	2.286
1276	bringeth	31606	0.41	2	1	2.285
1277	discovered	63467	0.824	4	3	2.279
1278	sat	47715	0.62	3	2	2.276
1279	lend	15915	0.207	1	1	2.275
1280	millions	15911	0.207	1	1	2.275
1281	Pope	240165	3.118	15	11	2.266
1282	door	64326	0.835	4	2	2.26
1283	worse	96916	1.258	6	4	2.253
1284	differing	16158	0.21	1	1	2.253
1285	Elias	16197	0.21	1	1	2.249
1286	ten	130362	1.693	8	7	2.241
1287	cloak	16351	0.212	1	1	2.236
1288	Sheriff	16356	0.212	1	1	2.235
1289	strongest	16405	0.213	1	1	2.231
1290	torn	16521	0.215	1	1	2.221
1291	Maid	33079	0.43	2	2	2.219
1292	Married	66560	0.864	4	4	2.211
1293	cousin	16703	0.217	1	1	2.205
1294	songs	16823	0.218	1	1	2.195
1295	reckoning	16862	0.219	1	1	2.192
1296	Soldier	33917	0.44	2	2	2.183
1297	Alas	67915	0.882	4	4	2.181
1298	estimation	17074	0.222	1	1	2.173
1299	Fishes	17087	0.222	1	1	2.172
1300	maist	17147	0.223	1	1	2.167
1301	Peters	17256	0.224	1	1	2.158
1302	yields	17327	0.225	1	1	2.152
1303	coin	17339	0.225	1	1	2.151
1304	expedition	17374	0.226	1	1	2.148
1305	calls	121932	1.583	7	6	2.145
1306	accursed	17442	0.227	1	1	2.142
1307	rebel	17458	0.227	1	1	2.141
1308	Gall	17567	0.228	1	1	2.132
1309	Apostasy	17588	0.228	1	1	2.13
1310	fools	35223	0.457	2	2	2.129
1311	butter	17830	0.232	1	1	2.111
1312	furnish	17840	0.232	1	1	2.11
1313	37.	17837	0.232	1	1	2.11
1314	pillars	17842	0.232	1	1	2.11
1315	Naples	17948	0.233	1	1	2.102
1316	gallant	17961	0.233	1	1	2.1
1317	exact	35980	0.467	2	2	2.098
1318	betrayed	18001	0.234	1	1	2.097
1319	virgin	54072	0.702	3	3	2.095
1320	drawn	108352	1.407	6	1	2.092
1321	'd	144543	1.877	8	4	2.092
1322	desirous	36305	0.471	2	2	2.085
1323	spite	18225	0.237	1	1	2.079
1324	Mystery	54678	0.71	3	3	2.079
1325	Athens	18242	0.237	1	1	2.078
1326	mon	18249	0.237	1	1	2.077
1327	drunkenness	18268	0.237	1	1	2.076
1328	merchants	36943	0.48	2	1	2.06
1329	lets	18569	0.241	1	1	2.052
1330	apprehended	18626	0.242	1	1	2.048
1331	pernicious	18691	0.243	1	1	2.043
1332	undoubtedly	18754	0.244	1	1	2.038
1333	traitor	18785	0.244	1	1	2.036
1334	censure	37706	0.49	2	2	2.03
1335	Adorned	18908	0.246	1	1	2.026
1336	vengeance	37813	0.491	2	2	2.026
1337	conveyed	18913	0.246	1	1	2.026
1338	Idolatry	57073	0.741	3	3	2.017
1339	lips	38066	0.494	2	2	2.017
1340	companion	19107	0.248	1	1	2.011
1341	women	152987	1.986	8	8	2.01
1342	intolerable	19128	0.248	1	1	2.009
1343	DEDICATED	19135	0.249	1	1	2.009
1344	Tyranny	38301	0.497	2	2	2.008
1345	horrid	19167	0.249	1	1	2.006
1346	FINIS	38468	0.5	2	2	2.001
1347	soft	38616	0.501	2	2	1.996
1348	call	328774	4.269	17	13	1.994
1349	throat	19344	0.251	1	1	1.993
1350	abhor	19419	0.252	1	1	1.988
1351	mirth	19453	0.253	1	1	1.985
1352	Feasts	19508	0.253	1	1	1.981
1353	maintain	78757	1.023	4	4	1.968
1354	chastity	19740	0.256	1	1	1.964
1355	restrain	19741	0.256	1	1	1.964
1356	contend	19790	0.257	1	1	1.96
1357	cost	39743	0.516	2	2	1.955
1358	manifold	19880	0.258	1	1	1.954
1359	23.	59639	0.774	3	3	1.954
1360	term	59683	0.775	3	3	1.953
1361	loose	59737	0.776	3	2	1.952
1362	Venice	19987	0.26	1	1	1.946
1363	Constable	20148	0.262	1	1	1.935
1364	comparison	40468	0.526	2	1	1.928
1365	loyal	20260	0.263	1	1	1.926
1366	Crosses	20281	0.263	1	1	1.925
1367	arose	20382	0.265	1	1	1.918
1368	adore	20395	0.265	1	1	1.917
1369	false	224466	2.915	11	11	1.916
1370	join	61462	0.798	3	3	1.911
1371	horn	20550	0.267	1	1	1.906
1372	wild	61696	0.801	3	3	1.905
1373	40.	20630	0.268	1	1	1.9
1374	reduce	20718	0.269	1	1	1.894
1375	colours	41565	0.54	2	2	1.89
1376	swearing	20821	0.27	1	1	1.887
1377	killing	20948	0.272	1	1	1.878
1378	pity	62915	0.817	3	1	1.877
1379	Herod	21047	0.273	1	1	1.871
1380	retire	21045	0.273	1	1	1.871
1381	great	1790493	23.248	85	47	1.87
1382	fighting	21135	0.274	1	1	1.866
1383	Mystical	21135	0.274	1	1	1.866
1384	serpents	21180	0.275	1	1	1.862
1385	market	21236	0.276	1	1	1.859
1386	fee	21237	0.276	1	1	1.859
1387	Progress	21299	0.277	1	1	1.854
1388	utter	42614	0.553	2	2	1.854
1389	nearest	21311	0.277	1	1	1.854
1390	University	21328	0.277	1	1	1.853
1391	virtuous	42661	0.554	2	2	1.852
1392	honoured	42718	0.555	2	2	1.85
1393	final	21409	0.278	1	1	1.847
1394	description	42949	0.558	2	2	1.842
1395	laboured	21489	0.279	1	1	1.842
1396	confirmed	64726	0.84	3	3	1.836
1397	prefer	21583	0.28	1	1	1.835
1398	confesses	21697	0.282	1	1	1.828
1399	Ocean	21709	0.282	1	1	1.827
1400	borne	86876	1.128	4	3	1.826
1401	ca	21771	0.283	1	1	1.823
1402	entitled	21778	0.283	1	1	1.822
1403	sit	131502	1.708	6	6	1.813
1404	laugh	21938	0.285	1	1	1.811
1405	Jealousy	21960	0.285	1	1	1.81
1406	cry	87922	1.142	4	2	1.809
1407	forgotten	21994	0.286	1	1	1.808
1408	stone	110110	1.43	5	2	1.806
1409	Christendom	22143	0.288	1	1	1.798
1410	records	22275	0.289	1	1	1.79
1411	Cor	22308	0.29	1	1	1.787
1412	Apollo	22342	0.29	1	1	1.785
1413	defence	89679	1.164	4	4	1.78
1414	A	14471665	187.906	641	168	1.77
1415	called	768363	9.977	34	23	1.769
1416	weeping	22605	0.294	1	1	1.769
1417	chance	45225	0.587	2	1	1.768
1418	scandal	22639	0.294	1	1	1.766
1419	rude	22714	0.295	1	1	1.762
1420	skin	45425	0.59	2	2	1.762
1421	attained	22823	0.296	1	1	1.755
1422	Deserves	22832	0.297	1	1	1.754
1423	adding	22908	0.297	1	1	1.75
1424	Traditions	22980	0.298	1	1	1.745
1425	old	414305	5.38	18	8	1.742
1426	smoke	23076	0.3	1	1	1.739
1427	Angry	46285	0.601	2	2	1.735
1428	Jer	23150	0.301	1	1	1.734
1429	47	23189	0.301	1	1	1.732
1430	members	116122	1.508	5	3	1.729
1431	wisely	23259	0.302	1	1	1.727
1432	brass	23353	0.303	1	1	1.722
1433	stir	46896	0.609	2	2	1.716
1434	open	187653	2.437	8	8	1.715
1435	Merchant	23511	0.305	1	1	1.712
1436	Aug.	23554	0.306	1	1	1.709
1437	repeat	23553	0.306	1	1	1.709
1438	shame	94222	1.223	4	4	1.709
1439	newly	23582	0.306	1	1	1.707
1440	Hot	94567	1.228	4	4	1.704
1441	Devil	190658	2.476	8	6	1.692
1442	acquaintance	23888	0.31	1	1	1.689
1443	restored	47801	0.621	2	2	1.688
1444	loud	23920	0.311	1	1	1.687
1445	warrant	48147	0.625	2	2	1.678
1446	knows	144623	1.878	6	6	1.676
1447	absent	24129	0.313	1	1	1.674
1448	carries	24147	0.314	1	1	1.673
1449	affect	24146	0.314	1	1	1.673
1450	eat	145185	1.885	6	5	1.67
1451	Fox	24216	0.314	1	1	1.669
1452	distinguished	24314	0.316	1	1	1.663
1453	prey	24332	0.316	1	1	1.662
1454	coat	24384	0.317	1	1	1.659
1455	vows	24417	0.317	1	1	1.657
1456	afterwards	146805	1.906	6	5	1.654
1457	Young	171502	2.227	7	7	1.652
1458	became	73544	0.955	3	3	1.652
1459	procured	24521	0.318	1	1	1.651
1460	Histories	24576	0.319	1	1	1.648
1461	Deity	24584	0.319	1	1	1.647
1462	albeit	73943	0.96	3	3	1.644
1463	fetch	24696	0.321	1	1	1.641
1464	Priest	123560	1.604	5	3	1.64
1465	telling	24804	0.322	1	1	1.634
1466	conditions	49776	0.646	2	2	1.63
1467	invention	24895	0.323	1	1	1.63
1468	J	24919	0.324	1	1	1.628
1469	admiration	24957	0.324	1	1	1.625
1470	companions	24999	0.325	1	1	1.623
1471	Lamb	50063	0.65	2	2	1.621
1472	An	2497908	32.434	99	42	1.61
1473	Royal	101049	1.312	4	3	1.608
1474	secretly	25285	0.328	1	1	1.607
1475	excess	25352	0.329	1	1	1.603
1476	Slight	25468	0.331	1	1	1.596
1477	hated	25471	0.331	1	1	1.596
1478	sex	25550	0.332	1	1	1.592
1479	clothed	25607	0.333	1	1	1.589
1480	makes	359288	4.665	14	11	1.585
1481	Salomon	25808	0.335	1	1	1.577
1482	approach	25826	0.335	1	1	1.576
1483	Numb	25825	0.335	1	1	1.576
1484	Aside	51692	0.671	2	1	1.575
1485	suspected	25911	0.336	1	1	1.572
1486	Wo	26036	0.338	1	1	1.564
1487	anon	26356	0.342	1	1	1.547
1488	heathens	26424	0.343	1	1	1.543
1489	foolish	52888	0.687	2	2	1.542
1490	grave	79381	1.031	3	3	1.541
1491	entertained	26459	0.344	1	1	1.541
1492	comfortable	26493	0.344	1	1	1.54
1493	attended	26513	0.344	1	1	1.538
1494	lays	26622	0.346	1	1	1.532
1495	usually	53352	0.693	2	1	1.53
1496	17	133873	1.738	5	4	1.524
1497	Garments	26823	0.348	1	1	1.522
1498	stayed	26971	0.35	1	1	1.514
1499	bears	54088	0.702	2	2	1.51
1500	Israel	162651	2.112	6	3	1.506
1501	dare	135920	1.765	5	3	1.502
1502	sorrows	27191	0.353	1	1	1.502
1503	sheweth	54422	0.707	2	2	1.501
1504	industry	27242	0.354	1	1	1.499
1505	deceived	54539	0.708	2	2	1.498
1506	school	27359	0.355	1	1	1.493
1507	Port	27474	0.357	1	1	1.487
1508	allow	54968	0.714	2	2	1.487
1509	Adversary	27551	0.358	1	1	1.483
1510	voyage	27566	0.358	1	1	1.482
1511	boy	27639	0.359	1	1	1.478
1512	forsaken	27796	0.361	1	1	1.47
1513	turn	167524	2.175	6	3	1.464
1514	note	111981	1.454	4	4	1.46
1515	barbarous	28021	0.364	1	1	1.459
1516	lie	168129	2.183	6	5	1.459
1517	Acted	28050	0.364	1	1	1.457
1518	meant	112513	1.461	4	3	1.453
1519	Woe	28149	0.366	1	1	1.452
1520	iniquity	56296	0.731	2	2	1.452
1521	Beware	28157	0.366	1	1	1.452
1522	followers	28164	0.366	1	1	1.451
1523	welcome	28288	0.367	1	1	1.445
1524	wholesome	28319	0.368	1	1	1.443
1525	tyrant	28325	0.368	1	1	1.443
1526	stands	85073	1.105	3	3	1.441
1527	Chron.	28380	0.369	1	1	1.44
1528	lawfully	28401	0.369	1	1	1.439
1529	compare	28481	0.37	1	1	1.435
1530	simply	28498	0.37	1	1	1.434
1531	torment	28570	0.371	1	1	1.431
1532	punishments	28582	0.371	1	1	1.43
1533	equity	28671	0.372	1	1	1.425
1534	examined	28679	0.372	1	1	1.425
1535	sail	28690	0.373	1	1	1.425
1536	vision	28960	0.376	1	1	1.411
1537	32.	28995	0.377	1	1	1.409
1538	Ah	29075	0.378	1	1	1.405
1539	perish	58343	0.758	2	2	1.401
1540	plot	29203	0.379	1	1	1.399
1541	Ezek.	29318	0.381	1	1	1.393
1542	fort	29374	0.381	1	1	1.391
1543	honesty	29498	0.383	1	1	1.385
1544	share	29601	0.384	1	1	1.379
1545	fruitful	29679	0.385	1	1	1.376
1546	reports	29748	0.386	1	1	1.372
1547	sect.	59519	0.773	2	2	1.372
1548	permit	29877	0.388	1	1	1.366
1549	book	299396	3.888	10	2	1.363
1550	entertain	30000	0.39	1	1	1.36
1551	accompanied	30033	0.39	1	1	1.358
1552	merry	30040	0.39	1	1	1.358
1553	stronger	30046	0.39	1	1	1.358
1554	kept	180349	2.342	6	6	1.357
1555	quiet	60323	0.783	2	2	1.352
1556	face	181454	2.356	6	5	1.349
1557	21.	60549	0.786	2	2	1.347
1558	assist	30549	0.397	1	1	1.334
1559	mothers	30565	0.397	1	1	1.333
1560	like	1070087	13.894	35	22	1.333
1561	Graces	61202	0.795	2	2	1.332
1562	speeches	30693	0.399	1	1	1.327
1563	absence	30716	0.399	1	1	1.326
1564	Martyr	30803	0.4	1	1	1.322
1565	goodly	30823	0.4	1	1	1.321
1566	?	2527462	32.818	82	50	1.321
1567	plain	154580	2.007	5	4	1.317
1568	Zion	31118	0.404	1	1	1.308
1569	reported	31227	0.406	1	1	1.302
1570	desiring	31273	0.406	1	1	1.3
1571	condemnation	31282	0.406	1	1	1.3
1572	poor	313465	4.07	10	7	1.297
1573	money	188212	2.444	6	4	1.296
1574	yearly	31375	0.407	1	1	1.295
1575	Daniel	31557	0.41	1	1	1.287
1576	corrupt	63197	0.821	2	2	1.285
1577	branch	31608	0.41	1	1	1.285
1578	fr	63238	0.821	2	2	1.284
1579	draws	31643	0.411	1	1	1.283
1580	rejected	31663	0.411	1	1	1.282
1581	bad	95210	1.236	3	3	1.279
1582	wished	31831	0.413	1	1	1.275
1583	vow	31839	0.413	1	1	1.274
1584	Oaths	31854	0.414	1	1	1.274
1585	dogs	32101	0.417	1	1	1.263
1586	eaten	32125	0.417	1	1	1.262
1587	fie	32306	0.42	1	1	1.253
1588	College	32308	0.42	1	1	1.253
1589	expectation	32361	0.42	1	1	1.251
1590	begin	97196	1.262	3	3	1.249
1591	holding	32663	0.424	1	1	1.238
1592	wits	32674	0.424	1	1	1.237
1593	fought	32796	0.426	1	1	1.232
1594	lying	65748	0.854	2	2	1.228
1595	wine	164447	2.135	5	5	1.228
1596	Common-wealth	32931	0.428	1	1	1.226
1597	quarrel	32992	0.428	1	1	1.223
1598	14.	99060	1.286	3	3	1.222
1599	hath	1823449	23.676	55	32	1.216
1600	beasts	99530	1.292	3	3	1.215
1601	bestow	33438	0.434	1	1	1.204
1602	Shore	33521	0.435	1	1	1.2
1603	wax	33550	0.436	1	1	1.199
1604	wash	33557	0.436	1	1	1.199
1605	Language	67133	0.872	2	2	1.198
1606	Paradise	33568	0.436	1	1	1.198
1607	suit	33605	0.436	1	1	1.197
1608	receives	33599	0.436	1	1	1.197
1609	spoil	33637	0.437	1	1	1.195
1610	make	1313915	17.06	39	29	1.193
1611	content	101607	1.319	3	3	1.185
1612	Spanish	34036	0.442	1	1	1.178
1613	visit	34153	0.444	1	1	1.173
1614	throne	68392	0.888	2	2	1.171
1615	professed	34256	0.445	1	1	1.169
1616	Item	34287	0.445	1	1	1.167
1617	separation	34334	0.446	1	1	1.166
1618	Mary	68927	0.895	2	2	1.16
1619	Physic	34467	0.448	1	1	1.16
1620	n't	34507	0.448	1	1	1.158
1621	Legs	34666	0.45	1	1	1.152
1622	beaten	34661	0.45	1	1	1.152
1623	scorn	34703	0.451	1	1	1.15
1624	strange	139257	1.808	4	3	1.145
1625	Blame	34974	0.454	1	1	1.139
1626	li	35098	0.456	1	1	1.134
1627	art	315875	4.101	9	6	1.134
1628	pieces	70256	0.912	2	2	1.133
1629	calling	105619	1.371	3	3	1.129
1630	delights	35263	0.458	1	1	1.127
1631	B	106037	1.377	3	2	1.124
1632	fate	35533	0.461	1	1	1.116
1633	choose	71078	0.923	2	2	1.116
1634	37	35612	0.462	1	1	1.113
1635	nisi	35678	0.463	1	1	1.11
1636	stock	35766	0.464	1	1	1.107
1637	sought	71565	0.929	2	1	1.106
1638	Thou	1398203	18.155	39	23	1.103
1639	trade	71989	0.935	2	1	1.097
1640	carry	108052	1.403	3	2	1.096
1641	hither	36037	0.468	1	1	1.096
1642	dumb	36044	0.468	1	1	1.095
1643	mans	181090	2.351	5	4	1.088
1644	Afterward	72483	0.941	2	2	1.088
1645	19.	72769	0.945	2	2	1.082
1646	Enter	145726	1.892	4	4	1.08
1647	Citizens	36524	0.474	1	1	1.076
1648	garden	36538	0.474	1	1	1.076
1649	turned	109846	1.426	3	3	1.073
1650	Church	1175787	15.267	32	20	1.068
1651	bed	73593	0.956	2	2	1.066
1652	bright	36946	0.48	1	1	1.06
1653	child	148012	1.922	4	4	1.058
1654	house	407406	5.29	11	10	1.056
1655	sincere	37054	0.481	1	1	1.056
1656	wherewith	74362	0.966	2	2	1.051
1657	Jesuits	37256	0.484	1	1	1.048
1658	written	186305	2.419	5	5	1.047
1659	quite	74671	0.97	2	1	1.045
1660	writ	74728	0.97	2	1	1.043
1661	D.	149564	1.942	4	2	1.042
1662	increased	37408	0.486	1	1	1.042
1663	subjection	37480	0.487	1	1	1.039
1664	commands	74993	0.974	2	2	1.038
1665	numbers	37529	0.487	1	1	1.037
1666	Latin	75364	0.979	2	2	1.031
1667	ordinary	113361	1.472	3	3	1.027
1668	vile	37856	0.492	1	1	1.025
1669	lived	113584	1.475	3	3	1.024
1670	separated	37858	0.492	1	1	1.024
1671	7.	151741	1.97	4	4	1.022
1672	among	379416	4.927	10	9	1.021
1673	Dan	38042	0.494	1	1	1.017
1674	wings	38100	0.495	1	1	1.015
1675	Omnes	38114	0.495	1	1	1.015
1676	's	1833403	23.806	48	22	1.012
1677	praying	38212	0.496	1	1	1.011
1678	cast	229673	2.982	6	6	1.009
1679	Par	38300	0.497	1	1	1.008
1680	title	115960	1.506	3	3	0.995
1681	deserved	38662	0.502	1	1	0.994
1682	specially	38732	0.503	1	1	0.992
1683	drew	38764	0.503	1	1	0.991
1684	misery	77670	1.009	2	2	0.988
1685	driven	38873	0.505	1	1	0.987
1686	forbidden	38907	0.505	1	1	0.985
1687	Fourthly	38947	0.506	1	1	0.984
1688	George	39058	0.507	1	1	0.98
1689	proceedings	39090	0.508	1	1	0.978
1690	Teaching	39101	0.508	1	1	0.978
1691	loved	78391	1.018	2	2	0.974
1692	Egypt	78714	1.022	2	2	0.968
1693	Gen.	118079	1.533	3	2	0.968
1694	atque	39364	0.511	1	1	0.968
1695	nor	1146191	14.883	29	22	0.962
1696	lo	39596	0.514	1	1	0.96
1697	below	39611	0.514	1	1	0.959
1698	differ	39678	0.515	1	1	0.957
1699	terrible	39921	0.518	1	1	0.948
1700	nought	39966	0.519	1	1	0.946
1701	tried	40042	0.52	1	1	0.944
1702	looking	40123	0.521	1	1	0.941
1703	else	281410	3.654	7	6	0.938
1704	waste	40248	0.523	1	1	0.936
1705	mouth	161086	2.092	4	3	0.935
1706	replied	40276	0.523	1	1	0.935
1707	seven	120863	1.569	3	3	0.935
1708	runs	40288	0.523	1	1	0.935
1709	provide	40597	0.527	1	1	0.924
1710	profession	81244	1.055	2	2	0.923
1711	evils	40623	0.528	1	1	0.923
1712	sick	81507	1.058	2	2	0.918
1713	doctrines	40858	0.531	1	1	0.915
1714	lines	40967	0.532	1	1	0.911
1715	wicked	246712	3.203	6	6	0.905
1716	!	371996	4.83	9	6	0.898
1717	Bill	41380	0.537	1	1	0.896
1718	honey	41845	0.543	1	1	0.88
1719	Policy	41924	0.544	1	1	0.877
1720	City	377406	4.9	9	8	0.877
1721	amongst	251926	3.271	6	3	0.875
1722	gates	42043	0.546	1	1	0.873
1723	fire	294315	3.822	7	5	0.873
1724	running	42083	0.546	1	1	0.872
1725	oh	126299	1.64	3	2	0.871
1726	Rare	42119	0.547	1	1	0.871
1727	oftentimes	42310	0.549	1	1	0.864
1728	Mad	42332	0.55	1	1	0.863
1729	saying	211699	2.749	5	4	0.863
1730	Verily	42479	0.552	1	1	0.858
1731	Reformed	42488	0.552	1	1	0.858
1732	whose	468798	6.087	11	7	0.854
1733	blood	426566	5.539	10	9	0.852
1734	grand	42729	0.555	1	1	0.85
1735	ended	42908	0.557	1	1	0.844
1736	plague	42909	0.557	1	1	0.844
1737	destroy	86113	1.118	2	2	0.839
1738	passing	43069	0.559	1	1	0.839
1739	presented	43069	0.559	1	1	0.839
1740	joined	86338	1.121	2	1	0.835
1741	named	86879	1.128	2	2	0.826
1742	sure	217623	2.826	5	5	0.823
1743	request	43622	0.566	1	1	0.82
1744	mark	131282	1.705	3	3	0.816
1745	ergo	43824	0.569	1	1	0.813
1746	believed	87994	1.143	2	2	0.808
1747	yours	44031	0.572	1	1	0.807
1748	English	176398	2.29	4	4	0.804
1749	deserve	44125	0.573	1	1	0.804
1750	broken	88305	1.147	2	2	0.803
1751	Grows	44157	0.573	1	1	0.802
1752	guilt	44211	0.574	1	1	0.801
1753	notes	44287	0.575	1	1	0.798
1754	poison	44407	0.577	1	1	0.794
1755	reach	44414	0.577	1	1	0.794
1756	got	88984	1.155	2	2	0.792
1757	Prophet	133904	1.739	3	3	0.787
1758	Yes	44644	0.58	1	1	0.787
1759	gotten	44665	0.58	1	1	0.786
1760	practice	89548	1.163	2	2	0.783
1761	10.	134546	1.747	3	3	0.78
1762	usual	44893	0.583	1	1	0.779
1763	run	134767	1.75	3	3	0.778
1764	bid	45051	0.585	1	1	0.773
1765	skill	45072	0.585	1	1	0.773
1766	wanting	45133	0.586	1	1	0.771
1767	self	948089	12.31	21	20	0.771
1768	abuse	45195	0.587	1	1	0.769
1769	begun	45469	0.59	1	1	0.76
1770	wisdom	228022	2.961	5	1	0.756
1771	set	595126	7.727	13	11	0.75
1772	judges	91633	1.19	2	2	0.749
1773	Yea	321813	4.179	7	7	0.744
1774	unlawful	46183	0.6	1	1	0.738
1775	seeing	231216	3.002	5	5	0.736
1776	store	46312	0.601	1	1	0.734
1777	friendship	46387	0.602	1	1	0.731
1778	want	185706	2.411	4	3	0.73
1779	p	46503	0.604	1	1	0.728
1780	holds	46539	0.604	1	1	0.727
1781	Name	607418	7.887	13	9	0.721
1782	ask	93732	1.217	2	2	0.717
1783	thine	141265	1.834	3	3	0.71
1784	agreed	47125	0.612	1	1	0.709
1785	second	377815	4.906	8	6	0.706
1786	affected	47304	0.614	1	1	0.703
1787	Rich	142318	1.848	3	3	0.699
1788	lately	47691	0.619	1	1	0.692
1789	Gentle	47820	0.621	1	1	0.688
1790	spiritual	239256	3.107	5	5	0.687
1791	6.	191822	2.491	4	3	0.683
1792	gives	192161	2.495	4	4	0.681
1793	ashamed	48199	0.626	1	1	0.676
1794	fine	96522	1.253	2	2	0.674
1795	dyed	48358	0.628	1	1	0.671
1796	working	48604	0.631	1	1	0.664
1797	degree	97277	1.263	2	2	0.663
1798	fresh	48792	0.634	1	1	0.659
1799	noted	48905	0.635	1	1	0.655
1800	States	49055	0.637	1	1	0.651
1801	mischief	49083	0.637	1	1	0.65
1802	worth	99043	1.286	2	2	0.637
1803	neighbour	49578	0.644	1	1	0.636
1804	16	148850	1.933	3	3	0.634
1805	Eye	149187	1.937	3	3	0.631
1806	hell	149518	1.941	3	3	0.628
1807	(	3147389	40.867	63	33	0.624
1808	perhaps	99958	1.298	2	2	0.624
1809	servants	149996	1.948	3	3	0.623
1810	belly	50036	0.65	1	1	0.622
1811	bones	50056	0.65	1	1	0.622
1812	suffered	100182	1.301	2	2	0.621
1813	province	50494	0.656	1	1	0.609
1814	23	101193	1.314	2	2	0.606
1815	instruments	50653	0.658	1	1	0.604
1816	Catholic	101512	1.318	2	2	0.602
1817	my	2492426	32.363	49	22	0.598
1818	revealed	50925	0.661	1	1	0.597
1819	verse	254782	3.308	5	5	0.596
1820	arm	50968	0.662	1	1	0.596
1821	covered	50980	0.662	1	1	0.595
1822	fair	204535	2.656	4	3	0.591
1823	suffering	51201	0.665	1	1	0.589
1824	fellow	51208	0.665	1	1	0.589
1825	Prophecy	51210	0.665	1	1	0.589
1826	profess	51407	0.668	1	1	0.583
1827	fill	51476	0.668	1	1	0.581
1828	receiving	51659	0.671	1	1	0.576
1829	bring	310345	4.03	6	4	0.574
1830	sweet	155475	2.019	3	3	0.572
1831	chamber	51849	0.673	1	1	0.571
1832	thousand	207672	2.697	4	4	0.569
1833	possessed	51998	0.675	1	1	0.567
1834	consider	208021	2.701	4	4	0.567
1835	or	6140246	79.727	118	55	0.566
1836	green	52193	0.678	1	1	0.561
1837	looks	52264	0.679	1	1	0.559
1838	pen	52272	0.679	1	1	0.559
1839	company	157530	2.045	3	3	0.553
1840	instead	52525	0.682	1	1	0.552
1841	longer	105304	1.367	2	2	0.549
1842	weak	105310	1.367	2	2	0.549
1843	pride	105444	1.369	2	2	0.547
1844	going	105462	1.369	2	2	0.546
1845	thirty	52798	0.686	1	1	0.545
1846	cap	211323	2.744	4	4	0.544
1847	leave	264688	3.437	5	5	0.541
1848	Sir	371184	4.82	7	6	0.538
1849	suddenly	53066	0.689	1	1	0.537
1850	declared	106222	1.379	2	2	0.536
1851	discipline	53324	0.692	1	1	0.53
1852	add	106899	1.388	2	2	0.527
1853	spent	53460	0.694	1	1	0.527
1854	apt	53529	0.695	1	1	0.525
1855	heathen	53596	0.696	1	1	0.523
1856	special	107206	1.392	2	2	0.523
1857	Gross	53803	0.699	1	1	0.517
1858	thy	1346327	17.481	25	21	0.516
1859	with	6743369	87.558	125	80	0.514
1860	conversation	53957	0.701	1	1	0.513
1861	treason	53972	0.701	1	1	0.513
1862	free	216340	2.809	4	2	0.51
1863	Turks	54116	0.703	1	1	0.509
1864	14	162434	2.109	3	3	0.508
1865	grow	108376	1.407	2	2	0.507
1866	served	54417	0.707	1	1	0.501
1867	consequence	54571	0.709	1	1	0.497
1868	lusts	54617	0.709	1	1	0.496
1869	fol.	54629	0.709	1	1	0.496
1870	pound	54933	0.713	1	1	0.487
1871	bold	54959	0.714	1	1	0.487
1872	prove	220093	2.858	4	3	0.485
1873	sickness	55104	0.716	1	1	0.483
1874	once	277740	3.606	5	4	0.471
1875	seem	166761	2.165	3	3	0.47
1876	)	3126749	40.599	56	27	0.464
1877	whom	782727	10.163	14	11	0.462
1878	[	280684	3.645	5	4	0.456
1879	head	338290	4.393	6	6	0.45
1880	Mountains	56383	0.732	1	1	0.45
1881	why	394748	5.126	7	6	0.45
1882	filled	56573	0.735	1	1	0.445
1883	satisfy	56748	0.737	1	1	0.441
1884	Whereas	170273	2.211	3	2	0.44
1885	fourth	113523	1.474	2	2	0.44
1886	punishment	113533	1.474	2	2	0.44
1887	touch	57247	0.743	1	1	0.428
1888	apply	57357	0.745	1	1	0.425
1889	Touching	115302	1.497	2	1	0.418
1890	stomach	57673	0.749	1	1	0.417
1891	arms	173309	2.25	3	3	0.415
1892	persuade	57909	0.752	1	1	0.411
1893	overcome	57959	0.753	1	1	0.41
1894	horses	58059	0.754	1	1	0.408
1895	keeping	58223	0.756	1	1	0.404
1896	whosoever	58235	0.756	1	1	0.403
1897	wont	58350	0.758	1	1	0.4
1898	tongue	116704	1.515	2	2	0.4
1899	afraid	58383	0.758	1	1	0.4
1900	shut	58420	0.759	1	1	0.399
1901	hope	292642	3.8	5	4	0.396
1902	the	59190422	768.55	1010	235	0.394
1903	paid	58812	0.764	1	1	0.389
1904	many	1356675	17.616	23	17	0.385
1905	on	1948583	25.301	33	23	0.383
1906	devils	59091	0.767	1	1	0.382
1907	wait	59233	0.769	1	1	0.379
1908	ever	652700	8.475	11	10	0.376
1909	Condemn	59378	0.771	1	1	0.375
1910	Exod.	59405	0.771	1	1	0.375
1911	daily	119047	1.546	2	2	0.372
1912	feel	59669	0.775	1	1	0.368
1913	Allowed	59743	0.776	1	1	0.366
1914	presently	119716	1.554	2	2	0.364
1915	signify	59908	0.778	1	1	0.362
1916	justified	59968	0.779	1	1	0.361
1917	send	120341	1.563	2	2	0.356
1918	chief	180904	2.349	3	1	0.353
1919	Gentlemen	60495	0.786	1	1	0.348
1920	say	1089806	14.15	18	16	0.347
1921	mortal	60563	0.786	1	1	0.347
1922	2	973176	12.636	16	9	0.341
1923	is	12301699	159.73	202	85	0.339
1924	asked	61036	0.793	1	1	0.336
1925	ere	61209	0.795	1	1	0.331
1926	some	1845849	23.967	30	20	0.324
1927	heed	61679	0.801	1	1	0.32
1928	past	123448	1.603	2	2	0.319
1929	4.	246979	3.207	4	3	0.319
1930	along	61778	0.802	1	1	0.318
1931	en	61856	0.803	1	1	0.316
1932	:	8018849	104.12	129	69	0.309
1933	still	373001	4.843	6	6	0.309
1934	Pleasure	186565	2.422	3	2	0.309
1935	scarce	62192	0.808	1	1	0.308
1936	requires	62190	0.808	1	1	0.308
1937	Duke	187759	2.438	3	3	0.299
1938	inhabitants	62803	0.816	1	1	0.294
1939	each	252025	3.272	4	2	0.29
1940	,	97296499	1263.334	1541	292	0.287
1941	quantity	63147	0.82	1	1	0.286
1942	did	1515759	19.681	24	18	0.286
1943	now	1519152	19.725	24	17	0.283
1944	continually	63423	0.824	1	1	0.28
1945	sooner	63462	0.824	1	1	0.279
1946	March	63519	0.825	1	1	0.278
1947	Youth	63555	0.825	1	1	0.277
1948	voice	127213	1.652	2	2	0.276
1949	whilst	127767	1.659	2	2	0.27
1950	B.	127907	1.661	2	1	0.268
1951	Led	64006	0.831	1	1	0.267
1952	.	39047260	507.004	610	162	0.267
1953	most	1280269	16.624	20	14	0.267
1954	Alexander	64017	0.831	1	1	0.267
1955	doth	963309	12.508	15	10	0.262
1956	taught	128541	1.669	2	2	0.261
1957	live	322774	4.191	5	3	0.255
1958	let	968524	12.576	15	14	0.254
1959	truly	193999	2.519	3	2	0.252
1960	constant	64819	0.842	1	1	0.249
1961	safe	64842	0.842	1	1	0.248
1962	Scripture	324647	4.215	5	5	0.246
1963	22.	65112	0.845	1	1	0.242
1964	Gentiles	65128	0.846	1	1	0.242
1965	sacrifice	130353	1.693	2	2	0.241
1966	avoid	65191	0.847	1	1	0.24
1967	seed	130549	1.695	2	2	0.239
1968	anger	65536	0.851	1	1	0.233
1969	Matth.	65563	0.851	1	1	0.232
1970	9.	131214	1.704	2	2	0.231
1971	hours	65642	0.852	1	1	0.231
1972	of	39170514	508.605	596	185	0.229
1973	sides	65850	0.855	1	1	0.226
1974	safety	65883	0.855	1	1	0.225
1975	beloved	66576	0.864	1	1	0.21
1976	me	1731164	22.478	26	21	0.21
1977	simple	66612	0.865	1	1	0.209
1978	Here	866663	11.253	13	12	0.208
1979	please	133516	1.734	2	2	0.206
1980	no	2739631	35.572	41	27	0.205
1981	Your	2073026	26.917	31	21	0.204
1982	fall	267911	3.479	4	4	0.201
1983	persuaded	67094	0.871	1	1	0.199
1984	;	9536348	123.824	142	79	0.198
1985	Epistle	67239	0.873	1	1	0.196
1986	I	6187300	80.338	92	50	0.196
1987	shall	2624249	34.074	39	27	0.195
1988	private	134915	1.752	2	1	0.191
1989	where	1086411	14.106	16	11	0.182
1990	preserve	68009	0.883	1	1	0.179
1991	remedy	68365	0.888	1	1	0.172
1992	Argument	136912	1.778	2	2	0.17
1993	said	1514302	19.662	22	14	0.162
1994	partly	69033	0.896	1	1	0.158
1995	lawful	138238	1.795	2	2	0.156
1996	n	69208	0.899	1	1	0.154
1997	then	2700348	35.062	39	27	0.154
1998	witnesses	69349	0.901	1	1	0.151
1999	hence	139086	1.806	2	2	0.147
2000	under	696455	9.043	10	8	0.145
2001	sons	139530	1.812	2	2	0.143
2002	Caesar	69848	0.907	1	1	0.141
2003	Ghost	139834	1.816	2	2	0.139
2004	Oft	69946	0.908	1	1	0.139
2005	shows	70001	0.909	1	1	0.138
2006	you	3714542	48.231	53	28	0.136
2007	sayeth	633645	8.228	9	8	0.129
2008	need	211437	2.745	3	2	0.128
2009	stones	70601	0.917	1	1	0.125
2010	follow	211834	2.751	3	3	0.125
2011	almost	141302	1.835	2	2	0.124
2012	dwell	70987	0.922	1	1	0.118
2013	although	212964	2.765	3	2	0.118
2014	actions	142378	1.849	2	2	0.113
2015	Sam	71242	0.925	1	1	0.112
2016	wrong	71272	0.925	1	1	0.112
2017	Fathers	213875	2.777	3	3	0.111
2018	Thus	788750	10.241	11	7	0.103
2019	Arguments	71833	0.933	1	1	0.101
2020	home	144093	1.871	2	2	0.096
2021	away	504942	6.556	7	7	0.094
2022	And	37698224	489.488	522	185	0.093
2023	because	1157094	15.024	16	14	0.091
2024	that	17465266	226.776	241	127	0.088
2025	Kings	363629	4.722	5	5	0.083
2026	behind	73039	0.948	1	1	0.076
2027	How	1244740	16.162	17	12	0.073
2028	Kingdoms	73313	0.952	1	1	0.071
2029	London	146866	1.907	2	2	0.069
2030	wealth	73703	0.957	1	1	0.063
2031	commanded	147447	1.915	2	1	0.063
2032	taking	148788	1.932	2	2	0.05
2033	who	2315377	30.064	31	26	0.044
2034	heard	225126	2.923	3	3	0.037
2035	multitude	75242	0.977	1	1	0.034
2036	agree	75479	0.98	1	1	0.029
2037	quality	75538	0.981	1	1	0.028
2038	shalt	151151	1.963	2	2	0.027
2039	masters	75576	0.981	1	1	0.027
2040	zeal	75709	0.983	1	1	0.025
2041	20.	75893	0.985	1	1	0.021
2042	loves	76043	0.987	1	1	0.018
2043	may	2661871	34.563	35	20	0.018
2044	says	304429	3.953	4	4	0.017
2045	down	533657	6.929	7	6	0.015
2046	choice	76287	0.991	1	1	0.014
2047	speaks	153099	1.988	2	2	0.009
2048	none	383245	4.976	5	4	0.007
2049	besides	231481	3.006	3	3	-0.003
2050	18.	77389	1.005	1	1	-0.007
2051	blind	77737	1.009	1	1	-0.013
2052	so	5366625	69.682	69	33	-0.014
2053	27	77948	1.012	1	1	-0.017
2054	should	1871070	24.295	24	20	-0.018
2055	visible	77964	1.012	1	1	-0.018
2056	credit	77984	1.013	1	1	-0.018
2057	Birth	78181	1.015	1	1	-0.022
2058	was	5179337	67.25	66	41	-0.027
2059	bread	156950	2.038	2	2	-0.027
2060	cruel	78662	1.021	1	1	-0.031
2061	rather	393402	5.108	5	5	-0.031
2062	office	157520	2.045	2	2	-0.032
2063	find	472931	6.141	6	5	-0.033
2064	estate	157763	2.049	2	2	-0.035
2065	man	1972758	25.615	25	13	-0.035
2066	whereupon	78977	1.026	1	1	-0.036
2067	sleep	79160	1.028	1	1	-0.04
2068	nay	158341	2.056	2	2	-0.04
2069	rules	79185	1.028	1	1	-0.04
2070	have	4691254	60.913	59	38	-0.046
2071	up	1119358	14.534	14	11	-0.054
2072	Secondly	160056	2.078	2	2	-0.055
2073	space	80076	1.04	1	1	-0.056
2074	abroad	80124	1.04	1	1	-0.057
2075	see	961542	12.485	12	10	-0.057
2076	Paul	240876	3.128	3	3	-0.06
2077	back	161359	2.095	2	2	-0.067
2078	Greek	80695	1.048	1	1	-0.067
2079	pray	242183	3.145	3	2	-0.068
2080	lives	161569	2.098	2	2	-0.069
2081	But	6983890	90.681	86	47	-0.076
2082	victory	81232	1.055	1	1	-0.077
2083	Knight	81427	1.057	1	1	-0.08
2084	gracious	81919	1.064	1	1	-0.089
2085	13	164052	2.13	2	2	-0.091
2086	forth	410791	5.334	5	5	-0.093
2087	for	9369441	121.656	114	69	-0.094
2088	Pet	82435	1.07	1	1	-0.098
2089	this	6548918	85.034	79	45	-0.106
2090	health	83023	1.078	1	1	-0.108
2091	will	2993503	38.869	36	26	-0.111
2092	lead	83367	1.083	1	1	-0.114
2093	yet	1835928	23.838	22	15	-0.116
2094	when	2343068	30.423	28	22	-0.12
2095	his	9217642	119.685	110	58	-0.122
2096	love	838220	10.884	10	4	-0.122
2097	be	9896153	128.495	118	72	-0.123
2098	worthy	168026	2.182	2	2	-0.125
2099	silver	84062	1.092	1	1	-0.126
2100	chosen	84591	1.098	1	1	-0.135
2101	one	2538275	32.958	30	21	-0.136
2102	hard	169293	2.198	2	2	-0.136
2103	gifts	84700	1.1	1	1	-0.137
2104	am	509469	6.615	6	6	-0.141
2105	precious	85205	1.106	1	1	-0.146
2106	yield	85483	1.11	1	1	-0.15
2107	deal	85541	1.111	1	1	-0.151
2108	full	343239	4.457	4	3	-0.156
2109	known	257669	3.346	3	3	-0.157
2110	]	429805	5.581	5	3	-0.159
2111	First	1465032	19.023	17	15	-0.162
2112	close	86281	1.12	1	1	-0.164
2113	Dead	259219	3.366	3	3	-0.166
2114	would	1733888	22.513	20	17	-0.171
2115	even	607522	7.888	7	7	-0.172
2116	returned	87529	1.137	1	1	-0.185
2117	Judge	262867	3.413	3	3	-0.186
2118	Knowing	87901	1.141	1	1	-0.191
2119	reward	88300	1.147	1	1	-0.197
2120	terms	88303	1.147	1	1	-0.197
2121	Captain	88772	1.153	1	1	-0.205
2122	together	444738	5.775	5	4	-0.208
2123	whole	534092	6.935	6	6	-0.209
2124	against	1339213	17.389	15	14	-0.213
2125	to	27864128	361.798	312	129	-0.214
2126	neither	537051	6.973	6	6	-0.217
2127	conclude	89613	1.164	1	1	-0.219
2128	wind	89919	1.168	1	1	-0.223
2129	think	539870	7.01	6	4	-0.224
2130	profit	90042	1.169	1	1	-0.225
2131	Empire	90491	1.175	1	1	-0.233
2132	read	271950	3.531	3	3	-0.235
2133	1	1451762	18.85	16	9	-0.237
2134	mine	181777	2.36	2	2	-0.239
2135	condemned	91164	1.184	1	1	-0.243
2136	strong	182777	2.373	2	2	-0.247
2137	sum	91719	1.191	1	1	-0.252
2138	25	91872	1.193	1	1	-0.254
2139	fully	92165	1.197	1	1	-0.259
2140	all	5908829	76.722	64	42	-0.262
2141	began	184715	2.398	2	2	-0.262
2142	used	278736	3.619	3	2	-0.271
2143	t	186780	2.425	2	2	-0.278
2144	Saint	186918	2.427	2	1	-0.279
2145	received	280865	3.647	3	3	-0.282
2146	as	9292085	120.652	99	53	-0.285
2147	army	188187	2.444	2	2	-0.289
2148	ones	94155	1.223	1	1	-0.29
2149	Marriage	94195	1.223	1	1	-0.291
2150	increase	94264	1.224	1	1	-0.292
2151	advantage	94526	1.227	1	1	-0.296
2152	namely	94600	1.228	1	1	-0.297
2153	give	758276	9.846	8	6	-0.299
2154	meat	94824	1.231	1	1	-0.3
2155	die	284558	3.695	3	3	-0.301
2156	Till	379902	4.933	4	4	-0.302
2157	object	94992	1.233	1	1	-0.303
2158	not	8929558	115.945	94	57	-0.303
2159	by	7416468	96.298	78	52	-0.304
2160	affection	95087	1.235	1	1	-0.304
2161	son	570683	7.41	6	4	-0.305
2162	suffer	191145	2.482	2	2	-0.311
2163	Beauty	95667	1.242	1	1	-0.313
2164	&c	479189	6.222	5	5	-0.315
2165	offer	96063	1.247	1	1	-0.319
2166	every	1057014	13.725	11	10	-0.319
2167	taken	481305	6.249	5	5	-0.322
2168	do	2417629	31.391	25	19	-0.328
2169	leaves	96805	1.257	1	1	-0.33
2170	speaking	96859	1.258	1	1	-0.331
2171	something	97686	1.268	1	1	-0.343
2172	making	195439	2.538	2	2	-0.344
2173	commonly	97748	1.269	1	1	-0.344
2174	fast	97823	1.27	1	1	-0.345
2175	beyond	98141	1.274	1	1	-0.35
2176	granted	98434	1.278	1	1	-0.354
2177	tells	98449	1.278	1	1	-0.354
2178	image	99324	1.29	1	1	-0.367
2179	loss	99713	1.295	1	1	-0.373
2180	few	199429	2.59	2	2	-0.373
2181	&#x14d;	499329	6.484	5	5	-0.375
2182	write	99970	1.298	1	1	-0.376
2183	made	1503973	19.528	15	11	-0.381
2184	goes	100413	1.304	1	1	-0.383
2185	greatest	200955	2.609	2	2	-0.384
2186	declare	100528	1.305	1	1	-0.384
2187	continue	100553	1.306	1	1	-0.385
2188	colour	100836	1.309	1	1	-0.389
2189	Thomas	100867	1.31	1	1	-0.389
2190	24	100969	1.311	1	1	-0.391
2191	v.	202373	2.628	2	2	-0.394
2192	age	202681	2.632	2	1	-0.396
2193	Churches	202693	2.632	2	2	-0.396
2194	express	101655	1.32	1	1	-0.4
2195	communion	101932	1.324	1	1	-0.404
2196	sorts	102012	1.325	1	1	-0.406
2197	land	307074	3.987	3	2	-0.41
2198	were	2871299	37.282	28	15	-0.413
2199	desires	102632	1.333	1	1	-0.414
2200	feet	102703	1.334	1	1	-0.415
2201	if	3293480	42.764	32	24	-0.418
2202	slain	102937	1.337	1	1	-0.419
2203	two	926661	12.032	9	7	-0.419
2204	since	412107	5.351	4	4	-0.42
2205	holiness	103065	1.338	1	1	-0.42
2206	kind	310094	4.026	3	2	-0.425
2207	Experience	103554	1.345	1	1	-0.427
2208	Pro	103839	1.348	1	1	-0.431
2209	suppose	104105	1.352	1	1	-0.435
2210	sign	104160	1.353	1	1	-0.436
2211	Immediately	104214	1.353	1	1	-0.436
2212	H.	104565	1.358	1	1	-0.441
2213	Charity	104646	1.359	1	1	-0.442
2214	custom	105184	1.366	1	1	-0.45
2215	5.	210462	2.733	2	2	-0.45
2216	&	2737777	35.548	26	18	-0.451
2217	divers	210634	2.735	2	2	-0.452
2218	what	2320680	30.133	22	19	-0.454
2219	22	105972	1.376	1	1	-0.46
2220	after	1272516	16.523	12	11	-0.461
2221	Princes	212093	2.754	2	2	-0.461
2222	3.	318523	4.136	3	3	-0.463
2223	very	1174247	15.247	11	8	-0.471
2224	13.	106799	1.387	1	1	-0.472
2225	minds	106848	1.387	1	1	-0.472
2226	has	321926	4.18	3	3	-0.479
2227	word	751485	9.758	7	6	-0.479
2228	men	1835942	23.839	17	8	-0.488
2229	Somewhat	108061	1.403	1	1	-0.489
2230	O	541781	7.035	5	4	-0.493
2231	he	9215356	119.656	85	54	-0.493
2232	desired	108540	1.409	1	1	-0.495
2233	whether	435425	5.654	4	3	-0.499
2234	night	217853	2.829	2	2	-0.5
2235	dear	109293	1.419	1	1	-0.505
2236	had	2740575	35.585	25	21	-0.509
2237	upon	2522161	32.749	23	23	-0.51
2238	witness	109825	1.426	1	1	-0.512
2239	state	329799	4.282	3	3	-0.513
2240	help	220081	2.858	2	2	-0.515
2241	meaning	110075	1.429	1	1	-0.515
2242	mentioned	110171	1.431	1	1	-0.517
2243	especially	220705	2.866	2	2	-0.519
2244	promises	110749	1.438	1	1	-0.524
2245	wherein	332751	4.321	3	3	-0.526
2246	plainly	111081	1.442	1	1	-0.528
2247	must	1333555	17.315	12	8	-0.529
2248	walk	111166	1.443	1	1	-0.529
2249	Satan	111662	1.45	1	1	-0.536
2250	equal	111972	1.454	1	1	-0.54
2251	Enough	225014	2.922	2	2	-0.547
2252	Lady	112639	1.463	1	1	-0.548
2253	offered	113433	1.473	1	1	-0.559
2254	Sometimes	226924	2.947	2	1	-0.559
2255	Lords	228223	2.963	2	2	-0.567
2256	3	571164	7.416	5	5	-0.569
2257	respect	229329	2.978	2	2	-0.574
2258	committed	115180	1.496	1	1	-0.581
2259	sent	348162	4.521	3	3	-0.592
2260	show	349122	4.533	3	3	-0.596
2261	near	232787	3.023	2	2	-0.596
2262	world	932868	12.113	8	7	-0.598
2263	remember	116819	1.517	1	1	-0.601
2264	length	117029	1.52	1	1	-0.604
2265	giving	117136	1.521	1	1	-0.605
2266	unto	1880305	24.415	16	6	-0.61
2267	being	1764433	22.91	15	14	-0.611
2268	judgment	235552	3.059	2	2	-0.613
2269	proved	118293	1.536	1	1	-0.619
2270	within	355110	4.611	3	2	-0.62
2271	more	2262327	29.375	19	13	-0.629
2272	conscience	238823	3.101	2	2	-0.633
2273	names	120160	1.56	1	1	-0.642
2274	purpose	240680	3.125	2	2	-0.644
2275	out	1686345	21.896	14	9	-0.645
2276	answer	362673	4.709	3	3	-0.65
2277	8	242055	3.143	2	2	-0.652
2278	war	243324	3.159	2	2	-0.66
2279	Hold	243646	3.164	2	2	-0.662
2280	well	1096551	14.238	9	8	-0.662
2281	mean	244094	3.169	2	2	-0.664
2282	they	6960305	90.375	57	37	-0.665
2283	substance	122160	1.586	1	1	-0.666
2284	person	366738	4.762	3	3	-0.667
2285	12.	122418	1.59	1	1	-0.669
2286	given	491070	6.376	4	4	-0.673
2287	takes	123079	1.598	1	1	-0.676
2288	goods	123513	1.604	1	1	-0.681
2289	Text	124188	1.613	1	1	-0.689
2290	little	624322	8.106	5	4	-0.697
2291	understood	125485	1.629	1	1	-0.704
2292	such	2262212	29.373	18	14	-0.707
2293	page	252043	3.273	2	1	-0.71
2294	four	252980	3.285	2	2	-0.716
2295	servant	127075	1.65	1	1	-0.722
2296	business	128020	1.662	1	1	-0.733
2297	Gods	640962	8.323	5	4	-0.735
2298	difference	128593	1.67	1	1	-0.74
2299	glorious	128843	1.673	1	1	-0.742
2300	haste	258415	3.355	2	2	-0.746
2301	before	1422340	18.468	11	11	-0.748
2302	Kingdom	388117	5.04	3	2	-0.748
2303	doing	129395	1.68	1	1	-0.749
2304	take	907131	11.779	7	7	-0.751
2305	grant	129668	1.684	1	1	-0.752
2306	There	2595192	33.697	20	14	-0.753
2307	never	778679	10.111	6	5	-0.753
2308	prayers	131302	1.705	1	1	-0.77
2309	times	394191	5.118	3	3	-0.771
2310	concerning	262903	3.414	2	2	-0.771
2311	observed	131498	1.707	1	1	-0.772
2312	happy	132157	1.716	1	1	-0.779
2313	went	264770	3.438	2	2	-0.782
2314	means	397591	5.163	3	3	-0.783
2315	their	5435041	70.571	41	34	-0.783
2316	meet	132574	1.721	1	1	-0.784
2317	Nations	132713	1.723	1	1	-0.785
2318	thence	133035	1.727	1	1	-0.789
2319	s	133183	1.729	1	1	-0.79
2320	go	533648	6.929	4	3	-0.793
2321	himself	1068396	13.873	8	7	-0.794
2322	save	133689	1.736	1	1	-0.796
2323	Next	271507	3.525	2	2	-0.818
2324	held	136444	1.772	1	1	-0.825
2325	another	682313	8.859	5	4	-0.825
2326	e	136544	1.773	1	1	-0.826
2327	hear	273421	3.55	2	2	-0.828
2328	either	552589	7.175	4	4	-0.843
2329	friend	138523	1.799	1	1	-0.847
2330	bound	138712	1.801	1	1	-0.849
2331	flesh	279311	3.627	2	2	-0.859
2332	From	3924250	50.954	28	21	-0.864
2333	cut	140466	1.824	1	1	-0.867
2334	high	281250	3.652	2	1	-0.869
2335	Crown	140652	1.826	1	1	-0.869
2336	greater	281340	3.653	2	2	-0.869
2337	Si	141064	1.832	1	1	-0.873
2338	can	1982819	25.746	14	14	-0.879
2339	work	425644	5.527	3	3	-0.881
2340	found	426408	5.537	3	3	-0.884
2341	at	3182175	41.319	22	15	-0.909
2342	4	434750	5.645	3	3	-0.912
2343	gave	290757	3.775	2	2	-0.917
2344	Come	1165618	15.135	8	7	-0.92
2345	in	20011385	259.835	137	84	-0.923
2346	c	292350	3.796	2	2	-0.924
2347	far	439291	5.704	3	3	-0.927
2348	Noble	146938	1.908	1	1	-0.932
2349	spoken	147126	1.91	1	1	-0.934
2350	know	736780	9.567	5	5	-0.936
2351	better	443737	5.762	3	3	-0.942
2352	notwithstanding	148685	1.931	1	1	-0.949
2353	new	447014	5.804	3	2	-0.952
2354	&c.	299097	3.884	2	2	-0.957
2355	True	751380	9.756	5	5	-0.964
2356	needs	150472	1.954	1	1	-0.966
2357	Use	603174	7.832	4	4	-0.969
2358	labour	151222	1.964	1	1	-0.973
2359	Christian	303553	3.941	2	2	-0.979
2360	put	607656	7.89	4	4	-0.98
2361	6	304045	3.948	2	2	-0.981
2362	always	304181	3.95	2	2	-0.982
2363	behold	152112	1.975	1	1	-0.982
2364	these	1985969	25.787	13	11	-0.988
2365	Prince	306162	3.975	2	1	-0.991
2366	therefore	1231317	15.988	8	7	-0.999
2367	which	6940930	90.124	45	35	-1.002
2368	excellent	155285	2.016	1	1	-1.012
2369	been	1095200	14.221	7	7	-1.023
2370	are	5017099	65.144	32	26	-1.026
2371	Peter	156920	2.038	1	1	-1.027
2372	own	1256418	16.314	8	7	-1.028
2373	already	157133	2.04	1	1	-1.029
2374	France	158078	2.053	1	1	-1.037
2375	vain	158202	2.054	1	1	-1.039
2376	three	474878	6.166	3	3	-1.039
2377	time	1426900	18.527	9	8	-1.042
2378	Christs	158654	2.06	1	1	-1.043
2379	causes	158986	2.064	1	1	-1.046
2380	faithful	159195	2.067	1	1	-1.048
2381	least	319491	4.148	2	2	-1.053
2382	good	1608969	20.892	10	7	-1.063
2383	words	643917	8.361	4	3	-1.064
2384	right	484646	6.293	3	2	-1.069
2385	off	323311	4.198	2	2	-1.07
2386	place	808630	10.5	5	4	-1.07
2387	enemy	162072	2.104	1	1	-1.073
2388	knew	162531	2.11	1	1	-1.078
2389	both	976138	12.675	6	6	-1.079
2390	any	2444028	31.734	15	8	-1.081
2391	se	163405	2.122	1	1	-1.085
2392	hands	327530	4.253	2	2	-1.088
2393	we	4105074	53.302	25	17	-1.092
2394	told	164509	2.136	1	1	-1.095
2395	general	331599	4.306	2	2	-1.106
2396	reason	664880	8.633	4	2	-1.11
2397	living	166437	2.161	1	1	-1.112
2398	bodies	169090	2.196	1	1	-1.135
2399	whatsoever	170245	2.211	1	1	-1.144
2400	only	1544540	20.055	9	8	-1.156
2401	wit	172149	2.235	1	1	-1.16
2402	thereby	172833	2.244	1	1	-1.166
2403	Too	521045	6.765	3	3	-1.173
2404	sight	174034	2.26	1	1	-1.176
2405	Queen	174640	2.268	1	1	-1.181
2406	thought	352735	4.58	2	2	-1.195
2407	death	707920	9.192	4	3	-1.2
2408	return	177443	2.304	1	1	-1.204
2409	command	177468	2.304	1	1	-1.204
2410	ill	177562	2.306	1	1	-1.205
2411	joy	178769	2.321	1	1	-1.215
2412	therein	178975	2.324	1	1	-1.217
2413	2.	358494	4.655	2	2	-1.219
2414	th	180132	2.339	1	1	-1.226
2415	acts	180390	2.342	1	1	-1.228
2416	half	181109	2.352	1	1	-1.234
2417	Lib.	181181	2.353	1	1	-1.234
2418	Without	1089706	14.149	6	6	-1.238
2419	thee	728077	9.454	4	4	-1.241
2420	father	550491	7.148	3	3	-1.253
2421	Wherefore	183911	2.388	1	1	-1.256
2422	laid	184949	2.401	1	1	-1.264
2423	understand	185715	2.411	1	1	-1.27
2424	Heart	559805	7.269	3	2	-1.277
2425	honour	374182	4.859	2	2	-1.281
2426	speak	374513	4.863	2	2	-1.282
2427	themselves	761621	9.889	4	4	-1.306
2428	alone	190842	2.478	1	1	-1.309
2429	Per	190947	2.479	1	1	-1.31
2430	learned	191725	2.489	1	1	-1.316
2431	i.	191916	2.492	1	1	-1.317
2432	persons	384539	4.993	2	2	-1.32
2433	children	387096	5.026	2	2	-1.329
2434	ancient	193683	2.515	1	1	-1.331
2435	Liberty	193859	2.517	1	1	-1.332
2436	ways	194504	2.526	1	1	-1.337
2437	Saints	194939	2.531	1	1	-1.34
2438	12	195478	2.538	1	1	-1.344
2439	strength	196140	2.547	1	1	-1.349
2440	quod	196567	2.552	1	1	-1.352
2441	bear	196568	2.552	1	1	-1.352
2442	fit	197019	2.558	1	1	-1.355
2443	brought	394377	5.121	2	2	-1.356
2444	rest	396125	5.143	2	2	-1.363
2445	serve	198842	2.582	1	1	-1.368
2446	done	601055	7.804	3	3	-1.379
2447	could	808277	10.495	4	4	-1.392
2448	force	202958	2.635	1	1	-1.398
2449	Cor.	203716	2.645	1	1	-1.403
2450	ye	825703	10.721	4	4	-1.422
2451	worship	206782	2.685	1	1	-1.425
2452	part	827721	10.747	4	4	-1.426
2453	John	415725	5.398	2	2	-1.432
2454	though	1040761	13.514	5	3	-1.434
2455	those	1667771	21.655	8	7	-1.437
2456	again	627628	8.149	3	3	-1.442
2457	hundred	212307	2.757	1	1	-1.463
2458	innon-Latinalphabet	427513	5.551	2	2	-1.473
2459	Apostle	213865	2.777	1	1	-1.473
2460	public	215912	2.804	1	1	-1.487
2461	likewise	215998	2.805	1	1	-1.488
2462	day	864384	11.224	4	3	-1.488
2463	Christians	219658	2.852	1	1	-1.512
2464	them	4855982	63.052	22	19	-1.519
2465	service	222275	2.886	1	1	-1.529
2466	does	222564	2.89	1	1	-1.531
2467	thing	892670	11.591	4	4	-1.535
2468	care	224334	2.913	1	1	-1.542
2469	him	4270811	55.454	19	16	-1.545
2470	last	450430	5.849	2	2	-1.548
2471	earth	451529	5.863	2	2	-1.552
2472	seen	227877	2.959	1	1	-1.565
2473	council	228985	2.973	1	1	-1.572
2474	thereof	458302	5.951	2	2	-1.573
2475	often	229358	2.978	1	1	-1.574
2476	&#x16b;	232932	3.025	1	1	-1.597
2477	manner	467036	6.064	2	2	-1.6
2478	Holy	701649	9.111	3	3	-1.603
2479	Sea	233892	3.037	1	1	-1.603
2480	stand	235721	3.061	1	1	-1.614
2481	pass	235903	3.063	1	1	-1.615
2482	hand	471988	6.129	2	2	-1.616
2483	might	949632	12.33	4	3	-1.624
2484	body	712249	9.248	3	3	-1.624
2485	ground	237796	3.088	1	1	-1.626
2486	also	1433690	18.616	6	6	-1.633
2487	much	1448309	18.805	6	4	-1.648
2488	Wise	241600	3.137	1	1	-1.649
2489	souls	242572	3.15	1	1	-1.655
2490	third	242706	3.151	1	1	-1.656
2491	Further	242781	3.152	1	1	-1.656
2492	us	2216337	28.778	9	9	-1.677
2493	into	1727535	22.431	7	7	-1.68
2494	particular	248725	3.23	1	1	-1.691
2495	it	11231693	145.837	45	30	-1.696
2496	side	250068	3.247	1	1	-1.699
2497	necessary	250405	3.251	1	1	-1.701
2498	way	756236	9.819	3	3	-1.711
2499	look	255208	3.314	1	1	-1.728
2500	tell	255280	3.315	1	1	-1.729
2501	comes	255457	3.317	1	1	-1.73
2502	power	776557	10.083	3	3	-1.749
2503	former	261116	3.39	1	1	-1.761
2504	Number	269531	3.5	1	1	-1.807
2505	soul	555660	7.215	2	2	-1.851
2506	just	281045	3.649	1	1	-1.868
2507	left	284479	3.694	1	1	-1.885
2508	end	571167	7.416	2	2	-1.891
2509	having	579260	7.521	2	2	-1.911
2510	cause	585252	7.599	2	2	-1.926
2511	While	300747	3.905	1	1	-1.965
2512	indeed	301803	3.919	1	1	-1.97
2513	our	3333885	43.288	11	11	-1.976
2514	several	304872	3.959	1	1	-1.985
2515	desire	306364	3.978	1	1	-1.992
2516	Christ	1858951	24.137	6	6	-2.008
2517	country	310285	4.029	1	1	-2.01
2518	Nothing	640275	8.314	2	2	-2.055
2519	God	4174430	54.202	13	10	-2.06
2520	between	321208	4.171	1	1	-2.06
2521	spirit	654859	8.503	2	2	-2.088
2522	order	331304	4.302	1	1	-2.105
2523	others	665440	8.64	2	2	-2.111
2524	ad	336628	4.371	1	1	-2.128
2525	5	338721	4.398	1	1	-2.137
2526	other	2103223	27.309	6	6	-2.186
2527	year	352165	4.573	1	1	-2.193
2528	Law	712338	9.249	2	2	-2.209
2529	above	357391	4.641	1	1	-2.214
2530	evil	357919	4.647	1	1	-2.216
2531	sins	361871	4.699	1	1	-2.232
2532	Sin	729699	9.475	2	2	-2.244
2533	peace	369451	4.797	1	1	-2.262
2534	present	383135	4.975	1	1	-2.315
2535	glory	384462	4.992	1	1	-2.32
2536	days	393520	5.11	1	1	-2.353
2537	light	399350	5.185	1	1	-2.374
2538	fear	406154	5.274	1	1	-2.399
2539	Religion	406309	5.276	1	1	-2.399
2540	same	1256120	16.31	3	3	-2.443
2541	years	427133	5.546	1	1	-2.471
2542	matter	427808	5.555	1	1	-2.474
2543	things	1357990	17.633	3	3	-2.555
2544	than	940786	12.216	2	2	-2.611
2545	&#x113;	491365	6.38	1	1	-2.674
2546	its	492268	6.392	1	1	-2.676
2547	according	502781	6.528	1	1	-2.707
2548	Heaven	503504	6.538	1	1	-2.709
2549	grace	516661	6.709	1	1	-2.746
2550	over	545201	7.079	1	1	-2.824
2551	Long	571124	7.416	1	1	-2.891
2552	King	1308410	16.989	2	2	-3.087
2553	about	661900	8.594	1	1	-3.103
2554	Lord	1459090	18.945	2	2	-3.244
2555	faith	762492	9.901	1	1	-3.308
2556	de	804522	10.446	1	1	-3.385
2557	people	885047	11.492	1	1	-3.523
2558	Onkclos	1	0	1	1	n/a
2559	Dingles	2	0	1	1	n/a
2560	Sempster.	2	0	1	1	n/a
2561	purpoured	1	0	1	1	n/a
2562	Lambe-stones	2	0	1	1	n/a
2563	perpetrte	1	0	1	1	n/a
2564	H'inuited	2	0	1	1	n/a
2565	impressioned	3	0	1	1	n/a
2566	heroyique	1	0	1	1	n/a
2567	prostantibus	3	0	1	1	n/a
2568	ouer-stew	1	0	1	1	n/a
2569	inyfully	1	0	1	1	n/a
2570	flatt'rings	2	0	1	1	n/a
2571	Seiden.	1	0	1	1	n/a
2572	Holyship	3	0	1	1	n/a
2573	neckcloathes	1	0	1	1	n/a
2574	Gagan	1	0	1	1	n/a
2575	Shortheeles	2	0	1	1	n/a
2576	buckeheaded	1	0	1	1	n/a
2577	Coany	2	0	1	1	n/a
2578	foeheads	1	0	1	1	n/a
2579	acrant	1	0	1	1	n/a
2580	Asebie	2	0	1	1	n/a
2581	midage	3	0	1	1	n/a
2582	Rephabus	1	0	1	1	n/a
2583	tel'	2	0	1	1	n/a
2584	figge-leaue-righteousnesse	2	0	2	2	n/a
2585	perurted	1	0	1	1	n/a
2586	Anagnus	3	0	1	1	n/a
2587	holy-waterbottle	1	0	1	1	n/a
2588	seauenheaded	2	0	1	1	n/a
2589	Paparm.	1	0	1	1	n/a
2590	honcster	1	0	1	1	n/a
2591	Sweetbreds	1	0	1	1	n/a
2592	Bearix	2	0	1	1	n/a
2593	Kedeshah	3	0	1	1	n/a
2594	dewraying	1	0	1	1	n/a
2595	purt'nance	3	0	1	1	n/a
2596	Suctonij	3	0	1	1	n/a
2597	Babalonish	3	0	1	1	n/a
2598	vmelian	1	0	1	1	n/a
2599	Ezdu	1	0	1	1	n/a
2600	Tibri.	1	0	1	1	n/a
2601	leaczari	1	0	1	1	n/a
2602	Gentlemomen	2	0	1	1	n/a
2603	Chambrmayd	1	0	1	1	n/a
2604	Mlians	1	0	1	1	n/a
2605	Etigafou	1	0	1	1	n/a
2606	th'Odes	1	0	1	1	n/a
2607	Triamala	1	0	1	1	n/a
