https://cqpweb.lancs.ac.uk/eebov3/concordance.php?pp=1&theData=%7Bwhore%2FN%7D&qmode=sq_nocase&del=begin%26t%3D-%7Cyear%7E1626%26t%3D-%7Cyear%7E1627%26t%3D-%7Cyear%7E1628%26t%3D-%7Cyear%7E1629%26t%3D-%7Cyear%7E1630%26t%3D-%7Cyear%7E1631%26t%3D-%7Cyear%7E1632%26t%3D-%7Cyear%7E1633%26t%3D-%7Cyear%7E1634%26t%3D-%7Cyear%7E1635&del=end&uT=yThere are 2,555 different words in your collocation database for "[lemma="(whore)_SUBST"%c]". (Your query "{whore/N}", restricted to texts meeting criteria "<em>year</em>: <em>1626</em> or <em>1627</em> or <em>1628</em> or <em>1629</em> or <em>1630</em> or <em>1631</em> or <em>1632</em> or <em>1633</em> or <em>1634</em> or <em>1635</em>",  returned 1,435 matches in 319 different texts)  
__________________

No.	Word	Total no. in whole corpus	Expected collocate frequency	Observed collocate frequency	In no. of texts	Mutual information value

1	Charater	10	0	1	1	13.288
2	cowbaby	5	0	1	1	13.288
3	a-loud	12	0	1	1	13.288
4	Labulla	7	0	1	1	13.288
5	Super-superlatively	6	0	1	1	13.288
6	Knaes	8	0	1	1	13.288
7	brauings	10	0	1	1	13.288
8	sixe-penny	7	0	1	1	13.288
9	Issureibiah	11	0	1	1	13.288
10	bravings	11	0	1	1	13.288
11	Zonah	20	0	2	1	13.288
12	Necromantical	6	0	1	1	13.288
13	wisedme	16	0	2	1	13.288
14	Exanthus	7	0	1	1	13.288
15	17.4.5	11	0	1	1	13.288
16	Phrene	8	0	1	1	13.288
17	comprizd	5	0	1	1	13.288
18	deceitfullest	9	0	1	1	13.288
19	Barretours	11	0	1	1	13.288
20	Carfinia	6	0	1	1	13.288
21	Doride	10	0	1	1	13.288
22	Vistilia	8	0	1	1	13.288
23	condmneth	6	0	1	1	13.288
24	Gamester.	6	0	1	1	13.288
25	Betris	9	0	1	1	13.288
26	Out-flatter	6	0	1	1	13.288
27	Colloom	7	0	1	1	13.288
28	yring	8	0	1	1	13.288
29	teaming	19	0	1	1	12.288
30	deflowreth	15	0	1	1	12.288
31	Clubbers	14	0	1	1	12.288
32	Ioane.	15	0	1	1	12.288
33	Devotaries	15	0	1	1	12.288
34	Ethnan	13	0	1	1	12.288
35	Th'vniust	13	0	1	1	12.288
36	Pimpes	18	0	1	1	12.288
37	famosissima	16	0	1	1	12.288
38	Kaue	14	0	1	1	12.288
39	Would'	17	0	1	1	12.288
40	threw't	19	0	1	1	12.288
41	Kadash	13	0	1	1	12.288
42	Fitchow	19	0	1	1	12.288
43	sitteh	15	0	1	1	12.288
44	committings	17	0	1	1	12.288
45	aluring	35	0	2	2	12.288
46	arrants	28	0	1	1	11.703
47	theeve	25	0	1	1	11.703
48	Harlets	21	0	1	1	11.703
49	prones	29	0	1	1	11.703
50	behel	26	0	1	1	11.703
51	She'l	22	0	1	1	11.703
52	intertayn	24	0	1	1	11.703
53	forchead	21	0	1	1	11.703
54	Scapha	54	0.001	2	1	11.703
55	Iacom	23	0	1	1	11.703
56	Procula	29	0	1	1	11.703
57	profaneth	62	0.001	2	2	11.48
58	Stone-crop	55	0.001	2	1	11.48
59	42.43.	31	0	1	1	11.288
60	Vieja	31	0	1	1	11.288
61	giglet	37	0	1	1	11.288
62	48.4.	31	0	1	1	11.288
63	Kitchin-maid	33	0	1	1	11.288
64	Luciferian.	34	0	1	1	11.288
65	Curry-combe	33	0	1	1	11.288
66	reuerseth	37	0	1	1	11.288
67	Pot-companion	43	0.001	1	1	10.966
68	Owches	41	0.001	1	1	10.966
69	Babylonicam	39	0.001	1	1	10.966
70	Pleberio	43	0.001	1	1	10.966
71	Moonelight	38	0.001	1	1	10.966
72	Cladius	39	0.001	1	1	10.966
73	belieu	40	0.001	1	1	10.966
74	Hackneys	95	0.001	2	2	10.828
75	zey	52	0.001	1	1	10.703
76	ouer-worne	54	0.001	1	1	10.703
77	modulate	50	0.001	1	1	10.703
78	proiectors	49	0.001	1	1	10.703
79	PVP	161	0.002	3	1	10.625
80	Soran	109	0.001	2	1	10.587
81	afaire	58	0.001	1	1	10.48
82	bold-fac	59	0.001	1	1	10.48
83	harlott	56	0.001	1	1	10.48
84	Fabulla	58	0.001	1	1	10.48
85	Nicolaitanes	62	0.001	1	1	10.48
86	Guilt-head	65	0.001	1	1	10.288
87	who'le	71	0.001	1	1	10.288
88	practie	63	0.001	1	1	10.288
89	Stonecrop	70	0.001	1	1	10.288
90	Caparisoned	69	0.001	1	1	10.288
91	councilled	69	0.001	1	1	10.288
92	mid-wiues	67	0.001	1	1	10.288
93	mongers	208	0.003	3	3	10.229
94	brawled	73	0.001	1	1	10.118
95	Chymia	79	0.001	1	1	10.118
96	Arbactus	76	0.001	1	1	10.118
97	bordell	79	0.001	1	1	10.118
98	flattry	79	0.001	1	1	10.118
99	carted	237	0.003	3	3	10.065
100	Sorceresses	85	0.001	1	1	9.966
101	recants	82	0.001	1	1	9.966
102	Iosselina	81	0.001	1	1	9.966
103	Whore-house	84	0.001	1	1	9.966
104	Necess.	80	0.001	1	1	9.966
105	Bayards	83	0.001	1	1	9.966
106	Spend-thrifts	95	0.001	1	1	9.828
107	Welborne	95	0.001	1	1	9.828
108	Castruchio	88	0.001	1	1	9.828
109	Good-fellowes	89	0.001	1	1	9.828
110	Catamite	96	0.001	1	1	9.828
111	Theophile	91	0.001	1	1	9.828
112	Puritanicall	191	0.002	2	2	9.764
113	counterfeiteth	102	0.001	1	1	9.703
114	Brooches	101	0.001	1	1	9.703
115	Hyperides	98	0.001	1	1	9.703
116	Duckat	103	0.001	1	1	9.703
117	Laurieta	98	0.001	1	1	9.703
118	Bawd	2878	0.034	28	18	9.669
119	purpled	209	0.003	2	2	9.644
120	swaggers	112	0.001	1	1	9.587
121	insnar	108	0.001	1	1	9.587
122	Elicia	112	0.001	1	1	9.587
123	Nnne	112	0.001	1	1	9.587
124	Asam	106	0.001	1	1	9.587
125	Ballio	113	0.001	1	1	9.587
126	candlelight	113	0.001	1	1	9.587
127	Areusa	106	0.001	1	1	9.587
128	Hydrophobia	110	0.001	1	1	9.587
129	Bilbo	223	0.003	2	1	9.533
130	stigmatical	114	0.001	1	1	9.48
131	Scismaticks	118	0.001	1	1	9.48
132	canters	121	0.001	1	1	9.48
133	Spittles	118	0.001	1	1	9.48
134	Paradine	120	0.001	1	1	9.48
135	1203	119	0.001	1	1	9.48
136	Babilon.	114	0.001	1	1	9.48
137	paynteth	118	0.001	1	1	9.48
138	meretricem	123	0.002	1	1	9.381
139	Gaz	254	0.003	2	1	9.381
140	belon	122	0.002	1	1	9.381
141	libeat	127	0.002	1	1	9.381
142	th'only	123	0.002	1	1	9.381
143	Rachab	127	0.002	1	1	9.381
144	Pricket	128	0.002	1	1	9.381
145	queans	255	0.003	2	2	9.381
146	Iezabell	269	0.003	2	2	9.288
147	Babilons	136	0.002	1	1	9.288
148	hoarce	135	0.002	1	1	9.288
149	Taxa	132	0.002	1	1	9.288
150	Uenetian	134	0.002	1	1	9.288
151	flatt'ry	140	0.002	1	1	9.2
152	Orl	431	0.005	3	1	9.2
153	spick	141	0.002	1	1	9.2
154	19.2.	299	0.004	2	2	9.118
155	wickedst	153	0.002	1	1	9.118
156	unguided	147	0.002	1	1	9.118
157	monger	153	0.002	1	1	9.118
158	Panders	464	0.006	3	3	9.091
159	Arsace	315	0.004	2	1	9.04
160	Hutch	163	0.002	1	1	9.04
161	meritoria	158	0.002	1	1	9.04
162	Meretrix	474	0.006	3	3	9.04
163	Pander	805	0.01	5	5	9.025
164	Babylons	987	0.012	6	6	8.99
165	wath	168	0.002	1	1	8.966
166	forgoes	167	0.002	1	1	8.966
167	Hermia	169	0.002	1	1	8.966
168	Bullinger.	171	0.002	1	1	8.966
169	adherers	166	0.002	1	1	8.966
170	tiffany	178	0.002	1	1	8.895
171	Whore-master	178	0.002	1	1	8.895
172	23.18	179	0.002	1	1	8.895
173	Brothels	180	0.002	1	1	8.895
174	Alteza	178	0.002	1	1	8.895
175	arrant	1596	0.019	9	6	8.88
176	Blanda	369	0.004	2	1	8.828
177	Rhod	371	0.004	2	1	8.828
178	Iezabels	181	0.002	1	1	8.828
179	Squ	193	0.002	1	1	8.764
180	frizzled	195	0.002	1	1	8.764
181	facit.	189	0.002	1	1	8.764
182	Cand	392	0.005	2	1	8.733
183	stiffened	198	0.002	1	1	8.703
184	1003	203	0.002	1	1	8.703
185	Apostats	203	0.002	1	1	8.703
186	monwealth	200	0.002	1	1	8.703
187	676	408	0.005	2	2	8.673
188	899	208	0.003	1	1	8.644
189	Synonima	212	0.003	1	1	8.644
190	ner'e	209	0.003	1	1	8.644
191	Ien	220	0.003	1	1	8.587
192	faher	221	0.003	1	1	8.587
193	Pareus.	222	0.003	1	1	8.587
194	cogitans	218	0.003	1	1	8.587
195	Bian	224	0.003	1	1	8.533
196	bawds	1844	0.022	8	5	8.506
197	haunteth	231	0.003	1	1	8.48
198	898	232	0.003	1	1	8.48
199	bastardly	466	0.006	2	2	8.48
200	Kirtle	241	0.003	1	1	8.43
201	muffle	242	0.003	1	1	8.43
202	Vns	246	0.003	1	1	8.43
203	Lodw	251	0.003	1	1	8.381
204	Sempr	251	0.003	1	1	8.381
205	Centurio	253	0.003	1	1	8.381
206	749	249	0.003	1	1	8.381
207	23.27	248	0.003	1	1	8.381
208	noone-day	249	0.003	1	1	8.381
209	496.	260	0.003	1	1	8.334
210	Fow	263	0.003	1	1	8.334
211	Goodl	258	0.003	1	1	8.334
212	renownd	260	0.003	1	1	8.334
213	lavished	260	0.003	1	1	8.334
214	stiffe-necked	268	0.003	1	1	8.288
215	23.2.	264	0.003	1	1	8.288
216	tiding	273	0.003	1	1	8.243
217	26.1	279	0.003	1	1	8.243
218	Euan	275	0.003	1	1	8.243
219	graceles	275	0.003	1	1	8.243
220	pn	288	0.003	1	1	8.2
221	Thou't	281	0.003	1	1	8.2
222	greatnesses	284	0.003	1	1	8.2
223	Iag	293	0.004	1	1	8.158
224	T.S	295	0.004	1	1	8.158
225	pocky	594	0.007	2	1	8.138
226	Celest	305	0.004	1	1	8.118
227	17.2.	314	0.004	1	1	8.078
228	Gammer	309	0.004	1	1	8.078
229	21.9.	311	0.004	1	1	8.078
230	Smug	624	0.007	2	1	8.078
231	Lecher	616	0.007	2	2	8.078
232	bosses	313	0.004	1	1	8.078
233	17.4	642	0.008	2	2	8.021
234	Dancers	972	0.012	3	1	8.015
235	uncleanesse	330	0.004	1	1	8.002
236	sanity	327	0.004	1	1	8.002
237	Revelat.	327	0.004	1	1	8.002
238	strumpet	3285	0.039	10	9	7.995
239	Dirge	336	0.004	1	1	7.966
240	annates	336	0.004	1	1	7.966
241	Bawdy-house	334	0.004	1	1	7.966
242	oney	333	0.004	1	1	7.966
243	Yare	338	0.004	1	1	7.966
244	whoremonger	678	0.008	2	2	7.948
245	Amanda	343	0.004	1	1	7.93
246	wate	340	0.004	1	1	7.93
247	Concupisence	354	0.004	1	1	7.895
248	doubleness	350	0.004	1	1	7.895
249	apostaticall	362	0.004	1	1	7.861
250	sheele	357	0.004	1	1	7.861
251	Whittington	368	0.004	1	1	7.828
252	673	373	0.005	1	1	7.796
253	whoreson	378	0.005	1	1	7.796
254	prostitutes	382	0.005	1	1	7.764
255	Rowze	384	0.005	1	1	7.764
256	698	388	0.005	1	1	7.764
257	scolding	1186	0.014	3	2	7.723
258	oure	399	0.005	1	1	7.703
259	Adulteresses	398	0.005	1	1	7.703
260	subtlest	400	0.005	1	1	7.703
261	7.19.	410	0.005	1	1	7.673
262	Babylon	38888	0.464	93	57	7.646
263	heart-strings	419	0.005	1	1	7.644
264	prostituted	1269	0.015	3	1	7.634
265	Petrarch	846	0.01	2	2	7.63
266	Bryde	432	0.005	1	1	7.587
267	scold	1303	0.016	3	3	7.587
268	taverner	440	0.005	1	1	7.56
269	insatiate	894	0.011	2	1	7.546
270	Iezabel	1348	0.016	3	3	7.542
271	7.18.	459	0.006	1	1	7.506
272	Thais	936	0.011	2	2	7.48
273	Galla	470	0.006	1	1	7.48
274	Land-Lords	466	0.006	1	1	7.48
275	reckned	474	0.006	1	1	7.455
276	niet	483	0.006	1	1	7.43
277	accumulate	491	0.006	1	1	7.405
278	practiser	504	0.006	1	1	7.381
279	Ste.	502	0.006	1	1	7.381
280	scarlet	9179	0.11	18	13	7.36
281	Nothus	508	0.006	1	1	7.357
282	domes	510	0.006	1	1	7.357
283	Hee'le	522	0.006	1	1	7.334
284	leavings	519	0.006	1	1	7.334
285	Slut	523	0.006	1	1	7.334
286	fringed	523	0.006	1	1	7.334
287	beleaguered	521	0.006	1	1	7.334
288	Dices	518	0.006	1	1	7.334
289	Vasques	527	0.006	1	1	7.31
290	prostitution	531	0.006	1	1	7.31
291	bearded	1068	0.013	2	2	7.299
292	apostatising	534	0.006	1	1	7.288
293	Leman	537	0.006	1	1	7.288
294	22.15	537	0.006	1	1	7.288
295	brat	1070	0.013	2	2	7.288
296	cme	533	0.006	1	1	7.288
297	ary	544	0.007	1	1	7.265
298	fiddlers	1087	0.013	2	2	7.265
299	hire	8785	0.105	16	7	7.253
300	Hayes	551	0.007	1	1	7.243
301	Yell	567	0.007	1	1	7.2
302	Fornicator	1143	0.014	2	2	7.2
303	517	570	0.007	1	1	7.2
304	fornications	1721	0.021	3	3	7.193
305	strumpets	1159	0.014	2	2	7.179
306	pessima	579	0.007	1	1	7.179
307	17.5.	581	0.007	1	1	7.179
308	liceret	576	0.007	1	1	7.179
309	lae	587	0.007	1	1	7.158
310	unpitied	586	0.007	1	1	7.158
311	Babilon	5325	0.064	9	8	7.145
312	Pedigrees	594	0.007	1	1	7.138
313	bowling	592	0.007	1	1	7.138
314	511	598	0.007	1	1	7.138
315	8.5.	597	0.007	1	1	7.138
316	recompensing	591	0.007	1	1	7.138
317	scelerum	606	0.007	1	1	7.118
318	Dancer	603	0.007	1	1	7.118
319	whore	20634	0.246	34	10	7.109
320	courtesans	1216	0.015	2	2	7.108
321	brothel	610	0.007	1	1	7.098
322	census	628	0.008	1	1	7.059
323	Ioane	2539	0.03	4	3	7.045
324	inveigled	636	0.008	1	1	7.04
325	Bridewell	1285	0.015	2	2	7.03
326	libidinous	649	0.008	1	1	7.021
327	17.2	642	0.008	1	1	7.021
328	entices	645	0.008	1	1	7.021
329	hies	653	0.008	1	1	7.002
330	harlot	9167	0.109	14	9	7
331	Gin	1317	0.016	2	2	6.993
332	Ruffians	1326	0.016	2	1	6.984
333	Disclaims	665	0.008	1	1	6.984
334	Coach	9292	0.111	14	1	6.98
335	wrinkled	2004	0.024	3	3	6.972
336	paints	1352	0.016	2	2	6.957
337	Cormorant	679	0.008	1	1	6.948
338	Camera	680	0.008	1	1	6.948
339	swaggering	689	0.008	1	1	6.93
340	carouse	690	0.008	1	1	6.93
341	Flora	2078	0.025	3	3	6.918
342	haunting	700	0.008	1	1	6.895
343	LAN	2137	0.026	3	1	6.878
344	Sorceress	710	0.009	1	1	6.878
345	Proposit.	709	0.009	1	1	6.878
346	minora	710	0.009	1	1	6.878
347	Anagram	724	0.009	1	1	6.861
348	steeled	728	0.009	1	1	6.845
349	suburb	730	0.009	1	1	6.845
350	peruerting	727	0.009	1	1	6.845
351	dishonours	1478	0.018	2	2	6.828
352	dresses	1473	0.018	2	2	6.828
353	Alehouses	734	0.009	1	1	6.828
354	dimmed	757	0.009	1	1	6.796
355	Numen	1522	0.018	2	2	6.78
356	baud	767	0.009	1	1	6.764
357	436	777	0.009	1	1	6.749
358	Drone	789	0.009	1	1	6.733
359	documents	1587	0.019	2	2	6.725
360	numina	795	0.01	1	1	6.718
361	brace	1591	0.019	2	2	6.718
362	apron	802	0.01	1	1	6.703
363	croaking	805	0.01	1	1	6.703
364	Doll	807	0.01	1	1	6.703
365	Dinah	810	0.01	1	1	6.688
366	aduers	810	0.01	1	1	6.688
367	Bab	823	0.01	1	1	6.673
368	WALT	829	0.01	1	1	6.658
369	Messalina	832	0.01	1	1	6.658
370	prostitute	2508	0.03	3	3	6.649
371	Reu.	3351	0.04	4	4	6.644
372	Calisto	836	0.01	1	1	6.644
373	haunted	2517	0.03	3	1	6.644
374	divorced	3378	0.04	4	3	6.633
375	Examinate	850	0.01	1	1	6.63
376	adulterer	4237	0.051	5	5	6.627
377	Sweet-heart	864	0.01	1	1	6.601
378	bond-woman	864	0.01	1	1	6.601
379	cram	875	0.01	1	1	6.587
380	3.3.	1739	0.021	2	2	6.587
381	played	11334	0.135	13	9	6.586
382	monumenta	880	0.011	1	1	6.573
383	disdainfully	879	0.011	1	1	6.573
384	arse	879	0.011	1	1	6.573
385	Paramour	878	0.011	1	1	6.573
386	rifle	902	0.011	1	1	6.533
387	headstrong	906	0.011	1	1	6.533
388	props	1825	0.022	2	1	6.52
389	Jester	911	0.011	1	1	6.52
390	Apoc	918	0.011	1	1	6.506
391	15.3	934	0.011	1	1	6.493
392	tolerating	934	0.011	1	1	6.493
393	forehead	12159	0.145	13	12	6.485
394	Puta	937	0.011	1	1	6.48
395	Babels	948	0.011	1	1	6.468
396	displaying	944	0.011	1	1	6.468
397	lactis	949	0.011	1	1	6.468
398	pertinacious	952	0.011	1	1	6.455
399	boldest	959	0.011	1	1	6.455
400	thefe	978	0.012	1	1	6.417
401	Lod	1974	0.024	2	1	6.405
402	Bastards	3979	0.048	4	3	6.396
403	gest	1001	0.012	1	1	6.393
404	shoo	1008	0.012	1	1	6.381
405	piper	1006	0.012	1	1	6.381
406	Ludgate	1008	0.012	1	1	6.381
407	bewitching	2007	0.024	2	2	6.381
408	Hell-fire	1012	0.012	1	1	6.369
409	9.2	1023	0.012	1	1	6.357
410	profanenesse	1036	0.012	1	1	6.334
411	17.1	1045	0.013	1	1	6.322
412	Knaves	5254	0.063	5	3	6.317
413	Gill	1056	0.013	1	1	6.31
414	harlots	5276	0.063	5	5	6.31
415	Apostatised	1065	0.013	1	1	6.299
416	7.11	1073	0.013	1	1	6.288
417	spends	4330	0.052	4	3	6.274
418	jade	2169	0.026	2	2	6.271
419	avenging	1095	0.013	1	1	6.254
420	Cooper	2193	0.026	2	1	6.254
421	Sampsons	1099	0.013	1	1	6.254
422	whores	5508	0.066	5	4	6.25
423	Courtesan	1103	0.013	1	1	6.243
424	foreheads	3324	0.04	3	3	6.24
425	Knave	8870	0.106	8	6	6.239
426	Rampant	2244	0.027	2	2	6.222
427	Concubine	3397	0.041	3	2	6.211
428	priuilegio	1135	0.014	1	1	6.211
429	barbers	1134	0.014	1	1	6.211
430	T'was	1127	0.014	1	1	6.211
431	Bess	1159	0.014	1	1	6.179
432	Maimony	1161	0.014	1	1	6.169
433	adulterated	1175	0.014	1	1	6.158
434	procurer	1187	0.014	1	1	6.138
435	Bea	1189	0.014	1	1	6.138
436	paintings	1197	0.014	1	1	6.128
437	prodigally	1202	0.014	1	1	6.128
438	gins	1211	0.015	1	1	6.108
439	Arraign	1215	0.015	1	1	6.108
440	undecent	1218	0.015	1	1	6.108
441	Onuphrius	1215	0.015	1	1	6.108
442	ungracious	2462	0.029	2	1	6.088
443	roars	1232	0.015	1	1	6.088
444	continet	1239	0.015	1	1	6.078
445	wie	1252	0.015	1	1	6.069
446	9.1	1257	0.015	1	1	6.059
447	joyneth	1272	0.015	1	1	6.04
448	offense	1276	0.015	1	1	6.04
449	fulsome	1271	0.015	1	1	6.04
450	thief	23047	0.275	18	9	6.032
451	firebrands	1283	0.015	1	1	6.03
452	murderous	1283	0.015	1	1	6.03
453	adulterers	5137	0.061	4	4	6.028
454	playing	10275	0.123	8	6	6.028
455	Stews	2587	0.031	2	1	6.016
456	Thyatira	1296	0.016	1	1	6.012
457	purple	18224	0.218	14	11	6.008
458	spun	2608	0.031	2	2	6.007
459	Epigram	2632	0.031	2	2	5.993
460	Stationers	1318	0.016	1	1	5.993
461	ning	1325	0.016	1	1	5.984
462	3.16.	2653	0.032	2	1	5.979
463	imitates	1329	0.016	1	1	5.975
464	Hackney	1328	0.016	1	1	5.975
465	Abbeys	2663	0.032	2	2	5.975
466	signo	1339	0.016	1	1	5.966
467	smock	1342	0.016	1	1	5.966
468	Torm	1342	0.016	1	1	5.966
469	mit	1339	0.016	1	1	5.966
470	Priscus	1353	0.016	1	1	5.957
471	declaim	1350	0.016	1	1	5.957
472	Lais	1345	0.016	1	1	5.957
473	Vald	1369	0.016	1	1	5.939
474	Cadmus	1372	0.016	1	1	5.93
475	day-light	1374	0.016	1	1	5.93
476	Receptacles	1385	0.017	1	1	5.921
477	alludeth	1397	0.017	1	1	5.904
478	decks	1409	0.017	1	1	5.895
479	witless	1427	0.017	1	1	5.878
480	Thamar	1424	0.017	1	1	5.878
481	riotous	2846	0.034	2	2	5.878
482	hyre	1435	0.017	1	1	5.87
483	desolate	12933	0.154	9	8	5.865
484	stale	4338	0.052	3	3	5.856
485	Barcelona	1450	0.017	1	1	5.853
486	Babylonish	2911	0.035	2	2	5.849
487	pelf	1457	0.017	1	1	5.845
488	monopoly	1459	0.017	1	1	5.845
489	Mathias	1469	0.018	1	1	5.837
490	plump	1471	0.018	1	1	5.828
491	lends	2960	0.035	2	1	5.824
492	Drones	1483	0.018	1	1	5.82
493	scores	1516	0.018	1	1	5.788
494	discommodities	1517	0.018	1	1	5.788
495	Stage-playes	1514	0.018	1	1	5.788
496	AMB	1537	0.018	1	1	5.772
497	fornicators	1538	0.018	1	1	5.764
498	Vestal	1542	0.018	1	1	5.764
499	differed	4629	0.055	3	2	5.762
500	Hip	3106	0.037	2	1	5.752
501	fornication	14235	0.17	9	8	5.727
502	looser	1591	0.019	1	1	5.718
503	Palma	1603	0.019	1	1	5.71
504	bawdy	1610	0.019	1	1	5.703
505	styles	1611	0.019	1	1	5.703
506	Aristippus	1612	0.019	1	1	5.703
507	healths	3230	0.039	2	2	5.695
508	lecherous	1613	0.019	1	1	5.695
509	idolatries	3266	0.039	2	2	5.68
510	masked	1635	0.02	1	1	5.68
511	banquets	3301	0.039	2	1	5.666
512	hiss	1653	0.02	1	1	5.666
513	Prou.	8310	0.099	5	4	5.655
514	shameless	6711	0.08	4	4	5.642
515	painted	23662	0.282	14	10	5.632
516	Hostis	1700	0.02	1	1	5.622
517	courting	1698	0.02	1	1	5.622
518	Romes	5130	0.061	3	3	5.615
519	drudgery	1722	0.021	1	1	5.601
520	ails	1742	0.021	1	1	5.587
521	traded	1751	0.021	1	1	5.58
522	supporting	3530	0.042	2	1	5.57
523	Ape	5317	0.064	3	1	5.562
524	Eustathius	1774	0.021	1	1	5.56
525	reparations	1779	0.021	1	1	5.56
526	doting	3584	0.043	2	2	5.546
527	whoremongers	1796	0.021	1	1	5.546
528	Rat	3615	0.043	2	1	5.536
529	Hunted	3634	0.043	2	2	5.526
530	hunts	1820	0.022	1	1	5.526
531	Cooke	3664	0.044	2	2	5.516
532	nursery	1846	0.022	1	1	5.506
533	insatiable	3697	0.044	2	1	5.503
534	Iul	1860	0.022	1	1	5.493
535	beastly	7495	0.09	4	3	5.482
536	liveries	1876	0.022	1	1	5.48
537	108.	1884	0.023	1	1	5.474
538	Gull	1888	0.023	1	1	5.474
539	pranks	1881	0.023	1	1	5.474
540	brands	1898	0.023	1	1	5.461
541	cheated	3803	0.045	2	2	5.461
542	arrayed	3816	0.046	2	2	5.458
543	Likewyse	1911	0.023	1	1	5.455
544	Adulteress	1919	0.023	1	1	5.449
545	prefigured	1929	0.023	1	1	5.442
546	Parricide	1938	0.023	1	1	5.436
547	Edomites	1935	0.023	1	1	5.436
548	clip	1933	0.023	1	1	5.436
549	patched	1934	0.023	1	1	5.436
550	Prophetess	1947	0.023	1	1	5.43
551	Apocalypse	3947	0.047	2	2	5.408
552	allurements	3979	0.048	2	1	5.396
553	Breakfast	1998	0.024	1	1	5.393
554	supporters	2003	0.024	1	1	5.387
555	sleights	2011	0.024	1	1	5.381
556	defiling	2018	0.024	1	1	5.375
557	Bracelets	2031	0.024	1	1	5.369
558	concubines	4078	0.049	2	2	5.36
559	Beau	2044	0.024	1	1	5.357
560	Baptista	2049	0.025	1	1	5.351
561	dice	6226	0.074	3	3	5.335
562	Clo	2086	0.025	1	1	5.328
563	Goodman	2097	0.025	1	1	5.322
564	Baggage	6358	0.076	3	3	5.305
565	stricter	2128	0.025	1	1	5.299
566	betrothed	2127	0.025	1	1	5.299
567	prating	2124	0.025	1	1	5.299
568	tickle	2140	0.026	1	1	5.293
569	repairs	2140	0.026	1	1	5.293
570	5.14	2144	0.026	1	1	5.288
571	Hah	2157	0.026	1	1	5.282
572	fawning	2152	0.026	1	1	5.282
573	251	2164	0.026	1	1	5.276
574	presuppose	2170	0.026	1	1	5.271
575	5.5	2169	0.026	1	1	5.271
576	Sci	2175	0.026	1	1	5.265
577	wenches	2248	0.027	1	1	5.222
578	Bedlam	2245	0.027	1	1	5.222
579	Paint	8989	0.107	4	4	5.22
580	lard	2252	0.027	1	1	5.216
581	graced	4511	0.054	2	2	5.216
582	Isai	2258	0.027	1	1	5.211
583	228	2280	0.027	1	1	5.2
584	invites	4587	0.055	2	2	5.19
585	256	2295	0.027	1	1	5.19
586	dotage	2321	0.028	1	1	5.174
587	Weston	2354	0.028	1	1	5.153
588	rails	2361	0.028	1	1	5.148
589	buys	2372	0.028	1	1	5.143
590	racked	2371	0.028	1	1	5.143
591	231	2379	0.028	1	1	5.138
592	Gasp	2411	0.029	1	1	5.118
593	impudent	12093	0.144	5	5	5.115
594	impossibilities	2442	0.029	1	1	5.103
595	Popedome	2449	0.029	1	1	5.098
596	Bachelor	2474	0.03	1	1	5.083
597	bastard	12394	0.148	5	4	5.079
598	thirsts	2496	0.03	1	1	5.069
599	NICK	2498	0.03	1	1	5.069
600	plays	17593	0.21	7	5	5.059
601	bravest	2525	0.03	1	1	5.054
602	enforcing	2540	0.03	1	1	5.045
603	robber	2551	0.03	1	1	5.04
604	Brownists	2554	0.031	1	1	5.035
605	Superlative	2586	0.031	1	1	5.016
606	enticing	2596	0.031	1	1	5.012
607	pate	2606	0.031	1	1	5.007
608	milder	2603	0.031	1	1	5.007
609	144	5231	0.062	2	1	5.002
610	ditch	10469	0.125	4	2	5
611	Rebecca	2622	0.031	1	1	4.998
612	Inded	2630	0.031	1	1	4.993
613	mistress	42310	0.505	16	13	4.986
614	allude	2653	0.032	1	1	4.979
615	Cuckold	2667	0.032	1	1	4.975
616	tavern	5354	0.064	2	2	4.968
617	railed	2685	0.032	1	1	4.966
618	alluring	2691	0.032	1	1	4.961
619	Babe	5443	0.065	2	2	4.943
620	lascivious	5471	0.065	2	2	4.937
621	Claret	2747	0.033	1	1	4.93
622	Abbots	5526	0.066	2	2	4.921
623	Matrons	2766	0.033	1	1	4.921
624	conscionable	2773	0.033	1	1	4.917
625	folia	2782	0.033	1	1	4.913
626	luxurious	2832	0.034	1	1	4.887
627	bequeath	2835	0.034	1	1	4.887
628	possessing	5709	0.068	2	1	4.876
629	knavery	2867	0.034	1	1	4.87
630	injuriously	2897	0.035	1	1	4.853
631	audacious	2899	0.035	1	1	4.853
632	swearers	2927	0.035	1	1	4.841
633	Pontifical	2936	0.035	1	1	4.837
634	chaste	20646	0.246	7	7	4.828
635	faced	2948	0.035	1	1	4.828
636	Babylonian	2956	0.035	1	1	4.824
637	trap	2964	0.035	1	1	4.82
638	Wouldest	2973	0.036	1	1	4.816
639	genealogy	2971	0.036	1	1	4.816
640	hark	5947	0.071	2	2	4.816
641	shifting	2993	0.036	1	1	4.808
642	inhabitant	3014	0.036	1	1	4.796
643	receptacle	3021	0.036	1	1	4.792
644	gaming	3021	0.036	1	1	4.792
645	enchantments	3037	0.036	1	1	4.784
646	insinuating	3074	0.037	1	1	4.768
647	matron	3083	0.037	1	1	4.764
648	178	3105	0.037	1	1	4.752
649	Ast	3134	0.037	1	1	4.741
650	dos	3133	0.037	1	1	4.741
651	loathed	3185	0.038	1	1	4.718
652	hopeless	3201	0.038	1	1	4.71
653	Jesting	3230	0.039	1	1	4.695
654	Papal	9725	0.116	3	3	4.692
655	plotted	3245	0.039	1	1	4.692
656	metaphor	6491	0.078	2	2	4.69
657	Waldenses	3270	0.039	1	1	4.68
658	banquet	9804	0.117	3	2	4.68
659	comparisons	3308	0.04	1	1	4.662
660	whipped	6660	0.08	2	1	4.653
661	Miser	3333	0.04	1	1	4.651
662	3.3	3339	0.04	1	1	4.647
663	hunters	3346	0.04	1	1	4.647
664	Farmer	3352	0.04	1	1	4.644
665	hee	3347	0.04	1	1	4.644
666	Gentium	3362	0.04	1	1	4.64
667	avenged	3380	0.04	1	1	4.633
668	cozen	3380	0.04	1	1	4.633
669	muddy	3388	0.04	1	1	4.63
670	play	61168	0.73	18	14	4.624
671	graceless	3413	0.041	1	1	4.619
672	requital	3416	0.041	1	1	4.615
673	factors	3437	0.041	1	1	4.608
674	enticed	3439	0.041	1	1	4.608
675	random	3453	0.041	1	1	4.601
676	villainous	3467	0.041	1	1	4.594
677	57.	6936	0.083	2	2	4.594
678	Blasphemer	3487	0.042	1	1	4.587
679	honest	83801	1	24	11	4.585
680	Rogue	6990	0.083	2	2	4.584
681	bowl	3496	0.042	1	1	4.584
682	Adulterous	3504	0.042	1	1	4.58
683	Corporally	3518	0.042	1	1	4.573
684	Constance	7047	0.084	2	1	4.572
685	cheat	10600	0.127	3	3	4.568
686	curtains	3546	0.042	1	1	4.563
687	Orations	3552	0.042	1	1	4.56
688	noses	3558	0.043	1	1	4.556
689	inviting	3580	0.043	1	1	4.55
690	steal	17906	0.214	5	5	4.548
691	derided	3589	0.043	1	1	4.546
692	rudiments	3605	0.043	1	1	4.54
693	sacrificed	14434	0.172	4	3	4.537
694	abolishing	3609	0.043	1	1	4.536
695	comb	3632	0.043	1	1	4.526
696	Chaldee	7286	0.087	2	2	4.523
697	wipe	7298	0.087	2	2	4.521
698	stamped	7328	0.088	2	2	4.515
699	prithee	7377	0.088	2	2	4.505
700	impudently	3698	0.044	1	1	4.503
701	Apoc.	11083	0.132	3	3	4.503
702	Castor	3715	0.044	1	1	4.497
703	cup	48330	0.577	13	11	4.494
704	toy	3727	0.045	1	1	4.49
705	judging	18760	0.224	5	4	4.481
706	whoredom	7526	0.09	2	2	4.477
707	Mercer	3762	0.045	1	1	4.477
708	Dames	3766	0.045	1	1	4.474
709	nd	15088	0.18	4	2	4.473
710	handsome	11498	0.137	3	2	4.451
711	unholy	3846	0.046	1	1	4.445
712	morsel	3858	0.046	1	1	4.439
713	Cards	7740	0.092	2	2	4.436
714	graves	11632	0.139	3	1	4.434
715	Antichrist	50530	0.603	13	9	4.43
716	sells	3915	0.047	1	1	4.42
717	expects	7910	0.094	2	2	4.405
718	detest	7917	0.095	2	2	4.404
719	usurers	3968	0.047	1	1	4.399
720	Moder	3971	0.047	1	1	4.399
721	affronts	3991	0.048	1	1	4.393
722	plaid	4003	0.048	1	1	4.387
723	're	16048	0.192	4	4	4.384
724	prose	4017	0.048	1	1	4.384
725	puritan	4033	0.048	1	1	4.378
726	hastened	4054	0.048	1	1	4.369
727	wiped	4053	0.048	1	1	4.369
728	marries	4061	0.049	1	1	4.366
729	slide	4081	0.049	1	1	4.36
730	cunning	28670	0.342	7	7	4.354
731	attire	8194	0.098	2	2	4.354
732	wandered	4115	0.049	1	1	4.348
733	Ierem.	4126	0.049	1	1	4.345
734	lustful	4133	0.049	1	1	4.342
735	longs	4138	0.049	1	1	4.339
736	146	4176	0.05	1	1	4.328
737	utterance	4192	0.05	1	1	4.322
738	disp.	4209	0.05	1	1	4.316
739	gown	8419	0.101	2	2	4.315
740	Pelagians	4212	0.05	1	1	4.313
741	cheap	8467	0.101	2	2	4.306
742	crew	8469	0.101	2	2	4.306
743	Slave	21201	0.253	5	4	4.304
744	baits	4274	0.051	1	1	4.293
745	1.2	4300	0.051	1	1	4.285
746	bribes	4305	0.051	1	1	4.282
747	sly	4313	0.052	1	1	4.279
748	143	4311	0.052	1	1	4.279
749	Mat	12944	0.155	3	1	4.279
750	basest	4331	0.052	1	1	4.274
751	deck	4329	0.052	1	1	4.274
752	barrenness	4345	0.052	1	1	4.268
753	hate	65701	0.784	15	15	4.258
754	diseased	8769	0.105	2	1	4.256
755	bidden	4393	0.052	1	1	4.254
756	price	57392	0.685	13	10	4.246
757	ith	4421	0.053	1	1	4.243
758	affinity	8856	0.106	2	2	4.242
759	profane	40020	0.478	9	5	4.236
760	usurping	4491	0.054	1	1	4.222
761	decked	4505	0.054	1	1	4.216
762	Monarchies	4511	0.054	1	1	4.216
763	dragon	18054	0.216	4	3	4.214
764	Nun	4515	0.054	1	1	4.214
765	Spittle	4536	0.054	1	1	4.208
766	commemoration	4565	0.055	1	1	4.198
767	revile	4565	0.055	1	1	4.198
768	Sr	4563	0.055	1	1	4.198
769	Vicious	18428	0.22	4	4	4.184
770	relics	13846	0.165	3	3	4.182
771	witch	9245	0.11	2	2	4.179
772	fares	4637	0.055	1	1	4.177
773	kepe	9336	0.111	2	2	4.166
774	comm	4670	0.056	1	1	4.166
775	merrily	4679	0.056	1	1	4.164
776	Annot	4704	0.056	1	1	4.156
777	Sixtus	4735	0.057	1	1	4.146
778	Tobacco	9488	0.113	2	2	4.142
779	Athenian	4760	0.057	1	1	4.138
780	infection	9557	0.114	2	2	4.132
781	trim	4802	0.057	1	1	4.125
782	inclines	4803	0.057	1	1	4.125
783	124	4812	0.057	1	1	4.123
784	nakedness	9651	0.115	2	2	4.118
785	scurvy	4826	0.058	1	1	4.118
786	erring	4825	0.058	1	1	4.118
787	Rosemary	4837	0.058	1	1	4.115
788	marry	38694	0.462	8	8	4.114
789	pension	4843	0.058	1	1	4.113
790	describing	4858	0.058	1	1	4.108
791	Exit	19436	0.232	4	2	4.108
792	Funerals	4870	0.058	1	1	4.105
793	sucking	4880	0.058	1	1	4.103
794	bathe	4896	0.058	1	1	4.098
795	Dionysius	9814	0.117	2	2	4.094
796	Galley	4911	0.059	1	1	4.093
797	Luc	4952	0.059	1	1	4.081
798	Solon	4981	0.06	1	1	4.071
799	perjured	4993	0.06	1	1	4.069
800	errand	4999	0.06	1	1	4.066
801	wedlock	5013	0.06	1	1	4.064
802	fry	5008	0.06	1	1	4.064
803	Prov.	50161	0.599	10	3	4.062
804	Inasmuch	5020	0.06	1	1	4.061
805	clamour	5016	0.06	1	1	4.061
806	sitting	35270	0.421	7	5	4.055
807	blue	5046	0.06	1	1	4.054
808	filthy	30299	0.362	6	4	4.052
809	brood	5051	0.06	1	1	4.052
810	Plagued	5100	0.061	1	1	4.037
811	deceiving	5099	0.061	1	1	4.037
812	Assyrians	5157	0.062	1	1	4.021
813	naked	46459	0.555	9	8	4.021
814	Dog	30988	0.37	6	4	4.02
815	Hos.	15549	0.186	3	2	4.015
816	Synagogue	10391	0.124	2	2	4.012
817	herself	10419	0.124	2	2	4.007
818	subscription	5238	0.063	1	1	4
819	swimming	5252	0.063	1	1	3.995
820	Revel	21061	0.251	4	4	3.992
821	talks	5297	0.063	1	1	3.984
822	hating	5297	0.063	1	1	3.984
823	bidding	5342	0.064	1	1	3.97
824	gluttony	5361	0.064	1	1	3.966
825	fitly	16083	0.192	3	1	3.966
826	constraint	5368	0.064	1	1	3.964
827	Seventhly	5381	0.064	1	1	3.961
828	hawks	5379	0.064	1	1	3.961
829	tolerated	5375	0.064	1	1	3.961
830	Solomons	5407	0.065	1	1	3.955
831	Champions	5435	0.065	1	1	3.946
832	Beast	81566	0.974	15	7	3.945
833	pox	10902	0.13	2	2	3.942
834	entertaining	5479	0.065	1	1	3.935
835	troth	5489	0.066	1	1	3.932
836	seduce	5489	0.066	1	1	3.932
837	Gallows	5501	0.066	1	1	3.928
838	Infamous	11020	0.132	2	2	3.927
839	sheets	5556	0.066	1	1	3.915
840	thieves	22285	0.266	4	4	3.911
841	Niece	5575	0.067	1	1	3.911
842	oft-times	5591	0.067	1	1	3.906
843	base	61654	0.736	11	7	3.902
844	flourished	11210	0.134	2	2	3.902
845	costly	11277	0.135	2	1	3.893
846	Hosea	5654	0.068	1	1	3.889
847	performs	5696	0.068	1	1	3.878
848	Magus	5737	0.069	1	1	3.868
849	abominable	22990	0.274	4	4	3.866
850	rags	5772	0.069	1	1	3.859
851	frequented	5786	0.069	1	1	3.855
852	sits	23190	0.277	4	3	3.853
853	lazy	5811	0.069	1	1	3.849
854	Regiment	17461	0.208	3	3	3.848
855	professes	11732	0.14	2	2	3.837
856	70.	5894	0.07	1	1	3.828
857	Frogs	5922	0.071	1	1	3.822
858	noting	5928	0.071	1	1	3.82
859	drunken	11882	0.142	2	2	3.818
860	waits	5976	0.071	1	1	3.81
861	permanent	5981	0.071	1	1	3.808
862	stained	6010	0.072	1	1	3.802
863	59.	6027	0.072	1	1	3.798
864	Bride	12056	0.144	2	2	3.797
865	weekly	6075	0.073	1	1	3.786
866	Exeunt	12174	0.145	2	2	3.783
867	adherents	6092	0.073	1	1	3.782
868	tempting	6108	0.073	1	1	3.778
869	unpunished	6139	0.073	1	1	3.77
870	118	6146	0.073	1	1	3.768
871	Modest	18444	0.22	3	3	3.768
872	Adultery	24714	0.295	4	3	3.761
873	foul	43393	0.518	7	7	3.756
874	poisoned	12446	0.149	2	2	3.75
875	stoned	6236	0.074	1	1	3.749
876	prostrate	6239	0.075	1	1	3.747
877	nose	25309	0.302	4	4	3.727
878	patrimony	6348	0.076	1	1	3.722
879	termed	25438	0.304	4	4	3.72
880	whip	6373	0.076	1	1	3.716
881	Sarah	6377	0.076	1	1	3.716
882	Pamphlet	6387	0.076	1	1	3.714
883	Usher	6397	0.076	1	1	3.71
884	Rev.	51328	0.613	8	8	3.707
885	Flattery	12831	0.153	2	2	3.707
886	bewitched	6431	0.077	1	1	3.703
887	Damsel	6465	0.077	1	1	3.695
888	favourites	6500	0.078	1	1	3.688
889	notoriously	6546	0.078	1	1	3.679
890	blush	13133	0.157	2	2	3.673
891	kiss	26340	0.314	4	3	3.669
892	Fiftly	6621	0.079	1	1	3.662
893	roasted	6622	0.079	1	1	3.662
894	daughters	40010	0.478	6	5	3.651
895	Wife	214853	2.565	32	22	3.641
896	Venus	26929	0.321	4	3	3.638
897	allure	6732	0.08	1	1	3.637
898	solace	6791	0.081	1	1	3.624
899	Iosephus	6799	0.081	1	1	3.622
900	suffices	6840	0.082	1	1	3.615
901	burned	20536	0.245	3	3	3.614
902	cups	6881	0.082	1	1	3.606
903	dares	13753	0.164	2	2	3.606
904	Antichristian	13777	0.164	2	2	3.605
905	volumes	6936	0.083	1	1	3.594
906	Simile	6960	0.083	1	1	3.589
907	SAMPSON	6989	0.083	1	1	3.584
908	Treatises	6996	0.084	1	1	3.582
909	uncleanness	14027	0.167	2	2	3.579
910	Religiously	7020	0.084	1	1	3.577
911	Drunkards	7021	0.084	1	1	3.577
912	fourscore	7031	0.084	1	1	3.575
913	52.	7042	0.084	1	1	3.572
914	heathenish	7043	0.084	1	1	3.572
915	lane	7088	0.085	1	1	3.563
916	drunk	35533	0.424	5	5	3.559
917	swear	56939	0.68	8	8	3.557
918	challenged	7132	0.085	1	1	3.555
919	Sue	14301	0.171	2	1	3.55
920	rabble	7160	0.086	1	1	3.548
921	Pirates	7168	0.086	1	1	3.546
922	tenets	7204	0.086	1	1	3.54
923	rail	7220	0.086	1	1	3.536
924	inflict	7264	0.087	1	1	3.528
925	perishing	7275	0.087	1	1	3.526
926	Matth	7318	0.087	1	1	3.518
927	rotten	14651	0.175	2	2	3.515
928	commune	7351	0.088	1	1	3.511
929	tendered	7357	0.088	1	1	3.51
930	kneel	7364	0.088	1	1	3.508
931	fairest	14727	0.176	2	2	3.508
932	Hero	7374	0.088	1	1	3.506
933	Noblemen	7441	0.089	1	1	3.493
934	couple	7466	0.089	1	1	3.488
935	frost	7484	0.089	1	1	3.485
936	treats	7496	0.09	1	1	3.482
937	superstitions	7530	0.09	1	1	3.476
938	'll	158479	1.892	21	12	3.473
939	swears	7600	0.091	1	1	3.463
940	shipwreck	7606	0.091	1	1	3.461
941	Lodgings	7603	0.091	1	1	3.461
942	wasted	15355	0.183	2	2	3.448
943	str	7686	0.092	1	1	3.447
944	painting	7700	0.092	1	1	3.444
945	Zach.	7738	0.092	1	1	3.436
946	merchandise	15488	0.185	2	2	3.435
947	Suffolk	7796	0.093	1	1	3.425
948	mocked	7900	0.094	1	1	3.407
949	89	7913	0.095	1	1	3.404
950	Rome	271183	3.237	34	24	3.393
951	lewd	15983	0.191	2	2	3.39
952	Hare	7991	0.095	1	1	3.39
953	lean	16023	0.191	2	2	3.386
954	beggars	8051	0.096	1	1	3.379
955	hastily	8048	0.096	1	1	3.379
956	hostess	8115	0.097	1	1	3.367
957	payed	8116	0.097	1	1	3.367
958	Suburbs	8156	0.097	1	1	3.36
959	superfluous	16318	0.195	2	1	3.36
960	richest	8181	0.098	1	1	3.355
961	Fool	41266	0.493	5	4	3.343
962	golden	49785	0.594	6	6	3.336
963	TAYLOR	8326	0.099	1	1	3.331
964	ugly	8331	0.099	1	1	3.331
965	Agrippa	8329	0.099	1	1	3.331
966	Sectaries	8390	0.1	1	1	3.32
967	clad	8414	0.1	1	1	3.316
968	hates	16898	0.202	2	2	3.31
969	forged	8528	0.102	1	1	3.296
970	Seat	51212	0.611	6	4	3.295
971	damned	34243	0.409	4	4	3.291
972	fortitude	8634	0.103	1	1	3.278
973	accursed	17442	0.208	2	2	3.264
974	Woman	183598	2.192	21	16	3.26
975	livery	8754	0.105	1	1	3.258
976	compared	43800	0.523	5	3	3.258
977	leprosy	8802	0.105	1	1	3.25
978	dainty	8837	0.106	1	1	3.245
979	complaining	8854	0.106	1	1	3.242
980	Cat	8876	0.106	1	1	3.239
981	behaviour	26702	0.319	3	2	3.235
982	Esa	17912	0.214	2	2	3.226
983	Villain	8957	0.107	1	1	3.226
984	she	1006738	12.017	112	56	3.22
985	trades	9008	0.108	1	1	3.218
986	array	9012	0.108	1	1	3.216
987	Talent	9018	0.108	1	1	3.216
988	fashions	9013	0.108	1	1	3.216
989	defiled	18090	0.216	2	2	3.212
990	vindicate	9176	0.11	1	1	3.191
991	Iulius	9289	0.111	1	1	3.173
992	dat	9363	0.112	1	1	3.161
993	spices	9374	0.112	1	1	3.16
994	hellish	9373	0.112	1	1	3.16
995	cupid	9383	0.112	1	1	3.158
996	hired	9416	0.112	1	1	3.153
997	Roman	141472	1.689	15	13	3.151
998	GENTLEWOMAN	9432	0.113	1	1	3.151
999	sores	9491	0.113	1	1	3.142
1000	brave	38044	0.454	4	4	3.139
1001	fees	9553	0.114	1	1	3.133
1002	expert	9616	0.115	1	1	3.123
1003	Muses	9656	0.115	1	1	3.117
1004	Samaria	9703	0.116	1	1	3.11
1005	Mundi	9709	0.116	1	1	3.109
1006	betwixt	127079	1.517	13	3	3.099
1007	Babel	9790	0.117	1	1	3.097
1008	Devilish	9817	0.117	1	1	3.093
1009	chastity	19740	0.236	2	2	3.086
1010	amidst	9881	0.118	1	1	3.084
1011	common	346098	4.131	35	17	3.083
1012	phrases	9896	0.118	1	1	3.082
1013	viz	9934	0.119	1	1	3.076
1014	Avarice	9956	0.119	1	1	3.073
1015	begat	9977	0.119	1	1	3.07
1016	keeps	40024	0.478	4	4	3.066
1017	is.	10109	0.121	1	1	3.051
1018	Monsters	10127	0.121	1	1	3.048
1019	ride	20257	0.242	2	1	3.048
1020	Sack	10141	0.121	1	1	3.047
1021	Austria	10162	0.121	1	1	3.043
1022	Car	20342	0.243	2	1	3.042
1023	excellently	10217	0.122	1	1	3.035
1024	wretched	30683	0.366	3	2	3.034
1025	aloud	10233	0.122	1	1	3.034
1026	blast	10261	0.123	1	1	3.029
1027	leith	20613	0.246	2	2	3.023
1028	impudence	10304	0.123	1	1	3.023
1029	seduced	10324	0.123	1	1	3.021
1030	Sister	51618	0.616	5	5	3.021
1031	coloured	10332	0.123	1	1	3.02
1032	Hay	10344	0.124	1	1	3.017
1033	lusty	10354	0.124	1	1	3.016
1034	dancing	10351	0.124	1	1	3.016
1035	wages	20748	0.248	2	2	3.013
1036	Landed	10381	0.124	1	1	3.013
1037	breaks	20777	0.248	2	1	3.012
1038	Hebrew	41553	0.496	4	2	3.012
1039	colours	41565	0.496	4	4	3.011
1040	keep	313074	3.737	30	20	3.005
1041	loathsome	10486	0.125	1	1	2.998
1042	Revelation	41988	0.501	4	4	2.997
1043	breeds	10535	0.126	1	1	2.992
1044	devoted	10556	0.126	1	1	2.989
1045	husband	105631	1.261	10	8	2.988
1046	unprofitable	21130	0.252	2	1	2.987
1047	petty	10617	0.127	1	1	2.981
1048	Atheism	10639	0.127	1	1	2.977
1049	kill	74750	0.892	7	7	2.972
1050	abominations	10678	0.128	1	1	2.971
1051	detestable	10704	0.128	1	1	2.968
1052	Deuteronomy	64271	0.767	6	5	2.967
1053	widow	21540	0.257	2	2	2.96
1054	numbered	10774	0.129	1	1	2.959
1055	Lordships	21570	0.258	2	2	2.957
1056	Talents	10810	0.129	1	1	2.955
1057	necks	10810	0.129	1	1	2.955
1058	servitude	10822	0.129	1	1	2.952
1059	Isai.	10840	0.129	1	1	2.95
1060	Daughter	108707	1.298	10	8	2.946
1061	Impatient	10884	0.13	1	1	2.945
1062	indulgence	10911	0.13	1	1	2.941
1063	Pepper	10969	0.131	1	1	2.933
1064	lust	54865	0.655	5	5	2.933
1065	daring	11022	0.132	1	1	2.926
1066	stiled	11034	0.132	1	1	2.925
1067	walks	11050	0.132	1	1	2.922
1068	swore	11085	0.132	1	1	2.918
1069	horns	22193	0.265	2	2	2.916
1070	drop	22395	0.267	2	2	2.903
1071	perchance	11230	0.134	1	1	2.9
1072	nails	11259	0.134	1	1	2.895
1073	scarcely	11399	0.136	1	1	2.877
1074	gulf	11408	0.136	1	1	2.876
1075	attained	22823	0.272	2	2	2.876
1076	adorn	11429	0.136	1	1	2.874
1077	Drank	11443	0.137	1	1	2.872
1078	vowed	11454	0.137	1	1	2.871
1079	Levit.	11468	0.137	1	1	2.869
1080	corners	11488	0.137	1	1	2.867
1081	grown	45966	0.549	4	3	2.866
1082	forsook	11497	0.137	1	1	2.866
1083	MOTHER	150593	1.798	13	11	2.854
1084	skins	11691	0.14	1	1	2.842
1085	minded	23388	0.279	2	2	2.841
1086	lyeth	23474	0.28	2	1	2.835
1087	abomination	11757	0.14	1	1	2.833
1088	purposed	11812	0.141	1	1	2.826
1089	street	23649	0.282	2	2	2.825
1090	uphold	11837	0.141	1	1	2.823
1091	waters	83222	0.993	7	6	2.817
1092	avoiding	11951	0.143	1	1	2.809
1093	ware	12046	0.144	1	1	2.798
1094	hunt	12065	0.144	1	1	2.796
1095	worst	48340	0.577	4	4	2.793
1096	Supposing	24260	0.29	2	2	2.788
1097	Iudah	12172	0.145	1	1	2.783
1098	proclaim	12226	0.146	1	1	2.777
1099	polluted	12233	0.146	1	1	2.776
1100	issued	12230	0.146	1	1	2.776
1101	sweetly	12254	0.146	1	1	2.773
1102	deceit	24531	0.293	2	2	2.772
1103	subtle	36810	0.439	3	3	2.771
1104	Quoth	36867	0.44	3	3	2.769
1105	Logic	12290	0.147	1	1	2.769
1106	garment	24609	0.294	2	2	2.768
1107	Mounted	12305	0.147	1	1	2.767
1108	spend	37287	0.445	3	3	2.753
1109	ded	12467	0.149	1	1	2.749
1110	Worn	12479	0.149	1	1	2.747
1111	burnt	50113	0.598	4	4	2.741
1112	sets	50272	0.6	4	4	2.737
1113	backs	12586	0.15	1	1	2.735
1114	45.	12583	0.15	1	1	2.735
1115	Murderer	12581	0.15	1	1	2.735
1116	correspondence	12597	0.15	1	1	2.733
1117	persuasions	12677	0.151	1	1	2.725
1118	Troy	12678	0.151	1	1	2.725
1119	cruelly	12674	0.151	1	1	2.725
1120	her	1811491	21.623	142	75	2.715
1121	fowl	12776	0.153	1	1	2.713
1122	taxes	12789	0.153	1	1	2.711
1123	Darius	12799	0.153	1	1	2.71
1124	drink	140890	1.682	11	11	2.71
1125	FINIS	38468	0.459	3	3	2.708
1126	paths	12898	0.154	1	1	2.699
1127	traffic	12930	0.154	1	1	2.696
1128	heretical	12934	0.154	1	1	2.695
1129	morn	12933	0.154	1	1	2.695
1130	smart	12945	0.155	1	1	2.694
1131	revenue	12958	0.155	1	1	2.692
1132	forsooth	12960	0.155	1	1	2.692
1133	Citizen	13039	0.156	1	1	2.684
1134	raging	13043	0.156	1	1	2.683
1135	resort	13089	0.156	1	1	2.679
1136	Lev	13206	0.158	1	1	2.666
1137	safely	26431	0.316	2	1	2.664
1138	Rents	13329	0.159	1	1	2.652
1139	Mal	13346	0.159	1	1	2.65
1140	dressed	13382	0.16	1	1	2.647
1141	Athanasius	13378	0.16	1	1	2.647
1142	Revelations	13397	0.16	1	1	2.645
1143	garments	26823	0.32	2	2	2.643
1144	bloody	53730	0.641	4	2	2.641
1145	coals	13558	0.162	1	1	2.628
1146	Anthony	13580	0.162	1	1	2.625
1147	chase	13640	0.163	1	1	2.619
1148	harbour	13726	0.164	1	1	2.61
1149	gloss	13765	0.164	1	1	2.606
1150	forbids	13966	0.167	1	1	2.585
1151	Annum	13979	0.167	1	1	2.583
1152	hinders	14016	0.167	1	1	2.579
1153	Worlds	28162	0.336	2	2	2.573
1154	condemning	14091	0.168	1	1	2.572
1155	tokens	14150	0.169	1	1	2.566
1156	REFORMED	42488	0.507	3	1	2.565
1157	tyrant	28325	0.338	2	2	2.564
1158	counted	28357	0.339	2	2	2.563
1159	commerce	14266	0.17	1	1	2.554
1160	shaken	14294	0.171	1	1	2.551
1161	paying	14303	0.171	1	1	2.55
1162	boys	14311	0.171	1	1	2.55
1163	heretic	14330	0.171	1	1	2.548
1164	gets	14332	0.171	1	1	2.547
1165	equity	28671	0.342	2	2	2.547
1166	obtaining	14368	0.172	1	1	2.544
1167	Fortune	101130	1.207	7	5	2.536
1168	whereto	14493	0.173	1	1	2.531
1169	Ibidem	14513	0.173	1	1	2.529
1170	Whit	14561	0.174	1	1	2.525
1171	Ant	14620	0.175	1	1	2.519
1172	Antioch	14648	0.175	1	1	2.516
1173	buildings	14646	0.175	1	1	2.516
1174	worthily	14691	0.175	1	1	2.511
1175	chain	14713	0.176	1	1	2.51
1176	bed	73593	0.878	5	5	2.509
1177	famous	88824	1.06	6	5	2.501
1178	monster	14836	0.177	1	1	2.497
1179	beget	14843	0.177	1	1	2.497
1180	hunting	14846	0.177	1	1	2.497
1181	shun	14847	0.177	1	1	2.497
1182	misfortune	14852	0.177	1	1	2.496
1183	wilt	74391	0.888	5	5	2.493
1184	doors	29993	0.358	2	2	2.482
1185	Deacons	14999	0.179	1	1	2.482
1186	intends	15033	0.179	1	1	2.479
1187	ALE	15087	0.18	1	1	2.473
1188	deep	75511	0.901	5	3	2.472
1189	function	15109	0.18	1	1	2.472
1190	stead	45532	0.544	3	3	2.465
1191	loco	15190	0.181	1	1	2.464
1192	total	15196	0.181	1	1	2.463
1193	foe	15213	0.182	1	1	2.461
1194	calls	121932	1.455	8	7	2.459
1195	strike	30636	0.366	2	2	2.451
1196	speeches	30693	0.366	2	2	2.449
1197	bought	30717	0.367	2	2	2.448
1198	70	15439	0.184	1	1	2.44
1199	kindly	15466	0.185	1	1	2.438
1200	husbands	30992	0.37	2	2	2.435
1201	tear	15500	0.185	1	1	2.434
1202	brains	15509	0.185	1	1	2.434
1203	dress	15539	0.186	1	1	2.431
1204	Monarchy	31153	0.372	2	2	2.427
1205	execute	31219	0.373	2	2	2.424
1206	'm	31244	0.373	2	2	2.423
1207	pretending	15693	0.187	1	1	2.417
1208	drinks	15747	0.188	1	1	2.411
1209	sayings	15782	0.188	1	1	2.408
1210	abused	31590	0.377	2	2	2.407
1211	bringeth	31606	0.377	2	1	2.406
1212	draws	31643	0.378	2	2	2.405
1213	hang	31830	0.38	2	2	2.396
1214	slay	15920	0.19	1	1	2.396
1215	lend	15915	0.19	1	1	2.396
1216	damnation	32064	0.383	2	2	2.386
1217	'd	144543	1.725	9	5	2.383
1218	door	64326	0.768	4	2	2.381
1219	worse	96916	1.157	6	4	2.375
1220	differing	16158	0.193	1	1	2.374
1221	deaths	16238	0.194	1	1	2.367
1222	cloak	16351	0.195	1	1	2.357
1223	Sheriff	16356	0.195	1	1	2.357
1224	sale	16370	0.195	1	1	2.355
1225	strongest	16405	0.196	1	1	2.353
1226	maid	33079	0.395	2	2	2.341
1227	Joan	16538	0.197	1	1	2.341
1228	members	116122	1.386	7	5	2.336
1229	17.	83120	0.992	5	4	2.333
1230	married	66560	0.795	4	4	2.332
1231	cousin	16703	0.199	1	1	2.326
1232	shore	33521	0.4	2	2	2.322
1233	suit	33605	0.401	2	2	2.318
1234	songs	16823	0.201	1	1	2.316
1235	reckoning	16862	0.201	1	1	2.313
1236	alas	67915	0.811	4	4	2.303
1237	estimation	17074	0.204	1	1	2.295
1238	Fishes	17087	0.204	1	1	2.293
1239	maist	17147	0.205	1	1	2.288
1240	Pope	240165	2.867	14	10	2.288
1241	banks	17161	0.205	1	1	2.288
1242	become	172873	2.064	10	9	2.277
1243	yields	17327	0.207	1	1	2.274
1244	coin	17339	0.207	1	1	2.272
1245	borne	86876	1.037	5	4	2.27
1246	rebel	17458	0.208	1	1	2.263
1247	Gall	17567	0.21	1	1	2.254
1248	Apostasy	17588	0.21	1	1	2.252
1249	fools	35223	0.42	2	2	2.25
1250	Priest	123560	1.475	7	5	2.247
1251	butter	17830	0.213	1	1	2.232
1252	furnish	17840	0.213	1	1	2.232
1253	pillars	17842	0.213	1	1	2.231
1254	Naples	17948	0.214	1	1	2.223
1255	gallant	17961	0.214	1	1	2.222
1256	betrayed	18001	0.215	1	1	2.218
1257	Monastery	18026	0.215	1	1	2.216
1258	Drawn	108352	1.293	6	1	2.214
1259	spite	18225	0.218	1	1	2.201
1260	Mystery	54678	0.653	3	3	2.2
1261	Priests	145909	1.742	8	4	2.2
1262	mon	18249	0.218	1	1	2.199
1263	drunkenness	18268	0.218	1	1	2.197
1264	proud	73660	0.879	4	4	2.186
1265	lets	18569	0.222	1	1	2.174
1266	apprehended	18626	0.222	1	1	2.169
1267	pernicious	18691	0.223	1	1	2.164
1268	monstrous	18738	0.224	1	1	2.16
1269	judged	56237	0.671	3	3	2.16
1270	16.	93810	1.12	5	4	2.159
1271	traitor	18785	0.224	1	1	2.157
1272	censure	37706	0.45	2	2	2.152
1273	Vengeance	37813	0.451	2	2	2.148
1274	Adorned	18908	0.226	1	1	2.148
1275	companion	19107	0.228	1	1	2.132
1276	intolerable	19128	0.228	1	1	2.131
1277	wives	57399	0.685	3	3	2.131
1278	DEDICATED	19135	0.228	1	1	2.13
1279	Popes	76677	0.915	4	3	2.128
1280	Dukes	19254	0.23	1	1	2.122
1281	soft	38616	0.461	2	2	2.117
1282	call	328774	3.924	17	13	2.115
1283	throat	19344	0.231	1	1	2.115
1284	specially	38732	0.462	2	2	2.113
1285	abhor	19419	0.232	1	1	2.109
1286	mirth	19453	0.232	1	1	2.107
1287	spare	38949	0.465	2	2	2.105
1288	maintain	78757	0.94	4	4	2.089
1289	restrain	19741	0.236	1	1	2.086
1290	contend	19790	0.236	1	1	2.082
1291	cost	39743	0.474	2	2	2.076
1292	manifold	19880	0.237	1	1	2.075
1293	23.	59639	0.712	3	3	2.075
1294	term	59683	0.712	3	3	2.074
1295	loose	59737	0.713	3	2	2.073
1296	Venice	19987	0.239	1	1	2.067
1297	Constable	20148	0.241	1	1	2.056
1298	face	181454	2.166	9	8	2.055
1299	deceive	40456	0.483	2	2	2.05
1300	comparison	40468	0.483	2	1	2.05
1301	wanton	20242	0.242	1	1	2.049
1302	loyal	20260	0.242	1	1	2.048
1303	Crosses	20281	0.242	1	1	2.046
1304	arose	20382	0.243	1	1	2.039
1305	walked	20392	0.243	1	1	2.039
1306	adore	20395	0.243	1	1	2.039
1307	horn	20550	0.245	1	1	2.027
1308	40.	20630	0.246	1	1	2.022
1309	reduce	20718	0.247	1	1	2.016
1310	tribute	20800	0.248	1	1	2.01
1311	swearing	20821	0.249	1	1	2.009
1312	Rewards	20903	0.25	1	1	2.003
1313	pity	62915	0.751	3	1	1.998
1314	ne'er	20984	0.251	1	1	1.997
1315	companies	21012	0.251	1	1	1.995
1316	fighting	21135	0.252	1	1	1.987
1317	Mystical	21135	0.252	1	1	1.987
1318	serpents	21180	0.253	1	1	1.984
1319	fee	21237	0.254	1	1	1.98
1320	Progress	21299	0.254	1	1	1.976
1321	virtuous	42661	0.509	2	2	1.974
1322	University	21328	0.255	1	1	1.974
1323	final	21409	0.256	1	1	1.969
1324	young	171502	2.047	8	8	1.966
1325	plague	42909	0.512	2	2	1.965
1326	laboured	21489	0.257	1	1	1.963
1327	idle	43098	0.514	2	2	1.959
1328	prefer	21583	0.258	1	1	1.957
1329	confesses	21697	0.259	1	1	1.949
1330	Ocean	21709	0.259	1	1	1.948
1331	entitled	21778	0.26	1	1	1.944
1332	ca	21771	0.26	1	1	1.944
1333	old	414305	4.945	19	9	1.942
1334	women	152987	1.826	7	7	1.939
1335	laugh	21938	0.262	1	1	1.933
1336	Jealousy	21960	0.262	1	1	1.932
1337	turned	109846	1.311	5	5	1.931
1338	cry	87922	1.05	4	2	1.93
1339	forgotten	21994	0.263	1	1	1.93
1340	stone	110110	1.314	5	2	1.928
1341	Christendom	22143	0.264	1	1	1.92
1342	Canterbury	22219	0.265	1	1	1.915
1343	Cor	22308	0.266	1	1	1.909
1344	gotten	44665	0.533	2	2	1.908
1345	Apollo	22342	0.267	1	1	1.907
1346	destruction	89423	1.067	4	3	1.906
1347	notorious	22363	0.267	1	1	1.906
1348	chance	45225	0.54	2	1	1.89
1349	scandal	22639	0.27	1	1	1.888
1350	a	14471665	172.738	638	165	1.885
1351	skin	45425	0.542	2	2	1.883
1352	rude	22714	0.271	1	1	1.883
1353	Deserves	22832	0.273	1	1	1.876
1354	fulfil	22851	0.273	1	1	1.874
1355	adding	22908	0.273	1	1	1.871
1356	Traditions	22980	0.274	1	1	1.866
1357	smoke	23076	0.275	1	1	1.86
1358	Jer	23150	0.276	1	1	1.856
1359	47	23189	0.277	1	1	1.853
1360	odious	23239	0.277	1	1	1.85
1361	wisely	23259	0.278	1	1	1.849
1362	brass	23353	0.279	1	1	1.843
1363	stir	46896	0.56	2	2	1.837
1364	open	187653	2.24	8	8	1.837
1365	Merchant	23511	0.281	1	1	1.833
1366	Aug.	23554	0.281	1	1	1.831
1367	repeat	23553	0.281	1	1	1.831
1368	shame	94222	1.125	4	4	1.83
1369	newly	23582	0.282	1	1	1.829
1370	Hot	94567	1.129	4	4	1.825
1371	acquaintance	23888	0.285	1	1	1.81
1372	Gentle	47820	0.571	2	2	1.809
1373	loud	23920	0.286	1	1	1.808
1374	knows	144623	1.726	6	6	1.797
1375	absent	24129	0.288	1	1	1.796
1376	exposed	24132	0.288	1	1	1.796
1377	carries	24147	0.288	1	1	1.795
1378	affect	24146	0.288	1	1	1.795
1379	distinguished	24314	0.29	1	1	1.785
1380	prey	24332	0.29	1	1	1.784
1381	coat	24384	0.291	1	1	1.78
1382	vows	24417	0.291	1	1	1.779
1383	procured	24521	0.293	1	1	1.773
1384	Histories	24576	0.293	1	1	1.77
1385	Deity	24584	0.293	1	1	1.769
1386	fetch	24696	0.295	1	1	1.762
1387	Flies	24756	0.296	1	1	1.759
1388	called	768363	9.171	31	21	1.757
1389	neighbour	49578	0.592	2	2	1.757
1390	quite	74671	0.891	3	2	1.751
1391	writ	74728	0.892	3	2	1.75
1392	J	24919	0.297	1	1	1.75
1393	false	224466	2.679	9	9	1.748
1394	admiration	24957	0.298	1	1	1.747
1395	companions	24999	0.298	1	1	1.745
1396	secretly	25285	0.302	1	1	1.728
1397	excess	25352	0.303	1	1	1.725
1398	content	101607	1.213	4	4	1.722
1399	Slight	25468	0.304	1	1	1.718
1400	sex	25550	0.305	1	1	1.713
1401	fellow	51208	0.611	2	2	1.71
1402	clothed	25607	0.306	1	1	1.71
1403	Salomon	25808	0.308	1	1	1.699
1404	approach	25826	0.308	1	1	1.698
1405	Numb	25825	0.308	1	1	1.698
1406	Aside	51692	0.617	2	1	1.697
1407	suspected	25911	0.309	1	1	1.693
1408	Wo	26036	0.311	1	1	1.686
1409	forsake	52263	0.624	2	2	1.681
1410	instead	52525	0.627	2	2	1.673
1411	an	2497908	29.816	95	38	1.672
1412	anon	26356	0.315	1	1	1.668
1413	Matthew	26367	0.315	1	1	1.668
1414	heathens	26424	0.315	1	1	1.665
1415	foolish	52888	0.631	2	2	1.664
1416	entertained	26459	0.316	1	1	1.663
1417	grave	79381	0.948	3	3	1.663
1418	attended	26513	0.317	1	1	1.66
1419	lays	26622	0.318	1	1	1.654
1420	usually	53352	0.637	2	1	1.651
1421	money	188212	2.247	7	5	1.64
1422	lovers	26913	0.321	1	1	1.638
1423	stayed	26971	0.322	1	1	1.635
1424	courses	27018	0.323	1	1	1.633
1425	virgin	54072	0.645	2	2	1.632
1426	dare	135920	1.622	5	3	1.624
1427	sorrows	27191	0.325	1	1	1.623
1428	deceived	54539	0.651	2	2	1.619
1429	wine	164447	1.963	6	6	1.612
1430	Port	27474	0.328	1	1	1.609
1431	Adversary	27551	0.329	1	1	1.604
1432	voyage	27566	0.329	1	1	1.604
1433	observations	27622	0.33	1	1	1.601
1434	makes	359288	4.289	13	10	1.6
1435	boy	27639	0.33	1	1	1.6
1436	July	27779	0.332	1	1	1.592
1437	forsaken	27796	0.332	1	1	1.592
1438	turn	167524	2	6	3	1.585
1439	lie	168129	2.007	6	5	1.58
1440	barbarous	28021	0.335	1	1	1.58
1441	Acted	28050	0.335	1	1	1.579
1442	Woe	28149	0.336	1	1	1.573
1443	iniquity	56296	0.672	2	2	1.573
1444	Beware	28157	0.336	1	1	1.573
1445	followers	28164	0.336	1	1	1.573
1446	diet	28239	0.337	1	1	1.569
1447	welcome	28288	0.338	1	1	1.566
1448	wholesome	28319	0.338	1	1	1.565
1449	Chron.	28380	0.339	1	1	1.561
1450	48	28384	0.339	1	1	1.561
1451	lawfully	28401	0.339	1	1	1.561
1452	compare	28481	0.34	1	1	1.556
1453	simply	28498	0.34	1	1	1.556
1454	Idolatry	57073	0.681	2	2	1.554
1455	torment	28570	0.341	1	1	1.552
1456	punishments	28582	0.341	1	1	1.551
1457	examined	28679	0.342	1	1	1.547
1458	crimes	28899	0.345	1	1	1.536
1459	vision	28960	0.346	1	1	1.532
1460	32.	28995	0.346	1	1	1.531
1461	Ah	29075	0.347	1	1	1.527
1462	drinking	29093	0.347	1	1	1.526
1463	hills	29127	0.348	1	1	1.524
1464	plot	29203	0.349	1	1	1.52
1465	begotten	29211	0.349	1	1	1.52
1466	Simon	29226	0.349	1	1	1.519
1467	fort	29374	0.351	1	1	1.512
1468	honesty	29498	0.352	1	1	1.506
1469	share	29601	0.353	1	1	1.501
1470	banished	29658	0.354	1	1	1.498
1471	fruitful	29679	0.354	1	1	1.497
1472	reports	29748	0.355	1	1	1.494
1473	sect.	59519	0.71	2	2	1.493
1474	permit	29877	0.357	1	1	1.488
1475	descended	29883	0.357	1	1	1.487
1476	D.	149564	1.785	5	3	1.486
1477	book	299396	3.574	10	2	1.485
1478	entertain	30000	0.358	1	1	1.482
1479	accompanied	30033	0.359	1	1	1.48
1480	stronger	30046	0.359	1	1	1.48
1481	merry	30040	0.359	1	1	1.48
1482	derived	30259	0.361	1	1	1.469
1483	21.	60549	0.723	2	2	1.469
1484	assist	30549	0.365	1	1	1.456
1485	mothers	30565	0.365	1	1	1.455
1486	graces	61202	0.731	2	2	1.453
1487	absence	30716	0.367	1	1	1.448
1488	join	61462	0.734	2	2	1.447
1489	Martyr	30803	0.368	1	1	1.443
1490	wild	61696	0.736	2	2	1.441
1491	Zion	31118	0.371	1	1	1.429
1492	?	2527462	30.169	81	51	1.425
1493	reported	31227	0.373	1	1	1.424
1494	desiring	31273	0.373	1	1	1.422
1495	yearly	31375	0.375	1	1	1.417
1496	complete	31387	0.375	1	1	1.417
1497	corrupt	63197	0.754	2	2	1.407
1498	branch	31608	0.377	1	1	1.406
1499	rejected	31663	0.378	1	1	1.404
1500	bad	95210	1.137	3	3	1.4
1501	vow	31839	0.38	1	1	1.396
1502	Composed	31899	0.381	1	1	1.393
1503	dost	31931	0.381	1	1	1.392
1504	spoke	31965	0.382	1	1	1.39
1505	dogs	32101	0.383	1	1	1.384
1506	eaten	32125	0.384	1	1	1.383
1507	College	32308	0.386	1	1	1.375
1508	fie	32306	0.386	1	1	1.375
1509	expectation	32361	0.386	1	1	1.372
1510	like	1070087	12.773	33	21	1.369
1511	Israel	162651	1.942	5	2	1.365
1512	seed	130549	1.558	4	4	1.36
1513	holding	32663	0.39	1	1	1.359
1514	wits	32674	0.39	1	1	1.358
1515	fought	32796	0.392	1	1	1.353
1516	lying	65748	0.785	2	2	1.35
1517	sit	131502	1.57	4	4	1.35
1518	Common-wealth	32931	0.393	1	1	1.347
1519	quarrel	32992	0.394	1	1	1.344
1520	14.	99060	1.182	3	3	1.343
1521	Beasts	99530	1.188	3	3	1.336
1522	beloved	66576	0.795	2	2	1.332
1523	Thou	1398203	16.689	42	24	1.331
1524	bestow	33438	0.399	1	1	1.325
1525	17	133873	1.598	4	4	1.324
1526	wash	33557	0.401	1	1	1.32
1527	wax	33550	0.401	1	1	1.32
1528	receives	33599	0.401	1	1	1.318
1529	Royal	101049	1.206	3	2	1.314
1530	Soldier	33917	0.405	1	1	1.305
1531	Spanish	34036	0.406	1	1	1.299
1532	visit	34153	0.408	1	1	1.294
1533	professed	34256	0.409	1	1	1.29
1534	Item	34287	0.409	1	1	1.289
1535	separation	34334	0.41	1	1	1.287
1536	Physic	34467	0.411	1	1	1.281
1537	n't	34507	0.412	1	1	1.28
1538	beaten	34661	0.414	1	1	1.273
1539	reproach	34657	0.414	1	1	1.273
1540	Legs	34666	0.414	1	1	1.273
1541	strange	139257	1.662	4	3	1.267
1542	poor	313465	3.742	9	6	1.266
1543	Blame	34974	0.418	1	1	1.26
1544	hath	1823449	21.765	52	29	1.256
1545	art	315875	3.77	9	6	1.255
1546	calling	105619	1.261	3	3	1.251
1547	delights	35263	0.421	1	1	1.248
1548	habit	35431	0.423	1	1	1.242
1549	fate	35533	0.424	1	1	1.238
1550	choose	71078	0.848	2	2	1.237
1551	37	35612	0.425	1	1	1.234
1552	stock	35766	0.427	1	1	1.228
1553	sought	71565	0.854	2	1	1.227
1554	great	1790493	21.372	50	30	1.226
1555	exact	35980	0.43	1	1	1.219
1556	Trade	71989	0.859	2	1	1.219
1557	carry	108052	1.29	3	2	1.218
1558	hither	36037	0.43	1	1	1.217
1559	dumb	36044	0.43	1	1	1.217
1560	whose	468798	5.596	13	9	1.216
1561	sure	217623	2.598	6	6	1.208
1562	eat	145185	1.733	4	3	1.207
1563	desirous	36305	0.433	1	1	1.207
1564	Enter	145726	1.739	4	4	1.201
1565	behind	73039	0.872	2	2	1.198
1566	Citizens	36524	0.436	1	1	1.198
1567	garden	36538	0.436	1	1	1.197
1568	heretofore	36652	0.438	1	1	1.193
1569	afterwards	146805	1.752	4	3	1.191
1570	bright	36946	0.441	1	1	1.181
1571	Albeit	73943	0.883	2	2	1.18
1572	child	148012	1.767	4	4	1.179
1573	house	407406	4.863	11	10	1.178
1574	Jesuits	37256	0.445	1	1	1.169
1575	pleasure	186565	2.227	5	3	1.167
1576	hell	149518	1.785	4	4	1.164
1577	increased	37408	0.447	1	1	1.163
1578	's	1833403	21.884	49	23	1.163
1579	commands	74993	0.895	2	2	1.16
1580	meant	112513	1.343	3	2	1.16
1581	numbers	37529	0.448	1	1	1.158
1582	Latin	75364	0.9	2	2	1.153
1583	separated	37858	0.452	1	1	1.146
1584	vile	37856	0.452	1	1	1.146
1585	7.	151741	1.811	4	4	1.143
1586	lips	38066	0.454	1	1	1.138
1587	wings	38100	0.455	1	1	1.137
1588	Omnes	38114	0.455	1	1	1.136
1589	Devil	190658	2.276	5	3	1.136
1590	praying	38212	0.456	1	1	1.133
1591	cast	229673	2.741	6	6	1.13
1592	tyranny	38301	0.457	1	1	1.129
1593	Par	38300	0.457	1	1	1.129
1594	plain	154580	1.845	4	3	1.116
1595	title	115960	1.384	3	3	1.116
1596	deserved	38662	0.462	1	1	1.116
1597	drew	38764	0.463	1	1	1.112
1598	driven	38873	0.464	1	1	1.108
1599	forbidden	38907	0.464	1	1	1.107
1600	credit	77984	0.931	2	2	1.103
1601	length	117029	1.397	3	3	1.103
1602	George	39058	0.466	1	1	1.101
1603	proceedings	39090	0.467	1	1	1.1
1604	Egypt	78714	0.94	2	2	1.09
1605	atque	39364	0.47	1	1	1.09
1606	Company	157530	1.88	4	4	1.089
1607	lo	39596	0.473	1	1	1.081
1608	differ	39678	0.474	1	1	1.078
1609	make	1313915	15.683	33	28	1.073
1610	nought	39966	0.477	1	1	1.068
1611	tried	40042	0.478	1	1	1.065
1612	abroad	80124	0.956	2	2	1.064
1613	send	120341	1.436	3	3	1.063
1614	looking	40123	0.479	1	1	1.062
1615	waste	40248	0.48	1	1	1.058
1616	replied	40276	0.481	1	1	1.057
1617	runs	40288	0.481	1	1	1.056
1618	evils	40623	0.485	1	1	1.044
1619	burn	40670	0.485	1	1	1.043
1620	sick	81507	0.973	2	2	1.04
1621	fair	204535	2.441	5	4	1.034
1622	lines	40967	0.489	1	1	1.032
1623	!	371996	4.44	9	6	1.019
1624	Bill	41380	0.494	1	1	1.018
1625	openly	41440	0.495	1	1	1.016
1626	honey	41845	0.5	1	1	1.001
1627	Policy	41924	0.5	1	1	0.999
1628	City	377406	4.505	9	8	0.998
1629	becomes	41957	0.501	1	1	0.998
1630	amongst	251926	3.007	6	3	0.997
1631	gates	42043	0.502	1	1	0.995
1632	roots	42047	0.502	1	1	0.995
1633	running	42083	0.502	1	1	0.993
1634	Oh	126299	1.508	3	2	0.993
1635	Rare	42119	0.503	1	1	0.992
1636	cap	211323	2.522	5	5	0.987
1637	oftentimes	42310	0.505	1	1	0.986
1638	Mad	42332	0.505	1	1	0.985
1639	Verily	42479	0.507	1	1	0.98
1640	stands	85073	1.016	2	2	0.978
1641	Whereas	170273	2.032	4	3	0.977
1642	utter	42614	0.509	1	1	0.975
1643	honoured	42718	0.51	1	1	0.972
1644	grand	42729	0.51	1	1	0.971
1645	Adds	42811	0.511	1	1	0.969
1646	ended	42908	0.512	1	1	0.965
1647	described	42932	0.512	1	1	0.965
1648	description	42949	0.513	1	1	0.964
1649	destroy	86113	1.028	2	2	0.96
1650	presented	43069	0.514	1	1	0.96
1651	passing	43069	0.514	1	1	0.96
1652	joined	86338	1.031	2	1	0.957
1653	frequent	43207	0.516	1	1	0.955
1654	Doctors	43227	0.516	1	1	0.955
1655	named	86879	1.037	2	2	0.948
1656	ten	130362	1.556	3	3	0.947
1657	request	43622	0.521	1	1	0.941
1658	mark	131282	1.567	3	3	0.937
1659	believed	87994	1.05	2	2	0.929
1660	prove	220093	2.627	5	4	0.928
1661	yours	44031	0.526	1	1	0.928
1662	English	176398	2.106	4	4	0.926
1663	deserve	44125	0.527	1	1	0.925
1664	terms	88303	1.054	2	2	0.924
1665	broken	88305	1.054	2	2	0.924
1666	Grows	44157	0.527	1	1	0.924
1667	guilt	44211	0.528	1	1	0.922
1668	notes	44287	0.529	1	1	0.92
1669	reach	44414	0.53	1	1	0.916
1670	poison	44407	0.53	1	1	0.916
1671	got	88984	1.062	2	2	0.913
1672	Prophet	133904	1.598	3	3	0.908
1673	Yes	44644	0.533	1	1	0.908
1674	practice	89548	1.069	2	2	0.904
1675	defence	89679	1.07	2	2	0.902
1676	10.	134546	1.606	3	3	0.901
1677	usual	44893	0.536	1	1	0.9
1678	bid	45051	0.538	1	1	0.895
1679	skill	45072	0.538	1	1	0.894
1680	kept	180349	2.153	4	4	0.894
1681	wanting	45133	0.539	1	1	0.892
1682	self	948089	11.317	21	20	0.892
1683	abuse	45195	0.54	1	1	0.89
1684	begun	45469	0.543	1	1	0.882
1685	wisdom	228022	2.722	5	1	0.877
1686	judges	91633	1.094	2	2	0.871
1687	my	2492426	29.75	54	24	0.86
1688	unlawful	46183	0.551	1	1	0.859
1689	Angry	46285	0.553	1	1	0.856
1690	store	46312	0.553	1	1	0.855
1691	friendship	46387	0.554	1	1	0.853
1692	want	185706	2.217	4	3	0.852
1693	sons	139530	1.666	3	3	0.849
1694	holds	46539	0.556	1	1	0.848
1695	written	186305	2.224	4	4	0.847
1696	else	281410	3.359	6	5	0.837
1697	agreed	47125	0.563	1	1	0.83
1698	history	94546	1.129	2	1	0.826
1699	among	379416	4.529	8	7	0.821
1700	rich	142318	1.699	3	3	0.82
1701	lately	47691	0.569	1	1	0.813
1702	sat	47715	0.57	1	1	0.812
1703	restored	47801	0.571	1	1	0.809
1704	beauty	95667	1.142	2	2	0.809
1705	home	144093	1.72	3	3	0.803
1706	gives	192161	2.294	4	4	0.802
1707	warrant	48147	0.575	1	1	0.799
1708	ashamed	48199	0.575	1	1	0.798
1709	fine	96522	1.152	2	2	0.796
1710	Philip	48328	0.577	1	1	0.794
1711	dyed	48358	0.577	1	1	0.793
1712	speaking	96859	1.156	2	2	0.791
1713	working	48604	0.58	1	1	0.785
1714	degree	97277	1.161	2	2	0.785
1715	fresh	48792	0.582	1	1	0.78
1716	noted	48905	0.584	1	1	0.777
1717	fast	97823	1.168	2	2	0.776
1718	States	49055	0.586	1	1	0.772
1719	mischief	49083	0.586	1	1	0.771
1720	wicked	246712	2.945	5	5	0.764
1721	4.	246979	2.948	5	4	0.762
1722	worth	99043	1.182	2	2	0.759
1723	alive	49526	0.591	1	1	0.758
1724	eye	149187	1.781	3	3	0.753
1725	conditions	49776	0.594	1	1	0.751
1726	perhaps	99958	1.193	2	2	0.745
1727	servants	149996	1.79	3	3	0.745
1728	belly	50036	0.597	1	1	0.744
1729	bones	50056	0.598	1	1	0.743
1730	Lamb	50063	0.598	1	1	0.743
1731	suffered	100182	1.196	2	2	0.742
1732	colour	100836	1.204	2	2	0.733
1733	province	50494	0.603	1	1	0.73
1734	23	101193	1.208	2	2	0.727
1735	name	607418	7.25	12	8	0.727
1736	Posterity	50699	0.605	1	1	0.725
1737	revealed	50925	0.608	1	1	0.718
1738	covered	50980	0.609	1	1	0.717
1739	commit	51155	0.611	1	1	0.712
1740	suffering	51201	0.611	1	1	0.71
1741	prophecy	51210	0.611	1	1	0.71
1742	profess	51407	0.614	1	1	0.705
1743	g.	51419	0.614	1	1	0.704
1744	fill	51476	0.614	1	1	0.703
1745	murder	51605	0.616	1	1	0.699
1746	receiving	51659	0.617	1	1	0.698
1747	Thy	1346327	16.07	26	21	0.694
1748	chamber	51849	0.619	1	1	0.692
1749	say	1089806	13.008	21	19	0.691
1750	possessed	51998	0.621	1	1	0.688
1751	Nor	1146191	13.681	22	18	0.685
1752	green	52193	0.623	1	1	0.683
1753	looks	52264	0.624	1	1	0.681
1754	longer	105304	1.257	2	2	0.67
1755	weak	105310	1.257	2	2	0.67
1756	pride	105444	1.259	2	2	0.668
1757	going	105462	1.259	2	2	0.668
1758	thirty	52798	0.63	1	1	0.666
1759	saying	211699	2.527	4	3	0.663
1760	follow	211834	2.529	4	4	0.662
1761	b	106037	1.266	2	1	0.66
1762	SIr	371184	4.431	7	6	0.66
1763	suddenly	53066	0.633	1	1	0.659
1764	declared	106222	1.268	2	2	0.658
1765	Popish	53150	0.634	1	1	0.657
1766	discipline	53324	0.637	1	1	0.652
1767	spent	53460	0.638	1	1	0.648
1768	wound	53525	0.639	1	1	0.646
1769	apt	53529	0.639	1	1	0.646
1770	mouth	161086	1.923	3	2	0.642
1771	conversation	53957	0.644	1	1	0.635
1772	treason	53972	0.644	1	1	0.634
1773	free	216340	2.582	4	2	0.631
1774	bears	54088	0.646	1	1	0.631
1775	Turks	54116	0.646	1	1	0.631
1776	14	162434	1.939	3	3	0.63
1777	grow	108376	1.294	2	2	0.629
1778	or	6140246	73.292	113	49	0.625
1779	served	54417	0.65	1	1	0.623
1780	sheweth	54422	0.65	1	1	0.622
1781	fol.	54629	0.652	1	1	0.617
1782	Paris	54729	0.653	1	1	0.614
1783	willingly	54908	0.655	1	1	0.61
1784	pound	54933	0.656	1	1	0.609
1785	bold	54959	0.656	1	1	0.608
1786	allow	54968	0.656	1	1	0.608
1787	sickness	55104	0.658	1	1	0.604
1788	note	111981	1.337	2	2	0.581
1789	(	3147389	37.568	56	28	0.576
1790	Mountains	56383	0.673	1	1	0.571
1791	Why	394748	4.712	7	6	0.571
1792	ordinary	113361	1.353	2	2	0.564
1793	feast	56711	0.677	1	1	0.563
1794	satisfy	56748	0.677	1	1	0.562
1795	fourth	113523	1.355	2	2	0.562
1796	lived	113584	1.356	2	2	0.561
1797	touch	57247	0.683	1	1	0.549
1798	apply	57357	0.685	1	1	0.547
1799	Touching	115302	1.376	2	1	0.539
1800	stomach	57673	0.688	1	1	0.539
1801	arms	173309	2.069	3	3	0.536
1802	seeing	231216	2.76	4	4	0.535
1803	fallen	57829	0.69	1	1	0.535
1804	Fame	57875	0.691	1	1	0.534
1805	persuade	57909	0.691	1	1	0.533
1806	overcome	57959	0.692	1	1	0.532
1807	horses	58059	0.693	1	1	0.529
1808	keeping	58223	0.695	1	1	0.525
1809	whosoever	58235	0.695	1	1	0.525
1810	perish	58343	0.696	1	1	0.522
1811	afraid	58383	0.697	1	1	0.521
1812	shut	58420	0.697	1	1	0.52
1813	season	58435	0.698	1	1	0.52
1814	paid	58812	0.702	1	1	0.51
1815	Gen.	118079	1.409	2	1	0.505
1816	devils	59091	0.705	1	1	0.504
1817	Ceremonies	59141	0.706	1	1	0.502
1818	return	177443	2.118	3	3	0.502
1819	wait	59233	0.707	1	1	0.5
1820	ever	652700	7.791	11	10	0.498
1821	Condemn	59378	0.709	1	1	0.497
1822	Exod.	59405	0.709	1	1	0.496
1823	set	595126	7.104	10	8	0.493
1824	daily	119047	1.421	2	2	0.493
1825	feel	59669	0.712	1	1	0.49
1826	Allowed	59743	0.713	1	1	0.488
1827	spiritual	239256	2.856	4	4	0.486
1828	presently	119716	1.429	2	2	0.485
1829	quiet	60323	0.72	1	1	0.474
1830	mans	181090	2.162	3	2	0.473
1831	seven	120863	1.443	2	2	0.471
1832	Gentlemen	60495	0.722	1	1	0.47
1833	mortal	60563	0.723	1	1	0.468
1834	now	1519152	18.133	25	17	0.463
1835	no	2739631	32.701	45	30	0.461
1836	blood	426566	5.092	7	6	0.459
1837	ere	61209	0.731	1	1	0.453
1838	)	3126749	37.322	51	25	0.45
1839	heed	61679	0.736	1	1	0.442
1840	past	123448	1.474	2	2	0.441
1841	along	61778	0.737	1	1	0.439
1842	en	61856	0.738	1	1	0.438
1843	with	6743369	80.491	109	68	0.437
1844	bring	310345	3.704	5	3	0.433
1845	ce	62075	0.741	1	1	0.433
1846	still	373001	4.452	6	6	0.43
1847	scarce	62192	0.742	1	1	0.43
1848	requires	62190	0.742	1	1	0.43
1849	Duke	187759	2.241	3	3	0.421
1850	understood	125485	1.498	2	2	0.417
1851	opened	62767	0.749	1	1	0.417
1852	inhabitants	62803	0.75	1	1	0.416
1853	each	252025	3.008	4	2	0.411
1854	I	6187300	73.854	98	50	0.408
1855	quantity	63147	0.754	1	1	0.408
1856	fr	63238	0.755	1	1	0.406
1857	continually	63423	0.757	1	1	0.402
1858	sooner	63462	0.758	1	1	0.401
1859	discovered	63467	0.758	1	1	0.4
1860	March	63519	0.758	1	1	0.399
1861	Youth	63555	0.759	1	1	0.399
1862	verse	254782	3.041	4	4	0.395
1863	suffer	191145	2.282	3	3	0.395
1864	whilst	127767	1.525	2	2	0.391
1865	6.	191822	2.29	3	2	0.39
1866	led	64006	0.764	1	1	0.388
1867	most	1280269	15.282	20	14	0.388
1868	Alexander	64017	0.764	1	1	0.388
1869	ME	1731164	20.664	27	22	0.386
1870	taught	128541	1.534	2	2	0.382
1871	yea	321813	3.841	5	5	0.38
1872	is	12301699	146.837	191	82	0.379
1873	live	322774	3.853	5	3	0.376
1874	many	1356675	16.194	21	15	0.375
1875	confirmed	64726	0.773	1	1	0.372
1876	constant	64819	0.774	1	1	0.37
1877	safe	64842	0.774	1	1	0.37
1878	months	65020	0.776	1	1	0.366
1879	22.	65112	0.777	1	1	0.364
1880	Gentiles	65128	0.777	1	1	0.363
1881	making	195439	2.333	3	3	0.363
1882	sacrifice	130353	1.556	2	2	0.362
1883	avoid	65191	0.778	1	1	0.362
1884	Church	1175787	14.035	18	14	0.359
1885	anger	65536	0.782	1	1	0.354
1886	Matth.	65563	0.783	1	1	0.354
1887	innocent	65570	0.783	1	1	0.353
1888	9.	131214	1.566	2	2	0.353
1889	hours	65642	0.784	1	1	0.352
1890	judge	262867	3.138	4	4	0.35
1891	sides	65850	0.786	1	1	0.347
1892	then	2700348	32.232	41	27	0.347
1893	safety	65883	0.786	1	1	0.347
1894	Some	1845849	22.033	28	18	0.346
1895	leave	264688	3.159	4	4	0.34
1896	:	8018849	95.715	121	60	0.338
1897	simple	66612	0.795	1	1	0.331
1898	please	133516	1.594	2	2	0.328
1899	your	2073026	24.744	31	20	0.325
1900	fall	267911	3.198	4	4	0.323
1901	persuaded	67094	0.801	1	1	0.32
1902	Language	67133	0.801	1	1	0.32
1903	on	1948583	23.259	29	19	0.318
1904	Epistle	67239	0.803	1	1	0.317
1905	.	39047260	466.08	580	150	0.315
1906	run	134767	1.609	2	2	0.314
1907	private	134915	1.61	2	1	0.313
1908	,	97296499	1161.361	1437	277	0.307
1909	preserve	68009	0.812	1	1	0.301
1910	La	204980	2.447	3	1	0.294
1911	remedy	68365	0.816	1	1	0.293
1912	throne	68392	0.816	1	1	0.293
1913	&c	479189	5.72	7	6	0.291
1914	Argument	136912	1.634	2	2	0.291
1915	full	343239	4.097	5	4	0.287
1916	Doth	963309	11.498	14	8	0.284
1917	Mary	68927	0.823	1	1	0.282
1918	partly	69033	0.824	1	1	0.279
1919	lawful	138238	1.65	2	2	0.277
1920	let	968524	11.561	14	13	0.276
1921	n	69208	0.826	1	1	0.276
1922	thousand	207672	2.479	3	3	0.275
1923	consider	208021	2.483	3	3	0.273
1924	witnesses	69349	0.828	1	1	0.273
1925	Hence	139086	1.66	2	2	0.269
1926	will	2993503	35.731	43	31	0.267
1927	Caesar	69848	0.834	1	1	0.262
1928	Ghost	139834	1.669	2	2	0.261
1929	Oft	69946	0.835	1	1	0.26
1930	shows	70001	0.836	1	1	0.259
1931	you	3714542	44.338	53	28	0.257
1932	pieces	70256	0.839	1	1	0.254
1933	need	211437	2.524	3	2	0.249
1934	stones	70601	0.843	1	1	0.247
1935	thine	141265	1.686	2	2	0.246
1936	almost	141302	1.687	2	2	0.246
1937	dwell	70987	0.847	1	1	0.239
1938	although	212964	2.542	3	2	0.239
1939	actions	142378	1.7	2	2	0.235
1940	Sam	71242	0.85	1	1	0.234
1941	wrong	71272	0.851	1	1	0.233
1942	utterly	71440	0.853	1	1	0.23
1943	following	142882	1.706	2	2	0.23
1944	Thus	788750	9.415	11	7	0.225
1945	Arguments	71833	0.857	1	1	0.222
1946	the	59190422	706.515	824	210	0.222
1947	double	72073	0.86	1	1	0.217
1948	Because	1157094	13.811	16	14	0.212
1949	where	1086411	12.968	15	11	0.21
1950	Afterward	72483	0.865	1	1	0.209
1951	forward	72541	0.866	1	1	0.208
1952	Kings	363629	4.34	5	5	0.204
1953	19.	72769	0.869	1	1	0.203
1954	hope	292642	3.493	4	3	0.195
1955	Kingdoms	73313	0.875	1	1	0.192
1956	;	9536348	113.829	130	72	0.192
1957	help	220081	2.627	3	3	0.192
1958	London	146866	1.753	2	2	0.19
1959	became	73544	0.878	1	1	0.188
1960	spoken	147126	1.756	2	2	0.188
1961	wealth	73703	0.88	1	1	0.185
1962	commanded	147447	1.76	2	1	0.184
1963	wherewith	74362	0.888	1	1	0.172
1964	2	973176	11.616	13	6	0.162
1965	needs	150472	1.796	2	2	0.155
1966	agree	75479	0.901	1	1	0.151
1967	second	377815	4.51	5	4	0.149
1968	masters	75576	0.902	1	1	0.149
1969	shalt	151151	1.804	2	2	0.149
1970	Labour	151222	1.805	2	2	0.148
1971	zeal	75709	0.904	1	1	0.146
1972	said	1514302	18.075	20	13	0.146
1973	did	1515759	18.093	20	16	0.145
1974	man	1972758	23.547	26	14	0.143
1975	20.	75893	0.906	1	1	0.143
1976	Till	379902	4.535	5	5	0.141
1977	loves	76043	0.908	1	1	0.14
1978	says	304429	3.634	4	4	0.139
1979	love	838220	10.005	11	5	0.137
1980	down	533657	6.37	7	6	0.136
1981	choice	76287	0.911	1	1	0.135
1982	speaks	153099	1.827	2	2	0.13
1983	think	539870	6.444	7	5	0.119
1984	besides	231481	2.763	3	3	0.119
1985	under	696455	8.313	9	7	0.115
1986	18.	77389	0.924	1	1	0.115
1987	O	541781	6.467	7	6	0.114
1988	misery	77670	0.927	1	1	0.109
1989	sweet	155475	1.856	2	2	0.108
1990	blind	77737	0.928	1	1	0.108
1991	27	77948	0.93	1	1	0.104
1992	visible	77964	0.931	1	1	0.104
1993	gain	78199	0.933	1	1	0.099
1994	cruel	78662	0.939	1	1	0.091
1995	office	157520	1.88	2	2	0.089
1996	here	866663	10.345	11	10	0.089
1997	whereupon	78977	0.943	1	1	0.085
1998	Made	1503973	17.952	19	13	0.082
1999	sleep	79160	0.945	1	1	0.082
2000	nay	158341	1.89	2	2	0.082
2001	rules	79185	0.945	1	1	0.081
2002	sayeth	633645	7.563	8	7	0.081
2003	And	37698224	449.978	475	170	0.078
2004	space	80076	0.956	1	1	0.065
2005	See	961542	11.477	12	10	0.064
2006	taken	481305	5.745	6	6	0.063
2007	Paul	240876	2.875	3	3	0.061
2008	may	2661871	31.773	33	18	0.055
2009	Greek	80695	0.963	1	1	0.054
2010	pray	242183	2.891	3	2	0.053
2011	lives	161569	1.929	2	2	0.053
2012	profession	81244	0.97	1	1	0.044
2013	every	1057014	12.617	13	12	0.043
2014	mean	244094	2.914	3	3	0.042
2015	Knight	81427	0.972	1	1	0.041
2016	be	9896153	118.124	121	72	0.035
2017	gracious	81919	0.978	1	1	0.032
2018	13	164052	1.958	2	2	0.03
2019	religious	82272	0.982	1	1	0.026
2020	health	83023	0.991	1	1	0.013
2021	&#x14d;	499329	5.96	6	5	0.01
2022	lead	83367	0.995	1	1	0.007
2023	seem	166761	1.991	2	2	0.007
2024	was	5179337	61.822	62	35	0.004
2025	silver	84062	1.003	1	1	-0.005
2026	away	504942	6.027	6	6	-0.007
2027	chosen	84591	1.01	1	1	-0.014
2028	one	2538275	30.298	30	21	-0.014
2029	hard	169293	2.021	2	2	-0.015
2030	gifts	84700	1.011	1	1	-0.016
2031	of	39170514	467.551	462	161	-0.017
2032	am	509469	6.081	6	6	-0.019
2033	should	1871070	22.334	22	18	-0.022
2034	for	9369441	111.837	110	66	-0.024
2035	so	5366625	64.058	63	32	-0.024
2036	precious	85205	1.017	1	1	-0.024
2037	yield	85483	1.02	1	1	-0.029
2038	deal	85541	1.021	1	1	-0.03
2039	known	257669	3.076	3	3	-0.036
2040	]	429805	5.13	5	3	-0.037
2041	haste	258415	3.085	3	3	-0.04
2042	but	6983890	83.362	81	43	-0.041
2043	close	86281	1.03	1	1	-0.043
2044	Dead	259219	3.094	3	3	-0.045
2045	when	2343068	27.968	27	21	-0.051
2046	have	4691254	55.996	54	33	-0.052
2047	whom	782727	9.343	9	8	-0.054
2048	yet	1835928	21.914	21	13	-0.061
2049	returned	87529	1.045	1	1	-0.063
2050	Knowing	87901	1.049	1	1	-0.069
2051	his	9217642	110.025	104	55	-0.081
2052	Captain	88772	1.06	1	1	-0.084
2053	how	1244740	14.858	14	10	-0.086
2054	whole	534092	6.375	6	6	-0.087
2055	who	2315377	27.637	26	21	-0.088
2056	that	17465266	208.471	196	108	-0.089
2057	charge	178431	2.13	2	2	-0.091
2058	wind	89919	1.073	1	1	-0.102
2059	profit	90042	1.075	1	1	-0.104
2060	read	271950	3.246	3	3	-0.114
2061	mine	181777	2.17	2	2	-0.117
2062	thee	728077	8.691	8	8	-0.119
2063	condemned	91164	1.088	1	1	-0.122
2064	strong	182777	2.182	2	2	-0.125
2065	sum	91719	1.095	1	1	-0.131
2066	25	91872	1.097	1	1	-0.133
2067	fully	92165	1.1	1	1	-0.138
2068	began	184715	2.205	2	2	-0.141
2069	once	277740	3.315	3	2	-0.144
2070	two	926661	11.061	10	8	-0.145
2071	understand	185715	2.217	2	2	-0.148
2072	used	278736	3.327	3	2	-0.149
2073	heads	93035	1.111	1	1	-0.151
2074	T	186780	2.23	2	2	-0.157
2075	Saint	186918	2.231	2	1	-0.158
2076	[	280684	3.35	3	3	-0.159
2077	shall	2624249	31.324	28	22	-0.162
2078	ask	93732	1.119	1	1	-0.162
2079	army	188187	2.246	2	2	-0.168
2080	ones	94155	1.124	1	1	-0.169
2081	increase	94264	1.125	1	1	-0.17
2082	advantage	94526	1.128	1	1	-0.174
2083	namely	94600	1.129	1	1	-0.175
2084	give	758276	9.051	8	6	-0.178
2085	meat	94824	1.132	1	1	-0.179
2086	object	94992	1.134	1	1	-0.181
2087	affection	95087	1.135	1	1	-0.183
2088	to	27864128	332.595	293	121	-0.183
2089	Son	570683	6.812	6	4	-0.183
2090	alone	190842	2.278	2	2	-0.188
2091	were	2871299	34.273	30	17	-0.192
2092	offer	96063	1.147	1	1	-0.197
2093	this	6548918	78.17	68	43	-0.201
2094	leaves	96805	1.156	1	1	-0.209
2095	truly	193999	2.316	2	1	-0.211
2096	begin	97196	1.16	1	1	-0.214
2097	something	97686	1.166	1	1	-0.222
2098	commonly	97748	1.167	1	1	-0.223
2099	as	9292085	110.913	95	48	-0.223
2100	fire	294315	3.513	3	3	-0.228
2101	beyond	98141	1.171	1	1	-0.228
2102	quod	196567	2.346	2	2	-0.23
2103	tells	98449	1.175	1	1	-0.233
2104	brought	394377	4.707	4	4	-0.235
2105	image	99324	1.186	1	1	-0.246
2106	loss	99713	1.19	1	1	-0.251
2107	write	99970	1.193	1	1	-0.255
2108	all	5908829	70.53	59	43	-0.258
2109	goes	100413	1.199	1	1	-0.261
2110	greatest	200955	2.399	2	2	-0.262
2111	continue	100553	1.2	1	1	-0.263
2112	Thomas	100867	1.204	1	1	-0.268
2113	24	100969	1.205	1	1	-0.269
2114	age	202681	2.419	2	1	-0.275
2115	Catholic	101512	1.212	1	1	-0.277
2116	express	101655	1.213	1	1	-0.279
2117	up	1119358	13.361	11	9	-0.281
2118	communion	101932	1.217	1	1	-0.283
2119	would	1733888	20.696	17	14	-0.284
2120	sorts	102012	1.218	1	1	-0.284
2121	land	307074	3.665	3	2	-0.289
2122	desires	102632	1.225	1	1	-0.293
2123	forth	410791	4.903	4	4	-0.294
2124	feet	102703	1.226	1	1	-0.294
2125	slain	102937	1.229	1	1	-0.297
2126	since	412107	4.919	4	4	-0.298
2127	holiness	103065	1.23	1	1	-0.299
2128	kind	310094	3.701	3	2	-0.303
2129	Experience	103554	1.236	1	1	-0.306
2130	Pro	103839	1.24	1	1	-0.31
2131	sign	104160	1.243	1	1	-0.314
2132	Immediately	104214	1.244	1	1	-0.315
2133	H.	104565	1.248	1	1	-0.32
2134	not	8929558	106.586	85	49	-0.326
2135	custom	105184	1.256	1	1	-0.328
2136	22	105972	1.265	1	1	-0.339
2137	Princes	212093	2.532	2	2	-0.34
2138	at	3182175	37.983	30	21	-0.34
2139	3.	318523	3.802	3	3	-0.342
2140	found	426408	5.09	4	4	-0.348
2141	go	533648	6.37	5	4	-0.349
2142	very	1174247	14.016	11	7	-0.35
2143	13.	106799	1.275	1	1	-0.35
2144	add	106899	1.276	1	1	-0.352
2145	Fathers	213875	2.553	2	2	-0.352
2146	special	107206	1.28	1	1	-0.356
2147	has	321926	3.843	3	3	-0.357
2148	neither	537051	6.41	5	5	-0.358
2149	Somewhat	108061	1.29	1	1	-0.367
2150	there	2595192	30.977	24	17	-0.368
2151	Scripture	324647	3.875	3	3	-0.369
2152	desired	108540	1.296	1	1	-0.374
2153	night	217853	2.6	2	2	-0.379
2154	dear	109293	1.305	1	1	-0.384
2155	before	1422340	16.978	13	12	-0.385
2156	witness	109825	1.311	1	1	-0.391
2157	state	329799	3.937	3	3	-0.392
2158	meaning	110075	1.314	1	1	-0.394
2159	mentioned	110171	1.315	1	1	-0.395
2160	unto	1880305	22.444	17	7	-0.401
2161	promises	110749	1.322	1	1	-0.403
2162	better	443737	5.297	4	4	-0.405
2163	plainly	111081	1.326	1	1	-0.407
2164	must	1333555	15.918	12	7	-0.408
2165	walk	111166	1.327	1	1	-0.408
2166	Satan	111662	1.333	1	1	-0.414
2167	1	1451762	17.329	13	6	-0.415
2168	equal	111972	1.337	1	1	-0.418
2169	enough	225014	2.686	2	2	-0.425
2170	heard	225126	2.687	2	2	-0.426
2171	last	450430	5.377	4	4	-0.427
2172	Lady	112639	1.345	1	1	-0.427
2173	head	338290	4.038	3	3	-0.429
2174	offered	113433	1.354	1	1	-0.437
2175	Sometimes	226924	2.709	2	1	-0.438
2176	punishment	113533	1.355	1	1	-0.439
2177	if	3293480	39.312	29	21	-0.439
2178	Lords	228223	2.724	2	2	-0.446
2179	action	114368	1.365	1	1	-0.449
2180	houses	114523	1.367	1	1	-0.451
2181	respect	229329	2.737	2	2	-0.453
2182	often	229358	2.738	2	2	-0.453
2183	men	1835942	21.914	16	7	-0.454
2184	do	2417629	28.858	21	15	-0.459
2185	committed	115180	1.375	1	1	-0.459
2186	though	1040761	12.423	9	6	-0.465
2187	after	1272516	15.189	11	10	-0.466
2188	having	579260	6.914	5	4	-0.468
2189	sent	348162	4.156	3	3	-0.47
2190	Come	1165618	13.913	10	9	-0.476
2191	he	9215356	109.997	79	48	-0.478
2192	tongue	116704	1.393	1	1	-0.478
2193	giving	117136	1.398	1	1	-0.484
2194	thought	352735	4.21	3	3	-0.489
2195	judgment	235552	2.812	2	2	-0.491
2196	proved	118293	1.412	1	1	-0.498
2197	within	355110	4.239	3	2	-0.499
2198	certainly	118694	1.417	1	1	-0.503
2199	three	474878	5.668	4	4	-0.503
2200	more	2262327	27.004	19	13	-0.507
2201	names	120160	1.434	1	1	-0.52
2202	purpose	240680	2.873	2	2	-0.522
2203	8	242055	2.889	2	2	-0.531
2204	Even	607522	7.252	5	5	-0.536
2205	war	243324	2.904	2	2	-0.538
2206	been	1095200	13.073	9	9	-0.539
2207	against	1339213	15.985	11	10	-0.539
2208	Hold	243646	2.908	2	2	-0.54
2209	civil	121918	1.455	1	1	-0.541
2210	first	1465032	17.487	12	10	-0.543
2211	What	2320680	27.7	19	17	-0.544
2212	12.	122418	1.461	1	1	-0.547
2213	takes	123079	1.469	1	1	-0.555
2214	goods	123513	1.474	1	1	-0.56
2215	these	1985969	23.705	16	14	-0.567
2216	Text	124188	1.482	1	1	-0.568
2217	&	2737777	32.679	22	14	-0.571
2218	little	624322	7.452	5	4	-0.576
2219	necessary	250405	2.989	2	2	-0.58
2220	True	751380	8.969	6	6	-0.58
2221	word	751485	8.97	6	5	-0.58
2222	by	7416468	88.525	59	41	-0.585
2223	page	252043	3.009	2	1	-0.589
2224	four	252980	3.02	2	2	-0.594
2225	servant	127075	1.517	1	1	-0.601
2226	voice	127213	1.519	1	1	-0.603
2227	none	383245	4.575	3	2	-0.609
2228	business	128020	1.528	1	1	-0.612
2229	difference	128593	1.535	1	1	-0.618
2230	words	643917	7.686	5	4	-0.62
2231	glorious	128843	1.538	1	1	-0.621
2232	doing	129395	1.545	1	1	-0.627
2233	grant	129668	1.548	1	1	-0.63
2234	Out	1686345	20.129	13	8	-0.631
2235	prayers	131302	1.567	1	1	-0.648
2236	concerning	262903	3.138	2	2	-0.65
2237	rest	396125	4.728	3	3	-0.656
2238	happy	132157	1.578	1	1	-0.658
2239	went	264770	3.16	2	2	-0.66
2240	meet	132574	1.582	1	1	-0.662
2241	Nations	132713	1.584	1	1	-0.664
2242	thence	133035	1.588	1	1	-0.667
2243	s	133183	1.59	1	1	-0.669
2244	himself	1068396	12.753	8	7	-0.673
2245	save	133689	1.596	1	1	-0.674
2246	regard	133813	1.597	1	1	-0.676
2247	Observe	135204	1.614	1	1	-0.69
2248	From	3924250	46.841	29	22	-0.692
2249	being	1764433	21.061	13	12	-0.696
2250	Next	271507	3.241	2	2	-0.696
2251	held	136444	1.629	1	1	-0.704
2252	another	682313	8.144	5	4	-0.704
2253	e	136544	1.63	1	1	-0.705
2254	hear	273421	3.264	2	2	-0.706
2255	large	136943	1.635	1	1	-0.709
2256	father	550491	6.571	4	4	-0.716
2257	friend	138523	1.654	1	1	-0.726
2258	bound	138712	1.656	1	1	-0.727
2259	both	976138	11.652	7	7	-0.735
2260	heart	559805	6.682	4	3	-0.74
2261	received	280865	3.353	2	2	-0.745
2262	cut	140466	1.677	1	1	-0.746
2263	high	281250	3.357	2	1	-0.747
2264	Crown	140652	1.679	1	1	-0.748
2265	greater	281340	3.358	2	2	-0.748
2266	Si	141064	1.684	1	1	-0.752
2267	such	2262212	27.003	16	13	-0.755
2268	death	707920	8.45	5	4	-0.757
2269	work	425644	5.081	3	3	-0.76
2270	left	284479	3.396	2	2	-0.764
2271	die	284558	3.397	2	2	-0.764
2272	3	571164	6.818	4	4	-0.769
2273	had	2740575	32.712	19	15	-0.784
2274	gave	290757	3.471	2	2	-0.795
2275	c	292350	3.49	2	2	-0.803
2276	good	1608969	19.205	11	8	-0.804
2277	Noble	146938	1.754	1	1	-0.811
2278	are	5017099	59.886	34	28	-0.817
2279	they	6960305	83.08	47	33	-0.822
2280	together	444738	5.309	3	2	-0.823
2281	taking	148788	1.776	1	1	-0.829
2282	16	148850	1.777	1	1	-0.829
2283	new	447014	5.336	3	2	-0.831
2284	&c.	299097	3.57	2	2	-0.836
2285	Use	603174	7.2	4	4	-0.848
2286	Christian	303553	3.623	2	2	-0.857
2287	put	607656	7.253	4	4	-0.859
2288	short	151930	1.814	1	1	-0.859
2289	6	304045	3.629	2	2	-0.86
2290	behold	152112	1.816	1	1	-0.861
2291	several	304872	3.639	2	2	-0.864
2292	thereof	458302	5.47	3	2	-0.867
2293	Prince	306162	3.654	2	1	-0.87
2294	unless	154621	1.846	1	1	-0.884
2295	15	154905	1.849	1	1	-0.887
2296	in	20011385	238.862	129	77	-0.889
2297	excellent	155285	1.854	1	1	-0.89
2298	their	5435041	64.874	35	27	-0.89
2299	manner	467036	5.575	3	3	-0.894
2300	well	1096551	13.089	7	6	-0.903
2301	bread	156950	1.873	1	1	-0.906
2302	already	157133	1.876	1	1	-0.907
2303	upon	2522161	30.105	16	16	-0.912
2304	find	472931	5.645	3	3	-0.912
2305	estate	157763	1.883	1	1	-0.913
2306	France	158078	1.887	1	1	-0.916
2307	Christs	158654	1.894	1	1	-0.921
2308	causes	158986	1.898	1	1	-0.924
2309	faithful	159195	1.9	1	1	-0.926
2310	least	319491	3.814	2	2	-0.931
2311	Secondly	160056	1.911	1	1	-0.934
2312	much	1448309	17.288	9	7	-0.942
2313	which	6940930	82.849	43	35	-0.946
2314	right	484646	5.785	3	2	-0.947
2315	off	323311	3.859	2	2	-0.948
2316	could	808277	9.648	5	5	-0.948
2317	place	808630	9.652	5	4	-0.949
2318	enemy	162072	1.935	1	1	-0.952
2319	se	163405	1.951	1	1	-0.964
2320	given	491070	5.862	3	3	-0.966
2321	told	164509	1.964	1	1	-0.974
2322	ye	825703	9.856	5	5	-0.979
2323	can	1982819	23.668	12	12	-0.98
2324	part	827721	9.88	5	5	-0.983
2325	general	331599	3.958	2	2	-0.985
2326	reason	664880	7.936	4	2	-0.988
2327	wherein	332751	3.972	2	2	-0.99
2328	living	166437	1.987	1	1	-0.99
2329	worthy	168026	2.006	1	1	-1.004
2330	favour	168241	2.008	1	1	-1.006
2331	bodies	169090	2.018	1	1	-1.013
2332	whatsoever	170245	2.032	1	1	-1.023
2333	perfect	170422	2.034	1	1	-1.024
2334	only	1544540	18.436	9	7	-1.035
2335	wit	172149	2.055	1	1	-1.039
2336	thereby	172833	2.063	1	1	-1.045
2337	day	864384	10.318	5	4	-1.045
2338	sight	174034	2.077	1	1	-1.055
2339	show	349122	4.167	2	2	-1.059
2340	Queen	174640	2.085	1	1	-1.06
2341	command	177468	2.118	1	1	-1.083
2342	11	177974	2.124	1	1	-1.087
2343	time	1426900	17.032	8	7	-1.09
2344	above	357391	4.266	2	2	-1.093
2345	joy	178769	2.134	1	1	-1.093
2346	evil	357919	4.272	2	2	-1.095
2347	therein	178975	2.136	1	1	-1.095
2348	2.	358494	4.279	2	2	-1.097
2349	acts	180390	2.153	1	1	-1.106
2350	half	181109	2.162	1	1	-1.112
2351	Lib.	181181	2.163	1	1	-1.113
2352	answer	362673	4.329	2	2	-1.114
2353	take	907131	10.828	5	5	-1.115
2354	know	736780	8.794	4	4	-1.137
2355	World	932868	11.135	5	4	-1.155
2356	honour	374182	4.466	2	2	-1.159
2357	speak	374513	4.47	2	2	-1.16
2358	any	2444028	29.173	13	6	-1.166
2359	friends	189996	2.268	1	1	-1.181
2360	long	571124	6.817	3	3	-1.184
2361	themselves	761621	9.091	4	4	-1.184
2362	Per	190947	2.279	1	1	-1.189
2363	saw	191431	2.285	1	1	-1.192
2364	learned	191725	2.289	1	1	-1.194
2365	i.	191916	2.291	1	1	-1.196
2366	persons	384539	4.59	2	2	-1.198
2367	ancient	193683	2.312	1	1	-1.209
2368	Liberty	193859	2.314	1	1	-1.21
2369	Kingdom	388117	4.633	2	2	-1.212
2370	ways	194504	2.322	1	1	-1.215
2371	never	778679	9.295	4	3	-1.216
2372	Saints	194939	2.327	1	1	-1.218
2373	12	195478	2.333	1	1	-1.222
2374	fit	197019	2.352	1	1	-1.234
2375	times	394191	4.705	2	2	-1.234
2376	soon	198528	2.37	1	1	-1.245
2377	means	397591	4.746	2	2	-1.247
2378	serve	198842	2.373	1	1	-1.247
2379	done	601055	7.174	3	3	-1.258
2380	v.	202373	2.416	1	1	-1.272
2381	Churches	202693	2.419	1	1	-1.275
2382	coming	203089	2.424	1	1	-1.277
2383	Cor.	203716	2.432	1	1	-1.282
2384	therefore	1231317	14.697	6	5	-1.293
2385	we	4105074	48.999	20	15	-1.293
2386	worship	206782	2.468	1	1	-1.303
2387	JOHN	415725	4.962	2	2	-1.311
2388	9	208082	2.484	1	1	-1.312
2389	again	627628	7.492	3	3	-1.32
2390	own	1256418	14.997	6	5	-1.322
2391	5.	210462	2.512	1	1	-1.329
2392	divers	210634	2.514	1	1	-1.33
2393	hundred	212307	2.534	1	1	-1.342
2394	GODS	640962	7.651	3	3	-1.351
2395	innon-Latinalphabet	427513	5.103	2	2	-1.351
2396	Apostle	213865	2.553	1	1	-1.352
2397	public	215912	2.577	1	1	-1.366
2398	likewise	215998	2.578	1	1	-1.366
2399	whether	435425	5.197	2	1	-1.378
2400	far	439291	5.244	2	2	-1.391
2401	Christians	219658	2.622	1	1	-1.391
2402	especially	220705	2.634	1	1	-1.397
2403	others	665440	7.943	3	3	-1.405
2404	service	222275	2.653	1	1	-1.408
2405	does	222564	2.657	1	1	-1.41
2406	thing	892670	10.655	4	4	-1.413
2407	Court	223217	2.664	1	1	-1.414
2408	otherwise	223302	2.665	1	1	-1.414
2409	care	224334	2.678	1	1	-1.421
2410	earth	451529	5.39	2	2	-1.43
2411	seen	227877	2.72	1	1	-1.444
2412	council	228985	2.733	1	1	-1.451
2413	near	232787	2.779	1	1	-1.474
2414	&#x16b;	232932	2.78	1	1	-1.475
2415	Holy	701649	8.375	3	3	-1.481
2416	Sea	233892	2.792	1	1	-1.481
2417	stand	235721	2.814	1	1	-1.492
2418	pass	235903	2.816	1	1	-1.494
2419	hand	471988	5.634	2	2	-1.494
2420	him	4270811	50.978	18	15	-1.502
2421	might	949632	11.335	4	3	-1.503
2422	lay	238823	2.851	1	1	-1.511
2423	conscience	238823	2.851	1	1	-1.511
2424	also	1433690	17.113	6	6	-1.512
2425	virtue	240899	2.875	1	1	-1.524
2426	Wise	241600	2.884	1	1	-1.528
2427	third	242706	2.897	1	1	-1.535
2428	Further	242781	2.898	1	1	-1.535
2429	took	243304	2.904	1	1	-1.538
2430	Bishop	244304	2.916	1	1	-1.544
2431	small	246878	2.947	1	1	-1.559
2432	particular	248725	2.969	1	1	-1.57
2433	side	250068	2.985	1	1	-1.578
2434	heaven	503504	6.01	2	2	-1.587
2435	way	756236	9.027	3	3	-1.589
2436	look	255208	3.046	1	1	-1.607
2437	tell	255280	3.047	1	1	-1.607
2438	comes	255457	3.049	1	1	-1.608
2439	them	4855982	57.963	19	16	-1.609
2440	Too	521045	6.219	2	2	-1.637
2441	former	261116	3.117	1	1	-1.64
2442	it	11231693	134.065	43	28	-1.641
2443	Number	269531	3.217	1	1	-1.686
2444	Without	1089706	13.007	4	4	-1.701
2445	either	552589	6.596	2	2	-1.722
2446	us	2216337	26.455	8	8	-1.725
2447	soul	555660	6.633	2	2	-1.73
2448	those	1667771	19.907	6	5	-1.73
2449	just	281045	3.355	1	1	-1.746
2450	end	571167	6.818	2	2	-1.769
2451	into	1727535	20.62	6	6	-1.781
2452	cause	585252	6.986	2	2	-1.804
2453	other	2103223	25.105	7	7	-1.843
2454	While	300747	3.59	1	1	-1.844
2455	indeed	301803	3.602	1	1	-1.849
2456	our	3333885	39.794	11	10	-1.855
2457	always	304181	3.631	1	1	-1.86
2458	desire	306364	3.657	1	1	-1.871
2459	country	310285	3.704	1	1	-1.889
2460	works	315242	3.763	1	1	-1.912
2461	nothing	640275	7.643	2	2	-1.934
2462	between	321208	3.834	1	1	-1.939
2463	spirit	654859	7.817	2	2	-1.967
2464	hands	327530	3.91	1	1	-1.967
2465	about	661900	7.901	2	2	-1.982
2466	ad	336628	4.018	1	1	-2.007
2467	year	352165	4.204	1	1	-2.072
2468	body	712249	8.502	2	2	-2.088
2469	sins	361871	4.319	1	1	-2.111
2470	believe	363239	4.336	1	1	-2.116
2471	Sin	729699	8.71	2	2	-2.123
2472	peace	369451	4.41	1	1	-2.141
2473	certain	370843	4.427	1	1	-2.146
2474	Christ	1858951	22.189	5	5	-2.15
2475	God	4174430	49.827	11	8	-2.179
2476	present	383135	4.573	1	1	-2.193
2477	children	387096	4.621	1	1	-2.208
2478	power	776557	9.269	2	2	-2.212
2479	rather	393402	4.696	1	1	-2.231
2480	days	393520	4.697	1	1	-2.232
2481	de	804522	9.603	2	2	-2.263
2482	fear	406154	4.848	1	1	-2.277
2483	Religion	406309	4.85	1	1	-2.278
2484	years	427133	5.098	1	1	-2.35
2485	matter	427808	5.106	1	1	-2.352
2486	4	434750	5.189	1	1	-2.376
2487	life	948809	11.325	2	2	-2.501
2488	according	502781	6.001	1	1	-2.585
2489	grace	516661	6.167	1	1	-2.625
2490	same	1256120	14.993	2	2	-2.906
2491	King	1308410	15.618	2	2	-2.965
2492	things	1357990	16.209	2	2	-3.019
2493	Law	712338	8.503	1	1	-3.088
2494	Lord	1459090	17.416	2	2	-3.122
2495	faith	762492	9.101	1	1	-3.186
2496	people	885047	10.564	1	1	-3.401
2497	than	940786	11.23	1	1	-3.489
2498	prostantibus	3	0	1	1	n/a
2499	neckcloathes	1	0	1	1	n/a
2500	Haramsedda	1	0	1	1	n/a
2501	seauenheaded	2	0	1	1	n/a
2502	Sempster.	2	0	1	1	n/a
2503	foeheads	1	0	1	1	n/a
2504	H'inuited	2	0	1	1	n/a
2505	buckeheaded	1	0	1	1	n/a
2506	Shortheeles	2	0	1	1	n/a
2507	Anagnus	3	0	1	1	n/a
2508	purpoured	1	0	1	1	n/a
2509	Babalonish	3	0	1	1	n/a
2510	noyseth	4	0	1	1	n/a
2511	vmelian	1	0	1	1	n/a
2512	whorbat	1	0	1	1	n/a
2513	Cobba	3	0	2	1	n/a
2514	Kedeshah	3	0	1	1	n/a
2515	Asebie	2	0	1	1	n/a
2516	unpledg	4	0	1	1	n/a
2517	Capritius	4	0	1	1	n/a
2518	Lambe-stones	2	0	1	1	n/a
2519	Suctonij	3	0	1	1	n/a
2520	Triamala	1	0	1	1	n/a
2521	honcster	1	0	1	1	n/a
2522	tel'	2	0	1	1	n/a
2523	Gyddee	1	0	1	1	n/a
2524	leaczari	1	0	1	1	n/a
2525	Mlians	1	0	1	1	n/a
2526	ouer-stew	1	0	1	1	n/a
2527	Iehendam	2	0	1	1	n/a
2528	perurted	1	0	1	1	n/a
2529	proud-swolne	1	0	1	1	n/a
2530	midage	3	0	1	1	n/a
2531	bestrod	4	0	1	1	n/a
2532	Onkclos	1	0	1	1	n/a
2533	heroyique	1	0	1	1	n/a
2534	Gentlemomen	2	0	1	1	n/a
2535	dewraying	1	0	1	1	n/a
2536	Hostler-like	4	0	1	1	n/a
2537	euiscerate	4	0	1	1	n/a
2538	perpetrte	1	0	1	1	n/a
2539	Bearix	2	0	1	1	n/a
2540	Haramzedday	2	0	1	1	n/a
2541	Dooanna	1	0	2	1	n/a
2542	impressioned	3	0	1	1	n/a
2543	Schaenicolae	4	0	2	1	n/a
2544	Coany	2	0	1	1	n/a
2545	purt'nance	3	0	1	1	n/a
2546	Dingles	2	0	1	1	n/a
2547	Sweetbreds	1	0	1	1	n/a
2548	Paparm.	1	0	1	1	n/a
2549	Chambrmayd	1	0	1	1	n/a
2550	acrant	1	0	1	1	n/a
2551	figge-leaue-righteousnesse	2	0	2	2	n/a
2552	Rephabus	1	0	1	1	n/a
2553	th'Odes	1	0	1	1	n/a
2554	Tibri.	1	0	1	1	n/a
2555	52o	2	0	1	1	n/a
