https://cqpweb.lancs.ac.uk/eebov3/concordance.php?pp=1&theData=%7Bwhore%2FN%7D&qmode=sq_nocase&del=begin%26t%3D-%7Cyear%7E1630%26t%3D-%7Cyear%7E1631%26t%3D-%7Cyear%7E1632%26t%3D-%7Cyear%7E1633%26t%3D-%7Cyear%7E1634%26t%3D-%7Cyear%7E1635%26t%3D-%7Cyear%7E1636%26t%3D-%7Cyear%7E1637%26t%3D-%7Cyear%7E1638%26t%3D-%7Cyear%7E1639&del=end&uT=yThere are 2,493 different words in your collocation database for "[lemma="(whore)_SUBST"%c]". (Your query "{whore/N}", restricted to texts meeting criteria "<em>year</em>: <em>1630</em> or <em>1631</em> or <em>1632</em> or <em>1633</em> or <em>1634</em> or <em>1635</em> or <em>1636</em> or <em>1637</em> or <em>1638</em> or <em>1639</em>",  returned 1,364 matches in 336 different texts)  
__________________

No.	Word	Total no. in whole corpus	Expected collocate frequency	Observed collocate frequency	In no. of texts	Mutual information value

1	Colloom	7	0	2	2	14.288
2	a-loud	12	0	1	1	13.288
3	Super-superlatively	6	0	1	1	13.288
4	condmneth	6	0	1	1	13.288
5	deceitfullest	9	0	1	1	13.288
6	Carfinia	6	0	1	1	13.288
7	abilement	10	0	1	1	13.288
8	wisedme	16	0	2	1	13.288
9	Pipe-maker	5	0	1	1	13.288
10	Exanthus	7	0	1	1	13.288
11	sixe-penny	7	0	1	1	13.288
12	wipd	10	0	1	1	13.288
13	Out-flatter	6	0	1	1	13.288
14	atterers	9	0	1	1	13.288
15	Folder	12	0	1	1	13.288
16	Kadash	13	0	1	1	13.288
17	Barretours	11	0	1	1	13.288
18	purpurat	10	0	1	1	13.288
19	Tibornes	6	0	1	1	13.288
20	Phrene	8	0	1	1	13.288
21	Doride	10	0	1	1	13.288
22	suck-blood	5	0	1	1	13.288
23	Th'vniust	13	0	1	1	13.288
24	Gamester.	6	0	1	1	13.288
25	headen	6	0	1	1	13.288
26	bravings	11	0	1	1	13.288
27	acquentance	21	0	1	1	12.288
28	deflowreth	15	0	1	1	12.288
29	She'l	22	0	1	1	12.288
30	Fitchow	19	0	1	1	12.288
31	Devotaries	15	0	1	1	12.288
32	Cratina	17	0	1	1	12.288
33	Clubbers	14	0	1	1	12.288
34	Pimpes	18	0	1	1	12.288
35	teaming	19	0	1	1	12.288
36	threw't	19	0	1	1	12.288
37	45000.	17	0	1	1	12.288
38	faird	15	0	1	1	12.288
39	Molops	22	0	1	1	12.288
40	Harlets	21	0	1	1	12.288
41	sitteh	15	0	1	1	12.288
42	Aesch.	16	0	1	1	12.288
43	eside	15	0	1	1	12.288
44	aluring	35	0	2	2	12.288
45	Tibaldo	19	0	1	1	12.288
46	infoelicius	24	0	1	1	11.703
47	streigth	26	0	1	1	11.703
48	catchest	28	0	1	1	11.703
49	arrants	28	0	1	1	11.703
50	rebukt	25	0	1	1	11.703
51	behel	26	0	1	1	11.703
52	Stone-crop	55	0.001	2	1	11.703
53	Satyricke	30	0	1	1	11.703
54	intertayn	24	0	1	1	11.703
55	prones	29	0	1	1	11.703
56	Procula	29	0	1	1	11.703
57	Scapha	54	0.001	2	1	11.703
58	Iacom	23	0	1	1	11.703
59	profaneth	62	0.001	2	2	11.48
60	giglet	37	0	1	1	11.288
61	Zimries	38	0	1	1	11.288
62	Moonelight	38	0	1	1	11.288
63	louzie	39	0	1	1	11.288
64	42.43.	31	0	1	1	11.288
65	Kitchin-maid	33	0	1	1	11.288
66	Luciferian.	34	0	1	1	11.288
67	Seralio	38	0	1	1	11.288
68	Babylonicam	39	0	1	1	11.288
69	harlots.	38	0	1	1	11.288
70	Cladius	39	0	1	1	11.288
71	Arbactus	76	0.001	2	2	11.118
72	belieu	40	0.001	1	1	10.966
73	vacuation	44	0.001	1	1	10.966
74	rustle	89	0.001	2	1	10.966
75	WITNESSS	40	0.001	1	1	10.966
76	Pleberio	43	0.001	1	1	10.966
77	Owches	41	0.001	1	1	10.966
78	meretrice	89	0.001	2	2	10.966
79	carted	237	0.003	5	4	10.855
80	hackneys	95	0.001	2	2	10.828
81	obscoene	49	0.001	1	1	10.703
82	Soran	109	0.001	2	1	10.703
83	proiectors	49	0.001	1	1	10.703
84	zey	52	0.001	1	1	10.703
85	modulate	50	0.001	1	1	10.703
86	harlott	56	0.001	1	1	10.703
87	ouer-worne	54	0.001	1	1	10.703
88	Cratander	52	0.001	1	1	10.703
89	PVP	161	0.002	3	1	10.703
90	Fabulla	58	0.001	1	1	10.48
91	bold-fac	59	0.001	1	1	10.48
92	afaire	58	0.001	1	1	10.48
93	lavisht	61	0.001	1	1	10.48
94	Guilt-head	65	0.001	1	1	10.48
95	who'le	71	0.001	1	1	10.288
96	Stonecrop	70	0.001	1	1	10.288
97	councilled	69	0.001	1	1	10.288
98	mongers	208	0.002	3	3	10.288
99	Caparisoned	69	0.001	1	1	10.288
100	recants	82	0.001	1	1	10.118
101	Iosselina	81	0.001	1	1	10.118
102	Drafts	78	0.001	1	1	10.118
103	Chymia	79	0.001	1	1	10.118
104	Necess.	80	0.001	1	1	10.118
105	flattry	79	0.001	1	1	10.118
106	queans	255	0.003	3	3	10.015
107	Aor	89	0.001	1	1	9.966
108	Vmh	85	0.001	1	1	9.966
109	Castruchio	88	0.001	1	1	9.966
110	Whore-house	84	0.001	1	1	9.966
111	Theophile	91	0.001	1	1	9.966
112	Good-fellowes	89	0.001	1	1	9.966
113	Sorceresses	85	0.001	1	1	9.966
114	Itchy	86	0.001	1	1	9.966
115	Laurieta	98	0.001	1	1	9.828
116	Puritanicall	191	0.002	2	2	9.828
117	Hyperides	98	0.001	1	1	9.828
118	Brooches	101	0.001	1	1	9.828
119	kilne	95	0.001	1	1	9.828
120	Catamite	96	0.001	1	1	9.828
121	fooe	100	0.001	1	1	9.828
122	Welborne	95	0.001	1	1	9.828
123	Spend-thrifts	95	0.001	1	1	9.828
124	Dildo	95	0.001	1	1	9.828
125	Bawd	2878	0.033	29	19	9.793
126	ner'e	209	0.002	2	2	9.703
127	counterfeiteth	102	0.001	1	1	9.703
128	Duckat	103	0.001	1	1	9.703
129	insnar	108	0.001	1	1	9.703
130	Areusa	106	0.001	1	1	9.703
131	Asam	106	0.001	1	1	9.703
132	Bilbo	223	0.003	2	1	9.644
133	Babilon.	114	0.001	1	1	9.587
134	paynteth	118	0.001	1	1	9.587
135	stigmatical	114	0.001	1	1	9.587
136	candlelight	113	0.001	1	1	9.587
137	swaggers	112	0.001	1	1	9.587
138	Coached	116	0.001	1	1	9.587
139	Scismaticks	118	0.001	1	1	9.587
140	nevr	111	0.001	1	1	9.587
141	Elicia	112	0.001	1	1	9.587
142	Spittles	118	0.001	1	1	9.587
143	Panders	464	0.005	4	4	9.56
144	th'only	123	0.001	1	1	9.48
145	1203	119	0.001	1	1	9.48
146	meretricem	123	0.001	1	1	9.48
147	belon	122	0.001	1	1	9.48
148	libeat	127	0.001	1	1	9.48
149	canters	121	0.001	1	1	9.48
150	Gaz	254	0.003	2	1	9.43
151	Pricket	128	0.002	1	1	9.381
152	Taxa	132	0.002	1	1	9.381
153	hoarce	135	0.002	1	1	9.381
154	Uenetian	134	0.002	1	1	9.381
155	Babilons	136	0.002	1	1	9.381
156	Pander	805	0.009	6	6	9.365
157	whoremonger	678	0.008	5	4	9.343
158	thrashing	138	0.002	1	1	9.288
159	spick	141	0.002	1	1	9.288
160	flatt'ry	140	0.002	1	1	9.288
161	Orl	431	0.005	3	1	9.258
162	pocky	594	0.007	4	3	9.222
163	unguided	147	0.002	1	1	9.2
164	leering	154	0.002	1	1	9.2
165	wickedst	153	0.002	1	1	9.2
166	19.2.	299	0.003	2	2	9.2
167	Carbonado	146	0.002	1	1	9.2
168	Arsace	315	0.004	2	1	9.118
169	Hutch	163	0.002	1	1	9.118
170	meritoria	158	0.002	1	1	9.118
171	Geffry	155	0.002	1	1	9.118
172	Meretrix	474	0.005	3	3	9.118
173	bawds	1844	0.021	11	8	9.04
174	Hermia	169	0.002	1	1	9.04
175	wath	168	0.002	1	1	9.04
176	Alteza	178	0.002	1	1	8.966
177	Brothels	180	0.002	1	1	8.966
178	tiffany	178	0.002	1	1	8.966
179	23.18	179	0.002	1	1	8.966
180	Whore-master	178	0.002	1	1	8.966
181	conformeth	181	0.002	1	1	8.895
182	facit.	189	0.002	1	1	8.895
183	Blanda	369	0.004	2	1	8.895
184	Iezabels	181	0.002	1	1	8.895
185	stiffened	198	0.002	1	1	8.828
186	theyle	194	0.002	1	1	8.828
187	Cand	392	0.004	2	1	8.828
188	over-valuing	192	0.002	1	1	8.828
189	Squ	193	0.002	1	1	8.828
190	frizzled	195	0.002	1	1	8.828
191	monwealth	200	0.002	1	1	8.764
192	Apostats	203	0.002	1	1	8.764
193	1003	203	0.002	1	1	8.764
194	676	408	0.005	2	2	8.764
195	Goatish	212	0.002	1	1	8.703
196	purpled	209	0.002	1	1	8.703
197	899	208	0.002	1	1	8.703
198	Farmor	209	0.002	1	1	8.703
199	Blackfriars	224	0.003	1	1	8.644
200	Ien	220	0.003	1	1	8.644
201	faher	221	0.003	1	1	8.644
202	Bian	224	0.003	1	1	8.644
203	Oenone	218	0.003	1	1	8.644
204	arrant	1596	0.018	7	4	8.595
205	haunteth	231	0.003	1	1	8.587
206	898	232	0.003	1	1	8.587
207	strumpet	3285	0.037	14	13	8.552
208	rids	238	0.003	1	1	8.533
209	muffle	242	0.003	1	1	8.533
210	Lodw	251	0.003	1	1	8.48
211	Sempr	251	0.003	1	1	8.48
212	749	249	0.003	1	1	8.48
213	noone-day	249	0.003	1	1	8.48
214	23.27	248	0.003	1	1	8.48
215	Vns	246	0.003	1	1	8.48
216	wo'not	260	0.003	1	1	8.43
217	Goodl	258	0.003	1	1	8.43
218	Hele	257	0.003	1	1	8.43
219	Centurio	253	0.003	1	1	8.43
220	renownd	260	0.003	1	1	8.43
221	496.	260	0.003	1	1	8.43
222	Haram	258	0.003	1	1	8.43
223	lavished	260	0.003	1	1	8.43
224	Fow	263	0.003	1	1	8.381
225	stiffe-necked	268	0.003	1	1	8.381
226	Iezabell	269	0.003	1	1	8.334
227	graceles	275	0.003	1	1	8.334
228	Euan	275	0.003	1	1	8.334
229	Pandar	282	0.003	1	1	8.288
230	Thou't	281	0.003	1	1	8.288
231	greatnesses	284	0.003	1	1	8.288
232	26.1	279	0.003	1	1	8.288
233	trinkets	582	0.007	2	1	8.243
234	T.S	295	0.003	1	1	8.243
235	Iag	293	0.003	1	1	8.243
236	insatiate	894	0.01	3	2	8.214
237	Brothel	610	0.007	2	2	8.179
238	21.9.	311	0.004	1	1	8.158
239	Gammer	309	0.004	1	1	8.158
240	Celest	305	0.004	1	1	8.158
241	Thais	936	0.011	3	3	8.145
242	Smug	624	0.007	2	1	8.138
243	17.2.	314	0.004	1	1	8.118
244	bosses	313	0.004	1	1	8.118
245	17.4	642	0.007	2	2	8.098
246	Dancers	972	0.011	3	1	8.091
247	uncleanesse	330	0.004	1	1	8.078
248	Revelat.	327	0.004	1	1	8.078
249	sanity	327	0.004	1	1	8.078
250	Babylons	987	0.011	3	3	8.065
251	Babilon	5325	0.06	16	9	8.049
252	Yare	338	0.004	1	1	8.04
253	oney	333	0.004	1	1	8.04
254	Bawdy-house	334	0.004	1	1	8.04
255	Dirge	336	0.004	1	1	8.04
256	Amanda	343	0.004	1	1	8.002
257	Concupisence	354	0.004	1	1	7.966
258	doubleness	350	0.004	1	1	7.966
259	Bri	1071	0.012	3	1	7.942
260	sheele	357	0.004	1	1	7.93
261	apostaticall	362	0.004	1	1	7.93
262	673	373	0.004	1	1	7.895
263	Whittington	368	0.004	1	1	7.895
264	prostitutes	382	0.004	1	1	7.861
265	baud	767	0.009	2	2	7.845
266	strumpets	1159	0.013	3	3	7.839
267	Rowze	384	0.004	1	1	7.828
268	698	388	0.004	1	1	7.828
269	subtlest	400	0.005	1	1	7.796
270	Adulteresses	398	0.005	1	1	7.796
271	oure	399	0.005	1	1	7.796
272	xxxiv.	407	0.005	1	1	7.764
273	unmatchable	409	0.005	1	1	7.764
274	unthrifts	415	0.005	1	1	7.733
275	Rochet	416	0.005	1	1	7.733
276	7.19.	410	0.005	1	1	7.733
277	prostituted	1269	0.014	3	1	7.703
278	heart-strings	419	0.005	1	1	7.703
279	taverner	440	0.005	1	1	7.644
280	christening	888	0.01	2	2	7.63
281	Iezabel	1348	0.015	3	3	7.615
282	16.9.	448	0.005	1	1	7.615
283	manning	456	0.005	1	1	7.587
284	7.18.	459	0.005	1	1	7.587
285	Land-Lords	466	0.005	1	1	7.56
286	Galla	470	0.005	1	1	7.56
287	Ste.	502	0.006	1	1	7.455
288	stander	514	0.006	1	1	7.43
289	domes	510	0.006	1	1	7.43
290	Nothus	508	0.006	1	1	7.43
291	fringed	523	0.006	1	1	7.405
292	leavings	519	0.006	1	1	7.405
293	Hee'le	522	0.006	1	1	7.405
294	Flora	2078	0.024	4	4	7.405
295	Dices	518	0.006	1	1	7.405
296	cme	533	0.006	1	1	7.381
297	prostitution	531	0.006	1	1	7.381
298	Vasques	527	0.006	1	1	7.381
299	bearded	1068	0.012	2	2	7.369
300	22.15	537	0.006	1	1	7.357
301	Fiddlers	1087	0.012	2	2	7.345
302	Hayes	551	0.006	1	1	7.31
303	Yell	567	0.006	1	1	7.288
304	517	570	0.007	1	1	7.265
305	Fornicator	1143	0.013	2	2	7.265
306	liceret	576	0.007	1	1	7.265
307	fornications	1721	0.02	3	3	7.265
308	pessima	579	0.007	1	1	7.243
309	hang-man	585	0.007	1	1	7.243
310	unpitied	586	0.007	1	1	7.243
311	bowling	592	0.007	1	1	7.222
312	Pedigrees	594	0.007	1	1	7.222
313	Soph	590	0.007	1	1	7.222
314	Babylon	38888	0.441	65	43	7.203
315	8.5.	597	0.007	1	1	7.2
316	Dancer	603	0.007	1	1	7.2
317	courtesans	1216	0.014	2	2	7.179
318	scelerum	606	0.007	1	1	7.179
319	harlot	9167	0.104	15	8	7.172
320	Lecher	616	0.007	1	1	7.158
321	honied	613	0.007	1	1	7.158
322	Barrabas	624	0.007	1	1	7.138
323	census	628	0.007	1	1	7.138
324	Vniuerse	626	0.007	1	1	7.138
325	Prostitute	2508	0.029	4	4	7.133
326	haunted	2517	0.029	4	2	7.128
327	inveigled	636	0.007	1	1	7.118
328	17.2	642	0.007	1	1	7.098
329	Bridewell	1285	0.015	2	2	7.098
330	scold	1303	0.015	2	2	7.078
331	hies	653	0.007	1	1	7.078
332	libidinous	649	0.007	1	1	7.078
333	scarlet	9179	0.104	14	10	7.071
334	Gin	1317	0.015	2	2	7.069
335	Ruffians	1326	0.015	2	1	7.059
336	Cheaters	661	0.008	1	1	7.059
337	Coach	9292	0.105	14	1	7.053
338	wrinkled	2004	0.023	3	3	7.046
339	Cuckold	2667	0.03	4	4	7.045
340	bewitching	2007	0.023	3	3	7.04
341	Camera	680	0.008	1	1	7.021
342	Cormorant	679	0.008	1	1	7.021
343	swaggering	689	0.008	1	1	7.002
344	Whore	20634	0.234	30	10	7.002
345	Proposit.	709	0.008	1	1	6.966
346	LAN	2137	0.024	3	1	6.954
347	Sorceress	710	0.008	1	1	6.948
348	minora	710	0.008	1	1	6.948
349	Anagram	724	0.008	1	1	6.93
350	jade	2169	0.025	3	3	6.93
351	steeled	728	0.008	1	1	6.913
352	suburb	730	0.008	1	1	6.913
353	Alehouses	734	0.008	1	1	6.913
354	jesters	728	0.008	1	1	6.913
355	dishonours	1478	0.017	2	2	6.895
356	bribing	751	0.009	1	1	6.878
357	dimmed	757	0.009	1	1	6.861
358	Numen	1522	0.017	2	2	6.853
359	fornicators	1538	0.017	2	2	6.845
360	Changeling	764	0.009	1	1	6.845
361	documents	1587	0.018	2	2	6.796
362	Drone	789	0.009	1	1	6.796
363	numina	795	0.009	1	1	6.796
364	apron	802	0.009	1	1	6.78
365	croaking	805	0.009	1	1	6.78
366	bawdy	1610	0.018	2	2	6.772
367	Dinah	810	0.009	1	1	6.764
368	aduers	810	0.009	1	1	6.764
369	Doll	807	0.009	1	1	6.764
370	Bab	823	0.009	1	1	6.749
371	Messalina	832	0.009	1	1	6.733
372	WALT	829	0.009	1	1	6.733
373	Calisto	836	0.01	1	1	6.718
374	Petrarch	846	0.01	1	1	6.703
375	Examinate	850	0.01	1	1	6.703
376	Concubine	3397	0.039	4	3	6.699
377	cram	875	0.01	1	1	6.658
378	HARLOTS	5276	0.06	6	6	6.646
379	arse	879	0.01	1	1	6.644
380	monumenta	880	0.01	1	1	6.644
381	disdainfully	879	0.01	1	1	6.644
382	Knave	8870	0.101	10	8	6.635
383	Mol	891	0.01	1	1	6.63
384	trappings	887	0.01	1	1	6.63
385	rifle	902	0.01	1	1	6.615
386	Jester	911	0.01	1	1	6.601
387	headstrong	906	0.01	1	1	6.601
388	hunts	1820	0.021	2	2	6.601
389	tolerating	934	0.011	1	1	6.56
390	Tib	942	0.011	1	1	6.546
391	displaying	944	0.011	1	1	6.546
392	lactis	949	0.011	1	1	6.533
393	pertinacious	952	0.011	1	1	6.533
394	adulteress	1919	0.022	2	2	6.52
395	boldest	959	0.011	1	1	6.52
396	wray	966	0.011	1	1	6.506
397	Babylonish	2911	0.033	3	3	6.506
398	thefe	978	0.011	1	1	6.493
399	Lod	1974	0.022	2	1	6.48
400	bastards	3979	0.045	4	3	6.471
401	piper	1006	0.011	1	1	6.455
402	Ludgate	1008	0.011	1	1	6.455
403	Shoo	1008	0.011	1	1	6.455
404	postern	1014	0.012	1	1	6.442
405	9.2	1023	0.012	1	1	6.43
406	Romes	5130	0.058	5	5	6.425
407	prooved	1039	0.012	1	1	6.405
408	profanenesse	1036	0.012	1	1	6.405
409	17.1	1045	0.012	1	1	6.393
410	adulterer	4237	0.048	4	4	6.378
411	brat	1070	0.012	1	1	6.369
412	7.11	1073	0.012	1	1	6.357
413	spends	4330	0.049	4	3	6.348
414	Sycophants	1081	0.012	1	1	6.345
415	Courtesan	1103	0.013	1	1	6.322
416	Sampsons	1099	0.013	1	1	6.322
417	T'was	1127	0.013	1	1	6.288
418	priuilegio	1135	0.013	1	1	6.276
419	thief	23047	0.262	20	11	6.257
420	Bess	1159	0.013	1	1	6.254
421	spouses	1203	0.014	1	1	6.2
422	prodigally	1202	0.014	1	1	6.2
423	paintings	1197	0.014	1	1	6.2
424	attach	1220	0.014	1	1	6.179
425	undecent	1218	0.014	1	1	6.179
426	Arraign	1215	0.014	1	1	6.179
427	Hellen	1228	0.014	1	1	6.169
428	roars	1232	0.014	1	1	6.158
429	continet	1239	0.014	1	1	6.148
430	wie	1252	0.014	1	1	6.138
431	played	11334	0.129	9	7	6.129
432	9.1	1257	0.014	1	1	6.128
433	joyneth	1272	0.014	1	1	6.118
434	fulsome	1271	0.014	1	1	6.118
435	offense	1276	0.015	1	1	6.108
436	adulterers	5137	0.058	4	4	6.1
437	murderous	1283	0.015	1	1	6.098
438	firebrands	1283	0.015	1	1	6.098
439	Stews	2587	0.029	2	1	6.088
440	spun	2608	0.03	2	2	6.078
441	knaves	5254	0.06	4	2	6.069
442	Stationers	1318	0.015	1	1	6.059
443	ning	1325	0.015	1	1	6.059
444	3.16.	2653	0.03	2	1	6.054
445	imitates	1329	0.015	1	1	6.049
446	Abbeys	2663	0.03	2	2	6.049
447	plaid	4003	0.045	3	3	6.046
448	prettily	1343	0.015	1	1	6.04
449	smock	1342	0.015	1	1	6.04
450	signo	1339	0.015	1	1	6.04
451	Torm	1342	0.015	1	1	6.04
452	paints	1352	0.015	1	1	6.03
453	Lais	1345	0.015	1	1	6.03
454	declaim	1350	0.015	1	1	6.03
455	forehead	12159	0.138	9	8	6.027
456	Priscus	1353	0.015	1	1	6.021
457	day-light	1374	0.016	1	1	6.002
458	Cadmus	1372	0.016	1	1	6.002
459	Draper	1375	0.016	1	1	6.002
460	whores	5508	0.063	4	3	6
461	Receptacles	1385	0.016	1	1	5.993
462	painted	23662	0.269	17	11	5.984
463	alludeth	1397	0.016	1	1	5.984
464	decks	1409	0.016	1	1	5.966
465	riotous	2846	0.032	2	2	5.952
466	witless	1427	0.016	1	1	5.948
467	hyre	1435	0.016	1	1	5.939
468	Barcelona	1450	0.017	1	1	5.921
469	pelf	1457	0.017	1	1	5.921
470	hire	8785	0.1	6	4	5.911
471	playing	10275	0.117	7	5	5.908
472	Dresses	1473	0.017	1	1	5.904
473	plump	1471	0.017	1	1	5.904
474	Mathias	1469	0.017	1	1	5.904
475	Babylonian	2956	0.034	2	2	5.9
476	lends	2960	0.034	2	1	5.895
477	gaming	3021	0.034	2	2	5.866
478	scores	1516	0.017	1	1	5.861
479	Stage-playes	1514	0.017	1	1	5.861
480	discommodities	1517	0.017	1	1	5.861
481	imps	1519	0.017	1	1	5.861
482	gamesters	1523	0.017	1	1	5.853
483	invites	4587	0.052	3	3	5.85
484	AMB	1537	0.017	1	1	5.845
485	Hip	3106	0.035	2	1	5.828
486	fornication	14235	0.162	9	9	5.8
487	brace	1591	0.018	1	1	5.788
488	looser	1591	0.018	1	1	5.788
489	Palma	1603	0.018	1	1	5.78
490	Eels	1613	0.018	1	1	5.772
491	Aristippus	1612	0.018	1	1	5.772
492	lecherous	1613	0.018	1	1	5.772
493	profuse	1615	0.018	1	1	5.772
494	1637	1650	0.019	1	1	5.741
495	hiss	1653	0.019	1	1	5.733
496	Reu.	3351	0.038	2	2	5.718
497	shameless	6711	0.076	4	4	5.716
498	divorced	3378	0.038	2	2	5.707
499	courting	1698	0.019	1	1	5.695
500	Rog	1697	0.019	1	1	5.695
501	Hostis	1700	0.019	1	1	5.695
502	sinew	1712	0.019	1	1	5.688
503	drudgery	1722	0.02	1	1	5.68
504	3.3.	1739	0.02	1	1	5.666
505	ails	1742	0.02	1	1	5.658
506	Rogue	6990	0.079	4	4	5.657
507	traded	1751	0.02	1	1	5.651
508	Eustathius	1774	0.02	1	1	5.637
509	Ape	5317	0.06	3	1	5.637
510	reparations	1779	0.02	1	1	5.63
511	doting	3584	0.041	2	2	5.619
512	paint	8989	0.102	5	5	5.615
513	Rat	3615	0.041	2	1	5.608
514	gallows	5501	0.062	3	3	5.587
515	Cooke	3664	0.042	2	2	5.587
516	nursery	1846	0.021	1	1	5.58
517	insatiable	3697	0.042	2	1	5.577
518	Iul	1860	0.021	1	1	5.567
519	beastly	7495	0.085	4	3	5.556
520	liveries	1876	0.021	1	1	5.553
521	whoredom	7526	0.085	4	3	5.55
522	108.	1884	0.021	1	1	5.546
523	Gull	1888	0.021	1	1	5.546
524	arrayed	3816	0.043	2	2	5.529
525	Likewyse	1911	0.022	1	1	5.526
526	badges	1924	0.022	1	1	5.52
527	clip	1933	0.022	1	1	5.513
528	prefigured	1929	0.022	1	1	5.513
529	wort	1936	0.022	1	1	5.506
530	Edomites	1935	0.022	1	1	5.506
531	Parricide	1938	0.022	1	1	5.506
532	Watchman	1968	0.022	1	1	5.487
533	Susanna	1981	0.023	1	1	5.474
534	Usurers	3968	0.045	2	2	5.474
535	allurements	3979	0.045	2	1	5.471
536	Breakfast	1998	0.023	1	1	5.461
537	fore-head	2008	0.023	1	1	5.455
538	defiling	2018	0.023	1	1	5.449
539	Bracelets	2031	0.023	1	1	5.442
540	wiped	4053	0.046	2	2	5.442
541	concubines	4078	0.046	2	2	5.433
542	Baptista	2049	0.023	1	1	5.43
543	Prou.	8310	0.094	4	3	5.407
544	Clo	2086	0.024	1	1	5.399
545	Goodman	2097	0.024	1	1	5.393
546	baggage	6358	0.072	3	3	5.379
547	prating	2124	0.024	1	1	5.375
548	stricter	2128	0.024	1	1	5.375
549	betrothed	2127	0.024	1	1	5.375
550	tickle	2140	0.024	1	1	5.363
551	repairs	2140	0.024	1	1	5.363
552	5.14	2144	0.024	1	1	5.363
553	fawning	2152	0.024	1	1	5.357
554	251	2164	0.025	1	1	5.345
555	5.5	2169	0.025	1	1	5.345
556	presuppose	2170	0.025	1	1	5.345
557	vassal	4357	0.049	2	2	5.339
558	Sci	2175	0.025	1	1	5.339
559	portrait	2204	0.025	1	1	5.322
560	whipped	6660	0.076	3	2	5.31
561	pestered	2227	0.025	1	1	5.305
562	Rampant	2244	0.026	1	1	5.293
563	Bedlam	2245	0.026	1	1	5.293
564	wenches	2248	0.026	1	1	5.293
565	graced	4511	0.051	2	2	5.288
566	lard	2252	0.026	1	1	5.288
567	228	2280	0.026	1	1	5.271
568	256	2295	0.026	1	1	5.265
569	Satire	2307	0.026	1	1	5.254
570	differed	4629	0.053	2	1	5.252
571	dotage	2321	0.026	1	1	5.249
572	Corinthian	2323	0.026	1	1	5.243
573	Weston	2354	0.027	1	1	5.227
574	racked	2371	0.027	1	1	5.216
575	buys	2372	0.027	1	1	5.216
576	231	2379	0.027	1	1	5.211
577	Duck	2399	0.027	1	1	5.2
578	Gasp	2411	0.027	1	1	5.19
579	pension	4843	0.055	2	2	5.187
580	impossibilities	2442	0.028	1	1	5.174
581	Popedome	2449	0.028	1	1	5.169
582	Bachelor	2474	0.028	1	1	5.153
583	bastard	12394	0.141	5	4	5.152
584	NICK	2498	0.028	1	1	5.143
585	bravest	2525	0.029	1	1	5.128
586	Brownists	2554	0.029	1	1	5.108
587	Nic	2556	0.029	1	1	5.108
588	Superlative	2586	0.029	1	1	5.093
589	desolate	12933	0.147	5	4	5.091
590	enticing	2596	0.03	1	1	5.083
591	milder	2603	0.03	1	1	5.083
592	purple	18224	0.207	7	7	5.081
593	defiles	2607	0.03	1	1	5.078
594	144	5231	0.059	2	1	5.076
595	ditch	10469	0.119	4	2	5.073
596	Inded	2630	0.03	1	1	5.069
597	Epigram	2632	0.03	1	1	5.064
598	Bribery	2644	0.03	1	1	5.059
599	allude	2653	0.03	1	1	5.054
600	carrion	2658	0.03	1	1	5.049
601	Tavern	5354	0.061	2	2	5.042
602	railed	2685	0.031	1	1	5.035
603	alluring	2691	0.031	1	1	5.035
604	Babe	5443	0.062	2	2	5.016
605	attire	8194	0.093	3	3	5.012
606	lascivious	5471	0.062	2	2	5.009
607	seduce	5489	0.062	2	2	5.005
608	Claret	2747	0.031	1	1	5.002
609	Harry	2761	0.031	1	1	4.998
610	Abbots	5526	0.063	2	2	4.995
611	Matrons	2766	0.031	1	1	4.993
612	conscionable	2773	0.032	1	1	4.989
613	folia	2782	0.032	1	1	4.984
614	scrape	2785	0.032	1	1	4.984
615	naughtiness	2792	0.032	1	1	4.979
616	crew	8469	0.096	3	3	4.964
617	luxurious	2832	0.032	1	1	4.961
618	bequeath	2835	0.032	1	1	4.957
619	knavery	2867	0.033	1	1	4.943
620	incited	2871	0.033	1	1	4.939
621	lazy	5811	0.066	2	2	4.924
622	swearers	2927	0.033	1	1	4.913
623	Pontifical	2936	0.033	1	1	4.908
624	faced	2948	0.033	1	1	4.904
625	trap	2964	0.034	1	1	4.895
626	Wouldest	2973	0.034	1	1	4.891
627	Hark	5947	0.068	2	2	4.889
628	Villain	8957	0.102	3	3	4.884
629	shifting	2993	0.034	1	1	4.878
630	Oysters	3017	0.034	1	1	4.87
631	receptacle	3021	0.034	1	1	4.866
632	slave	21201	0.241	7	6	4.863
633	Gore	3029	0.034	1	1	4.861
634	hunter	3051	0.035	1	1	4.853
635	insinuating	3074	0.035	1	1	4.841
636	matron	3083	0.035	1	1	4.837
637	178	3105	0.035	1	1	4.828
638	Dice	6226	0.071	2	2	4.824
639	stoned	6236	0.071	2	2	4.82
640	dos	3133	0.036	1	1	4.816
641	Ast	3134	0.036	1	1	4.812
642	nto	3146	0.036	1	1	4.808
643	likened	3157	0.036	1	1	4.804
644	weeps	3186	0.036	1	1	4.792
645	loathed	3185	0.036	1	1	4.792
646	hopeless	3201	0.036	1	1	4.784
647	're	16048	0.182	5	5	4.779
648	Jesting	3230	0.037	1	1	4.772
649	healths	3230	0.037	1	1	4.772
650	Iesuit	3237	0.037	1	1	4.768
651	plotted	3245	0.037	1	1	4.764
652	drunkard	6511	0.074	2	2	4.758
653	Banquet	9804	0.111	3	2	4.754
654	Waldenses	3270	0.037	1	1	4.752
655	Dionysius	9814	0.111	3	3	4.752
656	idolatries	3266	0.037	1	1	4.752
657	comparisons	3308	0.038	1	1	4.737
658	roasted	6622	0.075	2	2	4.735
659	Sec	6630	0.075	2	1	4.733
660	foreheads	3324	0.038	1	1	4.729
661	Miser	3333	0.038	1	1	4.725
662	3.3	3339	0.038	1	1	4.722
663	prodigality	3344	0.038	1	1	4.722
664	Farmer	3352	0.038	1	1	4.718
665	hunters	3346	0.038	1	1	4.718
666	hee	3347	0.038	1	1	4.718
667	Gentium	3362	0.038	1	1	4.714
668	sturdy	3373	0.038	1	1	4.707
669	muddy	3388	0.038	1	1	4.703
670	play	61168	0.694	18	15	4.697
671	requital	3416	0.039	1	1	4.688
672	enticed	3439	0.039	1	1	4.68
673	factors	3437	0.039	1	1	4.68
674	chaste	20646	0.234	6	6	4.679
675	Englishman	3445	0.039	1	1	4.677
676	cup	48330	0.548	14	12	4.674
677	random	3453	0.039	1	1	4.673
678	villainous	3467	0.039	1	1	4.669
679	57.	6936	0.079	2	2	4.667
680	Blasphemer	3487	0.04	1	1	4.658
681	swayed	3487	0.04	1	1	4.658
682	bowl	3496	0.04	1	1	4.655
683	kick	3504	0.04	1	1	4.651
684	Corporally	3518	0.04	1	1	4.647
685	Fryer	3520	0.04	1	1	4.647
686	Constance	7047	0.08	2	1	4.644
687	Mistress	42310	0.48	12	10	4.644
688	curtains	3546	0.04	1	1	4.637
689	Orations	3552	0.04	1	1	4.633
690	noses	3558	0.04	1	1	4.63
691	inviting	3580	0.041	1	1	4.622
692	pirates	7168	0.081	2	2	4.621
693	derided	3589	0.041	1	1	4.619
694	ignoble	3602	0.041	1	1	4.612
695	rudiments	3605	0.041	1	1	4.612
696	abolishing	3609	0.041	1	1	4.612
697	comb	3632	0.041	1	1	4.601
698	Hunted	3634	0.041	1	1	4.601
699	honest	83801	0.951	23	10	4.596
700	wipe	7298	0.083	2	2	4.594
701	dainties	3666	0.042	1	1	4.587
702	pompous	3677	0.042	1	1	4.584
703	prithee	7377	0.084	2	2	4.579
704	impudently	3698	0.042	1	1	4.573
705	Castor	3715	0.042	1	1	4.57
706	thieves	22285	0.253	6	6	4.569
707	toy	3727	0.042	1	1	4.563
708	Doves	3727	0.042	1	1	4.563
709	Dames	3766	0.043	1	1	4.55
710	Mercer	3762	0.043	1	1	4.55
711	cheated	3803	0.043	1	1	4.536
712	swears	7600	0.086	2	2	4.536
713	painting	7700	0.087	2	2	4.516
714	compassing	3859	0.044	1	1	4.513
715	marry	38694	0.439	10	9	4.51
716	Cards	7740	0.088	2	2	4.51
717	graves	11632	0.132	3	1	4.506
718	sells	3915	0.044	1	1	4.493
719	revoke	3913	0.044	1	1	4.493
720	expects	7910	0.09	2	2	4.479
721	Moder	3971	0.045	1	1	4.471
722	affronts	3991	0.045	1	1	4.464
723	prose	4017	0.046	1	1	4.455
724	puritan	4033	0.046	1	1	4.449
725	hastened	4054	0.046	1	1	4.442
726	marries	4061	0.046	1	1	4.439
727	slide	4081	0.046	1	1	4.433
728	wandered	4115	0.047	1	1	4.42
729	Ierem.	4126	0.047	1	1	4.417
730	lustful	4133	0.047	1	1	4.414
731	longs	4138	0.047	1	1	4.414
732	poisoned	12446	0.141	3	3	4.409
733	146	4176	0.047	1	1	4.399
734	utterance	4192	0.048	1	1	4.393
735	gown	8419	0.096	2	2	4.388
736	disp.	4209	0.048	1	1	4.387
737	Pelagians	4212	0.048	1	1	4.387
738	cheap	8467	0.096	2	2	4.379
739	entice	4278	0.049	1	1	4.366
740	baits	4274	0.049	1	1	4.366
741	1.2	4300	0.049	1	1	4.357
742	bribes	4305	0.049	1	1	4.357
743	sly	4313	0.049	1	1	4.354
744	Mat	12944	0.147	3	1	4.352
745	basest	4331	0.049	1	1	4.348
746	deck	4329	0.049	1	1	4.348
747	filthy	30299	0.344	7	5	4.348
748	stale	4338	0.049	1	1	4.345
749	barrenness	4345	0.049	1	1	4.342
750	Severus	4378	0.05	1	1	4.331
751	diseased	8769	0.1	2	1	4.329
752	bidden	4393	0.05	1	1	4.328
753	plays	17593	0.2	4	3	4.325
754	anna	4436	0.05	1	1	4.313
755	artificers	4466	0.051	1	1	4.302
756	steal	17906	0.203	4	4	4.299
757	usurping	4491	0.051	1	1	4.293
758	decked	4505	0.051	1	1	4.291
759	talent	9018	0.102	2	2	4.289
760	Nun	4515	0.051	1	1	4.288
761	Monarchies	4511	0.051	1	1	4.288
762	Spittle	4536	0.052	1	1	4.279
763	revile	4565	0.052	1	1	4.271
764	Sr	4563	0.052	1	1	4.271
765	Anne	9185	0.104	2	1	4.263
766	Witch	9245	0.105	2	2	4.253
767	locusts	4636	0.053	1	1	4.249
768	fares	4637	0.053	1	1	4.249
769	sits	23190	0.263	5	5	4.248
770	monthly	4675	0.053	1	1	4.238
771	comm	4670	0.053	1	1	4.238
772	belike	4679	0.053	1	1	4.235
773	Maid	33079	0.375	7	7	4.221
774	Sixtus	4735	0.054	1	1	4.219
775	Athenian	4760	0.054	1	1	4.211
776	infection	9557	0.108	2	2	4.206
777	cunning	28670	0.325	6	6	4.205
778	inclines	4803	0.055	1	1	4.198
779	trim	4802	0.055	1	1	4.198
780	nakedness	9651	0.11	2	2	4.191
781	quatenus	4832	0.055	1	1	4.19
782	scurvy	4826	0.055	1	1	4.19
783	Exit	19436	0.221	4	2	4.181
784	Funerals	4870	0.055	1	1	4.177
785	sucking	4880	0.055	1	1	4.174
786	Galley	4911	0.056	1	1	4.166
787	Adultery	24714	0.28	5	4	4.156
788	Luc	4952	0.056	1	1	4.153
789	Solon	4981	0.057	1	1	4.146
790	begat	9977	0.113	2	2	4.143
791	deride	4993	0.057	1	1	4.143
792	errand	4999	0.057	1	1	4.141
793	fry	5008	0.057	1	1	4.138
794	Prov.	50161	0.569	10	3	4.135
795	Inasmuch	5020	0.057	1	1	4.133
796	nd	15088	0.171	3	1	4.131
797	blue	5046	0.057	1	1	4.125
798	hate	65701	0.745	13	13	4.124
799	Austria	10162	0.115	2	2	4.117
800	deceiving	5099	0.058	1	1	4.11
801	dog	30988	0.352	6	4	4.093
802	herself	10419	0.118	2	2	4.081
803	defy	5226	0.059	1	1	4.076
804	subscription	5238	0.059	1	1	4.073
805	officio	5248	0.06	1	1	4.071
806	swimming	5252	0.06	1	1	4.069
807	Revel	21061	0.239	4	4	4.065
808	cheat	10600	0.12	2	2	4.055
809	abominations	10678	0.121	2	2	4.046
810	bidding	5342	0.061	1	1	4.045
811	gluttony	5361	0.061	1	1	4.04
812	fitly	16083	0.183	3	1	4.039
813	Gallants	5377	0.061	1	1	4.035
814	Venus	26929	0.306	5	4	4.033
815	Seventhly	5381	0.061	1	1	4.033
816	Talents	10810	0.123	2	2	4.028
817	Solomons	5407	0.061	1	1	4.028
818	Champions	5435	0.062	1	1	4.019
819	pox	10902	0.124	2	2	4.015
820	troth	5489	0.062	1	1	4.005
821	Infamous	11020	0.125	2	2	4
822	Apoc.	11083	0.126	2	2	3.992
823	sheets	5556	0.063	1	1	3.989
824	Niece	5575	0.063	1	1	3.982
825	oft-times	5591	0.063	1	1	3.979
826	Base	61654	0.7	11	7	3.975
827	flourished	11210	0.127	2	2	3.975
828	costly	11277	0.128	2	1	3.967
829	Hosea	5654	0.064	1	1	3.964
830	murderers	11345	0.129	2	2	3.958
831	performs	5696	0.065	1	1	3.952
832	price	57392	0.651	10	8	3.941
833	abominable	22990	0.261	4	4	3.939
834	abomination	11757	0.133	2	2	3.906
835	70.	5894	0.067	1	1	3.902
836	Frogs	5922	0.067	1	1	3.895
837	dyes	5938	0.067	1	1	3.891
838	waits	5976	0.068	1	1	3.883
839	permanent	5981	0.068	1	1	3.88
840	dragon	18054	0.205	3	3	3.873
841	Bride	12056	0.137	2	2	3.87
842	impudent	12093	0.137	2	2	3.866
843	mettle	6073	0.069	1	1	3.859
844	weekly	6075	0.069	1	1	3.859
845	Plin.	6085	0.069	1	1	3.857
846	Exeunt	12174	0.138	2	2	3.856
847	adherents	6092	0.069	1	1	3.855
848	infect	6100	0.069	1	1	3.853
849	tempting	6108	0.069	1	1	3.851
850	wife	214853	2.438	35	24	3.844
851	unpunished	6139	0.07	1	1	3.843
852	118	6146	0.07	1	1	3.843
853	Vicious	18428	0.209	3	3	3.843
854	Modest	18444	0.209	3	3	3.841
855	resembles	6159	0.07	1	1	3.839
856	prostrate	6239	0.071	1	1	3.82
857	judging	18760	0.213	3	2	3.817
858	compared	43800	0.497	7	5	3.816
859	nose	25309	0.287	4	4	3.8
860	INVITE	12669	0.144	2	2	3.799
861	patrimony	6348	0.072	1	1	3.796
862	termed	25438	0.289	4	4	3.793
863	Pamphlet	6387	0.073	1	1	3.786
864	Usher	6397	0.073	1	1	3.784
865	Flattery	12831	0.146	2	2	3.78
866	Damsel	6465	0.073	1	1	3.768
867	metaphor	6491	0.074	1	1	3.764
868	favourites	6500	0.074	1	1	3.762
869	notoriously	6546	0.074	1	1	3.75
870	kiss	26340	0.299	4	3	3.743
871	garments	26823	0.304	4	3	3.716
872	allure	6732	0.076	1	1	3.71
873	ride	20257	0.23	3	2	3.707
874	solace	6791	0.077	1	1	3.699
875	suffices	6840	0.078	1	1	3.688
876	damned	34243	0.389	5	5	3.686
877	sire	6861	0.078	1	1	3.684
878	fool	41266	0.468	6	5	3.68
879	cups	6881	0.078	1	1	3.679
880	wages	20748	0.235	3	3	3.672
881	volumes	6936	0.079	1	1	3.667
882	Simile	6960	0.079	1	1	3.662
883	bravery	6963	0.079	1	1	3.662
884	SAMPSON	6989	0.079	1	1	3.657
885	Treatises	6996	0.079	1	1	3.655
886	uncleanness	14027	0.159	2	2	3.652
887	Religiously	7020	0.08	1	1	3.651
888	fist	7028	0.08	1	1	3.649
889	Drunkards	7021	0.08	1	1	3.649
890	fourscore	7031	0.08	1	1	3.647
891	52.	7042	0.08	1	1	3.646
892	counted	28357	0.322	4	4	3.636
893	drunk	35533	0.403	5	5	3.633
894	Sue	14301	0.162	2	1	3.623
895	drift	7178	0.081	1	1	3.619
896	widow	21540	0.244	3	3	3.618
897	Antichrist	50530	0.573	7	6	3.61
898	rail	7220	0.082	1	1	3.61
899	currant	7255	0.082	1	1	3.603
900	inflict	7264	0.082	1	1	3.601
901	bleed	7262	0.082	1	1	3.601
902	perishing	7275	0.083	1	1	3.599
903	Chaldee	7286	0.083	1	1	3.596
904	Matth	7318	0.083	1	1	3.591
905	stamped	7328	0.083	1	1	3.589
906	rotten	14651	0.166	2	2	3.589
907	86	7346	0.083	1	1	3.586
908	commune	7351	0.083	1	1	3.584
909	kneel	7364	0.084	1	1	3.582
910	tendered	7357	0.084	1	1	3.582
911	fairest	14727	0.167	2	2	3.581
912	files	7371	0.084	1	1	3.58
913	Hero	7374	0.084	1	1	3.579
914	Noblemen	7441	0.084	1	1	3.567
915	couple	7466	0.085	1	1	3.561
916	baseness	7476	0.085	1	1	3.56
917	frost	7484	0.085	1	1	3.558
918	treats	7496	0.085	1	1	3.556
919	superstitions	7530	0.085	1	1	3.55
920	'll	158479	1.798	21	12	3.546
921	shipwreck	7606	0.086	1	1	3.534
922	Lodgings	7603	0.086	1	1	3.534
923	wedding	7622	0.087	1	1	3.531
924	wasted	15355	0.174	2	2	3.521
925	naked	46459	0.527	6	5	3.509
926	Rome	271183	3.077	35	25	3.508
927	Suffolk	7796	0.089	1	1	3.498
928	89	7913	0.09	1	1	3.477
929	Tents	15891	0.18	2	1	3.472
930	lewd	15983	0.181	2	2	3.464
931	keeps	40024	0.454	5	5	3.461
932	lean	16023	0.182	2	2	3.46
933	beggars	8051	0.091	1	1	3.453
934	hastily	8048	0.091	1	1	3.453
935	hostess	8115	0.092	1	1	3.441
936	payed	8116	0.092	1	1	3.441
937	swear	56939	0.646	7	6	3.438
938	Suburbs	8156	0.093	1	1	3.434
939	superfluous	16318	0.185	2	1	3.434
940	richest	8181	0.093	1	1	3.43
941	hurts	8270	0.094	1	1	3.414
942	ugly	8331	0.095	1	1	3.404
943	TAYLOR	8326	0.095	1	1	3.404
944	triangle	8514	0.097	1	1	3.372
945	Rev.	51328	0.582	6	6	3.365
946	fortitude	8634	0.098	1	1	3.351
947	accursed	17442	0.198	2	2	3.337
948	regiment	17461	0.198	2	2	3.336
949	livery	8754	0.099	1	1	3.332
950	leprosy	8802	0.1	1	1	3.323
951	sitting	35270	0.4	4	4	3.321
952	dainty	8837	0.1	1	1	3.318
953	complaining	8854	0.101	1	1	3.315
954	affinity	8856	0.101	1	1	3.315
955	Cat	8876	0.101	1	1	3.312
956	behaviour	26702	0.303	3	2	3.308
957	deformed	8948	0.102	1	1	3.3
958	trades	9008	0.102	1	1	3.291
959	fashions	9013	0.102	1	1	3.289
960	betwixt	127079	1.442	14	4	3.279
961	Spark	9150	0.104	1	1	3.268
962	vindicate	9176	0.104	1	1	3.264
963	78	9188	0.104	1	1	3.263
964	she	1006738	11.422	109	60	3.254
965	Iulius	9289	0.105	1	1	3.246
966	kepe	9336	0.106	1	1	3.239
967	stays	9340	0.106	1	1	3.238
968	kill	74750	0.848	8	8	3.238
969	hellish	9373	0.106	1	1	3.234
970	impure	9368	0.106	1	1	3.234
971	Grecian	9382	0.106	1	1	3.232
972	spices	9374	0.106	1	1	3.232
973	cupid	9383	0.107	1	1	3.231
974	hired	9416	0.107	1	1	3.227
975	GENTLEWOMAN	9432	0.107	1	1	3.224
976	Tobacco	9488	0.108	1	1	3.216
977	brave	38044	0.432	4	4	3.212
978	fees	9553	0.108	1	1	3.206
979	companion	19107	0.217	2	2	3.206
980	expert	9616	0.109	1	1	3.196
981	Muses	9656	0.11	1	1	3.19
982	Samaria	9703	0.11	1	1	3.183
983	Papal	9725	0.11	1	1	3.18
984	Babel	9790	0.111	1	1	3.17
985	Devilish	9817	0.111	1	1	3.166
986	whereon	19704	0.224	2	2	3.161
987	famous	88824	1.008	9	7	3.159
988	chastity	19740	0.224	2	2	3.158
989	amidst	9881	0.112	1	1	3.157
990	preceding	9878	0.112	1	1	3.157
991	phrases	9896	0.112	1	1	3.155
992	cheeks	9940	0.113	1	1	3.148
993	Avarice	9956	0.113	1	1	3.146
994	servile	9971	0.113	1	1	3.144
995	daughters	40010	0.454	4	4	3.14
996	MOTHER	150593	1.709	15	13	3.134
997	is.	10109	0.115	1	1	3.124
998	Monsters	10127	0.115	1	1	3.122
999	Sack	10141	0.115	1	1	3.119
1000	Car	20342	0.231	2	1	3.115
1001	adore	20395	0.231	2	2	3.112
1002	excellently	10217	0.116	1	1	3.109
1003	wretched	30683	0.348	3	2	3.107
1004	aloud	10233	0.116	1	1	3.107
1005	blast	10261	0.116	1	1	3.103
1006	75	10266	0.117	1	1	3.102
1007	agreeing	10294	0.117	1	1	3.098
1008	impudence	10304	0.117	1	1	3.097
1009	seduced	10324	0.117	1	1	3.094
1010	sister	51618	0.586	5	5	3.094
1011	coloured	10332	0.117	1	1	3.093
1012	husbands	30992	0.352	3	3	3.093
1013	dancing	10351	0.117	1	1	3.09
1014	Hay	10344	0.117	1	1	3.09
1015	lusty	10354	0.118	1	1	3.089
1016	Landed	10381	0.118	1	1	3.086
1017	breaks	20777	0.236	2	1	3.085
1018	17.	83120	0.943	8	7	3.085
1019	colours	41565	0.472	4	4	3.084
1020	Synagogue	10391	0.118	1	1	3.084
1021	loathsome	10486	0.119	1	1	3.071
1022	abused	31590	0.358	3	3	3.065
1023	breeds	10535	0.12	1	1	3.065
1024	devoted	10556	0.12	1	1	3.061
1025	unprofitable	21130	0.24	2	1	3.061
1026	Atheism	10639	0.121	1	1	3.051
1027	Center	21392	0.243	2	2	3.043
1028	Corinth	10702	0.121	1	1	3.042
1029	detestable	10704	0.121	1	1	3.042
1030	bloody	53730	0.61	5	3	3.036
1031	numbered	10774	0.122	1	1	3.033
1032	Lordships	21570	0.245	2	2	3.031
1033	necks	10810	0.123	1	1	3.028
1034	common	346098	3.927	32	19	3.027
1035	servitude	10822	0.123	1	1	3.026
1036	Isai.	10840	0.123	1	1	3.023
1037	Impatient	10884	0.124	1	1	3.017
1038	Pepper	10969	0.125	1	1	3.006
1039	Levites	10982	0.125	1	1	3.005
1040	Jealousy	21960	0.249	2	2	3.005
1041	daring	11022	0.125	1	1	2.999
1042	stiled	11034	0.125	1	1	2.998
1043	tax	11032	0.125	1	1	2.998
1044	walks	11050	0.125	1	1	2.995
1045	horns	22193	0.252	2	2	2.99
1046	mars	22203	0.252	2	2	2.989
1047	'd	144543	1.64	13	8	2.987
1048	receiver	11131	0.126	1	1	2.985
1049	Insolent	11146	0.127	1	1	2.983
1050	Yes	44644	0.507	4	4	2.981
1051	sprung	11190	0.127	1	1	2.977
1052	drop	22395	0.254	2	2	2.977
1053	Ho	11205	0.127	1	1	2.976
1054	Fortune	101130	1.147	9	7	2.972
1055	nails	11259	0.128	1	1	2.969
1056	scarcely	11399	0.129	1	1	2.951
1057	gulf	11408	0.129	1	1	2.95
1058	attained	22823	0.259	2	2	2.95
1059	adorn	11429	0.13	1	1	2.947
1060	Drank	11443	0.13	1	1	2.946
1061	Levit.	11468	0.13	1	1	2.942
1062	corners	11488	0.13	1	1	2.94
1063	Physic	34467	0.391	3	2	2.939
1064	forsook	11497	0.13	1	1	2.939
1065	handsome	11498	0.131	1	1	2.938
1066	wisely	23259	0.264	2	2	2.922
1067	skins	11691	0.133	1	1	2.915
1068	minded	23388	0.265	2	2	2.914
1069	wondrous	11702	0.133	1	1	2.913
1070	lyeth	23474	0.266	2	1	2.909
1071	street	23649	0.268	2	2	2.898
1072	uphold	11837	0.134	1	1	2.896
1073	drunken	11882	0.135	1	1	2.891
1074	avoiding	11951	0.136	1	1	2.883
1075	revenged	11966	0.136	1	1	2.88
1076	Bona	12019	0.136	1	1	2.874
1077	keep	313074	3.552	26	19	2.872
1078	ware	12046	0.137	1	1	2.871
1079	Iudah	12172	0.138	1	1	2.856
1080	proclaim	12226	0.139	1	1	2.85
1081	polluted	12233	0.139	1	1	2.849
1082	sweetly	12254	0.139	1	1	2.847
1083	bed	73593	0.835	6	6	2.845
1084	Logic	12290	0.139	1	1	2.843
1085	bene	12287	0.139	1	1	2.843
1086	garment	24609	0.279	2	2	2.841
1087	fetch	24696	0.28	2	2	2.835
1088	spend	37287	0.423	3	3	2.826
1089	ded	12467	0.141	1	1	2.822
1090	Worn	12479	0.142	1	1	2.82
1091	Murderer	12581	0.143	1	1	2.809
1092	deep	75511	0.857	6	4	2.808
1093	backs	12586	0.143	1	1	2.808
1094	45.	12583	0.143	1	1	2.808
1095	Israell	12654	0.144	1	1	2.8
1096	persuasions	12677	0.144	1	1	2.798
1097	cruelly	12674	0.144	1	1	2.798
1098	Troy	12678	0.144	1	1	2.798
1099	banishment	12759	0.145	1	1	2.788
1100	fowl	12776	0.145	1	1	2.786
1101	taxes	12789	0.145	1	1	2.785
1102	Darius	12799	0.145	1	1	2.784
1103	FINIS	38468	0.436	3	3	2.781
1104	door	64326	0.73	5	3	2.776
1105	paths	12898	0.146	1	1	2.773
1106	morn	12933	0.147	1	1	2.769
1107	traffic	12930	0.147	1	1	2.769
1108	smart	12945	0.147	1	1	2.767
1109	forsooth	12960	0.147	1	1	2.766
1110	bargain	12971	0.147	1	1	2.764
1111	wo	26036	0.295	2	2	2.759
1112	Citizen	13039	0.148	1	1	2.757
1113	raging	13043	0.148	1	1	2.756
1114	resort	13089	0.149	1	1	2.751
1115	Woman	183598	2.083	14	12	2.749
1116	permission	13164	0.149	1	1	2.743
1117	LEV	13206	0.15	1	1	2.739
1118	Husband	105631	1.199	8	6	2.739
1119	safely	26431	0.3	2	1	2.737
1120	Dame	13246	0.15	1	1	2.734
1121	Rents	13329	0.151	1	1	2.725
1122	profane	40020	0.454	3	3	2.724
1123	Mal	13346	0.151	1	1	2.724
1124	dressed	13382	0.152	1	1	2.72
1125	her	1811491	20.553	135	76	2.716
1126	coals	13558	0.154	1	1	2.701
1127	Anthony	13580	0.154	1	1	2.698
1128	chase	13640	0.155	1	1	2.692
1129	lust	54865	0.623	4	4	2.684
1130	harbour	13726	0.156	1	1	2.683
1131	dares	13753	0.156	1	1	2.68
1132	Antichristian	13777	0.156	1	1	2.678
1133	arrive	13775	0.156	1	1	2.678
1134	Relics	13846	0.157	1	1	2.67
1135	pluck	13862	0.157	1	1	2.668
1136	July	27779	0.315	2	2	2.666
1137	forbids	13966	0.159	1	1	2.657
1138	qum	27937	0.317	2	2	2.657
1139	hinders	14016	0.159	1	1	2.653
1140	Worlds	28162	0.32	2	2	2.646
1141	wet	14108	0.16	1	1	2.643
1142	diet	28239	0.32	2	2	2.642
1143	tokens	14150	0.161	1	1	2.639
1144	Roman	141472	1.605	10	9	2.639
1145	Reformed	42488	0.482	3	1	2.638
1146	tyrant	28325	0.321	2	2	2.638
1147	virtuous	42661	0.484	3	3	2.632
1148	Martin	14281	0.162	1	1	2.626
1149	shaken	14294	0.162	1	1	2.624
1150	paying	14303	0.162	1	1	2.623
1151	Ha	28655	0.325	2	2	2.621
1152	heretic	14330	0.163	1	1	2.621
1153	equity	28671	0.325	2	2	2.62
1154	wives	57399	0.651	4	4	2.619
1155	Sacrificed	14434	0.164	1	1	2.61
1156	foul	43393	0.492	3	3	2.607
1157	Ibidem	14513	0.165	1	1	2.602
1158	idolatrous	14523	0.165	1	1	2.601
1159	Whit	14561	0.165	1	1	2.598
1160	Ant	14620	0.166	1	1	2.592
1161	Antioch	14648	0.166	1	1	2.589
1162	buildings	14646	0.166	1	1	2.589
1163	worthily	14691	0.167	1	1	2.585
1164	chain	14713	0.167	1	1	2.583
1165	monster	14836	0.168	1	1	2.571
1166	hunting	14846	0.168	1	1	2.57
1167	beget	14843	0.168	1	1	2.57
1168	misfortune	14852	0.169	1	1	2.569
1169	shun	14847	0.169	1	1	2.569
1170	delighted	15059	0.171	1	1	2.549
1171	ALE	15087	0.171	1	1	2.546
1172	function	15109	0.171	1	1	2.545
1173	derived	30259	0.343	2	2	2.542
1174	stead	45532	0.517	3	3	2.538
1175	total	15196	0.172	1	1	2.536
1176	foe	15213	0.173	1	1	2.534
1177	speeches	30693	0.348	2	2	2.522
1178	kindly	15466	0.176	1	1	2.51
1179	ruined	15482	0.176	1	1	2.509
1180	tear	15500	0.176	1	1	2.507
1181	brains	15509	0.176	1	1	2.506
1182	Daughter	108707	1.233	7	7	2.505
1183	dress	15539	0.176	1	1	2.504
1184	Hos.	15549	0.176	1	1	2.503
1185	drinks	15747	0.179	1	1	2.484
1186	sayings	15782	0.179	1	1	2.481
1187	bringeth	31606	0.359	2	1	2.48
1188	draws	31643	0.359	2	2	2.478
1189	hang	31830	0.361	2	2	2.47
1190	slay	15920	0.181	1	1	2.469
1191	vow	31839	0.361	2	2	2.469
1192	lend	15915	0.181	1	1	2.469
1193	damnation	32064	0.364	2	2	2.459
1194	nihil	32088	0.364	2	2	2.458
1195	worst	48340	0.549	3	3	2.451
1196	deaths	16238	0.184	1	1	2.441
1197	Beast	81566	0.925	5	4	2.434
1198	cloak	16351	0.186	1	1	2.431
1199	Sheriff	16356	0.186	1	1	2.43
1200	penny	16458	0.187	1	1	2.421
1201	Joan	16538	0.188	1	1	2.414
1202	golden	49785	0.565	3	3	2.409
1203	waters	83222	0.944	5	5	2.405
1204	cousin	16703	0.19	1	1	2.4
1205	burnt	50113	0.569	3	3	2.399
1206	Shore	33521	0.38	2	2	2.395
1207	songs	16823	0.191	1	1	2.389
1208	foretold	16838	0.191	1	1	2.388
1209	reckoning	16862	0.191	1	1	2.386
1210	hates	16898	0.192	1	1	2.383
1211	lodged	16921	0.192	1	1	2.381
1212	content	101607	1.153	6	6	2.38
1213	women	152987	1.736	9	9	2.374
1214	shadows	17017	0.193	1	1	2.373
1215	estimation	17074	0.194	1	1	2.368
1216	rid	17118	0.194	1	1	2.364
1217	ornaments	17222	0.195	1	1	2.355
1218	reproach	34657	0.393	2	2	2.347
1219	coin	17339	0.197	1	1	2.346
1220	rebel	17458	0.198	1	1	2.336
1221	Gall	17567	0.199	1	1	2.327
1222	Apostasy	17588	0.2	1	1	2.326
1223	cry	87922	0.998	5	3	2.326
1224	calling	105619	1.198	6	6	2.324
1225	grain	17694	0.201	1	1	2.316
1226	habit	35431	0.402	2	2	2.315
1227	rejoicing	17783	0.202	1	1	2.309
1228	furnish	17840	0.202	1	1	2.305
1229	pillars	17842	0.202	1	1	2.305
1230	Baptist	17847	0.203	1	1	2.304
1231	Esa	17912	0.203	1	1	2.299
1232	Naples	17948	0.204	1	1	2.296
1233	gallant	17961	0.204	1	1	2.295
1234	betrayed	18001	0.204	1	1	2.292
1235	Monastery	18026	0.205	1	1	2.29
1236	drawn	108352	1.229	6	1	2.287
1237	defiled	18090	0.205	1	1	2.285
1238	face	181454	2.059	10	9	2.28
1239	spite	18225	0.207	1	1	2.274
1240	mon	18249	0.207	1	1	2.272
1241	drunkenness	18268	0.207	1	1	2.27
1242	subtle	36810	0.418	2	2	2.26
1243	quoth	36867	0.418	2	2	2.257
1244	Alexandria	18524	0.21	1	1	2.25
1245	lets	18569	0.211	1	1	2.247
1246	apprehended	18626	0.211	1	1	2.243
1247	quite	74671	0.847	4	3	2.239
1248	pernicious	18691	0.212	1	1	2.237
1249	monstrous	18738	0.213	1	1	2.234
1250	Plagues	18774	0.213	1	1	2.231
1251	traitor	18785	0.213	1	1	2.23
1252	censure	37706	0.428	2	2	2.225
1253	Adorned	18908	0.215	1	1	2.221
1254	vile	37856	0.43	2	2	2.219
1255	lips	38066	0.432	2	2	2.211
1256	continues	19061	0.216	1	1	2.209
1257	humbled	19062	0.216	1	1	2.209
1258	intolerable	19128	0.217	1	1	2.204
1259	DEDICATED	19135	0.217	1	1	2.204
1260	Dukes	19254	0.219	1	1	2.194
1261	soft	38616	0.438	2	2	2.191
1262	call	328774	3.73	17	15	2.188
1263	throat	19344	0.22	1	1	2.188
1264	worse	96916	1.1	5	4	2.185
1265	dare	135920	1.542	7	4	2.182
1266	mirth	19453	0.221	1	1	2.18
1267	contend	19790	0.225	1	1	2.155
1268	reputed	19893	0.226	1	1	2.148
1269	Venice	19987	0.227	1	1	2.141
1270	earnestly	40049	0.454	2	2	2.138
1271	tenant	20114	0.228	1	1	2.132
1272	drink	140890	1.599	7	7	2.131
1273	replied	40276	0.457	2	2	2.13
1274	Constable	20148	0.229	1	1	2.129
1275	deceive	40456	0.459	2	2	2.123
1276	comparison	40468	0.459	2	1	2.123
1277	wanton	20242	0.23	1	1	2.122
1278	Crosses	20281	0.23	1	1	2.12
1279	calls	121932	1.383	6	5	2.117
1280	burn	40670	0.461	2	2	2.116
1281	arose	20382	0.231	1	1	2.113
1282	walked	20392	0.231	1	1	2.112
1283	false	224466	2.547	11	11	2.111
1284	burned	20536	0.233	1	1	2.102
1285	leith	20613	0.234	1	1	2.096
1286	renowned	20682	0.235	1	1	2.091
1287	openly	41440	0.47	2	2	2.089
1288	swearing	20821	0.236	1	1	2.082
1289	Rewards	20903	0.237	1	1	2.076
1290	money	188212	2.135	9	6	2.075
1291	pity	62915	0.714	3	1	2.071
1292	becomes	41957	0.476	2	2	2.071
1293	ne'er	20984	0.238	1	1	2.07
1294	Revelation	41988	0.476	2	2	2.07
1295	companies	21012	0.238	1	1	2.069
1296	superstitious	21092	0.239	1	1	2.063
1297	Child	148012	1.679	7	7	2.059
1298	fee	21237	0.241	1	1	2.053
1299	Progress	21299	0.242	1	1	2.049
1300	University	21328	0.242	1	1	2.047
1301	Deuteronomy	64271	0.729	3	2	2.041
1302	plague	42909	0.487	2	2	2.039
1303	presented	43069	0.489	2	2	2.033
1304	prefer	21583	0.245	1	1	2.03
1305	confesses	21697	0.246	1	1	2.022
1306	borne	86876	0.986	4	3	2.021
1307	ca	21771	0.247	1	1	2.017
1308	old	414305	4.701	19	9	2.015
1309	a	14471665	164.192	662	180	2.011
1310	laugh	21938	0.249	1	1	2.006
1311	stile	21951	0.249	1	1	2.005
1312	turned	109846	1.246	5	5	2.004
1313	forgotten	21994	0.25	1	1	2.003
1314	yours	44031	0.5	2	2	2.001
1315	stone	110110	1.249	5	2	2.001
1316	murdered	22105	0.251	1	1	1.995
1317	married	66560	0.755	3	3	1.99
1318	Canterbury	22219	0.252	1	1	1.988
1319	Cor	22308	0.253	1	1	1.982
1320	gotten	44665	0.507	2	2	1.981
1321	sweat	22452	0.255	1	1	1.973
1322	company	157530	1.787	7	6	1.97
1323	chance	45225	0.513	2	1	1.963
1324	scandal	22639	0.257	1	1	1.961
1325	skin	45425	0.515	2	2	1.956
1326	Deserves	22832	0.259	1	1	1.949
1327	fulfil	22851	0.259	1	1	1.947
1328	Traditions	22980	0.261	1	1	1.94
1329	grown	45966	0.522	2	1	1.939
1330	smoke	23076	0.262	1	1	1.933
1331	odious	23239	0.264	1	1	1.923
1332	beholding	23445	0.266	1	1	1.911
1333	stir	46896	0.532	2	2	1.91
1334	46	23507	0.267	1	1	1.907
1335	repeat	23553	0.267	1	1	1.904
1336	Aug.	23554	0.267	1	1	1.904
1337	shame	94222	1.069	4	4	1.904
1338	newly	23582	0.268	1	1	1.902
1339	Hot	94567	1.073	4	4	1.898
1340	Offers	23765	0.27	1	1	1.891
1341	Devil	190658	2.163	8	6	1.887
1342	turn	167524	1.901	7	4	1.881
1343	makes	359288	4.076	15	11	1.88
1344	Trade	71989	0.817	3	2	1.877
1345	lie	168129	1.908	7	6	1.876
1346	absent	24129	0.274	1	1	1.869
1347	affect	24146	0.274	1	1	1.868
1348	Farewell	24180	0.274	1	1	1.866
1349	Supposing	24260	0.275	1	1	1.861
1350	behind	73039	0.829	3	3	1.856
1351	coat	24384	0.277	1	1	1.854
1352	deceit	24531	0.278	1	1	1.845
1353	proud	73660	0.836	3	3	1.844
1354	Histories	24576	0.279	1	1	1.843
1355	Deity	24584	0.279	1	1	1.842
1356	allege	24686	0.28	1	1	1.836
1357	lights	24751	0.281	1	1	1.832
1358	Flies	24756	0.281	1	1	1.832
1359	wherewith	74362	0.844	3	3	1.83
1360	Wilt	74391	0.844	3	3	1.83
1361	writ	74728	0.848	3	2	1.823
1362	D.	149564	1.697	6	4	1.822
1363	admiration	24957	0.283	1	1	1.82
1364	companions	24999	0.284	1	1	1.818
1365	straight	50023	0.568	2	2	1.817
1366	Oh	126299	1.433	5	4	1.803
1367	excess	25352	0.288	1	1	1.798
1368	Slight	25468	0.289	1	1	1.791
1369	sex	25550	0.29	1	1	1.786
1370	seat	51212	0.581	2	2	1.783
1371	fellow	51208	0.581	2	2	1.783
1372	clothed	25607	0.291	1	1	1.783
1373	Salomon	25808	0.293	1	1	1.772
1374	Numb	25825	0.293	1	1	1.771
1375	approach	25826	0.293	1	1	1.771
1376	imperial	25835	0.293	1	1	1.771
1377	Aside	51692	0.587	2	1	1.77
1378	bible	26071	0.296	1	1	1.757
1379	Green	52193	0.592	2	2	1.756
1380	lover	26112	0.296	1	1	1.755
1381	forsake	52263	0.593	2	2	1.754
1382	instead	52525	0.596	2	2	1.747
1383	won	26265	0.298	1	1	1.747
1384	Matthew	26367	0.299	1	1	1.741
1385	ass	26382	0.299	1	1	1.74
1386	grave	79381	0.901	3	3	1.736
1387	entertained	26459	0.3	1	1	1.736
1388	attended	26513	0.301	1	1	1.733
1389	suddenly	53066	0.602	2	2	1.732
1390	wonders	26646	0.302	1	1	1.726
1391	list	26655	0.302	1	1	1.725
1392	leads	26956	0.306	1	1	1.709
1393	stayed	26971	0.306	1	1	1.708
1394	courses	27018	0.307	1	1	1.706
1395	profession	81244	0.922	3	3	1.702
1396	school	27359	0.31	1	1	1.688
1397	Paris	54729	0.621	2	2	1.688
1398	Wine	164447	1.866	6	6	1.685
1399	Adversary	27551	0.313	1	1	1.678
1400	voyage	27566	0.313	1	1	1.677
1401	countenance	55145	0.626	2	2	1.676
1402	boy	27639	0.314	1	1	1.673
1403	forsaken	27796	0.315	1	1	1.665
1404	unhappy	27954	0.317	1	1	1.657
1405	Acted	28050	0.318	1	1	1.652
1406	judged	56237	0.638	2	2	1.648
1407	Woe	28149	0.319	1	1	1.647
1408	followers	28164	0.32	1	1	1.646
1409	Beware	28157	0.32	1	1	1.646
1410	mountains	56383	0.64	2	2	1.645
1411	welcome	28288	0.321	1	1	1.64
1412	wholesome	28319	0.321	1	1	1.638
1413	48	28384	0.322	1	1	1.635
1414	?	2527462	28.676	89	50	1.634
1415	compare	28481	0.323	1	1	1.63
1416	simply	28498	0.323	1	1	1.629
1417	Idolatry	57073	0.648	2	2	1.627
1418	young	171502	1.946	6	6	1.625
1419	punishments	28582	0.324	1	1	1.625
1420	examined	28679	0.325	1	1	1.62
1421	stomach	57673	0.654	2	2	1.612
1422	crimes	28899	0.328	1	1	1.609
1423	knows	144623	1.641	5	5	1.607
1424	32.	28995	0.329	1	1	1.604
1425	Ah	29075	0.33	1	1	1.6
1426	drinking	29093	0.33	1	1	1.599
1427	hills	29127	0.331	1	1	1.597
1428	plot	29203	0.331	1	1	1.594
1429	knowing	87901	0.997	3	3	1.589
1430	fort	29374	0.333	1	1	1.585
1431	devils	59091	0.67	2	2	1.577
1432	called	768363	8.718	26	18	1.577
1433	share	29601	0.336	1	1	1.574
1434	wait	59233	0.672	2	2	1.573
1435	banished	29658	0.337	1	1	1.571
1436	got	88984	1.01	3	3	1.571
1437	fruitful	29679	0.337	1	1	1.57
1438	covetousness	29703	0.337	1	1	1.569
1439	Sect.	59519	0.675	2	2	1.566
1440	pretty	29773	0.338	1	1	1.566
1441	23.	59639	0.677	2	2	1.564
1442	publicly	29824	0.338	1	1	1.563
1443	loose	59737	0.678	2	1	1.561
1444	permit	29877	0.339	1	1	1.561
1445	Book	299396	3.397	10	2	1.558
1446	doors	29993	0.34	1	1	1.555
1447	merry	30040	0.341	1	1	1.553
1448	stronger	30046	0.341	1	1	1.553
1449	seven	120863	1.371	4	4	1.544
1450	lot	30426	0.345	1	1	1.534
1451	assist	30549	0.347	1	1	1.529
1452	mothers	30565	0.347	1	1	1.528
1453	graces	61202	0.694	2	2	1.526
1454	strike	30636	0.348	1	1	1.525
1455	bought	30717	0.349	1	1	1.521
1456	join	61462	0.697	2	2	1.52
1457	Martyr	30803	0.35	1	1	1.517
1458	along	61778	0.701	2	2	1.513
1459	Priest	123560	1.402	4	4	1.513
1460	Popery	30936	0.351	1	1	1.51
1461	consumed	31042	0.352	1	1	1.506
1462	's	1833403	20.801	59	31	1.504
1463	Monarchy	31153	0.354	1	1	1.5
1464	execute	31219	0.354	1	1	1.497
1465	reported	31227	0.354	1	1	1.497
1466	desiring	31273	0.355	1	1	1.495
1467	vein	31281	0.355	1	1	1.495
1468	condemnation	31282	0.355	1	1	1.495
1469	beautiful	31363	0.356	1	1	1.491
1470	yearly	31375	0.356	1	1	1.49
1471	complete	31387	0.356	1	1	1.49
1472	corrupt	63197	0.717	2	2	1.48
1473	branch	31608	0.359	1	1	1.48
1474	rejected	31663	0.359	1	1	1.477
1475	beauty	95667	1.085	3	3	1.467
1476	Composed	31899	0.362	1	1	1.466
1477	admirable	31909	0.362	1	1	1.466
1478	dost	31931	0.362	1	1	1.465
1479	spoke	31965	0.363	1	1	1.463
1480	represented	31976	0.363	1	1	1.463
1481	dogs	32101	0.364	1	1	1.457
1482	eaten	32125	0.365	1	1	1.456
1483	lies	96467	1.095	3	2	1.455
1484	mouth	161086	1.828	5	3	1.452
1485	fie	32306	0.367	1	1	1.448
1486	College	32308	0.367	1	1	1.448
1487	ten	130362	1.479	4	4	1.435
1488	worshipped	32660	0.371	1	1	1.432
1489	holding	32663	0.371	1	1	1.432
1490	wits	32674	0.371	1	1	1.432
1491	fought	32796	0.372	1	1	1.426
1492	cast	229673	2.606	7	7	1.426
1493	lying	65748	0.746	2	2	1.423
1494	sit	131502	1.492	4	4	1.423
1495	Common-wealth	32931	0.374	1	1	1.42
1496	quarrel	32992	0.374	1	1	1.418
1497	ch.	33232	0.377	1	1	1.407
1498	beloved	66576	0.755	2	2	1.405
1499	thou	1398203	15.864	42	26	1.405
1500	suffered	100182	1.137	3	3	1.4
1501	bestow	33438	0.379	1	1	1.398
1502	17	133873	1.519	4	4	1.397
1503	wax	33550	0.381	1	1	1.394
1504	wash	33557	0.381	1	1	1.393
1505	receives	33599	0.381	1	1	1.391
1506	suit	33605	0.381	1	1	1.391
1507	run	134767	1.529	4	4	1.387
1508	Soldier	33917	0.385	1	1	1.378
1509	Spanish	34036	0.386	1	1	1.373
1510	visit	34153	0.388	1	1	1.368
1511	professed	34256	0.389	1	1	1.363
1512	Item	34287	0.389	1	1	1.362
1513	separation	34334	0.39	1	1	1.36
1514	bring	310345	3.521	9	6	1.354
1515	n't	34507	0.392	1	1	1.353
1516	n	69208	0.785	2	2	1.349
1517	Legs	34666	0.393	1	1	1.346
1518	scorn	34703	0.394	1	1	1.345
1519	Blame	34974	0.397	1	1	1.334
1520	fools	35223	0.4	1	1	1.323
1521	delights	35263	0.4	1	1	1.322
1522	follow	211834	2.403	6	6	1.32
1523	Monsieur	35326	0.401	1	1	1.319
1524	fate	35533	0.403	1	1	1.311
1525	37	35612	0.404	1	1	1.308
1526	stock	35766	0.406	1	1	1.301
1527	sought	71565	0.812	2	1	1.3
1528	amongst	251926	2.858	7	4	1.292
1529	carry	108052	1.226	3	2	1.291
1530	hither	36037	0.409	1	1	1.29
1531	dumb	36044	0.409	1	1	1.29
1532	desirous	36305	0.412	1	1	1.28
1533	Enter	145726	1.653	4	4	1.275
1534	Citizens	36524	0.414	1	1	1.271
1535	heretofore	36652	0.416	1	1	1.266
1536	prove	220093	2.497	6	5	1.265
1537	resolve	36730	0.417	1	1	1.263
1538	bright	36946	0.419	1	1	1.254
1539	Jesuits	37256	0.423	1	1	1.242
1540	Eye	149187	1.693	4	4	1.241
1541	pleasure	186565	2.117	5	3	1.24
1542	increased	37408	0.424	1	1	1.237
1543	commands	74993	0.851	2	2	1.233
1544	open	187653	2.129	5	5	1.232
1545	Latin	75364	0.855	2	2	1.226
1546	Vengeance	37813	0.429	1	1	1.221
1547	lived	113584	1.289	3	3	1.219
1548	loves	76043	0.863	2	2	1.213
1549	wings	38100	0.432	1	1	1.21
1550	hereafter	76216	0.865	2	2	1.21
1551	Omnes	38114	0.432	1	1	1.21
1552	praying	38212	0.434	1	1	1.206
1553	like	1070087	12.141	28	19	1.206
1554	faults	38509	0.437	1	1	1.195
1555	plain	154580	1.754	4	3	1.19
1556	deserved	38662	0.439	1	1	1.189
1557	specially	38732	0.439	1	1	1.186
1558	cloth	38753	0.44	1	1	1.185
1559	drew	38764	0.44	1	1	1.185
1560	my	2492426	28.278	64	30	1.178
1561	spare	38949	0.442	1	1	1.178
1562	customs	39001	0.443	1	1	1.176
1563	length	117029	1.328	3	3	1.176
1564	memory	78094	0.886	2	2	1.175
1565	George	39058	0.443	1	1	1.174
1566	Whose	468798	5.319	12	8	1.174
1567	gain	78199	0.887	2	2	1.173
1568	atque	39364	0.447	1	1	1.163
1569	maintain	78757	0.894	2	2	1.162
1570	turns	39404	0.447	1	1	1.161
1571	art	315875	3.584	8	5	1.159
1572	differ	39678	0.45	1	1	1.151
1573	cost	39743	0.451	1	1	1.149
1574	tried	40042	0.454	1	1	1.138
1575	confessed	40109	0.455	1	1	1.136
1576	looking	40123	0.455	1	1	1.135
1577	waste	40248	0.457	1	1	1.131
1578	runs	40288	0.457	1	1	1.129
1579	respects	40341	0.458	1	1	1.128
1580	fain	40564	0.46	1	1	1.12
1581	house	407406	4.622	10	10	1.113
1582	sick	81507	0.925	2	2	1.113
1583	lines	40967	0.465	1	1	1.105
1584	Sell	41041	0.466	1	1	1.103
1585	Sir	371184	4.211	9	8	1.096
1586	approved	41404	0.47	1	1	1.09
1587	honey	41845	0.475	1	1	1.075
1588	embrace	41941	0.476	1	1	1.071
1589	gates	42043	0.477	1	1	1.068
1590	roots	42047	0.477	1	1	1.068
1591	running	42083	0.478	1	1	1.066
1592	oftentimes	42310	0.48	1	1	1.059
1593	Mad	42332	0.48	1	1	1.058
1594	Verily	42479	0.482	1	1	1.053
1595	infants	42501	0.482	1	1	1.052
1596	stands	85073	0.965	2	2	1.051
1597	whereas	170273	1.932	4	3	1.05
1598	justify	42569	0.483	1	1	1.05
1599	Whilst	127767	1.45	3	3	1.049
1600	precious	85205	0.967	2	2	1.049
1601	utter	42614	0.484	1	1	1.048
1602	honoured	42718	0.485	1	1	1.045
1603	grand	42729	0.485	1	1	1.045
1604	Adds	42811	0.486	1	1	1.042
1605	ended	42908	0.487	1	1	1.039
1606	described	42932	0.487	1	1	1.038
1607	passing	43069	0.489	1	1	1.033
1608	an	2497908	28.341	58	32	1.033
1609	idle	43098	0.489	1	1	1.032
1610	joined	86338	0.98	2	1	1.03
1611	frequent	43207	0.49	1	1	1.029
1612	Doctors	43227	0.49	1	1	1.028
1613	seed	130549	1.481	3	3	1.018
1614	sure	217623	2.469	5	5	1.018
1615	request	43622	0.495	1	1	1.015
1616	spread	43759	0.497	1	1	1.01
1617	believed	87994	0.998	2	2	1.002
1618	nor	1146191	13.004	26	19	1
1619	terms	88303	1.002	2	2	0.997
1620	Grows	44157	0.501	1	1	0.997
1621	poison	44407	0.504	1	1	0.989
1622	reach	44414	0.504	1	1	0.989
1623	Prophet	133904	1.519	3	3	0.982
1624	destruction	89423	1.015	2	2	0.979
1625	poor	313465	3.557	7	4	0.977
1626	opposition	44888	0.509	1	1	0.973
1627	bid	45051	0.511	1	1	0.968
1628	skill	45072	0.511	1	1	0.967
1629	kept	180349	2.046	4	4	0.967
1630	wanting	45133	0.512	1	1	0.966
1631	abuse	45195	0.513	1	1	0.964
1632	make	1313915	14.907	29	24	0.96
1633	begun	45469	0.516	1	1	0.955
1634	begins	45496	0.516	1	1	0.954
1635	hath	1823449	20.688	40	23	0.951
1636	wisdom	228022	2.587	5	1	0.951
1637	fled	45957	0.521	1	1	0.94
1638	unlawful	46183	0.524	1	1	0.932
1639	Angry	46285	0.525	1	1	0.929
1640	Besides	231481	2.626	5	5	0.929
1641	store	46312	0.525	1	1	0.929
1642	friendship	46387	0.526	1	1	0.926
1643	want	185706	2.107	4	3	0.925
1644	!	371996	4.221	8	7	0.923
1645	sons	139530	1.583	3	3	0.922
1646	heads	93035	1.056	2	2	0.922
1647	holds	46539	0.528	1	1	0.921
1648	Vide	46586	0.529	1	1	0.92
1649	vice	46611	0.529	1	1	0.919
1650	Wall	47250	0.536	1	1	0.899
1651	history	94546	1.073	2	1	0.899
1652	Rich	142318	1.615	3	3	0.894
1653	bad	95210	1.08	2	2	0.889
1654	lately	47691	0.541	1	1	0.886
1655	restored	47801	0.542	1	1	0.883
1656	seldom	47805	0.542	1	1	0.883
1657	gentle	47820	0.543	1	1	0.882
1658	Fury	47909	0.544	1	1	0.879
1659	offer	96063	1.09	2	2	0.876
1660	warrant	48147	0.546	1	1	0.872
1661	Philip	48328	0.548	1	1	0.867
1662	dyed	48358	0.549	1	1	0.866
1663	begin	97196	1.103	2	2	0.859
1664	working	48604	0.551	1	1	0.859
1665	degree	97277	1.104	2	2	0.858
1666	fresh	48792	0.554	1	1	0.853
1667	noted	48905	0.555	1	1	0.85
1668	fast	97823	1.11	2	2	0.85
1669	mischief	49083	0.557	1	1	0.845
1670	cruelty	49468	0.561	1	1	0.833
1671	alive	49526	0.562	1	1	0.832
1672	neighbour	49578	0.563	1	1	0.83
1673	conditions	49776	0.565	1	1	0.824
1674	perhaps	99958	1.134	2	2	0.818
1675	belly	50036	0.568	1	1	0.817
1676	goes	100413	1.139	2	2	0.812
1677	sets	50272	0.57	1	1	0.81
1678	each	252025	2.859	5	3	0.806
1679	province	50494	0.573	1	1	0.804
1680	treasure	50519	0.573	1	1	0.803
1681	Royal	101049	1.147	2	1	0.803
1682	23	101193	1.148	2	2	0.801
1683	Posterity	50699	0.575	1	1	0.798
1684	covered	50980	0.578	1	1	0.79
1685	commit	51155	0.58	1	1	0.785
1686	suffering	51201	0.581	1	1	0.784
1687	prophecy	51210	0.581	1	1	0.783
1688	la	204980	2.326	4	2	0.782
1689	g.	51419	0.583	1	1	0.777
1690	fill	51476	0.584	1	1	0.776
1691	murder	51605	0.586	1	1	0.772
1692	receiving	51659	0.586	1	1	0.771
1693	sweet	155475	1.764	3	3	0.766
1694	chamber	51849	0.588	1	1	0.765
1695	son	570683	6.475	11	8	0.765
1696	looks	52264	0.593	1	1	0.754
1697	observation	52617	0.597	1	1	0.744
1698	longer	105304	1.195	2	2	0.743
1699	going	105462	1.197	2	2	0.741
1700	thirty	52798	0.599	1	1	0.739
1701	foolish	52888	0.6	1	1	0.737
1702	b	106037	1.203	2	1	0.733
1703	Popish	53150	0.603	1	1	0.73
1704	although	212964	2.416	4	3	0.727
1705	discipline	53324	0.605	1	1	0.725
1706	spent	53460	0.607	1	1	0.721
1707	wound	53525	0.607	1	1	0.72
1708	apt	53529	0.607	1	1	0.72
1709	conversation	53957	0.612	1	1	0.708
1710	treason	53972	0.612	1	1	0.707
1711	virgin	54072	0.614	1	1	0.705
1712	free	216340	2.455	4	2	0.705
1713	bears	54088	0.614	1	1	0.704
1714	Turks	54116	0.614	1	1	0.704
1715	grow	108376	1.23	2	2	0.702
1716	night	217853	2.472	4	4	0.694
1717	say	1089806	12.365	20	18	0.694
1718	deceived	54539	0.619	1	1	0.692
1719	fol.	54629	0.62	1	1	0.69
1720	mystery	54678	0.62	1	1	0.689
1721	willingly	54908	0.623	1	1	0.683
1722	pound	54933	0.623	1	1	0.682
1723	Iron	55040	0.625	1	1	0.679
1724	mentioned	110171	1.25	2	2	0.678
1725	sickness	55104	0.625	1	1	0.678
1726	once	277740	3.151	5	4	0.666
1727	feed	55845	0.634	1	1	0.658
1728	Church	1175787	13.34	21	17	0.655
1729	care	224334	2.545	4	4	0.652
1730	enough	225014	2.553	4	4	0.648
1731	else	281410	3.193	5	4	0.647
1732	iniquity	56296	0.639	1	1	0.647
1733	why	394748	4.479	7	6	0.644
1734	am	509469	5.78	9	6	0.639
1735	doth	963309	10.929	17	11	0.637
1736	feast	56711	0.643	1	1	0.636
1737	fourth	113523	1.288	2	2	0.635
1738	punishment	113533	1.288	2	2	0.635
1739	I	6187300	70.199	108	56	0.622
1740	apply	57357	0.651	1	1	0.62
1741	committed	115180	1.307	2	2	0.614
1742	become	172873	1.961	3	3	0.613
1743	me	1731164	19.641	30	22	0.611
1744	arms	173309	1.966	3	3	0.609
1745	fallen	57829	0.656	1	1	0.608
1746	Fame	57875	0.657	1	1	0.607
1747	persuade	57909	0.657	1	1	0.606
1748	title	115960	1.316	2	2	0.604
1749	sent	348162	3.95	6	6	0.603
1750	horses	58059	0.659	1	1	0.602
1751	members	116122	1.318	2	2	0.602
1752	Queen	174640	1.981	3	3	0.598
1753	keeping	58223	0.661	1	1	0.598
1754	whosoever	58235	0.661	1	1	0.598
1755	perish	58343	0.662	1	1	0.595
1756	afraid	58383	0.662	1	1	0.594
1757	shut	58420	0.663	1	1	0.593
1758	season	58435	0.663	1	1	0.593
1759	Thy	1346327	15.275	23	20	0.59
1760	giving	117136	1.329	2	2	0.59
1761	English	176398	2.001	3	3	0.584
1762	paid	58812	0.667	1	1	0.584
1763	Gen.	118079	1.34	2	1	0.578
1764	Ceremonies	59141	0.671	1	1	0.576
1765	return	177443	2.013	3	3	0.575
1766	Exod.	59405	0.674	1	1	0.569
1767	or	6140246	69.666	103	51	0.564
1768	feel	59669	0.677	1	1	0.563
1769	term	59683	0.677	1	1	0.563
1770	Allowed	59743	0.678	1	1	0.561
1771	presently	119716	1.358	2	2	0.558
1772	&c	479189	5.437	8	7	0.557
1773	you	3714542	42.144	62	32	0.557
1774	Pope	240165	2.725	4	4	0.554
1775	send	120341	1.365	2	2	0.551
1776	quiet	60323	0.684	1	1	0.547
1777	Gentlemen	60495	0.686	1	1	0.543
1778	21.	60549	0.687	1	1	0.542
1779	mortal	60563	0.687	1	1	0.541
1780	kings	363629	4.126	6	6	0.54
1781	2	973176	11.041	16	5	0.535
1782	excellency	60896	0.691	1	1	0.533
1783	your	2073026	23.52	34	23	0.532
1784	ere	61209	0.695	1	1	0.526
1785	wild	61696	0.7	1	1	0.515
1786	ce	62075	0.704	1	1	0.506
1787	Italy	62147	0.705	1	1	0.504
1788	still	373001	4.232	6	6	0.504
1789	t	186780	2.119	3	3	0.501
1790	Duke	187759	2.13	3	3	0.494
1791	opened	62767	0.712	1	1	0.49
1792	inhabitants	62803	0.713	1	1	0.489
1793	City	377406	4.282	6	6	0.487
1794	Prison	63013	0.715	1	1	0.484
1795	away	504942	5.729	8	8	0.482
1796	self	948089	10.757	15	14	0.48
1797	h	63235	0.717	1	1	0.479
1798	continually	63423	0.72	1	1	0.475
1799	sooner	63462	0.72	1	1	0.474
1800	March	63519	0.721	1	1	0.473
1801	Youth	63555	0.721	1	1	0.472
1802	will	2993503	33.964	47	35	0.469
1803	suffer	191145	2.169	3	3	0.468
1804	tell	255280	2.896	4	3	0.466
1805	great	1790493	20.314	28	20	0.463
1806	led	64006	0.726	1	1	0.462
1807	Alexander	64017	0.726	1	1	0.461
1808	Yea	321813	3.651	5	5	0.454
1809	known	257669	2.923	4	4	0.452
1810	constant	64819	0.735	1	1	0.443
1811	safe	64842	0.736	1	1	0.443
1812	months	65020	0.738	1	1	0.439
1813	22.	65112	0.739	1	1	0.437
1814	)	3126749	35.475	48	25	0.436
1815	avoid	65191	0.74	1	1	0.435
1816	.	39047260	443.02	598	162	0.433
1817	anger	65536	0.744	1	1	0.427
1818	innocent	65570	0.744	1	1	0.427
1819	Matth.	65563	0.744	1	1	0.427
1820	mark	131282	1.49	2	2	0.425
1821	hours	65642	0.745	1	1	0.425
1822	judge	262867	2.982	4	4	0.424
1823	safety	65883	0.748	1	1	0.42
1824	Gentleman	66021	0.749	1	1	0.417
1825	leave	264688	3.003	4	4	0.414
1826	greatest	200955	2.28	3	3	0.396
1827	persuaded	67094	0.761	1	1	0.394
1828	Epistle	67239	0.763	1	1	0.39
1829	10.	134546	1.527	2	2	0.39
1830	applied	67388	0.765	1	1	0.387
1831	private	134915	1.531	2	1	0.386
1832	name	607418	6.892	9	6	0.385
1833	Jacob	67737	0.769	1	1	0.38
1834	Alas	67915	0.771	1	1	0.376
1835	preserve	68009	0.772	1	1	0.374
1836	Because	1157094	13.128	17	15	0.373
1837	fair	204535	2.321	3	3	0.37
1838	remedy	68365	0.776	1	1	0.366
1839	Argument	136912	1.553	2	2	0.365
1840	malice	68470	0.777	1	1	0.364
1841	no	2739631	31.083	40	26	0.364
1842	full	343239	3.894	5	4	0.361
1843	father	550491	6.246	8	8	0.357
1844	Mary	68927	0.782	1	1	0.355
1845	worship	206782	2.346	3	3	0.355
1846	partly	69033	0.783	1	1	0.353
1847	:	8018849	90.98	116	64	0.351
1848	consider	208021	2.36	3	3	0.346
1849	bare	69451	0.788	1	1	0.344
1850	strange	139257	1.58	2	2	0.34
1851	used	278736	3.163	4	3	0.339
1852	trees	69792	0.792	1	1	0.337
1853	Caesar	69848	0.793	1	1	0.336
1854	Oft	69946	0.794	1	1	0.334
1855	shows	70001	0.794	1	1	0.332
1856	pieces	70256	0.797	1	1	0.327
1857	cap	211323	2.398	3	3	0.323
1858	man	1972758	22.382	28	16	0.323
1859	need	211437	2.399	3	2	0.323
1860	stones	70601	0.801	1	1	0.32
1861	thine	141265	1.603	2	2	0.319
1862	dwell	70987	0.805	1	1	0.312
1863	choose	71078	0.806	1	1	0.31
1864	most	1280269	14.526	18	13	0.309
1865	die	284558	3.229	4	4	0.309
1866	actions	142378	1.615	2	2	0.308
1867	Sam	71242	0.808	1	1	0.307
1868	utterly	71440	0.811	1	1	0.303
1869	following	142882	1.621	2	2	0.303
1870	,	97296499	1103.9	1359	294	0.3
1871	Doctor	71600	0.812	1	1	0.3
1872	thus	788750	8.949	11	7	0.298
1873	Arguments	71833	0.815	1	1	0.295
1874	home	144093	1.635	2	2	0.291
1875	double	72073	0.818	1	1	0.29
1876	on	1948583	22.108	27	21	0.288
1877	forward	72541	0.823	1	1	0.281
1878	eat	145185	1.647	2	2	0.28
1879	hope	292642	3.32	4	3	0.269
1880	(	3147389	35.709	43	21	0.268
1881	when	2343068	26.584	32	25	0.268
1882	with	6743369	76.508	92	59	0.266
1883	help	220081	2.497	3	3	0.265
1884	London	146866	1.666	2	2	0.263
1885	became	73544	0.834	1	1	0.261
1886	spoken	147126	1.669	2	2	0.261
1887	is	12301699	139.572	167	82	0.259
1888	wealth	73703	0.836	1	1	0.258
1889	albeit	73943	0.839	1	1	0.253
1890	Court	223217	2.533	3	3	0.244
1891	Let	968524	10.989	13	12	0.243
1892	ruin	74606	0.847	1	1	0.24
1893	hell	149518	1.696	2	2	0.238
1894	speak	374513	4.249	5	5	0.235
1895	servants	149996	1.702	2	2	0.233
1896	needs	150472	1.707	2	2	0.228
1897	many	1356675	15.393	18	16	0.226
1898	indeed	301803	3.424	4	4	0.224
1899	masters	75576	0.858	1	1	0.222
1900	Labour	151222	1.716	2	2	0.221
1901	zeal	75709	0.859	1	1	0.219
1902	Charles	75772	0.86	1	1	0.218
1903	7.	151741	1.722	2	2	0.216
1904	among	379416	4.305	5	5	0.216
1905	now	1519152	17.236	20	13	0.215
1906	may	2661871	30.201	35	19	0.213
1907	Que	76061	0.863	1	1	0.213
1908	love	838220	9.51	11	5	0.21
1909	go	533648	6.055	7	5	0.209
1910	choice	76287	0.866	1	1	0.208
1911	Popes	76677	0.87	1	1	0.201
1912	some	1845849	20.943	24	17	0.197
1913	think	539870	6.125	7	4	0.193
1914	Then	2700348	30.637	35	24	0.192
1915	Who	2315377	26.27	30	27	0.192
1916	unless	154621	1.754	2	2	0.189
1917	18.	77389	0.878	1	1	0.188
1918	Ship	77589	0.88	1	1	0.184
1919	where	1086411	12.326	14	10	0.184
1920	misery	77670	0.881	1	1	0.182
1921	blind	77737	0.882	1	1	0.181
1922	how	1244740	14.123	16	12	0.18
1923	27	77948	0.884	1	1	0.177
1924	credit	77984	0.885	1	1	0.177
1925	loved	78391	0.889	1	1	0.169
1926	pass	235903	2.677	3	3	0.165
1927	cruel	78662	0.893	1	1	0.164
1928	Egypt	78714	0.893	1	1	0.163
1929	here	866663	9.833	11	11	0.162
1930	;	9536348	108.197	121	71	0.161
1931	whereupon	78977	0.896	1	1	0.158
1932	made	1503973	17.064	19	14	0.155
1933	Nay	158341	1.797	2	2	0.155
1934	rules	79185	0.898	1	1	0.155
1935	was	5179337	58.763	65	40	0.146
1936	followed	79683	0.904	1	1	0.145
1937	spiritual	239256	2.715	3	3	0.144
1938	sovereign	79906	0.907	1	1	0.141
1939	abroad	80124	0.909	1	1	0.137
1940	Paul	240876	2.733	3	3	0.135
1941	has	321926	3.653	4	4	0.131
1942	8	242055	2.746	3	3	0.127
1943	live	322774	3.662	4	2	0.127
1944	lives	161569	1.833	2	2	0.126
1945	the	59190422	671.559	732	215	0.124
1946	thee	728077	8.261	9	8	0.124
1947	14	162434	1.843	2	2	0.118
1948	Israel	162651	1.845	2	1	0.116
1949	should	1871070	21.229	23	19	0.116
1950	mean	244094	2.769	3	3	0.115
1951	Knight	81427	0.924	1	1	0.114
1952	se	163405	1.854	2	2	0.109
1953	gracious	81919	0.929	1	1	0.106
1954	thither	82005	0.93	1	1	0.104
1955	13	164052	1.861	2	2	0.104
1956	wicked	246712	2.799	3	3	0.1
1957	religious	82272	0.933	1	1	0.099
1958	health	83023	0.942	1	1	0.086
1959	field	83221	0.944	1	1	0.083
1960	Come	1165618	13.225	14	12	0.082
1961	lead	83367	0.946	1	1	0.08
1962	seem	166761	1.892	2	2	0.08
1963	favour	168241	1.909	2	2	0.067
1964	did	1515759	17.197	18	14	0.066
1965	four	252980	2.87	3	3	0.064
1966	be	9896153	112.279	117	77	0.059
1967	one	2538275	28.799	30	20	0.059
1968	hard	169293	1.921	2	2	0.058
1969	cities	84656	0.961	1	1	0.058
1970	gifts	84700	0.961	1	1	0.057
1971	And	37698224	427.714	443	179	0.051
1972	so	5366625	60.888	63	31	0.049
1973	yield	85483	0.97	1	1	0.044
1974	deal	85541	0.971	1	1	0.043
1975	destroy	86113	0.977	1	1	0.034
1976	Spain	86134	0.977	1	1	0.033
1977	But	6983890	79.237	81	46	0.032
1978	close	86281	0.979	1	1	0.031
1979	Dead	259219	2.941	3	3	0.029
1980	for	9369441	106.303	108	71	0.023
1981	named	86879	0.986	1	1	0.021
1982	whom	782727	8.881	9	8	0.019
1983	See	961542	10.909	11	9	0.012
1984	returned	87529	0.993	1	1	0.01
1985	every	1057014	11.993	12	11	0.001
1986	went	264770	3.004	3	3	-0.002
1987	broken	88305	1.002	1	1	-0.003
1988	Better	443737	5.035	5	5	-0.01
1989	Captain	88772	1.007	1	1	-0.01
1990	down	533657	6.055	6	5	-0.013
1991	charge	178431	2.024	2	2	-0.017
1992	fall	267911	3.04	3	3	-0.019
1993	unto	1880305	21.333	21	11	-0.023
1994	practice	89548	1.016	1	1	-0.023
1995	defence	89679	1.018	1	1	-0.025
1996	wind	89919	1.02	1	1	-0.029
1997	profit	90042	1.022	1	1	-0.031
1998	O	541781	6.147	6	5	-0.035
1999	shall	2624249	29.774	29	25	-0.038
2000	mans	181090	2.055	2	1	-0.039
2001	half	181109	2.055	2	2	-0.039
2002	read	271950	3.086	3	3	-0.041
2003	1	1451762	16.471	16	4	-0.042
2004	mine	181777	2.062	2	2	-0.044
2005	condemned	91164	1.034	1	1	-0.049
2006	guilty	91473	1.038	1	1	-0.054
2007	25	91872	1.042	1	1	-0.06
2008	began	184715	2.096	2	2	-0.067
2009	flesh	279311	3.169	3	3	-0.079
2010	written	186305	2.114	2	2	-0.08
2011	ever	652700	7.405	7	7	-0.081
2012	Saint	186918	2.121	2	1	-0.085
2013	this	6548918	74.302	70	51	-0.086
2014	ask	93732	1.064	1	1	-0.089
2015	16.	93810	1.064	1	1	-0.09
2016	ones	94155	1.068	1	1	-0.095
2017	increase	94264	1.07	1	1	-0.097
2018	advantage	94526	1.073	1	1	-0.101
2019	namely	94600	1.073	1	1	-0.102
2020	meat	94824	1.076	1	1	-0.105
2021	left	284479	3.228	3	3	-0.105
2022	Till	379902	4.31	4	4	-0.108
2023	friends	189996	2.156	2	2	-0.108
2024	15.	95551	1.084	1	1	-0.116
2025	have	4691254	53.226	49	27	-0.119
2026	gives	192161	2.18	2	2	-0.124
2027	fine	96522	1.095	1	1	-0.131
2028	men	1835942	20.83	19	10	-0.133
2029	leaves	96805	1.098	1	1	-0.135
2030	speaking	96859	1.099	1	1	-0.136
2031	truly	193999	2.201	2	1	-0.138
2032	his	9217642	104.581	95	54	-0.139
2033	making	195439	2.217	2	2	-0.149
2034	12	195478	2.218	2	2	-0.149
2035	to	27864128	316.139	284	136	-0.155
2036	beyond	98141	1.114	1	1	-0.155
2037	quod	196567	2.23	2	2	-0.157
2038	rather	393402	4.463	4	4	-0.158
2039	tells	98449	1.117	1	1	-0.16
2040	brought	394377	4.475	4	4	-0.162
2041	were	2871299	32.577	29	16	-0.168
2042	worth	99043	1.124	1	1	-0.168
2043	set	595126	6.752	6	4	-0.17
2044	soon	198528	2.252	2	2	-0.171
2045	These	1985969	22.532	20	18	-0.172
2046	image	99324	1.127	1	1	-0.172
2047	at	3182175	36.104	32	23	-0.174
2048	beasts	99530	1.129	1	1	-0.175
2049	loss	99713	1.131	1	1	-0.178
2050	write	99970	1.134	1	1	-0.182
2051	William	100370	1.139	1	1	-0.188
2052	continue	100553	1.141	1	1	-0.19
2053	of	39170514	444.418	389	150	-0.192
2054	colour	100836	1.144	1	1	-0.194
2055	said	1514302	17.181	15	13	-0.196
2056	24	100969	1.146	1	1	-0.196
2057	Catholic	101512	1.152	1	1	-0.204
2058	communion	101932	1.157	1	1	-0.21
2059	would	1733888	19.672	17	14	-0.211
2060	yet	1835928	20.83	18	11	-0.211
2061	desires	102632	1.164	1	1	-0.22
2062	forth	410791	4.661	4	4	-0.221
2063	feet	102703	1.165	1	1	-0.221
2064	holiness	103065	1.169	1	1	-0.226
2065	kind	310094	3.518	3	2	-0.23
2066	Experience	103554	1.175	1	1	-0.233
2067	there	2595192	29.444	25	21	-0.236
2068	Pro	103839	1.178	1	1	-0.236
2069	JOHN	415725	4.717	4	4	-0.238
2070	sign	104160	1.182	1	1	-0.241
2071	too	521045	5.912	5	5	-0.242
2072	Immediately	104214	1.182	1	1	-0.242
2073	H.	104565	1.186	1	1	-0.247
2074	not	8929558	101.312	85	52	-0.253
2075	custom	105184	1.193	1	1	-0.255
2076	pain	105190	1.194	1	1	-0.255
2077	5.	210462	2.388	2	2	-0.256
2078	know	736780	8.359	7	7	-0.256
2079	weak	105310	1.195	1	1	-0.257
2080	fight	105643	1.199	1	1	-0.261
2081	that	17465266	198.156	165	106	-0.264
2082	Princes	212093	2.406	2	2	-0.267
2083	3.	318523	3.614	3	3	-0.269
2084	declared	106222	1.205	1	1	-0.269
2085	found	426408	4.838	4	4	-0.274
2086	blood	426566	4.84	4	3	-0.275
2087	13.	106799	1.212	1	1	-0.277
2088	as	9292085	105.426	87	42	-0.277
2089	whole	534092	6.06	5	5	-0.277
2090	Break	107397	1.219	1	1	-0.285
2091	mighty	107406	1.219	1	1	-0.285
2092	more	2262327	25.668	21	16	-0.29
2093	public	215912	2.45	2	2	-0.293
2094	well	1096551	12.441	10	9	-0.315
2095	witness	109825	1.246	1	1	-0.317
2096	far	439291	4.984	4	4	-0.317
2097	State	329799	3.742	3	3	-0.319
2098	promises	110749	1.257	1	1	-0.329
2099	Le	110821	1.257	1	1	-0.33
2100	otherwise	223302	2.534	2	2	-0.341
2101	Satan	111662	1.267	1	1	-0.341
2102	equal	111972	1.27	1	1	-0.345
2103	note	111981	1.271	1	1	-0.345
2104	heard	225126	2.554	2	2	-0.353
2105	last	450430	5.111	4	4	-0.353
2106	Lady	112639	1.278	1	1	-0.354
2107	Ordinary	113361	1.286	1	1	-0.363
2108	offered	113433	1.287	1	1	-0.364
2109	all	5908829	67.04	52	38	-0.367
2110	Lords	228223	2.589	2	2	-0.373
2111	long	571124	6.48	5	5	-0.374
2112	action	114368	1.298	1	1	-0.376
2113	houses	114523	1.299	1	1	-0.378
2114	respect	229329	2.602	2	2	-0.38
2115	often	229358	2.602	2	2	-0.38
2116	do	2417629	27.43	21	13	-0.385
2117	two	926661	10.514	8	5	-0.394
2118	having	579260	6.572	5	4	-0.394
2119	show	349122	3.961	3	3	-0.401
2120	tongue	116704	1.324	1	1	-0.405
2121	very	1174247	13.323	10	6	-0.414
2122	thought	352735	4.002	3	3	-0.416
2123	Death	707920	8.032	6	5	-0.421
2124	proved	118293	1.342	1	1	-0.424
2125	within	355110	4.029	3	2	-0.425
2126	repentance	118567	1.345	1	1	-0.428
2127	certainly	118694	1.347	1	1	-0.429
2128	might	949632	10.774	8	7	-0.43
2129	three	474878	5.388	4	4	-0.43
2130	daily	119047	1.351	1	1	-0.434
2131	names	120160	1.363	1	1	-0.447
2132	taken	481305	5.461	4	4	-0.449
2133	purpose	240680	2.731	2	2	-0.449
2134	much	1448309	16.432	12	10	-0.453
2135	pray	242183	2.748	2	1	-0.458
2136	must	1333555	15.13	11	6	-0.46
2137	been	1095200	12.426	9	9	-0.465
2138	Hold	243646	2.764	2	2	-0.467
2139	civil	121918	1.383	1	1	-0.468
2140	If	3293480	37.367	27	19	-0.469
2141	First	1465032	16.622	12	10	-0.47
2142	what	2320680	26.33	19	16	-0.471
2143	he	9215356	104.555	75	46	-0.479
2144	takes	123079	1.396	1	1	-0.482
2145	small	246878	2.801	2	2	-0.486
2146	past	123448	1.401	1	1	-0.486
2147	4.	246979	2.802	2	2	-0.487
2148	goods	123513	1.401	1	1	-0.487
2149	necessary	250405	2.841	2	2	-0.506
2150	understood	125485	1.424	1	1	-0.51
2151	such	2262212	25.666	18	15	-0.512
2152	page	252043	2.86	2	1	-0.516
2153	upon	2522161	28.616	20	20	-0.517
2154	Trust	126242	1.432	1	1	-0.518
2155	sayeth	633645	7.189	5	5	-0.524
2156	servant	127075	1.442	1	1	-0.528
2157	after	1272516	14.438	10	10	-0.53
2158	verse	254782	2.891	2	2	-0.531
2159	look	255208	2.896	2	2	-0.534
2160	none	383245	4.348	3	2	-0.535
2161	business	128020	1.453	1	1	-0.539
2162	taught	128541	1.458	1	1	-0.544
2163	difference	128593	1.459	1	1	-0.545
2164	haste	258415	2.932	2	2	-0.552
2165	doing	129395	1.468	1	1	-0.554
2166	grant	129668	1.471	1	1	-0.557
2167	Out	1686345	19.133	13	8	-0.558
2168	though	1040761	11.808	8	5	-0.562
2169	French	130315	1.479	1	1	-0.564
2170	sacrifice	130353	1.479	1	1	-0.565
2171	had	2740575	31.094	21	17	-0.566
2172	9.	131214	1.489	1	1	-0.574
2173	rest	396125	4.494	3	3	-0.583
2174	happy	132157	1.499	1	1	-0.584
2175	meet	132574	1.504	1	1	-0.589
2176	chapter	132959	1.509	1	1	-0.593
2177	s	133183	1.511	1	1	-0.596
2178	please	133516	1.515	1	1	-0.599
2179	himself	1068396	12.122	8	7	-0.6
2180	save	133689	1.517	1	1	-0.601
2181	regard	133813	1.518	1	1	-0.602
2182	good	1608969	18.255	12	9	-0.605
2183	neither	537051	6.093	4	4	-0.607
2184	Observe	135204	1.534	1	1	-0.617
2185	cross	135455	1.537	1	1	-0.62
2186	Next	271507	3.08	2	2	-0.623
2187	soldiers	136167	1.545	1	1	-0.628
2188	e	136544	1.549	1	1	-0.632
2189	hear	273421	3.102	2	2	-0.633
2190	&	2737777	31.062	20	12	-0.635
2191	large	136943	1.554	1	1	-0.636
2192	since	412107	4.676	3	3	-0.64
2193	answered	137849	1.564	1	1	-0.645
2194	lawful	138238	1.568	1	1	-0.649
2195	friend	138523	1.572	1	1	-0.652
2196	bound	138712	1.574	1	1	-0.654
2197	under	696455	7.902	5	5	-0.66
2198	their	5435041	61.665	39	30	-0.661
2199	are	5017099	56.923	36	31	-0.661
2200	Ghost	139834	1.587	1	1	-0.666
2201	cut	140466	1.594	1	1	-0.672
2202	Crown	140652	1.596	1	1	-0.674
2203	greater	281340	3.192	2	2	-0.674
2204	Si	141064	1.601	1	1	-0.679
2205	almost	141302	1.603	1	1	-0.681
2206	work	425644	4.829	3	3	-0.687
2207	before	1422340	16.138	10	9	-0.69
2208	matter	427808	4.854	3	3	-0.694
2209	3	571164	6.48	4	4	-0.696
2210	Priests	145909	1.655	1	1	-0.727
2211	sin	729699	8.279	5	4	-0.728
2212	afterwards	146805	1.666	1	1	-0.736
2213	Noble	146938	1.667	1	1	-0.737
2214	fire	294315	3.339	2	2	-0.74
2215	together	444738	5.046	3	2	-0.75
2216	thing	892670	10.128	6	5	-0.755
2217	taking	148788	1.688	1	1	-0.755
2218	16	148850	1.689	1	1	-0.756
2219	new	447014	5.072	3	2	-0.758
2220	whence	149816	1.7	1	1	-0.765
2221	true	751380	8.525	5	5	-0.77
2222	while	300747	3.412	2	2	-0.771
2223	use	603174	6.843	4	4	-0.775
2224	shalt	151151	1.715	1	1	-0.778
2225	take	907131	10.292	6	6	-0.779
2226	by	7416468	84.145	49	38	-0.78
2227	give	758276	8.603	5	3	-0.783
2228	put	607656	6.894	4	4	-0.785
2229	short	151930	1.724	1	1	-0.786
2230	6	304045	3.45	2	2	-0.786
2231	behold	152112	1.726	1	1	-0.787
2232	several	304872	3.459	2	2	-0.79
2233	thereof	458302	5.2	3	2	-0.793
2234	speaks	153099	1.737	1	1	-0.797
2235	15	154905	1.758	1	1	-0.814
2236	excellent	155285	1.762	1	1	-0.817
2237	manner	467036	5.299	3	3	-0.821
2238	never	778679	8.835	5	4	-0.821
2239	again	627628	7.121	4	4	-0.832
2240	Office	157520	1.787	1	1	-0.838
2241	find	472931	5.366	3	3	-0.839
2242	estate	157763	1.79	1	1	-0.84
2243	France	158078	1.794	1	1	-0.843
2244	Christs	158654	1.8	1	1	-0.848
2245	least	319491	3.625	2	2	-0.858
2246	up	1119358	12.7	7	6	-0.859
2247	Gods	640962	7.272	4	4	-0.862
2248	words	643917	7.306	4	3	-0.869
2249	back	161359	1.831	1	1	-0.872
2250	off	323311	3.668	2	2	-0.875
2251	Could	808277	9.171	5	5	-0.875
2252	Scripture	324647	3.683	2	2	-0.881
2253	late	162556	1.844	1	1	-0.883
2254	any	2444028	27.729	15	8	-0.886
2255	from	3924250	44.524	24	18	-0.892
2256	given	491070	5.572	3	3	-0.893
2257	ye	825703	9.368	5	5	-0.906
2258	general	331599	3.762	2	2	-0.912
2259	reason	664880	7.544	4	2	-0.915
2260	&#x14d;	499329	5.665	3	2	-0.917
2261	in	20011385	227.044	120	79	-0.92
2262	against	1339213	15.194	8	8	-0.925
2263	according	502781	5.704	3	3	-0.927
2264	bodies	169090	1.918	1	1	-0.94
2265	Head	338290	3.838	2	2	-0.94
2266	whatsoever	170245	1.932	1	1	-0.95
2267	perfect	170422	1.934	1	1	-0.951
2268	wit	172149	1.953	1	1	-0.966
2269	day	864384	9.807	5	4	-0.972
2270	sight	174034	1.975	1	1	-0.981
2271	being	1764433	20.019	10	9	-1.001
2272	command	177468	2.014	1	1	-1.01
2273	11	177974	2.019	1	1	-1.014
2274	which	6940930	78.75	39	32	-1.014
2275	above	357391	4.055	2	2	-1.02
2276	evil	357919	4.061	2	2	-1.022
2277	can	1982819	22.497	11	11	-1.032
2278	acts	180390	2.047	1	1	-1.033
2279	chief	180904	2.053	1	1	-1.037
2280	strong	182777	2.074	1	1	-1.052
2281	they	6960305	78.97	38	29	-1.055
2282	laid	184949	2.098	1	1	-1.069
2283	soul	555660	6.304	3	3	-1.071
2284	understand	185715	2.107	1	1	-1.075
2285	world	932868	10.584	5	4	-1.082
2286	heart	559805	6.351	3	2	-1.082
2287	Sun	188390	2.137	1	1	-1.096
2288	second	377815	4.287	2	2	-1.1
2289	alone	190842	2.165	1	1	-1.115
2290	saw	191431	2.172	1	1	-1.119
2291	6.	191822	2.176	1	1	-1.122
2292	i.	191916	2.177	1	1	-1.123
2293	ancient	193683	2.198	1	1	-1.136
2294	Liberty	193859	2.2	1	1	-1.137
2295	Kingdom	388117	4.404	2	2	-1.139
2296	ways	194504	2.207	1	1	-1.142
2297	Saints	194939	2.212	1	1	-1.145
2298	done	601055	6.819	3	3	-1.185
2299	v.	202373	2.296	1	1	-1.199
2300	Even	607522	6.893	3	3	-1.2
2301	Churches	202693	2.3	1	1	-1.201
2302	coming	203089	2.304	1	1	-1.204
2303	him	4270811	48.456	21	18	-1.206
2304	Cor.	203716	2.311	1	1	-1.209
2305	Therefore	1231317	13.97	6	5	-1.219
2306	part	827721	9.391	4	4	-1.231
2307	thousand	207672	2.356	1	1	-1.236
2308	9	208082	2.361	1	1	-1.239
2309	little	624322	7.083	3	3	-1.239
2310	appear	209107	2.373	1	1	-1.246
2311	own	1256418	14.255	6	5	-1.248
2312	emperor	209536	2.377	1	1	-1.249
2313	saying	211699	2.402	1	1	-1.264
2314	hundred	212307	2.409	1	1	-1.268
2315	Nothing	640275	7.264	3	3	-1.276
2316	innon-Latinalphabet	427513	4.85	2	2	-1.278
2317	Apostle	213865	2.427	1	1	-1.279
2318	fathers	213875	2.427	1	1	-1.279
2319	]	429805	4.877	2	2	-1.286
2320	4	434750	4.933	2	2	-1.302
2321	spirit	654859	7.43	3	3	-1.308
2322	only	1544540	17.524	7	5	-1.324
2323	others	665440	7.55	3	3	-1.331
2324	service	222275	2.522	1	1	-1.335
2325	does	222564	2.525	1	1	-1.336
2326	earth	451529	5.123	2	2	-1.357
2327	Government	226390	2.569	1	1	-1.361
2328	another	682313	7.741	3	3	-1.368
2329	seen	227877	2.585	1	1	-1.37
2330	council	228985	2.598	1	1	-1.377
2331	seeing	231216	2.623	1	1	-1.391
2332	&#x16b;	232932	2.643	1	1	-1.402
2333	other	2103223	23.863	9	8	-1.407
2334	hand	471988	5.355	2	2	-1.421
2335	time	1426900	16.189	6	6	-1.432
2336	Those	1667771	18.922	7	6	-1.435
2337	lay	238823	2.71	1	1	-1.438
2338	conscience	238823	2.71	1	1	-1.438
2339	virtue	240899	2.733	1	1	-1.451
2340	right	484646	5.499	2	1	-1.459
2341	third	242706	2.754	1	1	-1.461
2342	took	243304	2.761	1	1	-1.465
2343	war	243324	2.761	1	1	-1.465
2344	it	11231693	127.432	46	33	-1.47
2345	Bishop	244304	2.772	1	1	-1.471
2346	into	1727535	19.6	7	7	-1.485
2347	7	251211	2.85	1	1	-1.511
2348	themselves	761621	8.641	3	3	-1.526
2349	comes	255457	2.898	1	1	-1.535
2350	concerning	262903	2.983	1	1	-1.577
2351	either	552589	6.27	2	2	-1.648
2352	us	2216337	25.146	8	8	-1.652
2353	[	280684	3.185	1	1	-1.671
2354	received	280865	3.187	1	1	-1.672
2355	just	281045	3.189	1	1	-1.673
2356	also	1433690	16.266	5	5	-1.702
2357	gave	290757	3.299	1	1	-1.722
2358	c	292350	3.317	1	1	-1.73
2359	&c.	299097	3.394	1	1	-1.763
2360	Christian	303553	3.444	1	1	-1.784
2361	always	304181	3.451	1	1	-1.787
2362	says	304429	3.454	1	1	-1.788
2363	doctrine	304623	3.456	1	1	-1.789
2364	desire	306364	3.476	1	1	-1.797
2365	land	307074	3.484	1	1	-1.801
2366	England	309285	3.509	1	1	-1.811
2367	country	310285	3.52	1	1	-1.816
2368	than	940786	10.674	3	3	-1.831
2369	works	315242	3.577	1	1	-1.839
2370	between	321208	3.644	1	1	-1.866
2371	act	322490	3.659	1	1	-1.871
2372	both	976138	11.075	3	3	-1.884
2373	hands	327530	3.716	1	1	-1.894
2374	about	661900	7.51	2	2	-1.909
2375	ad	336628	3.819	1	1	-1.933
2376	less	337828	3.833	1	1	-1.938
2377	5	338721	3.843	1	1	-1.942
2378	things	1357990	15.407	4	4	-1.946
2379	we	4105074	46.575	12	10	-1.957
2380	year	352165	3.996	1	1	-1.998
2381	2.	358494	4.067	1	1	-2.024
2382	sins	361871	4.106	1	1	-2.038
2383	believe	363239	4.121	1	1	-2.043
2384	peace	369451	4.192	1	1	-2.068
2385	our	3333885	37.825	9	8	-2.071
2386	certain	370843	4.208	1	1	-2.073
2387	honour	374182	4.245	1	1	-2.086
2388	way	756236	8.58	2	2	-2.101
2389	persons	384539	4.363	1	1	-2.125
2390	children	387096	4.392	1	1	-2.135
2391	power	776557	8.811	2	2	-2.139
2392	days	393520	4.465	1	1	-2.159
2393	times	394191	4.472	1	1	-2.161
2394	light	399350	4.531	1	1	-2.18
2395	S.	403850	4.582	1	1	-2.196
2396	place	808630	9.175	2	2	-2.198
2397	them	4855982	55.095	12	10	-2.199
2398	fear	406154	4.608	1	1	-2.204
2399	Religion	406309	4.61	1	1	-2.205
2400	years	427133	4.846	1	1	-2.277
2401	life	948809	10.765	2	2	-2.428
2402	came	478712	5.431	1	1	-2.441
2403	heaven	503504	5.713	1	1	-2.514
2404	grace	516661	5.862	1	1	-2.551
2405	God	4174430	47.362	8	8	-2.566
2406	Without	1089706	12.364	2	2	-2.628
2407	over	545201	6.186	1	1	-2.629
2408	end	571167	6.48	1	1	-2.696
2409	cause	585252	6.64	1	1	-2.731
2410	NAture	607747	6.895	1	1	-2.786
2411	same	1256120	14.252	2	2	-2.833
2412	King	1308410	14.845	2	2	-2.892
2413	holy	701649	7.961	1	1	-2.993
2414	body	712249	8.081	1	1	-3.015
2415	Law	712338	8.082	1	1	-3.015
2416	lord	1459090	16.554	2	2	-3.049
2417	word	751485	8.526	1	1	-3.092
2418	faith	762492	8.651	1	1	-3.113
2419	de	804522	9.128	1	1	-3.19
2420	people	885047	10.042	1	1	-3.328
2421	Christ	1858951	21.091	2	2	-3.399
2422	Tauriz	2	0	1	1	n/a
2423	Moder-Cobba	1	0	1	1	n/a
2424	Haramzedday	2	0	2	2	n/a
2425	Centalla	1	0	1	1	n/a
2426	impressioned	3	0	1	1	n/a
2427	Anagnus	3	0	1	1	n/a
2428	Paparm.	1	0	1	1	n/a
2429	eleathed	1	0	1	1	n/a
2430	Suctonij	3	0	1	1	n/a
2431	Scutchmans	1	0	1	1	n/a
2432	Boagma	2	0	1	1	n/a
2433	Cobba	3	0	3	2	n/a
2434	Kedeshah	3	0	1	1	n/a
2435	Lambe-stones	2	0	1	1	n/a
2436	neckcloathes	1	0	1	1	n/a
2437	direcreatione	1	0	1	1	n/a
2438	HARPVR	1	0	1	1	n/a
2439	homeword	1	0	1	1	n/a
2440	Babalonish	3	0	1	1	n/a
2441	ROMF	4	0	2	2	n/a
2442	proud-swolne	1	0	1	1	n/a
2443	Yssuf	4	0	1	1	n/a
2444	purt'nance	3	0	1	1	n/a
2445	Tibri.	1	0	1	1	n/a
2446	Gyddee	1	0	1	1	n/a
2447	Haramsedda	1	0	1	1	n/a
2448	Rephabus	1	0	1	1	n/a
2449	th'Odes	1	0	1	1	n/a
2450	unvallewed	1	0	1	1	n/a
2451	heroyique	1	0	1	1	n/a
2452	perpetrte	1	0	1	1	n/a
2453	52o	2	0	1	1	n/a
2454	Asebie	2	0	1	1	n/a
2455	vmelian	1	0	1	1	n/a
2456	Hostler-like	4	0	1	1	n/a
2457	perurted	1	0	1	1	n/a
2458	keepesa	1	0	1	1	n/a
2459	dewraying	1	0	1	1	n/a
2460	Schaenicolae	4	0	2	1	n/a
2461	bitchFox	3	0	1	1	n/a
2462	euiscerate	4	0	1	1	n/a
2463	leaczari	1	0	1	1	n/a
2464	Mlians	1	0	1	1	n/a
2465	Ghyddee	1	0	1	1	n/a
2466	Dooanna	1	0	2	1	n/a
2467	acrant	1	0	1	1	n/a
2468	zedda	4	0	1	1	n/a
2469	Sweetbreds	1	0	1	1	n/a
2470	midage	3	0	1	1	n/a
2471	H'inuited	2	0	1	1	n/a
2472	Zmry-like	1	0	1	1	n/a
2473	sculletie	2	0	1	1	n/a
2474	Iehendam	2	0	2	2	n/a
2475	Wilde-oathes	1	0	1	1	n/a
2476	Coany	2	0	1	1	n/a
2477	prostantibus	3	0	1	1	n/a
2478	tel'	2	0	1	1	n/a
2479	Dingles	2	0	1	1	n/a
2480	omprous	1	0	2	1	n/a
2481	whorbat	1	0	1	1	n/a
2482	Chambrmayd	1	0	1	1	n/a
2483	noyseth	4	0	1	1	n/a
2484	seauenheaded	2	0	1	1	n/a
2485	Sempster.	2	0	1	1	n/a
2486	ouer-stew	1	0	1	1	n/a
2487	honcster	1	0	1	1	n/a
2488	spak't	4	0	1	1	n/a
2489	figge-leaue-righteousnesse	2	0	1	1	n/a
2490	purpoured	1	0	1	1	n/a
2491	treedlefa	1	0	1	1	n/a
2492	unpledg	4	0	1	1	n/a
2493	Shortheeles	2	0	1	1	n/a
