https://cqpweb.lancs.ac.uk/eebov3/concordance.php?pp=1&theData=%7Bwhore%2FN%7D&qmode=sq_nocase&del=begin%26t%3D-%7Cyear%7E1631%26t%3D-%7Cyear%7E1632%26t%3D-%7Cyear%7E1633%26t%3D-%7Cyear%7E1634%26t%3D-%7Cyear%7E1635%26t%3D-%7Cyear%7E1636%26t%3D-%7Cyear%7E1637%26t%3D-%7Cyear%7E1638%26t%3D-%7Cyear%7E1639%26t%3D-%7Cyear%7E1640&del=end&uT=yThere are 2,604 different words in your collocation database for "[lemma="(whore)_SUBST"%c]". (Your query "{whore/N}", restricted to texts meeting criteria "<em>year</em>: <em>1631</em> or <em>1632</em> or <em>1633</em> or <em>1634</em> or <em>1635</em> or <em>1636</em> or <em>1637</em> or <em>1638</em> or <em>1639</em> or <em>1640</em>",  returned 1,471 matches in 352 different texts)  
__________________

No.	Word	Total no. in whole corpus	Expected collocate frequency	Observed collocate frequency	In no. of texts	Mutual information value

1	Colloom	7	0	2	2	14.288
2	playdst	7	0	2	1	14.288
3	Gamester.	6	0	2	2	14.288
4	headen	6	0	1	1	13.288
5	Tibornes	6	0	1	1	13.288
6	pol-cat	7	0	1	1	13.288
7	wipd	10	0	1	1	13.288
8	Folder	12	0	1	1	13.288
9	abilement	10	0	1	1	13.288
10	condmneth	6	0	1	1	13.288
11	atterers	9	0	1	1	13.288
12	Super-superlatively	6	0	1	1	13.288
13	suck-blood	5	0	1	1	13.288
14	kephale	7	0	1	1	13.288
15	a-loud	12	0	1	1	13.288
16	purpurat	10	0	1	1	13.288
17	Money-lesse	10	0	1	1	13.288
18	Carfinia	6	0	1	1	13.288
19	wisedme	16	0	2	1	13.288
20	sriends	5	0	1	1	13.288
21	Out-flatter	6	0	1	1	13.288
22	Phrene	8	0	1	1	13.288
23	Dander	12	0	1	1	13.288
24	Pipe-maker	5	0	1	1	13.288
25	deceitfullest	9	0	1	1	13.288
26	bravings	11	0	1	1	13.288
27	your'e	18	0	2	1	13.288
28	45000.	17	0	1	1	12.288
29	Huguenote	18	0	1	1	12.288
30	Aesch.	16	0	1	1	12.288
31	Fitchow	19	0	1	1	12.288
32	sitteh	15	0	1	1	12.288
33	black-bag	14	0	1	1	12.288
34	brasen-faced	20	0	1	1	12.288
35	eside	15	0	1	1	12.288
36	faird	15	0	1	1	12.288
37	teaming	19	0	1	1	12.288
38	Cratina	17	0	1	1	12.288
39	Tibaldo	19	0	1	1	12.288
40	Clubbers	14	0	1	1	12.288
41	Th'vniust	13	0	1	1	12.288
42	Devotaries	15	0	1	1	12.288
43	deflowreth	15	0	1	1	12.288
44	Kadash	13	0	1	1	12.288
45	Moguntine	33	0	2	1	12.288
46	licenst	16	0	1	1	12.288
47	out-dar	26	0	1	1	11.703
48	behel	26	0	1	1	11.703
49	infoelicius	24	0	1	1	11.703
50	griev'st	28	0	1	1	11.703
51	Molops	22	0	1	1	11.703
52	rebukt	25	0	1	1	11.703
53	Iacom	23	0	1	1	11.703
54	She'l	22	0	1	1	11.703
55	intertayn	24	0	1	1	11.703
56	streigth	26	0	1	1	11.703
57	5.7.8.	21	0	1	1	11.703
58	acquentance	21	0	1	1	11.703
59	catchest	28	0	1	1	11.703
60	th'insatiate	23	0	1	1	11.703
61	Stultissimo	21	0	1	1	11.703
62	Scapha	54	0.001	2	1	11.48
63	Stone-crop	55	0.001	2	1	11.48
64	profaneth	62	0.001	2	2	11.288
65	beslow	30	0	1	1	11.288
66	councilled	69	0.001	2	2	11.288
67	Satyricke	30	0	1	1	11.288
68	Procula	29	0	1	1	11.288
69	Brothell-house	32	0	1	1	11.288
70	aluring	35	0	1	1	11.288
71	42.43.	31	0	1	1	11.288
72	Fub	138	0.002	4	1	11.2
73	Arbactus	76	0.001	2	2	11.118
74	harlots.	38	0.001	1	1	10.966
75	Insulter	44	0.001	1	1	10.966
76	Zimries	38	0.001	1	1	10.966
77	vacuation	44	0.001	1	1	10.966
78	WITNESSS	40	0.001	1	1	10.966
79	Seralio	38	0.001	1	1	10.966
80	Pleberio	43	0.001	1	1	10.966
81	Herefords	42	0.001	1	1	10.966
82	Moonelight	38	0.001	1	1	10.966
83	giglet	37	0.001	1	1	10.966
84	louzie	39	0.001	1	1	10.966
85	rustle	89	0.001	2	1	10.828
86	meretrice	89	0.001	2	2	10.828
87	modulate	50	0.001	1	1	10.703
88	proiectors	49	0.001	1	1	10.703
89	Cratander	52	0.001	1	1	10.703
90	obscoene	49	0.001	1	1	10.703
91	beggerd	48	0.001	1	1	10.703
92	Soran	109	0.001	2	1	10.587
93	PVP	161	0.002	3	1	10.551
94	H'has	116	0.001	2	1	10.48
95	bold-fac	59	0.001	1	1	10.48
96	lavisht	61	0.001	1	1	10.48
97	he'l	54	0.001	1	1	10.48
98	Messaline	55	0.001	1	1	10.48
99	Nancie	55	0.001	1	1	10.48
100	afaire	58	0.001	1	1	10.48
101	Fabulla	58	0.001	1	1	10.48
102	harlott	56	0.001	1	1	10.48
103	carted	237	0.003	4	3	10.43
104	Guilt-head	65	0.001	1	1	10.288
105	Pander	805	0.01	12	7	10.258
106	Stonecrop	70	0.001	1	1	10.118
107	who'le	71	0.001	1	1	10.118
108	parled	72	0.001	1	1	10.118
109	Bawd	2878	0.035	37	22	10.038
110	Sorceresses	85	0.001	1	1	9.966
111	Iosselina	81	0.001	1	1	9.966
112	Vmh	85	0.001	1	1	9.966
113	Chymia	79	0.001	1	1	9.966
114	Necess.	80	0.001	1	1	9.966
115	Whore-house	84	0.001	1	1	9.966
116	Drafts	78	0.001	1	1	9.966
117	recants	82	0.001	1	1	9.966
118	queans	255	0.003	3	3	9.918
119	Itchy	86	0.001	1	1	9.828
120	Aor	89	0.001	1	1	9.828
121	Castruchio	88	0.001	1	1	9.828
122	Good-fellowes	89	0.001	1	1	9.828
123	Catamite	96	0.001	1	1	9.703
124	kilne	95	0.001	1	1	9.703
125	Dildo	95	0.001	1	1	9.703
126	counterfeiteth	102	0.001	1	1	9.703
127	Hyperides	98	0.001	1	1	9.703
128	Spend-thrifts	95	0.001	1	1	9.703
129	fooe	100	0.001	1	1	9.703
130	Welborne	95	0.001	1	1	9.703
131	Laurieta	98	0.001	1	1	9.703
132	hackneys	95	0.001	1	1	9.703
133	sactum	97	0.001	1	1	9.703
134	mongers	208	0.003	2	2	9.644
135	Babels	948	0.012	9	3	9.6
136	insnar	108	0.001	1	1	9.587
137	Areusa	106	0.001	1	1	9.587
138	Bilbo	223	0.003	2	1	9.533
139	stigmatical	114	0.001	1	1	9.48
140	Elicia	112	0.001	1	1	9.48
141	Babilon.	114	0.001	1	1	9.48
142	candlelight	113	0.001	1	1	9.48
143	pilfring	112	0.001	1	1	9.48
144	paynteth	118	0.001	1	1	9.48
145	nevr	111	0.001	1	1	9.48
146	Coached	116	0.001	1	1	9.48
147	Panders	464	0.006	4	4	9.455
148	maule	122	0.002	1	1	9.381
149	canters	121	0.002	1	1	9.381
150	1203	119	0.002	1	1	9.381
151	Gaz	254	0.003	2	1	9.334
152	Pricket	128	0.002	1	1	9.288
153	libeat	127	0.002	1	1	9.288
154	Uenetian	134	0.002	1	1	9.288
155	tell-tale	134	0.002	1	1	9.288
156	whoremonger	678	0.008	5	4	9.235
157	Babilons	136	0.002	1	1	9.2
158	thrashing	138	0.002	1	1	9.2
159	moult	138	0.002	1	1	9.2
160	bawds	1844	0.023	13	8	9.168
161	unguided	147	0.002	1	1	9.118
162	bawdery	144	0.002	1	1	9.118
163	Carbonado	146	0.002	1	1	9.118
164	19.2.	299	0.004	2	2	9.078
165	meritoria	158	0.002	1	1	9.04
166	Geffry	155	0.002	1	1	9.04
167	leering	154	0.002	1	1	9.04
168	Arsace	315	0.004	2	1	9.002
169	Bawdy-house	334	0.004	2	2	8.93
170	rammish	170	0.002	1	1	8.895
171	wath	168	0.002	1	1	8.895
172	conformeth	181	0.002	1	1	8.828
173	23.18	179	0.002	1	1	8.828
174	Brothels	180	0.002	1	1	8.828
175	Whore-master	178	0.002	1	1	8.828
176	Iezabels	181	0.002	1	1	8.828
177	Blanda	369	0.005	2	1	8.796
178	Puritanicall	191	0.002	1	1	8.764
179	over-valuing	192	0.002	1	1	8.764
180	facit.	189	0.002	1	1	8.764
181	Ruffs	188	0.002	1	1	8.764
182	Squ	193	0.002	1	1	8.703
183	monwealth	200	0.002	1	1	8.703
184	theyle	194	0.002	1	1	8.703
185	frizzled	195	0.002	1	1	8.703
186	Lodwick	198	0.002	1	1	8.703
187	t'attend	193	0.002	1	1	8.703
188	'ith	193	0.002	1	1	8.703
189	pocky	594	0.007	3	3	8.683
190	676	408	0.005	2	2	8.644
191	1003	203	0.003	1	1	8.644
192	899	208	0.003	1	1	8.644
193	Pimp	1027	0.013	5	1	8.632
194	Goatish	212	0.003	1	1	8.587
195	Farmor	209	0.003	1	1	8.587
196	purpled	209	0.003	1	1	8.587
197	ner'e	209	0.003	1	1	8.587
198	strumpet	3285	0.04	15	14	8.544
199	dipthong	222	0.003	1	1	8.533
200	Ien	220	0.003	1	1	8.533
201	Bian	224	0.003	1	1	8.533
202	Oenone	218	0.003	1	1	8.533
203	faher	221	0.003	1	1	8.533
204	Blackfriars	224	0.003	1	1	8.533
205	haunteth	231	0.003	1	1	8.48
206	parboil	230	0.003	1	1	8.48
207	898	232	0.003	1	1	8.48
208	smooths	230	0.003	1	1	8.48
209	meretrix	474	0.006	2	2	8.43
210	rids	238	0.003	1	1	8.43
211	Xantippe	234	0.003	1	1	8.43
212	Cornutus	247	0.003	1	1	8.381
213	muffle	242	0.003	1	1	8.381
214	749	249	0.003	1	1	8.381
215	23.27	248	0.003	1	1	8.381
216	Sempr	251	0.003	1	1	8.334
217	Hele	257	0.003	1	1	8.334
218	Centurio	253	0.003	1	1	8.334
219	496.	260	0.003	1	1	8.288
220	Fow	263	0.003	1	1	8.288
221	wo'not	260	0.003	1	1	8.288
222	Goodl	258	0.003	1	1	8.288
223	Haram	258	0.003	1	1	8.288
224	lavished	260	0.003	1	1	8.288
225	Sculler	261	0.003	1	1	8.288
226	stiffe-necked	268	0.003	1	1	8.243
227	Ors	540	0.007	2	1	8.243
228	26.1	279	0.003	1	1	8.2
229	Pandar	282	0.004	1	1	8.158
230	falser	284	0.004	1	1	8.158
231	greatnesses	284	0.004	1	1	8.158
232	teem	290	0.004	1	1	8.158
233	trinkets	582	0.007	2	1	8.138
234	Iag	293	0.004	1	1	8.118
235	Cephalus	295	0.004	1	1	8.118
236	jumped	297	0.004	1	1	8.118
237	Pedigrees	594	0.007	2	2	8.098
238	'twil	304	0.004	1	1	8.078
239	Celest	305	0.004	1	1	8.078
240	brothel	610	0.008	2	2	8.059
241	Lecher	616	0.008	2	2	8.059
242	21.9.	311	0.004	1	1	8.04
243	Smug	624	0.008	2	1	8.04
244	17.2.	314	0.004	1	1	8.04
245	Thais	936	0.012	3	3	8.027
246	prostituted	1269	0.016	4	2	8.012
247	17.2	642	0.008	2	2	7.984
248	17.4	642	0.008	2	2	7.984
249	Dancers	972	0.012	3	1	7.978
250	uncleanesse	330	0.004	1	1	7.966
251	Revelat.	327	0.004	1	1	7.966
252	Babilon	5325	0.065	16	10	7.939
253	Yare	338	0.004	1	1	7.93
254	Whoremaster	337	0.004	1	1	7.93
255	Iezabel	1348	0.017	4	4	7.921
256	Lodowick	1017	0.012	3	1	7.918
257	Amanda	343	0.004	1	1	7.895
258	doubleness	350	0.004	1	1	7.861
259	Concupisence	354	0.004	1	1	7.861
260	Bri	1071	0.013	3	1	7.839
261	sheele	357	0.004	1	1	7.828
262	rankest	362	0.004	1	1	7.828
263	apostaticall	362	0.004	1	1	7.828
264	new-made	356	0.004	1	1	7.828
265	Whittington	368	0.005	1	1	7.796
266	673	373	0.005	1	1	7.764
267	whoreson	378	0.005	1	1	7.764
268	prostitutes	382	0.005	1	1	7.733
269	698	388	0.005	1	1	7.733
270	baud	767	0.009	2	2	7.733
271	Rowze	384	0.005	1	1	7.733
272	strumpets	1159	0.014	3	3	7.723
273	Adulteresses	398	0.005	1	1	7.673
274	subtlest	400	0.005	1	1	7.673
275	oure	399	0.005	1	1	7.673
276	unmatchable	409	0.005	1	1	7.644
277	7.19.	410	0.005	1	1	7.644
278	xxxiv.	407	0.005	1	1	7.644
279	unthrifts	415	0.005	1	1	7.615
280	thieving	417	0.005	1	1	7.615
281	Rochet	416	0.005	1	1	7.615
282	prostitute	2508	0.031	6	5	7.611
283	Helens	427	0.005	1	1	7.587
284	fornications	1721	0.021	4	4	7.567
285	taverner	440	0.005	1	1	7.533
286	Gold-smith	442	0.005	1	1	7.533
287	christening	888	0.011	2	2	7.52
288	insatiate	894	0.011	2	2	7.52
289	Lais	1345	0.017	3	3	7.506
290	16.9.	448	0.006	1	1	7.506
291	manning	456	0.006	1	1	7.48
292	7.18.	459	0.006	1	1	7.48
293	Land-Lords	466	0.006	1	1	7.455
294	bastardly	466	0.006	1	1	7.455
295	Galla	470	0.006	1	1	7.43
296	Lod	1974	0.024	4	1	7.369
297	Babylons	987	0.012	2	2	7.369
298	Sappho	500	0.006	1	1	7.357
299	Ste.	502	0.006	1	1	7.357
300	Nothus	508	0.006	1	1	7.334
301	domes	510	0.006	1	1	7.334
302	Mystic	1020	0.013	2	1	7.322
303	stander	514	0.006	1	1	7.31
304	stews	2587	0.032	5	3	7.301
305	slut	523	0.006	1	1	7.288
306	unfolds	519	0.006	1	1	7.288
307	Vasques	527	0.006	1	1	7.288
308	cme	533	0.007	1	1	7.265
309	prostitution	531	0.007	1	1	7.265
310	Cuckold	2667	0.033	5	5	7.261
311	22.15	537	0.007	1	1	7.243
312	Hayes	551	0.007	1	1	7.222
313	Corinths	556	0.007	1	1	7.2
314	Babylon	38888	0.476	68	42	7.159
315	517	570	0.007	1	1	7.158
316	Fornicator	1143	0.014	2	2	7.158
317	liceret	576	0.007	1	1	7.158
318	scarlet	9179	0.112	16	11	7.155
319	pessima	579	0.007	1	1	7.138
320	hang-man	585	0.007	1	1	7.118
321	Soph	590	0.007	1	1	7.118
322	unpitied	586	0.007	1	1	7.118
323	8.5.	597	0.007	1	1	7.098
324	scelerum	606	0.007	1	1	7.078
325	Thou'st	605	0.007	1	1	7.078
326	Dancer	603	0.007	1	1	7.078
327	honied	613	0.008	1	1	7.059
328	ageine	615	0.008	1	1	7.059
329	Barrabas	624	0.008	1	1	7.04
330	Vniuerse	626	0.008	1	1	7.021
331	haunted	2517	0.031	4	2	7.021
332	census	628	0.008	1	1	7.021
333	upholders	635	0.008	1	1	7.002
334	inveigled	636	0.008	1	1	7.002
335	Bridewell	1285	0.016	2	2	6.993
336	scold	1303	0.016	2	2	6.975
337	Ruffians	1326	0.016	2	1	6.948
338	Cheaters	661	0.008	1	1	6.948
339	Smock	1342	0.016	2	2	6.93
340	bewitching	2007	0.025	3	3	6.93
341	Girald	680	0.008	1	1	6.913
342	Flora	2078	0.025	3	3	6.884
343	Bracelet	697	0.009	1	1	6.878
344	harlot	9167	0.112	13	6	6.856
345	LAN	2137	0.026	3	1	6.845
346	Sorceress	710	0.009	1	1	6.845
347	Proposit.	709	0.009	1	1	6.845
348	minora	710	0.009	1	1	6.845
349	steeled	728	0.009	1	1	6.812
350	suburb	730	0.009	1	1	6.812
351	jesters	728	0.009	1	1	6.812
352	Home-bred	736	0.009	1	1	6.796
353	ruffian	735	0.009	1	1	6.796
354	bribing	751	0.009	1	1	6.764
355	paltry	1506	0.018	2	1	6.764
356	harlots	5276	0.065	7	7	6.76
357	Changeling	764	0.009	1	1	6.749
358	Whore	20634	0.253	27	10	6.741
359	fornicators	1538	0.019	2	2	6.733
360	numina	795	0.01	1	1	6.688
361	Aristippus	1612	0.02	2	2	6.666
362	Dinah	810	0.01	1	1	6.658
363	earned	809	0.01	1	1	6.658
364	cleaved	821	0.01	1	1	6.644
365	Calisto	836	0.01	1	1	6.615
366	Petrarch	846	0.01	1	1	6.587
367	Concubine	3397	0.042	4	3	6.587
368	Examinate	850	0.01	1	1	6.587
369	New-found	857	0.011	1	1	6.573
370	arse	879	0.011	1	1	6.533
371	disdainfully	879	0.011	1	1	6.533
372	monumenta	880	0.011	1	1	6.533
373	ene	880	0.011	1	1	6.533
374	Mol	891	0.011	1	1	6.52
375	trappings	887	0.011	1	1	6.52
376	festered	887	0.011	1	1	6.52
377	rifle	902	0.011	1	1	6.506
378	Jester	911	0.011	1	1	6.493
379	headstrong	906	0.011	1	1	6.493
380	hunts	1820	0.022	2	2	6.487
381	Immodesty	921	0.011	1	1	6.468
382	tolerating	934	0.011	1	1	6.455
383	palates	943	0.012	1	1	6.442
384	blear	936	0.012	1	1	6.442
385	Tib	942	0.012	1	1	6.442
386	Gull	1888	0.023	2	2	6.436
387	displaying	944	0.012	1	1	6.43
388	lactis	949	0.012	1	1	6.43
389	pertinacious	952	0.012	1	1	6.43
390	soiled	955	0.012	1	1	6.417
391	boldest	959	0.012	1	1	6.417
392	Shameless	6711	0.082	7	7	6.414
393	Adulteress	1919	0.024	2	2	6.411
394	wray	966	0.012	1	1	6.405
395	Babylonish	2911	0.036	3	3	6.397
396	thefe	978	0.012	1	1	6.381
397	Iulio	992	0.012	1	1	6.369
398	Gio	998	0.012	1	1	6.357
399	plaid	4003	0.049	4	4	6.351
400	fore-head	2008	0.025	2	2	6.345
401	Ludgate	1008	0.012	1	1	6.345
402	Shoo	1008	0.012	1	1	6.345
403	postern	1014	0.012	1	1	6.334
404	9.2	1023	0.013	1	1	6.322
405	Romes	5130	0.063	5	5	6.315
406	matron	3083	0.038	3	2	6.314
407	played	11334	0.139	11	9	6.309
408	prooved	1039	0.013	1	1	6.299
409	profanenesse	1036	0.013	1	1	6.299
410	17.1	1045	0.013	1	1	6.288
411	adulterer	4237	0.052	4	4	6.271
412	tickle	2140	0.026	2	2	6.254
413	bearded	1068	0.013	1	1	6.254
414	brat	1070	0.013	1	1	6.254
415	Perez	1076	0.013	1	1	6.243
416	Sycophants	1081	0.013	1	1	6.243
417	jade	2169	0.027	2	2	6.238
418	Fiddlers	1087	0.013	1	1	6.232
419	Courtesan	1103	0.014	1	1	6.211
420	forehead	12159	0.149	11	10	6.208
421	Bess	1159	0.014	1	1	6.138
422	6.16.	1169	0.014	1	1	6.128
423	spouses	1203	0.015	1	1	6.088
424	attach	1220	0.015	1	1	6.069
425	undecent	1218	0.015	1	1	6.069
426	courtesans	1216	0.015	1	1	6.069
427	Hellen	1228	0.015	1	1	6.059
428	roars	1232	0.015	1	1	6.049
429	stewed	1245	0.015	1	1	6.04
430	continet	1239	0.015	1	1	6.04
431	Bitch	1244	0.015	1	1	6.04
432	bragged	1243	0.015	1	1	6.04
433	hire	8785	0.108	7	5	6.025
434	9.1	1257	0.015	1	1	6.021
435	knave	8870	0.109	7	6	6.012
436	offense	1276	0.016	1	1	6.002
437	joyneth	1272	0.016	1	1	6.002
438	murderous	1283	0.016	1	1	5.993
439	adulterers	5137	0.063	4	4	5.991
440	ducat	1296	0.016	1	1	5.975
441	Oyster	1314	0.016	1	1	5.957
442	Gin	1317	0.016	1	1	5.957
443	ning	1325	0.016	1	1	5.948
444	bastards	3979	0.049	3	3	5.945
445	allurements	3979	0.049	3	2	5.945
446	3.16.	2653	0.033	2	1	5.943
447	imitates	1329	0.016	1	1	5.939
448	prettily	1343	0.016	1	1	5.93
449	signo	1339	0.016	1	1	5.93
450	Torm	1342	0.016	1	1	5.93
451	alluring	2691	0.033	2	2	5.926
452	declaim	1350	0.017	1	1	5.921
453	I'faith	1345	0.017	1	1	5.921
454	Priscus	1353	0.017	1	1	5.913
455	Draper	1375	0.017	1	1	5.895
456	Cadmus	1372	0.017	1	1	5.895
457	Receptacles	1385	0.017	1	1	5.887
458	alludeth	1397	0.017	1	1	5.87
459	decks	1409	0.017	1	1	5.861
460	veils	1417	0.017	1	1	5.853
461	riotous	2846	0.035	2	2	5.845
462	Broker	1425	0.017	1	1	5.845
463	witless	1427	0.018	1	1	5.837
464	prate	2866	0.035	2	1	5.832
465	hyre	1435	0.018	1	1	5.828
466	Fore-told	1444	0.018	1	1	5.82
467	Barcelona	1450	0.018	1	1	5.82
468	Dresses	1473	0.018	1	1	5.796
469	plump	1471	0.018	1	1	5.796
470	faced	2948	0.036	2	2	5.792
471	painted	23662	0.29	16	14	5.788
472	dishonours	1478	0.018	1	1	5.788
473	Stage-playes	1514	0.019	1	1	5.756
474	Leaguer	1524	0.019	1	1	5.749
475	imps	1519	0.019	1	1	5.749
476	gamesters	1523	0.019	1	1	5.749
477	discommodities	1517	0.019	1	1	5.749
478	invites	4587	0.056	3	3	5.741
479	AMB	1537	0.019	1	1	5.733
480	Dia	1546	0.019	1	1	5.725
481	documents	1587	0.019	1	1	5.688
482	loathed	3185	0.039	2	2	5.68
483	arrant	1596	0.02	1	1	5.68
484	Palma	1603	0.02	1	1	5.673
485	Eels	1613	0.02	1	1	5.666
486	bawdy	1610	0.02	1	1	5.666
487	healths	3230	0.04	2	2	5.662
488	desolate	12933	0.158	8	6	5.66
489	profuse	1615	0.02	1	1	5.658
490	adorns	1633	0.02	1	1	5.644
491	1637	1650	0.02	1	1	5.63
492	insufferable	1662	0.02	1	1	5.622
493	Reu.	3351	0.041	2	2	5.608
494	divorced	3378	0.041	2	2	5.598
495	courting	1698	0.021	1	1	5.587
496	Hostis	1700	0.021	1	1	5.587
497	Rog	1697	0.021	1	1	5.587
498	sinew	1712	0.021	1	1	5.58
499	playing	10275	0.126	6	4	5.577
500	babble	1715	0.021	1	1	5.573
501	impudent	12093	0.148	7	6	5.564
502	grasp	1734	0.021	1	1	5.56
503	ails	1742	0.021	1	1	5.553
504	3.3.	1739	0.021	1	1	5.553
505	Rogue	6990	0.086	4	4	5.548
506	traded	1751	0.021	1	1	5.546
507	hag	1766	0.022	1	1	5.533
508	310	1765	0.022	1	1	5.533
509	smelt	1772	0.022	1	1	5.526
510	Eustathius	1774	0.022	1	1	5.526
511	Ape	5317	0.065	3	1	5.526
512	fornication	14235	0.174	8	8	5.521
513	're	16048	0.196	9	7	5.518
514	applaud	3646	0.045	2	1	5.487
515	Cerberus	1833	0.022	1	1	5.48
516	whores	5508	0.067	3	2	5.476
517	insatiable	3697	0.045	2	1	5.468
518	Lads	1857	0.023	1	1	5.461
519	Iul	1860	0.023	1	1	5.455
520	whoredom	7526	0.092	4	3	5.441
521	108.	1884	0.023	1	1	5.436
522	cheated	3803	0.047	2	2	5.427
523	sorcerer	1901	0.023	1	1	5.424
524	arrayed	3816	0.047	2	2	5.42
525	Likewyse	1911	0.023	1	1	5.417
526	badges	1924	0.024	1	1	5.411
527	thief	23047	0.282	12	11	5.411
528	wort	1936	0.024	1	1	5.399
529	Parricide	1938	0.024	1	1	5.399
530	Edomites	1935	0.024	1	1	5.399
531	Watchman	1968	0.024	1	1	5.375
532	Susanna	1981	0.024	1	1	5.369
533	usurers	3968	0.049	2	2	5.363
534	wrinkled	2004	0.025	1	1	5.351
535	defiling	2018	0.025	1	1	5.339
536	purple	18224	0.223	9	7	5.335
537	votaries	2027	0.025	1	1	5.334
538	wiped	4053	0.05	2	2	5.334
539	track	2032	0.025	1	1	5.328
540	rime	2035	0.025	1	1	5.328
541	concubines	4078	0.05	2	2	5.325
542	Dice	6226	0.076	3	3	5.299
543	Clo	2086	0.026	1	1	5.293
544	Baggage	6358	0.078	3	3	5.269
545	238	2126	0.026	1	1	5.265
546	betrothed	2127	0.026	1	1	5.265
547	entice	4278	0.052	2	2	5.257
548	5.14	2144	0.026	1	1	5.254
549	fawning	2152	0.026	1	1	5.249
550	Rosa	2161	0.026	1	1	5.243
551	251	2164	0.027	1	1	5.238
552	5.5	2169	0.027	1	1	5.238
553	drunkard	6511	0.08	3	3	5.234
554	Sci	2175	0.027	1	1	5.232
555	vassal	4357	0.053	2	2	5.23
556	portrait	2204	0.027	1	1	5.211
557	pestered	2227	0.027	1	1	5.2
558	alis	2241	0.027	1	1	5.19
559	usurping	4491	0.055	2	2	5.184
560	wenches	2248	0.028	1	1	5.184
561	Bedlam	2245	0.028	1	1	5.184
562	i'	2248	0.028	1	1	5.184
563	paint	8989	0.11	4	4	5.184
564	nasty	2252	0.028	1	1	5.179
565	228	2280	0.028	1	1	5.164
566	dally	2283	0.028	1	1	5.164
567	256	2295	0.028	1	1	5.153
568	Satire	2307	0.028	1	1	5.148
569	witch	9245	0.113	4	3	5.144
570	229	2309	0.028	1	1	5.143
571	mocks	2314	0.028	1	1	5.143
572	differed	4629	0.057	2	1	5.143
573	sits	23190	0.284	10	8	5.139
574	Corinthian	2323	0.028	1	1	5.138
575	hate	65701	0.804	28	17	5.122
576	Weston	2354	0.029	1	1	5.118
577	dunghill	4743	0.058	2	1	5.108
578	231	2379	0.029	1	1	5.103
579	Duck	2399	0.029	1	1	5.088
580	Gasp	2411	0.03	1	1	5.083
581	pension	4843	0.059	2	2	5.076
582	Sot	2425	0.03	1	1	5.073
583	impossibilities	2442	0.03	1	1	5.064
584	Popedome	2449	0.03	1	1	5.059
585	libeller	2467	0.03	1	1	5.049
586	customers	2545	0.031	1	1	5.007
587	fullest	2550	0.031	1	1	5.002
588	Nic	2556	0.031	1	1	4.998
589	painting	7700	0.094	3	3	4.993
590	Superlative	2586	0.032	1	1	4.984
591	Menelaus	2595	0.032	1	1	4.975
592	milder	2603	0.032	1	1	4.975
593	defiles	2607	0.032	1	1	4.97
594	spun	2608	0.032	1	1	4.97
595	144	5231	0.064	2	1	4.966
596	ditch	10469	0.128	4	2	4.965
597	'twixt	5238	0.064	2	2	4.964
598	Inded	2630	0.032	1	1	4.957
599	thriving	2636	0.032	1	1	4.952
600	Bribery	2644	0.032	1	1	4.948
601	carrion	2658	0.033	1	1	4.943
602	Whats	2675	0.033	1	1	4.935
603	tavern	5354	0.066	2	2	4.932
604	railed	2685	0.033	1	1	4.926
605	Taverns	2699	0.033	1	1	4.921
606	wed	5405	0.066	2	2	4.919
607	Babe	5443	0.067	2	2	4.908
608	attire	8194	0.1	3	3	4.903
609	lascivious	5471	0.067	2	2	4.902
610	seduce	5489	0.067	2	2	4.895
611	gallows	5501	0.067	2	2	4.893
612	Harry	2761	0.034	1	1	4.887
613	Matrons	2766	0.034	1	1	4.887
614	conscionable	2773	0.034	1	1	4.883
615	Prou.	8310	0.102	3	2	4.883
616	folia	2782	0.034	1	1	4.878
617	scrape	2785	0.034	1	1	4.874
618	naughtiness	2792	0.034	1	1	4.87
619	luxurious	2832	0.035	1	1	4.849
620	incited	2871	0.035	1	1	4.832
621	ravening	2916	0.036	1	1	4.808
622	manned	2929	0.036	1	1	4.804
623	swearers	2927	0.036	1	1	4.804
624	Pontifical	2936	0.036	1	1	4.8
625	Babylonian	2956	0.036	1	1	4.788
626	Hark	5947	0.073	2	2	4.78
627	steal	17906	0.219	6	6	4.775
628	Villain	8957	0.11	3	3	4.775
629	shifting	2993	0.037	1	1	4.772
630	Impostures	3001	0.037	1	1	4.768
631	Oysters	3017	0.037	1	1	4.76
632	gaming	3021	0.037	1	1	4.756
633	receptacle	3021	0.037	1	1	4.756
634	Gore	3029	0.037	1	1	4.752
635	engages	3046	0.037	1	1	4.745
636	hunter	3051	0.037	1	1	4.745
637	seducing	3066	0.038	1	1	4.737
638	insinuating	3074	0.038	1	1	4.733
639	bastard	12394	0.152	4	4	4.722
640	178	3105	0.038	1	1	4.718
641	stoned	6236	0.076	2	2	4.712
642	dos	3133	0.038	1	1	4.707
643	nto	3146	0.039	1	1	4.699
644	likened	3157	0.039	1	1	4.695
645	marrying	6327	0.077	2	1	4.692
646	weeps	3186	0.039	1	1	4.68
647	whip	6373	0.078	2	2	4.68
648	hopeless	3201	0.039	1	1	4.673
649	smiled	3217	0.039	1	1	4.666
650	blaze	3224	0.039	1	1	4.666
651	Iesuit	3237	0.04	1	1	4.658
652	plotted	3245	0.04	1	1	4.655
653	Waldenses	3270	0.04	1	1	4.644
654	idolatries	3266	0.04	1	1	4.644
655	banquet	9804	0.12	3	2	4.644
656	Dionysius	9814	0.12	3	3	4.643
657	postures	3288	0.04	1	1	4.637
658	Sec	6630	0.081	2	1	4.624
659	foreheads	3324	0.041	1	1	4.619
660	3.3	3339	0.041	1	1	4.612
661	prodigality	3344	0.041	1	1	4.612
662	hee	3347	0.041	1	1	4.608
663	Farmer	3352	0.041	1	1	4.608
664	Gentium	3362	0.041	1	1	4.605
665	strip	3365	0.041	1	1	4.601
666	sturdy	3373	0.041	1	1	4.598
667	muddy	3388	0.042	1	1	4.591
668	play	61168	0.748	18	14	4.588
669	enticed	3439	0.042	1	1	4.57
670	factors	3437	0.042	1	1	4.57
671	Englishman	3445	0.042	1	1	4.567
672	brittle	3457	0.042	1	1	4.563
673	villainous	3467	0.042	1	1	4.56
674	th'	3470	0.043	1	1	4.556
675	Blasphemer	3487	0.043	1	1	4.55
676	swayed	3487	0.043	1	1	4.55
677	entangle	3499	0.043	1	1	4.546
678	kick	3504	0.043	1	1	4.543
679	Drunkards	7021	0.086	2	2	4.541
680	plays	17593	0.215	5	4	4.538
681	Constance	7047	0.086	2	1	4.536
682	Fryer	3520	0.043	1	1	4.536
683	inviting	3580	0.044	1	1	4.513
684	doting	3584	0.044	1	1	4.51
685	derided	3589	0.044	1	1	4.51
686	stings	3588	0.044	1	1	4.51
687	ignoble	3602	0.044	1	1	4.503
688	rail	7220	0.088	2	2	4.501
689	abolishing	3609	0.044	1	1	4.5
690	comb	3632	0.044	1	1	4.493
691	wipe	7298	0.089	2	2	4.485
692	Cooke	3664	0.045	1	1	4.48
693	dainties	3666	0.045	1	1	4.477
694	pompous	3677	0.045	1	1	4.474
695	impudently	3698	0.045	1	1	4.468
696	Flag	3708	0.045	1	1	4.461
697	Castor	3715	0.046	1	1	4.458
698	Doves	3727	0.046	1	1	4.455
699	baseness	7476	0.092	2	2	4.45
700	beastly	7495	0.092	2	2	4.447
701	handsome	11498	0.141	3	2	4.414
702	boot	3835	0.047	1	1	4.414
703	mistress	42310	0.518	11	10	4.409
704	compassing	3859	0.047	1	1	4.405
705	Cards	7740	0.095	2	2	4.4
706	graves	11632	0.142	3	1	4.398
707	revoke	3913	0.048	1	1	4.384
708	Moder	3971	0.049	1	1	4.363
709	affronts	3991	0.049	1	1	4.357
710	blasted	4016	0.049	1	1	4.348
711	prose	4017	0.049	1	1	4.345
712	puritan	4033	0.049	1	1	4.342
713	hastened	4054	0.05	1	1	4.334
714	marries	4061	0.05	1	1	4.331
715	slide	4081	0.05	1	1	4.325
716	Ierem.	4126	0.051	1	1	4.308
717	chaste	20646	0.253	5	5	4.307
718	lustful	4133	0.051	1	1	4.305
719	lewdness	4150	0.051	1	1	4.299
720	bo	4159	0.051	1	1	4.296
721	146	4176	0.051	1	1	4.291
722	utterance	4192	0.051	1	1	4.285
723	disp.	4209	0.052	1	1	4.279
724	crew	8469	0.104	2	2	4.271
725	cheap	8467	0.104	2	2	4.271
726	spied	4248	0.052	1	1	4.265
727	protesting	4251	0.052	1	1	4.265
728	1.2	4300	0.053	1	1	4.249
729	Marry	38694	0.474	9	8	4.248
730	arraigned	4310	0.053	1	1	4.246
731	spends	4330	0.053	1	1	4.238
732	basest	4331	0.053	1	1	4.238
733	deck	4329	0.053	1	1	4.238
734	sup	8677	0.106	2	2	4.235
735	Divinely	4352	0.053	1	1	4.232
736	Severus	4378	0.054	1	1	4.222
737	cup	48330	0.591	11	10	4.217
738	bidden	4393	0.054	1	1	4.216
739	dainty	8837	0.108	2	2	4.21
740	anna	4436	0.054	1	1	4.203
741	thieves	22285	0.273	5	4	4.197
742	artificers	4466	0.055	1	1	4.195
743	decked	4505	0.055	1	1	4.182
744	talent	9018	0.11	2	2	4.18
745	graced	4511	0.055	1	1	4.179
746	Monarchies	4511	0.055	1	1	4.179
747	Prov.	50161	0.614	11	4	4.164
748	spilt	4570	0.056	1	1	4.161
749	revile	4565	0.056	1	1	4.161
750	Anne	9185	0.112	2	1	4.153
751	abominable	22990	0.281	5	5	4.152
752	locusts	4636	0.057	1	1	4.141
753	scornful	4661	0.057	1	1	4.133
754	comm	4670	0.057	1	1	4.13
755	monthly	4675	0.057	1	1	4.128
756	belike	4679	0.057	1	1	4.125
757	Maid	33079	0.405	7	7	4.112
758	Sixtus	4735	0.058	1	1	4.11
759	cunning	28670	0.351	6	5	4.096
760	tainted	4789	0.059	1	1	4.093
761	hairy	4792	0.059	1	1	4.093
762	inclines	4803	0.059	1	1	4.088
763	trim	4802	0.059	1	1	4.088
764	nakedness	9651	0.118	2	2	4.082
765	quatenus	4832	0.059	1	1	4.081
766	mask	4856	0.059	1	1	4.073
767	Funerals	4870	0.06	1	1	4.069
768	sucking	4880	0.06	1	1	4.066
769	benevolence	4882	0.06	1	1	4.066
770	rotten	14651	0.179	3	2	4.065
771	Babel	9790	0.12	2	2	4.061
772	Galley	4911	0.06	1	1	4.056
773	adultery	24714	0.302	5	4	4.047
774	Luc	4952	0.061	1	1	4.045
775	Rachel	4949	0.061	1	1	4.045
776	Solon	4981	0.061	1	1	4.037
777	servile	9971	0.122	2	2	4.035
778	begat	9977	0.122	2	2	4.034
779	Romaine	4996	0.061	1	1	4.033
780	deride	4993	0.061	1	1	4.033
781	errand	4999	0.061	1	1	4.03
782	Inasmuch	5020	0.061	1	1	4.026
783	brood	5051	0.062	1	1	4.016
784	nose	25309	0.31	5	5	4.013
785	Austria	10162	0.124	2	2	4.008
786	Beast	81566	0.998	16	7	4.003
787	deceiving	5099	0.062	1	1	4.002
788	spotted	5160	0.063	1	1	3.986
789	Dog	30988	0.379	6	4	3.984
790	herself	10419	0.128	2	2	3.971
791	defy	5226	0.064	1	1	3.968
792	officio	5248	0.064	1	1	3.961
793	Knaves	5254	0.064	1	1	3.959
794	swimming	5252	0.064	1	1	3.959
795	slave	21201	0.259	4	4	3.947
796	Yonder	5327	0.065	1	1	3.939
797	abominations	10678	0.131	2	2	3.936
798	bidding	5342	0.065	1	1	3.935
799	gluttony	5361	0.066	1	1	3.93
800	rust	5370	0.066	1	1	3.928
801	Seventhly	5381	0.066	1	1	3.926
802	Gallants	5377	0.066	1	1	3.926
803	Venus	26929	0.33	5	4	3.924
804	Talents	10810	0.132	2	2	3.918
805	Solomons	5407	0.066	1	1	3.917
806	Pox	10902	0.133	2	2	3.906
807	pawn	5492	0.067	1	1	3.895
808	troth	5489	0.067	1	1	3.895
809	Infamous	11020	0.135	2	2	3.891
810	Apoc.	11083	0.136	2	2	3.883
811	sheets	5556	0.068	1	1	3.878
812	Niece	5575	0.068	1	1	3.874
813	oft-times	5591	0.068	1	1	3.87
814	abhors	5617	0.069	1	1	3.864
815	Hosea	5654	0.069	1	1	3.853
816	murderers	11345	0.139	2	2	3.849
817	turbulent	5680	0.07	1	1	3.847
818	performs	5696	0.07	1	1	3.843
819	keeps	40024	0.49	7	6	3.837
820	sister	51618	0.632	9	6	3.833
821	upheld	5752	0.07	1	1	3.828
822	Epitaph	5762	0.071	1	1	3.826
823	lazy	5811	0.071	1	1	3.814
824	70.	5894	0.072	1	1	3.794
825	fool	41266	0.505	7	5	3.793
826	dyes	5938	0.073	1	1	3.782
827	Durable	5945	0.073	1	1	3.782
828	drunken	11882	0.145	2	2	3.782
829	wife	214853	2.629	36	24	3.775
830	waits	5976	0.073	1	1	3.774
831	revenged	11966	0.146	2	2	3.772
832	permanent	5981	0.073	1	1	3.772
833	Bride	12056	0.148	2	2	3.761
834	spending	6036	0.074	1	1	3.758
835	filthy	30299	0.371	5	4	3.754
836	weekly	6075	0.074	1	1	3.75
837	mettle	6073	0.074	1	1	3.75
838	styled	6081	0.074	1	1	3.749
839	Plin.	6085	0.075	1	1	3.747
840	Exeunt	12174	0.149	2	2	3.747
841	stink	6090	0.075	1	1	3.747
842	adherents	6092	0.075	1	1	3.747
843	infect	6100	0.075	1	1	3.745
844	tempting	6108	0.075	1	1	3.743
845	bene	12287	0.15	2	2	3.734
846	resembles	6159	0.075	1	1	3.729
847	poisoned	12446	0.152	2	2	3.715
848	prostrate	6239	0.076	1	1	3.712
849	abused	31590	0.387	5	5	3.693
850	consenting	6323	0.077	1	1	3.692
851	INVITE	12669	0.155	2	2	3.69
852	patrimony	6348	0.078	1	1	3.686
853	price	57392	0.702	9	7	3.68
854	CHAMBERLAIN	6393	0.078	1	1	3.677
855	bewitched	6431	0.079	1	1	3.667
856	Damsel	6465	0.079	1	1	3.66
857	traffic	12930	0.158	2	2	3.66
858	metaphor	6491	0.079	1	1	3.655
859	favourites	6500	0.08	1	1	3.653
860	notoriously	6546	0.08	1	1	3.642
861	GUILE	6552	0.08	1	1	3.64
862	roasted	6622	0.081	1	1	3.626
863	whipped	6660	0.082	1	1	3.617
864	stealing	6657	0.082	1	1	3.617
865	dishes	6681	0.082	1	1	3.614
866	allure	6732	0.082	1	1	3.601
867	soundly	6746	0.083	1	1	3.599
868	solace	6791	0.083	1	1	3.589
869	waking	6809	0.083	1	1	3.586
870	toys	6844	0.084	1	1	3.579
871	sire	6861	0.084	1	1	3.575
872	cups	6881	0.084	1	1	3.57
873	Antichristian	13777	0.169	2	2	3.568
874	wages	20748	0.254	3	3	3.563
875	57.	6936	0.085	1	1	3.558
876	volumes	6936	0.085	1	1	3.558
877	bravery	6963	0.085	1	1	3.553
878	SAMPSON	6989	0.086	1	1	3.548
879	Roar	6989	0.086	1	1	3.548
880	uncleanness	14027	0.172	2	2	3.543
881	Religiously	7020	0.086	1	1	3.541
882	Revel	21061	0.258	3	3	3.541
883	fist	7028	0.086	1	1	3.54
884	fourscore	7031	0.086	1	1	3.54
885	52.	7042	0.086	1	1	3.536
886	habit	35431	0.434	5	5	3.528
887	counted	28357	0.347	4	4	3.527
888	Sue	14301	0.175	2	1	3.515
889	pirates	7168	0.088	1	1	3.511
890	drift	7178	0.088	1	1	3.51
891	widow	21540	0.264	3	3	3.509
892	currant	7255	0.089	1	1	3.493
893	bleed	7262	0.089	1	1	3.492
894	inflict	7264	0.089	1	1	3.492
895	perishing	7275	0.089	1	1	3.49
896	Chaldee	7286	0.089	1	1	3.488
897	compared	43800	0.536	6	4	3.485
898	Matth	7318	0.09	1	1	3.482
899	damn	7322	0.09	1	1	3.48
900	stamped	7328	0.09	1	1	3.479
901	86	7346	0.09	1	1	3.476
902	commune	7351	0.09	1	1	3.476
903	tendered	7357	0.09	1	1	3.474
904	Hero	7374	0.09	1	1	3.471
905	files	7371	0.09	1	1	3.471
906	shameful	14747	0.18	2	1	3.471
907	lump	7423	0.091	1	1	3.461
908	couple	7466	0.091	1	1	3.452
909	frost	7484	0.092	1	1	3.449
910	affects	7503	0.092	1	1	3.445
911	pine	7511	0.092	1	1	3.444
912	superstitions	7530	0.092	1	1	3.441
913	Rome	271183	3.318	36	27	3.44
914	swears	7600	0.093	1	1	3.427
915	shipwreck	7606	0.093	1	1	3.425
916	honest	83801	1.025	11	9	3.423
917	wedding	7622	0.093	1	1	3.422
918	muse	15327	0.188	2	2	3.415
919	wasted	15355	0.188	2	2	3.412
920	Ghostly	7684	0.094	1	1	3.411
921	Glasses	7795	0.095	1	1	3.39
922	Suffolk	7796	0.095	1	1	3.39
923	lust	54865	0.671	7	5	3.382
924	89	7913	0.097	1	1	3.369
925	expects	7910	0.097	1	1	3.369
926	Tents	15891	0.194	2	1	3.363
927	spit	7985	0.098	1	1	3.355
928	lewd	15983	0.196	2	2	3.354
929	vexed	16091	0.197	2	1	3.344
930	Farewell	24180	0.296	3	2	3.342
931	Fie	32306	0.395	4	2	3.339
932	hostess	8115	0.099	1	1	3.332
933	swear	56939	0.697	7	6	3.329
934	Suburbs	8156	0.1	1	1	3.325
935	hurts	8270	0.101	1	1	3.305
936	Surgeon	8390	0.103	1	1	3.283
937	clad	8414	0.103	1	1	3.279
938	caught	16892	0.207	2	1	3.274
939	turned	109846	1.344	13	7	3.274
940	undo	8485	0.104	1	1	3.268
941	'd	144543	1.769	17	9	3.265
942	triangle	8514	0.104	1	1	3.263
943	imperfections	8571	0.105	1	1	3.253
944	fortitude	8634	0.106	1	1	3.243
945	livery	8754	0.107	1	1	3.223
946	Kiss	26340	0.322	3	2	3.218
947	leprosy	8802	0.108	1	1	3.215
948	sitting	35270	0.432	4	4	3.212
949	cherish	8816	0.108	1	1	3.212
950	Jealousies	8838	0.108	1	1	3.21
951	Pilgrimage	8841	0.108	1	1	3.208
952	grain	17694	0.217	2	2	3.208
953	complaining	8854	0.108	1	1	3.207
954	MOTHER	150593	1.843	17	14	3.206
955	affinity	8856	0.108	1	1	3.206
956	behaviour	26702	0.327	3	2	3.199
957	spent	53460	0.654	6	1	3.197
958	pillars	17842	0.218	2	2	3.196
959	Yes	44644	0.546	5	5	3.194
960	garments	26823	0.328	3	2	3.192
961	deformed	8948	0.11	1	1	3.191
962	bloody	53730	0.657	6	4	3.19
963	gallant	17961	0.22	2	1	3.186
964	roaring	8991	0.11	1	1	3.184
965	dragon	18054	0.221	2	2	3.179
966	Ensigns	9131	0.112	1	1	3.162
967	venerable	9145	0.112	1	1	3.16
968	crossed	9149	0.112	1	1	3.16
969	Spark	9150	0.112	1	1	3.158
970	vindicate	9176	0.112	1	1	3.155
971	78	9188	0.112	1	1	3.153
972	Vicious	18428	0.226	2	2	3.149
973	Modest	18444	0.226	2	2	3.148
974	midnight	9250	0.113	1	1	3.143
975	naked	46459	0.569	5	5	3.137
976	she	1006738	12.318	108	63	3.132
977	stays	9340	0.114	1	1	3.129
978	kill	74750	0.915	8	8	3.129
979	impure	9368	0.115	1	1	3.125
980	spices	9374	0.115	1	1	3.124
981	Grecian	9382	0.115	1	1	3.123
982	cupid	9383	0.115	1	1	3.123
983	propound	9488	0.116	1	1	3.107
984	fees	9553	0.117	1	1	3.097
985	expert	9616	0.118	1	1	3.087
986	drinking	29093	0.356	3	2	3.075
987	Samaria	9703	0.119	1	1	3.075
988	Papal	9725	0.119	1	1	3.071
989	mirth	19453	0.238	2	2	3.071
990	device	9746	0.119	1	1	3.069
991	Devilish	9817	0.12	1	1	3.058
992	whereon	19704	0.241	2	2	3.052
993	chastity	19740	0.242	2	2	3.05
994	amidst	9881	0.121	1	1	3.048
995	preceding	9878	0.121	1	1	3.048
996	phrases	9896	0.121	1	1	3.046
997	'll	158479	1.939	16	12	3.045
998	cheeks	9940	0.122	1	1	3.04
999	daughters	40010	0.49	4	4	3.03
1000	addicted	10032	0.123	1	1	3.027
1001	Antichrist	50530	0.618	5	4	3.016
1002	is.	10109	0.124	1	1	3.015
1003	embraces	10141	0.124	1	1	3.01
1004	Sack	10141	0.124	1	1	3.01
1005	undone	20337	0.249	2	1	3.007
1006	burn	40670	0.498	4	2	3.007
1007	excellently	10217	0.125	1	1	3
1008	wretched	30683	0.375	3	2	2.998
1009	aloud	10233	0.125	1	1	2.998
1010	Rev.	51328	0.628	5	5	2.993
1011	75	10266	0.126	1	1	2.993
1012	blast	10261	0.126	1	1	2.993
1013	agreeing	10294	0.126	1	1	2.989
1014	impudence	10304	0.126	1	1	2.987
1015	seduced	10324	0.126	1	1	2.985
1016	coloured	10332	0.126	1	1	2.984
1017	husbands	30992	0.379	3	3	2.984
1018	Hay	10344	0.127	1	1	2.982
1019	dancing	10351	0.127	1	1	2.981
1020	lusty	10354	0.127	1	1	2.981
1021	Synagogue	10391	0.127	1	1	2.976
1022	colours	41565	0.509	4	4	2.975
1023	brazen	10407	0.127	1	1	2.974
1024	'm	31244	0.382	3	3	2.972
1025	rot	20942	0.256	2	1	2.965
1026	loathsome	10486	0.128	1	1	2.962
1027	meets	10502	0.129	1	1	2.96
1028	bed	73593	0.901	7	7	2.959
1029	plots	10530	0.129	1	1	2.957
1030	breeds	10535	0.129	1	1	2.956
1031	devoted	10556	0.129	1	1	2.952
1032	husband	105631	1.293	10	7	2.952
1033	betwixt	127079	1.555	12	4	2.948
1034	cheat	10600	0.13	1	1	2.947
1035	Atheism	10639	0.13	1	1	2.941
1036	devised	21359	0.261	2	2	2.936
1037	Center	21392	0.262	2	2	2.934
1038	Corinth	10702	0.131	1	1	2.933
1039	detestable	10704	0.131	1	1	2.932
1040	plague	42909	0.525	4	4	2.93
1041	described	42932	0.525	4	3	2.929
1042	numbered	10774	0.132	1	1	2.924
1043	guest	10781	0.132	1	1	2.922
1044	servitude	10822	0.132	1	1	2.917
1045	Isai.	10840	0.133	1	1	2.915
1046	smile	10881	0.133	1	1	2.909
1047	Pepper	10969	0.134	1	1	2.898
1048	stile	21951	0.269	2	2	2.896
1049	Levites	10982	0.134	1	1	2.895
1050	52	22037	0.27	2	1	2.891
1051	daring	11022	0.135	1	1	2.89
1052	tax	11032	0.135	1	1	2.889
1053	stiled	11034	0.135	1	1	2.889
1054	vex	11042	0.135	1	1	2.888
1055	her	1811491	22.165	164	82	2.887
1056	murdered	22105	0.271	2	2	2.886
1057	erect	11081	0.136	1	1	2.883
1058	horns	22193	0.272	2	2	2.881
1059	Mars	22203	0.272	2	2	2.88
1060	jest	11120	0.136	1	1	2.877
1061	warned	11120	0.136	1	1	2.877
1062	receiver	11131	0.136	1	1	2.876
1063	Insolent	11146	0.136	1	1	2.874
1064	sprung	11190	0.137	1	1	2.869
1065	drop	22395	0.274	2	2	2.868
1066	Ho	11205	0.137	1	1	2.867
1067	flourished	11210	0.137	1	1	2.866
1068	Fortune	101130	1.237	9	8	2.863
1069	nails	11259	0.138	1	1	2.859
1070	witty	11290	0.138	1	1	2.856
1071	abuse	45195	0.553	4	3	2.855
1072	Inn	11350	0.139	1	1	2.848
1073	slip	11408	0.14	1	1	2.841
1074	gulf	11408	0.14	1	1	2.841
1075	damned	34243	0.419	3	3	2.84
1076	Prodigal	11427	0.14	1	1	2.839
1077	Levit.	11468	0.14	1	1	2.833
1078	Physic	34467	0.422	3	2	2.831
1079	corners	11488	0.141	1	1	2.83
1080	forsook	11497	0.141	1	1	2.829
1081	skins	11691	0.143	1	1	2.806
1082	quarrels	11687	0.143	1	1	2.806
1083	wondrous	11702	0.143	1	1	2.804
1084	professes	11732	0.144	1	1	2.801
1085	lyeth	23474	0.287	2	1	2.8
1086	abomination	11757	0.144	1	1	2.797
1087	street	23649	0.289	2	2	2.789
1088	uphold	11837	0.145	1	1	2.788
1089	drunk	35533	0.435	3	3	2.787
1090	maids	11895	0.146	1	1	2.781
1091	check	11916	0.146	1	1	2.778
1092	avoiding	11951	0.146	1	1	2.774
1093	stinking	11949	0.146	1	1	2.774
1094	preferment	11954	0.146	1	1	2.773
1095	Bona	12019	0.147	1	1	2.765
1096	window	12154	0.149	1	1	2.75
1097	exceed	24340	0.298	2	1	2.748
1098	Iudah	12172	0.149	1	1	2.748
1099	proclaim	12226	0.15	1	1	2.741
1100	polluted	12233	0.15	1	1	2.74
1101	sweetly	12254	0.15	1	1	2.738
1102	fetch	24696	0.302	2	2	2.726
1103	ded	12467	0.153	1	1	2.713
1104	Worn	12479	0.153	1	1	2.711
1105	Murderer	12581	0.154	1	1	2.7
1106	45.	12583	0.154	1	1	2.699
1107	vile	37856	0.463	3	3	2.695
1108	Israell	12654	0.155	1	1	2.692
1109	persuasions	12677	0.155	1	1	2.689
1110	Troy	12678	0.155	1	1	2.689
1111	smell	25352	0.31	2	2	2.689
1112	cruelly	12674	0.155	1	1	2.689
1113	famous	88824	1.087	7	6	2.687
1114	lips	38066	0.466	3	3	2.687
1115	termed	25438	0.311	2	2	2.684
1116	Slight	25468	0.312	2	2	2.682
1117	banishment	12759	0.156	1	1	2.679
1118	taxes	12789	0.157	1	1	2.676
1119	abides	12792	0.157	1	1	2.676
1120	Darius	12799	0.157	1	1	2.675
1121	drink	140890	1.724	11	8	2.674
1122	common	346098	4.235	27	18	2.673
1123	Flattery	12831	0.157	1	1	2.671
1124	door	64326	0.787	5	3	2.667
1125	paths	12898	0.158	1	1	2.664
1126	Nurse	12919	0.158	1	1	2.661
1127	morn	12933	0.158	1	1	2.66
1128	smart	12945	0.158	1	1	2.658
1129	face	181454	2.22	14	11	2.657
1130	bargain	12971	0.159	1	1	2.656
1131	wo	26036	0.319	2	2	2.65
1132	Complexion	13038	0.16	1	1	2.648
1133	Citizen	13039	0.16	1	1	2.648
1134	raging	13043	0.16	1	1	2.647
1135	forsake	52263	0.64	4	3	2.645
1136	resort	13089	0.16	1	1	2.642
1137	permission	13164	0.161	1	1	2.634
1138	disgrace	26379	0.323	2	1	2.631
1139	LEV	13206	0.162	1	1	2.63
1140	Dame	13246	0.162	1	1	2.625
1141	Rents	13329	0.163	1	1	2.616
1142	profane	40020	0.49	3	3	2.615
1143	Mal	13346	0.163	1	1	2.614
1144	child	148012	1.811	11	8	2.603
1145	pictures	13540	0.166	1	1	2.593
1146	coals	13558	0.166	1	1	2.592
1147	recompense	27209	0.333	2	1	2.587
1148	protect	13727	0.168	1	1	2.573
1149	path	13728	0.168	1	1	2.573
1150	dares	13753	0.168	1	1	2.571
1151	arrive	13775	0.169	1	1	2.569
1152	proving	13818	0.169	1	1	2.564
1153	17.	83120	1.017	6	6	2.561
1154	pluck	13862	0.17	1	1	2.56
1155	waters	83222	1.018	6	6	2.559
1156	July	27779	0.34	2	2	2.557
1157	roll	13929	0.17	1	1	2.553
1158	qum	27937	0.342	2	2	2.549
1159	forbids	13966	0.171	1	1	2.549
1160	hinders	14016	0.172	1	1	2.544
1161	Worlds	28162	0.345	2	2	2.537
1162	wet	14108	0.173	1	1	2.534
1163	tokens	14150	0.173	1	1	2.53
1164	Tyrant	28325	0.347	2	2	2.529
1165	Reformed	42488	0.52	3	1	2.529
1166	choose	71078	0.87	5	3	2.523
1167	virtuous	42661	0.522	3	3	2.523
1168	keep	313074	3.831	22	16	2.522
1169	Martin	14281	0.175	1	1	2.517
1170	shaken	14294	0.175	1	1	2.515
1171	paying	14303	0.175	1	1	2.515
1172	boys	14311	0.175	1	1	2.514
1173	Ha	28655	0.351	2	2	2.512
1174	gets	14332	0.175	1	1	2.511
1175	foul	43393	0.531	3	3	2.498
1176	Ibidem	14513	0.178	1	1	2.493
1177	idolatrous	14523	0.178	1	1	2.492
1178	Ah	29075	0.356	2	2	2.491
1179	Ant	14620	0.179	1	1	2.483
1180	buildings	14646	0.179	1	1	2.48
1181	Antioch	14648	0.179	1	1	2.48
1182	cry	87922	1.076	6	4	2.48
1183	worthily	14691	0.18	1	1	2.476
1184	fairest	14727	0.18	1	1	2.472
1185	demonstrate	14730	0.18	1	1	2.472
1186	monster	14836	0.182	1	1	2.462
1187	misfortune	14852	0.182	1	1	2.46
1188	sect.	59519	0.728	4	2	2.457
1189	merry	30040	0.368	2	2	2.444
1190	stronger	30046	0.368	2	2	2.444
1191	delighted	15059	0.184	1	1	2.44
1192	Asleep	15079	0.185	1	1	2.438
1193	ALE	15087	0.185	1	1	2.438
1194	deep	75511	0.924	5	3	2.436
1195	game	15105	0.185	1	1	2.436
1196	function	15109	0.185	1	1	2.435
1197	derived	30259	0.37	2	2	2.434
1198	begins	45496	0.557	3	2	2.43
1199	total	15196	0.186	1	1	2.427
1200	woman	183598	2.247	12	12	2.417
1201	grown	45966	0.562	3	2	2.415
1202	speeches	30693	0.376	2	2	2.413
1203	base	61654	0.754	4	4	2.407
1204	ruined	15482	0.189	1	1	2.4
1205	tear	15500	0.19	1	1	2.398
1206	Kent	15502	0.19	1	1	2.398
1207	brains	15509	0.19	1	1	2.397
1208	daughter	108707	1.33	7	7	2.396
1209	dress	15539	0.19	1	1	2.395
1210	Hos.	15549	0.19	1	1	2.394
1211	cool	15557	0.19	1	1	2.393
1212	drinks	15747	0.193	1	1	2.376
1213	sayings	15782	0.193	1	1	2.373
1214	bringeth	31606	0.387	2	1	2.371
1215	draws	31643	0.387	2	2	2.369
1216	devil	190658	2.333	12	6	2.363
1217	Millions	15911	0.195	1	1	2.361
1218	hang	31830	0.39	2	2	2.36
1219	vow	31839	0.39	2	2	2.36
1220	slay	15920	0.195	1	1	2.36
1221	dost	31931	0.391	2	2	2.356
1222	Erroneous	15970	0.195	1	1	2.355
1223	lean	16023	0.196	1	1	2.35
1224	nihil	32088	0.393	2	2	2.349
1225	Deuteronomy	64271	0.786	4	3	2.347
1226	Ox	16129	0.197	1	1	2.341
1227	bosom	32336	0.396	2	2	2.338
1228	!	371996	4.552	23	10	2.337
1229	deaths	16238	0.199	1	1	2.331
1230	purse	16277	0.199	1	1	2.328
1231	noted	48905	0.598	3	2	2.326
1232	worshipped	32660	0.4	2	2	2.323
1233	cloak	16351	0.2	1	1	2.321
1234	silly	16358	0.2	1	1	2.32
1235	penny	16458	0.201	1	1	2.312
1236	Joan	16538	0.202	1	1	2.305
1237	unfortunate	16639	0.204	1	1	2.296
1238	dearest	16664	0.204	1	1	2.294
1239	cousin	16703	0.204	1	1	2.291
1240	burnt	50113	0.613	3	3	2.291
1241	bestow	33438	0.409	2	2	2.289
1242	goes	100413	1.229	6	3	2.288
1243	songs	16823	0.206	1	1	2.281
1244	seals	16820	0.206	1	1	2.281
1245	foretold	16838	0.206	1	1	2.279
1246	reckoning	16862	0.206	1	1	2.277
1247	lodged	16921	0.207	1	1	2.272
1248	content	101607	1.243	6	6	2.271
1249	threatening	16952	0.207	1	1	2.27
1250	create	17018	0.208	1	1	2.264
1251	shadows	17017	0.208	1	1	2.264
1252	estimation	17074	0.209	1	1	2.259
1253	correction	17092	0.209	1	1	2.258
1254	rid	17118	0.21	1	1	2.255
1255	separation	34334	0.42	2	2	2.251
1256	prize	17204	0.211	1	1	2.248
1257	Dinner	17207	0.211	1	1	2.248
1258	ornaments	17222	0.211	1	1	2.247
1259	yields	17327	0.212	1	1	2.238
1260	reproach	34657	0.424	2	2	2.238
1261	expedition	17374	0.213	1	1	2.234
1262	deceitful	17392	0.213	1	1	2.232
1263	calls	121932	1.492	7	6	2.23
1264	looks	52264	0.64	3	2	2.23
1265	accursed	17442	0.213	1	1	2.228
1266	rebel	17458	0.214	1	1	2.227
1267	company	157530	1.928	9	8	2.223
1268	Gall	17567	0.215	1	1	2.218
1269	renounce	17583	0.215	1	1	2.217
1270	calling	105619	1.292	6	6	2.215
1271	forgot	17706	0.217	1	1	2.207
1272	fate	35533	0.435	2	1	2.202
1273	rejoicing	17783	0.218	1	1	2.2
1274	furnish	17840	0.218	1	1	2.196
1275	Baptist	17847	0.218	1	1	2.195
1276	Stage	17895	0.219	1	1	2.191
1277	Naples	17948	0.22	1	1	2.187
1278	betrayed	18001	0.22	1	1	2.182
1279	virgin	54072	0.662	3	3	2.181
1280	Monastery	18026	0.221	1	1	2.18
1281	defiled	18090	0.221	1	1	2.176
1282	marked	18201	0.223	1	1	2.167
1283	mon	18249	0.223	1	1	2.163
1284	drunkenness	18268	0.224	1	1	2.162
1285	redeem	18342	0.224	1	1	2.156
1286	Quoth	36867	0.451	2	2	2.148
1287	Alexandria	18524	0.227	1	1	2.141
1288	lets	18569	0.227	1	1	2.138
1289	turn	167524	2.05	9	4	2.134
1290	apprehended	18626	0.228	1	1	2.134
1291	Spend	37287	0.456	2	2	2.132
1292	monstrous	18738	0.229	1	1	2.125
1293	Intercession	18741	0.229	1	1	2.125
1294	judged	56237	0.688	3	3	2.124
1295	judging	18760	0.23	1	1	2.123
1296	Plagues	18774	0.23	1	1	2.122
1297	traitor	18785	0.23	1	1	2.122
1298	censure	37706	0.461	2	2	2.116
1299	Adorned	18908	0.231	1	1	2.112
1300	54	18918	0.232	1	1	2.111
1301	lived	113584	1.39	6	4	2.11
1302	loves	76043	0.93	4	4	2.104
1303	continues	19061	0.233	1	1	2.1
1304	humbled	19062	0.233	1	1	2.1
1305	companion	19107	0.234	1	1	2.097
1306	intolerable	19128	0.234	1	1	2.095
1307	wives	57399	0.702	3	3	2.095
1308	horrid	19167	0.235	1	1	2.092
1309	FINIS	38468	0.471	2	2	2.087
1310	Dukes	19254	0.236	1	1	2.086
1311	lies	96467	1.18	5	4	2.083
1312	soft	38616	0.473	2	2	2.082
1313	call	328774	4.023	17	16	2.079
1314	throat	19344	0.237	1	1	2.079
1315	worse	96916	1.186	5	4	2.076
1316	keeping	58223	0.712	3	3	2.074
1317	dare	135920	1.663	7	5	2.073
1318	paid	58812	0.72	3	2	2.06
1319	wait	59233	0.725	3	3	2.049
1320	contend	19790	0.242	1	1	2.046
1321	grave	79381	0.971	4	4	2.042
1322	purged	19881	0.243	1	1	2.039
1323	reputed	19893	0.243	1	1	2.039
1324	fashion	39934	0.489	2	2	2.033
1325	nought	39966	0.489	2	2	2.032
1326	earnestly	40049	0.49	2	2	2.029
1327	confessed	40109	0.491	2	2	2.027
1328	careless	20099	0.246	1	1	2.024
1329	tenant	20114	0.246	1	1	2.023
1330	replied	40276	0.493	2	2	2.021
1331	runs	40288	0.493	2	2	2.02
1332	Constable	20148	0.247	1	1	2.02
1333	Gentlemen	60495	0.74	3	1	2.019
1334	Roman	141472	1.731	7	6	2.016
1335	deceive	40456	0.495	2	2	2.014
1336	wanton	20242	0.248	1	1	2.013
1337	ride	20257	0.248	1	1	2.012
1338	Car	20342	0.249	1	1	2.006
1339	nere	20350	0.249	1	1	2.006
1340	praised	20375	0.249	1	1	2.004
1341	walked	20392	0.25	1	1	2.003
1342	adore	20395	0.25	1	1	2.003
1343	burned	20536	0.251	1	1	1.993
1344	wine	164447	2.012	8	8	1.991
1345	leith	20613	0.252	1	1	1.987
1346	curse	61992	0.759	3	1	1.984
1347	renowned	20682	0.253	1	1	1.982
1348	openly	41440	0.507	2	2	1.98
1349	breaks	20777	0.254	1	1	1.976
1350	Pity	62915	0.77	3	1	1.962
1351	embrace	41941	0.513	2	2	1.962
1352	becomes	41957	0.513	2	2	1.962
1353	foes	20990	0.257	1	1	1.961
1354	ne'er	20984	0.257	1	1	1.961
1355	Revelation	41988	0.514	2	2	1.961
1356	companies	21012	0.257	1	1	1.96
1357	gates	42043	0.514	2	2	1.959
1358	corrupt	63197	0.773	3	3	1.956
1359	superstitious	21092	0.258	1	1	1.954
1360	prays	21111	0.258	1	1	1.953
1361	market	21236	0.26	1	1	1.945
1362	fee	21237	0.26	1	1	1.944
1363	bore	21455	0.263	1	1	1.93
1364	presented	43069	0.527	2	2	1.924
1365	Lordships	21570	0.264	1	1	1.922
1366	confesses	21697	0.266	1	1	1.913
1367	ten	130362	1.595	6	6	1.911
1368	ca	21771	0.266	1	1	1.908
1369	women	152987	1.872	7	7	1.903
1370	spread	43759	0.535	2	2	1.901
1371	jealousy	21960	0.269	1	1	1.896
1372	tempted	22002	0.269	1	1	1.893
1373	yours	44031	0.539	2	2	1.892
1374	ring	22029	0.27	1	1	1.892
1375	Canterbury	22219	0.272	1	1	1.879
1376	got	88984	1.089	4	4	1.877
1377	bent	22285	0.273	1	1	1.875
1378	Cor	22308	0.273	1	1	1.873
1379	gotten	44665	0.547	2	2	1.872
1380	notorious	22363	0.274	1	1	1.87
1381	sweat	22452	0.275	1	1	1.864
1382	Blasphemy	22486	0.275	1	1	1.862
1383	chance	45225	0.553	2	1	1.854
1384	scandal	22639	0.277	1	1	1.852
1385	begun	45469	0.556	2	2	1.846
1386	Dreams	22740	0.278	1	1	1.846
1387	?	2527462	30.925	111	51	1.844
1388	attained	22823	0.279	1	1	1.84
1389	fingers	22825	0.279	1	1	1.84
1390	Deserves	22832	0.279	1	1	1.84
1391	fulfil	22851	0.28	1	1	1.839
1392	contention	22937	0.281	1	1	1.833
1393	Traditions	22980	0.281	1	1	1.83
1394	w	23074	0.282	1	1	1.825
1395	prevented	23152	0.283	1	1	1.82
1396	wisely	23259	0.285	1	1	1.813
1397	vice	46611	0.57	2	2	1.81
1398	minded	23388	0.286	1	1	1.805
1399	beholding	23445	0.287	1	1	1.801
1400	hopes	70348	0.861	3	2	1.801
1401	46	23507	0.288	1	1	1.798
1402	money	188212	2.303	8	7	1.797
1403	shame	94222	1.153	4	4	1.795
1404	newly	23582	0.289	1	1	1.793
1405	dwell	70987	0.869	3	1	1.788
1406	Offers	23765	0.291	1	1	1.782
1407	a	14471665	177.072	608	190	1.78
1408	beauty	95667	1.171	4	4	1.773
1409	seeming	23944	0.293	1	1	1.771
1410	rob	23959	0.293	1	1	1.77
1411	dyed	48358	0.592	2	2	1.757
1412	whiles	24191	0.296	1	1	1.756
1413	leaves	96805	1.185	4	3	1.756
1414	pull	24362	0.298	1	1	1.746
1415	seeks	24462	0.299	1	1	1.74
1416	young	171502	2.099	7	7	1.738
1417	Proud	73660	0.901	3	3	1.735
1418	garment	24609	0.301	1	1	1.732
1419	allege	24686	0.302	1	1	1.727
1420	lights	24751	0.303	1	1	1.724
1421	alive	49526	0.606	2	2	1.723
1422	wherewith	74362	0.91	3	3	1.721
1423	telling	24804	0.304	1	1	1.72
1424	faithfully	24842	0.304	1	1	1.718
1425	admiration	24957	0.305	1	1	1.711
1426	companions	24999	0.306	1	1	1.709
1427	straight	50023	0.612	2	2	1.708
1428	Oh	126299	1.545	5	4	1.694
1429	Posterity	50699	0.62	2	2	1.689
1430	excess	25352	0.31	1	1	1.689
1431	Greece	25403	0.311	1	1	1.686
1432	hated	25471	0.312	1	1	1.682
1433	sex	25550	0.313	1	1	1.678
1434	fellow	51208	0.627	2	2	1.674
1435	clothed	25607	0.313	1	1	1.674
1436	kept	180349	2.207	7	5	1.665
1437	murder	51605	0.631	2	2	1.663
1438	Salomon	25808	0.316	1	1	1.663
1439	approach	25826	0.316	1	1	1.662
1440	Numb	25825	0.316	1	1	1.662
1441	imperial	25835	0.316	1	1	1.662
1442	reject	25965	0.318	1	1	1.654
1443	credit	77984	0.954	3	3	1.653
1444	gain	78199	0.957	3	3	1.649
1445	bible	26071	0.319	1	1	1.648
1446	lover	26112	0.32	1	1	1.646
1447	instead	52525	0.643	2	2	1.638
1448	won	26265	0.321	1	1	1.638
1449	Matthew	26367	0.323	1	1	1.632
1450	ass	26382	0.323	1	1	1.631
1451	attended	26513	0.324	1	1	1.624
1452	suddenly	53066	0.649	2	2	1.623
1453	Tom	26564	0.325	1	1	1.621
1454	lays	26622	0.326	1	1	1.618
1455	wonders	26646	0.326	1	1	1.617
1456	list	26655	0.326	1	1	1.617
1457	abroad	80124	0.98	3	3	1.614
1458	deadly	26719	0.327	1	1	1.613
1459	mouth	161086	1.971	6	4	1.606
1460	leads	26956	0.33	1	1	1.6
1461	courses	27018	0.331	1	1	1.597
1462	Herb	27028	0.331	1	1	1.596
1463	profession	81244	0.994	3	3	1.593
1464	served	54417	0.666	2	2	1.587
1465	Du	27270	0.334	1	1	1.583
1466	school	27359	0.335	1	1	1.579
1467	44	27360	0.335	1	1	1.579
1468	Paris	54729	0.67	2	2	1.578
1469	bold	54959	0.673	2	1	1.572
1470	Stone	110110	1.347	4	1	1.57
1471	Adversary	27551	0.337	1	1	1.569
1472	countenance	55145	0.675	2	2	1.568
1473	boy	27639	0.338	1	1	1.564
1474	Dutch	27740	0.339	1	1	1.559
1475	unhappy	27954	0.342	1	1	1.548
1476	Acted	28050	0.343	1	1	1.543
1477	Woe	28149	0.344	1	1	1.538
1478	bring	310345	3.797	11	7	1.534
1479	thirst	28225	0.345	1	1	1.534
1480	diet	28239	0.346	1	1	1.533
1481	48	28384	0.347	1	1	1.526
1482	simply	28498	0.349	1	1	1.52
1483	narrow	28532	0.349	1	1	1.518
1484	punishments	28582	0.35	1	1	1.516
1485	equity	28671	0.351	1	1	1.511
1486	cast	229673	2.81	8	8	1.509
1487	crimes	28899	0.354	1	1	1.5
1488	borne	86876	1.063	3	2	1.497
1489	dealing	28989	0.355	1	1	1.495
1490	32.	28995	0.355	1	1	1.495
1491	horses	58059	0.71	2	2	1.493
1492	hills	29127	0.356	1	1	1.488
1493	plot	29203	0.357	1	1	1.485
1494	Simon	29226	0.358	1	1	1.484
1495	knowing	87901	1.076	3	3	1.48
1496	fort	29374	0.359	1	1	1.476
1497	terms	88303	1.081	3	3	1.473
1498	Devils	59091	0.723	2	2	1.468
1499	captivity	29583	0.362	1	1	1.466
1500	banished	29658	0.363	1	1	1.462
1501	amiss	29662	0.363	1	1	1.462
1502	covetousness	29703	0.363	1	1	1.46
1503	Thou	1398203	17.108	47	30	1.458
1504	pretty	29773	0.364	1	1	1.457
1505	23.	59639	0.73	2	2	1.455
1506	publicly	29824	0.365	1	1	1.454
1507	D.	149564	1.83	5	3	1.45
1508	doors	29993	0.367	1	1	1.446
1509	quiet	60323	0.738	2	2	1.438
1510	seven	120863	1.479	4	4	1.436
1511	veins	30344	0.371	1	1	1.429
1512	lot	30426	0.372	1	1	1.425
1513	assist	30549	0.374	1	1	1.42
1514	mothers	30565	0.374	1	1	1.419
1515	ere	61209	0.749	2	2	1.417
1516	strike	30636	0.375	1	1	1.415
1517	bought	30717	0.376	1	1	1.412
1518	Escaped	30716	0.376	1	1	1.412
1519	join	61462	0.752	2	2	1.411
1520	takes	123079	1.506	4	3	1.409
1521	Priest	123560	1.512	4	4	1.404
1522	Popery	30936	0.379	1	1	1.402
1523	consumed	31042	0.38	1	1	1.397
1524	's	1833403	22.433	59	30	1.395
1525	night	217853	2.666	7	6	1.393
1526	execute	31219	0.382	1	1	1.388
1527	reported	31227	0.382	1	1	1.388
1528	desiring	31273	0.383	1	1	1.386
1529	vein	31281	0.383	1	1	1.386
1530	condemnation	31282	0.383	1	1	1.385
1531	beautiful	31363	0.384	1	1	1.382
1532	yearly	31375	0.384	1	1	1.381
1533	complete	31387	0.384	1	1	1.381
1534	history	94546	1.157	3	2	1.375
1535	hot	94567	1.157	3	3	1.374
1536	pressed	31691	0.388	1	1	1.367
1537	bad	95210	1.165	3	3	1.365
1538	Does	222564	2.723	7	3	1.362
1539	old	414305	5.069	13	7	1.359
1540	Carnal	63756	0.78	2	1	1.358
1541	Composed	31899	0.39	1	1	1.357
1542	admirable	31909	0.39	1	1	1.357
1543	spoke	31965	0.391	1	1	1.354
1544	represented	31976	0.391	1	1	1.354
1545	led	64006	0.783	2	2	1.353
1546	gives	192161	2.351	6	5	1.352
1547	cries	32046	0.392	1	1	1.351
1548	damnation	32064	0.392	1	1	1.35
1549	dogs	32101	0.393	1	1	1.348
1550	eaten	32125	0.393	1	1	1.347
1551	College	32308	0.395	1	1	1.339
1552	purchase	32356	0.396	1	1	1.337
1553	begin	97196	1.189	3	3	1.335
1554	constant	64819	0.793	2	1	1.334
1555	avoid	65191	0.798	2	2	1.326
1556	holding	32663	0.4	1	1	1.323
1557	fought	32796	0.401	1	1	1.317
1558	lying	65748	0.805	2	2	1.314
1559	sit	131502	1.609	4	4	1.314
1560	Common-wealth	32931	0.403	1	1	1.312
1561	quarrel	32992	0.404	1	1	1.309
1562	Gentleman	66021	0.808	2	2	1.308
1563	leave	264688	3.239	8	5	1.305
1564	chose	33127	0.405	1	1	1.303
1565	meet	132574	1.622	4	3	1.302
1566	ch.	33232	0.407	1	1	1.298
1567	beloved	66576	0.815	2	2	1.296
1568	phrase	33297	0.407	1	1	1.295
1569	suffered	100182	1.226	3	3	1.291
1570	marks	33471	0.41	1	1	1.288
1571	Whose	468798	5.736	14	9	1.287
1572	agreement	33513	0.41	1	1	1.286
1573	shore	33521	0.41	1	1	1.286
1574	suit	33605	0.411	1	1	1.282
1575	lie	168129	2.057	5	5	1.281
1576	23	101193	1.238	3	3	1.277
1577	triumph	33934	0.415	1	1	1.268
1578	Alas	67915	0.831	2	2	1.267
1579	Spanish	34036	0.417	1	1	1.264
1580	fair	204535	2.503	6	5	1.262
1581	bred	34100	0.417	1	1	1.261
1582	advanced	34128	0.418	1	1	1.26
1583	Support	34167	0.418	1	1	1.258
1584	Poet	34204	0.419	1	1	1.257
1585	professed	34256	0.419	1	1	1.255
1586	Item	34287	0.42	1	1	1.253
1587	relief	34491	0.422	1	1	1.245
1588	n't	34507	0.422	1	1	1.244
1589	partly	69033	0.845	2	2	1.243
1590	scorn	34703	0.425	1	1	1.236
1591	fight	105643	1.293	3	3	1.215
1592	fools	35223	0.431	1	1	1.214
1593	sends	35230	0.431	1	1	1.214
1594	delights	35263	0.432	1	1	1.213
1595	follow	211834	2.592	6	6	1.211
1596	Monsieur	35326	0.432	1	1	1.21
1597	paper	35460	0.434	1	1	1.205
1598	return	177443	2.171	5	5	1.204
1599	pay	106691	1.305	3	2	1.2
1600	utterly	71440	0.874	2	2	1.194
1601	stock	35766	0.438	1	1	1.192
1602	has	321926	3.939	9	5	1.192
1603	engaged	35885	0.439	1	1	1.187
1604	trade	71989	0.881	2	2	1.183
1605	hither	36037	0.441	1	1	1.181
1606	double	72073	0.882	2	2	1.181
1607	dumb	36044	0.441	1	1	1.181
1608	temptations	36113	0.442	1	1	1.178
1609	Enter	145726	1.783	4	3	1.166
1610	behind	73039	0.894	2	2	1.162
1611	Citizens	36524	0.447	1	1	1.162
1612	Garden	36538	0.447	1	1	1.161
1613	called	768363	9.402	21	17	1.159
1614	heretofore	36652	0.449	1	1	1.157
1615	prove	220093	2.693	6	5	1.156
1616	resolve	36730	0.449	1	1	1.154
1617	subtle	36810	0.45	1	1	1.151
1618	overthrow	36900	0.452	1	1	1.147
1619	bright	36946	0.452	1	1	1.145
1620	Constitution	37019	0.453	1	1	1.142
1621	warm	37060	0.454	1	1	1.141
1622	wilt	74391	0.91	2	2	1.136
1623	Jesuits	37256	0.456	1	1	1.133
1624	quite	74671	0.914	2	2	1.13
1625	hell	149518	1.83	4	3	1.129
1626	false	224466	2.747	6	6	1.127
1627	commands	74993	0.918	2	2	1.124
1628	open	187653	2.296	5	5	1.123
1629	Vengeance	37813	0.463	1	1	1.112
1630	brave	38044	0.466	1	1	1.103
1631	hereafter	76216	0.933	2	2	1.101
1632	speaks	153099	1.873	4	3	1.094
1633	tyranny	38301	0.469	1	1	1.094
1634	faults	38509	0.471	1	1	1.086
1635	besides	231481	2.832	6	6	1.083
1636	unless	154621	1.892	4	4	1.08
1637	deserved	38662	0.473	1	1	1.08
1638	18.	77389	0.947	2	2	1.079
1639	specially	38732	0.474	1	1	1.077
1640	cloth	38753	0.474	1	1	1.076
1641	drew	38764	0.474	1	1	1.076
1642	away	504942	6.178	13	8	1.073
1643	did	1515759	18.547	39	16	1.072
1644	sweet	155475	1.902	4	4	1.072
1645	customs	39001	0.477	1	1	1.067
1646	length	117029	1.432	3	3	1.067
1647	memory	78094	0.956	2	2	1.066
1648	George	39058	0.478	1	1	1.065
1649	atque	39364	0.482	1	1	1.054
1650	turns	39404	0.482	1	1	1.053
1651	soon	198528	2.429	5	5	1.042
1652	followed	79683	0.975	2	2	1.037
1653	plead	39869	0.488	1	1	1.036
1654	blow	39917	0.488	1	1	1.034
1655	terrible	39921	0.489	1	1	1.034
1656	looking	40123	0.491	1	1	1.026
1657	waste	40248	0.493	1	1	1.022
1658	helps	40261	0.493	1	1	1.022
1659	back	161359	1.974	4	3	1.019
1660	respects	40341	0.494	1	1	1.019
1661	fain	40564	0.496	1	1	1.011
1662	provide	40597	0.497	1	1	1.01
1663	courts	40732	0.498	1	1	1.005
1664	house	407406	4.985	10	10	1.004
1665	Nor	1146191	14.025	28	18	0.997
1666	crime	41026	0.502	1	1	0.994
1667	Sell	41041	0.502	1	1	0.994
1668	past	123448	1.511	3	3	0.99
1669	Sir	371184	4.542	9	8	0.987
1670	Solomon	41245	0.505	1	1	0.987
1671	passages	41310	0.506	1	1	0.984
1672	approved	41404	0.507	1	1	0.981
1673	how	1244740	15.23	30	14	0.978
1674	honey	41845	0.512	1	1	0.966
1675	policy	41924	0.513	1	1	0.963
1676	amongst	251926	3.083	6	4	0.961
1677	roots	42047	0.515	1	1	0.959
1678	grief	84127	1.029	2	1	0.958
1679	running	42083	0.515	1	1	0.958
1680	Mad	42332	0.518	1	1	0.949
1681	am	509469	6.234	12	7	0.945
1682	Verily	42479	0.52	1	1	0.944
1683	infants	42501	0.52	1	1	0.943
1684	stands	85073	1.041	2	2	0.942
1685	justify	42569	0.521	1	1	0.941
1686	although	212964	2.606	5	3	0.94
1687	precious	85205	1.043	2	2	0.94
1688	utter	42614	0.521	1	1	0.94
1689	cursed	42622	0.522	1	1	0.939
1690	Rent	42785	0.524	1	1	0.934
1691	Adds	42811	0.524	1	1	0.933
1692	ended	42908	0.525	1	1	0.93
1693	passing	43069	0.527	1	1	0.924
1694	joined	86338	1.056	2	1	0.921
1695	frequent	43207	0.529	1	1	0.919
1696	Doctors	43227	0.529	1	1	0.919
1697	arms	173309	2.121	4	4	0.916
1698	named	86879	1.063	2	2	0.912
1699	sure	217623	2.663	5	5	0.909
1700	make	1313915	16.077	30	25	0.9
1701	son	570683	6.983	13	10	0.897
1702	believed	87994	1.077	2	2	0.893
1703	womb	44083	0.539	1	1	0.891
1704	grows	44157	0.54	1	1	0.888
1705	poison	44407	0.543	1	1	0.88
1706	reputation	44574	0.545	1	1	0.875
1707	Like	1070087	13.093	24	20	0.874
1708	17	133873	1.638	3	3	0.873
1709	destruction	89423	1.094	2	2	0.87
1710	member	44721	0.547	1	1	0.87
1711	you	3714542	45.45	83	39	0.869
1712	care	224334	2.745	5	5	0.865
1713	opposition	44888	0.549	1	1	0.865
1714	makes	359288	4.396	8	7	0.864
1715	bid	45051	0.551	1	1	0.859
1716	skill	45072	0.552	1	1	0.859
1717	skin	45425	0.556	1	1	0.847
1718	stead	45532	0.557	1	1	0.844
1719	me	1731164	21.182	38	25	0.843
1720	main	45562	0.558	1	1	0.843
1721	preserved	45565	0.558	1	1	0.843
1722	wisdom	228022	2.79	5	1	0.842
1723	25	91872	1.124	2	2	0.831
1724	fled	45957	0.562	1	1	0.831
1725	now	1519152	18.588	33	15	0.828
1726	Angry	46285	0.566	1	1	0.82
1727	strange	139257	1.704	3	2	0.816
1728	want	185706	2.272	4	4	0.816
1729	heads	93035	1.138	2	2	0.813
1730	holds	46539	0.569	1	1	0.812
1731	Vide	46586	0.57	1	1	0.811
1732	stir	46896	0.574	1	1	0.801
1733	Madam	46920	0.574	1	1	0.801
1734	Great	1790493	21.908	38	21	0.795
1735	increase	94264	1.153	2	2	0.794
1736	Wall	47250	0.578	1	1	0.791
1737	found	426408	5.217	9	5	0.787
1738	rich	142318	1.741	3	2	0.785
1739	following	142882	1.748	3	3	0.779
1740	sat	47715	0.584	1	1	0.776
1741	suffer	191145	2.339	4	4	0.774
1742	seldom	47805	0.585	1	1	0.774
1743	gentle	47820	0.585	1	1	0.773
1744	33	47833	0.585	1	1	0.773
1745	Fury	47909	0.586	1	1	0.771
1746	home	144093	1.763	3	2	0.767
1747	frame	48094	0.589	1	1	0.765
1748	warrant	48147	0.589	1	1	0.763
1749	fountain	48192	0.59	1	1	0.762
1750	quickly	48204	0.59	1	1	0.762
1751	knows	144623	1.77	3	3	0.762
1752	Philip	48328	0.591	1	1	0.758
1753	worst	48340	0.592	1	1	0.758
1754	Redemption	48353	0.592	1	1	0.757
1755	eat	145185	1.776	3	3	0.756
1756	speaking	96859	1.185	2	2	0.755
1757	working	48604	0.595	1	1	0.75
1758	my	2492426	30.497	51	31	0.742
1759	fast	97823	1.197	2	2	0.741
1760	tells	98449	1.205	2	2	0.731
1761	hath	1823449	22.311	37	27	0.73
1762	Hatred	49444	0.605	1	1	0.725
1763	cruelty	49468	0.605	1	1	0.724
1764	forget	49494	0.606	1	1	0.724
1765	neighbour	49578	0.607	1	1	0.721
1766	Eye	149187	1.825	3	3	0.717
1767	conditions	49776	0.609	1	1	0.715
1768	golden	49785	0.609	1	1	0.715
1769	thy	1346327	16.473	27	20	0.713
1770	perhaps	99958	1.223	2	2	0.709
1771	write	99970	1.223	2	2	0.709
1772	belly	50036	0.612	1	1	0.708
1773	admit	50054	0.612	1	1	0.707
1774	sets	50272	0.615	1	1	0.701
1775	24	100969	1.235	2	2	0.695
1776	province	50494	0.618	1	1	0.695
1777	treasure	50519	0.618	1	1	0.694
1778	doth	963309	11.787	19	11	0.689
1779	covered	50980	0.624	1	1	0.681
1780	tell	255280	3.124	5	4	0.679
1781	commit	51155	0.626	1	1	0.676
1782	ROBERT	51164	0.626	1	1	0.676
1783	suffering	51201	0.627	1	1	0.675
1784	prophecy	51210	0.627	1	1	0.674
1785	seat	51212	0.627	1	1	0.674
1786	la	204980	2.508	4	2	0.673
1787	g.	51419	0.629	1	1	0.668
1788	fill	51476	0.63	1	1	0.667
1789	known	257669	3.153	5	4	0.665
1790	receiving	51659	0.632	1	1	0.662
1791	haste	258415	3.162	5	4	0.661
1792	chamber	51849	0.634	1	1	0.657
1793	say	1089806	13.335	21	16	0.655
1794	Kings	363629	4.449	7	7	0.654
1795	ordered	52104	0.638	1	1	0.65
1796	Green	52193	0.639	1	1	0.647
1797	poor	313465	3.836	6	4	0.646
1798	pain	105190	1.287	2	2	0.636
1799	observation	52617	0.644	1	1	0.635
1800	thirty	52798	0.646	1	1	0.63
1801	foolish	52888	0.647	1	1	0.628
1802	loving	52941	0.648	1	1	0.626
1803	Come	1165618	14.262	22	15	0.625
1804	search	52998	0.649	1	1	0.625
1805	b	106037	1.297	2	1	0.624
1806	an	2497908	30.564	47	33	0.621
1807	Popish	53150	0.65	1	1	0.621
1808	&c	479189	5.863	9	8	0.618
1809	Church	1175787	14.387	22	17	0.613
1810	wound	53525	0.655	1	1	0.611
1811	Break	107397	1.314	2	2	0.606
1812	mighty	107406	1.314	2	2	0.606
1813	conversation	53957	0.66	1	1	0.599
1814	treason	53972	0.66	1	1	0.599
1815	grow	108376	1.326	2	2	0.593
1816	desired	108540	1.328	2	1	0.591
1817	sheweth	54422	0.666	1	1	0.587
1818	deceived	54539	0.667	1	1	0.584
1819	your	2073026	25.365	38	26	0.583
1820	fol.	54629	0.668	1	1	0.581
1821	te	54632	0.669	1	1	0.581
1822	I	6187300	75.706	113	60	0.578
1823	brings	54834	0.671	1	1	0.576
1824	willingly	54908	0.672	1	1	0.574
1825	pound	54933	0.672	1	1	0.573
1826	Iron	55040	0.674	1	1	0.57
1827	mentioned	110171	1.348	2	2	0.569
1828	sickness	55104	0.674	1	1	0.569
1829	once	277740	3.398	5	3	0.557
1830	sore	55646	0.681	1	1	0.554
1831	sold	55694	0.682	1	1	0.553
1832	court	223217	2.731	4	4	0.55
1833	feed	55845	0.683	1	1	0.549
1834	Love	838220	10.256	15	6	0.548
1835	Sixth	55973	0.685	1	1	0.546
1836	thee	728077	8.909	13	11	0.545
1837	favour	168241	2.059	3	3	0.543
1838	with	6743369	82.51	120	61	0.54
1839	enough	225014	2.753	4	4	0.539
1840	heard	225126	2.755	4	4	0.538
1841	brought	394377	4.826	7	6	0.537
1842	try	56352	0.69	1	1	0.536
1843	mountains	56383	0.69	1	1	0.536
1844	;	9536348	116.684	169	78	0.534
1845	will	2993503	36.628	53	34	0.533
1846	feast	56711	0.694	1	1	0.527
1847	satisfy	56748	0.694	1	1	0.526
1848	punishment	113533	1.389	2	2	0.526
1849	This	6548918	80.131	115	53	0.521
1850	Idolatry	57073	0.698	1	1	0.518
1851	touch	57247	0.701	1	1	0.514
1852	houses	114523	1.401	2	2	0.513
1853	apply	57357	0.702	1	1	0.511
1854	committed	115180	1.409	2	2	0.505
1855	stomach	57673	0.706	1	1	0.503
1856	fallen	57829	0.708	1	1	0.499
1857	Fame	57875	0.708	1	1	0.498
1858	members	116122	1.421	2	2	0.493
1859	Queen	174640	2.137	3	3	0.489
1860	whosoever	58235	0.713	1	1	0.489
1861	intent	58266	0.713	1	1	0.488
1862	afraid	58383	0.714	1	1	0.485
1863	shut	58420	0.715	1	1	0.484
1864	season	58435	0.715	1	1	0.484
1865	occasions	58514	0.716	1	1	0.482
1866	hope	292642	3.581	5	3	0.482
1867	giving	117136	1.433	2	2	0.481
1868	Gen.	118079	1.445	2	1	0.469
1869	Ceremonies	59141	0.724	1	1	0.467
1870	proved	118293	1.447	2	2	0.467
1871	command	177468	2.172	3	2	0.466
1872	certainly	118694	1.452	2	2	0.462
1873	who	2315377	28.33	39	29	0.461
1874	Exod.	59405	0.727	1	1	0.46
1875	feel	59669	0.73	1	1	0.454
1876	term	59683	0.73	1	1	0.453
1877	.	39047260	477.773	653	160	0.451
1878	presently	119716	1.465	2	2	0.449
1879	Pope	240165	2.939	4	4	0.445
1880	names	120160	1.47	2	2	0.444
1881	send	120341	1.473	2	2	0.442
1882	21.	60549	0.741	1	1	0.433
1883	mine	181777	2.224	3	3	0.432
1884	breath	60807	0.744	1	1	0.427
1885	2	973176	11.908	16	5	0.426
1886	excellency	60896	0.745	1	1	0.424
1887	mean	244094	2.987	4	4	0.421
1888	graces	61202	0.749	1	1	0.417
1889	heed	61679	0.755	1	1	0.406
1890	wild	61696	0.755	1	1	0.406
1891	along	61778	0.756	1	1	0.404
1892	HEre	866663	10.604	14	12	0.401
1893	ce	62075	0.76	1	1	0.397
1894	written	186305	2.28	3	3	0.396
1895	assured	62135	0.76	1	1	0.395
1896	Italy	62147	0.76	1	1	0.395
1897	pleasure	186565	2.283	3	2	0.394
1898	changed	62232	0.762	1	1	0.393
1899	was	5179337	63.373	83	44	0.389
1900	shall	2624249	32.11	42	30	0.387
1901	opened	62767	0.768	1	1	0.381
1902	inhabitants	62803	0.768	1	1	0.38
1903	pleasures	62853	0.769	1	1	0.379
1904	Prison	63013	0.771	1	1	0.375
1905	rejoice	63078	0.772	1	1	0.374
1906	h	63235	0.774	1	1	0.37
1907	friends	189996	2.325	3	3	0.368
1908	sooner	63462	0.777	1	1	0.365
1909	March	63519	0.777	1	1	0.364
1910	ours	63665	0.779	1	1	0.36
1911	whilst	127767	1.563	2	2	0.355
1912	clean	63893	0.782	1	1	0.355
1913	freely	63939	0.782	1	1	0.354
1914	Alexander	64017	0.783	1	1	0.352
1915	offence	64157	0.785	1	1	0.349
1916	chiefly	64176	0.785	1	1	0.349
1917	taught	128541	1.573	2	2	0.347
1918	last	450430	5.511	7	6	0.345
1919	Let	968524	11.851	15	12	0.34
1920	on	1948583	23.842	30	23	0.331
1921	months	65020	0.796	1	1	0.33
1922	22.	65112	0.797	1	1	0.328
1923	Gentiles	65128	0.797	1	1	0.328
1924	French	130315	1.595	2	2	0.327
1925	Sacrifice	130353	1.595	2	2	0.326
1926	:	8018849	98.117	123	69	0.326
1927	seed	130549	1.597	2	2	0.324
1928	anger	65536	0.802	1	1	0.319
1929	Matth.	65563	0.802	1	1	0.318
1930	innocent	65570	0.802	1	1	0.318
1931	Why	394748	4.83	6	5	0.313
1932	uses	66025	0.808	1	1	0.308
1933	married	66560	0.814	1	1	0.296
1934	Simple	66612	0.815	1	1	0.295
1935	go	533648	6.53	8	5	0.293
1936	or	6140246	75.131	92	54	0.292
1937	please	133516	1.634	2	1	0.292
1938	issue	66951	0.819	1	1	0.288
1939	Prophet	133904	1.638	2	2	0.288
1940	greatest	200955	2.459	3	3	0.287
1941	ease	66998	0.82	1	1	0.287
1942	sheep	67146	0.822	1	1	0.283
1943	applied	67388	0.825	1	1	0.278
1944	run	134767	1.649	2	2	0.278
1945	outward	135202	1.654	2	2	0.274
1946	,	97296499	1190.496	1439	305	0.274
1947	self	948089	11.601	14	13	0.271
1948	O	541781	6.629	8	7	0.271
1949	Jacob	67737	0.829	1	1	0.271
1950	preserve	68009	0.832	1	1	0.265
1951	remedy	68365	0.837	1	1	0.258
1952	malice	68470	0.838	1	1	0.255
1953	Confession	68490	0.838	1	1	0.255
1954	see	961542	11.765	14	11	0.251
1955	worship	206782	2.53	3	3	0.246
1956	n	69208	0.847	1	1	0.24
1957	thousand	207672	2.541	3	3	0.24
1958	bare	69451	0.85	1	1	0.235
1959	sent	348162	4.26	5	5	0.231
1960	Sons	139530	1.707	2	2	0.228
1961	trees	69792	0.854	1	1	0.228
1962	oft	69946	0.856	1	1	0.225
1963	shows	70001	0.857	1	1	0.223
1964	pieces	70256	0.86	1	1	0.218
1965	out	1686345	20.634	24	14	0.218
1966	Crown	140652	1.721	2	2	0.217
1967	stones	70601	0.864	1	1	0.211
1968	Princes	212093	2.595	3	3	0.209
1969	die	284558	3.482	4	4	0.2
1970	actions	142378	1.742	2	2	0.199
1971	Sam	71242	0.872	1	1	0.198
1972	many	1356675	16.6	19	18	0.195
1973	showed	142959	1.749	2	2	0.193
1974	Doctor	71600	0.876	1	1	0.191
1975	the	59190422	724.239	826	219	0.19
1976	thus	788750	9.651	11	7	0.189
1977	passage	71972	0.881	1	1	0.183
1978	raise	72133	0.883	1	1	0.18
1979	ever	652700	7.986	9	9	0.172
1980	forward	72541	0.888	1	1	0.172
1981	man	1972758	24.138	27	14	0.162
1982	F.	73082	0.894	1	1	0.161
1983	preached	73136	0.895	1	1	0.16
1984	when	2343068	28.669	32	21	0.159
1985	help	220081	2.693	3	3	0.156
1986	afterwards	146805	1.796	2	2	0.155
1987	spoken	147126	1.8	2	2	0.152
1988	know	736780	9.015	10	9	0.15
1989	wealth	73703	0.902	1	1	0.149
1990	better	443737	5.43	6	6	0.144
1991	no	2739631	33.521	37	25	0.142
1992	too	521045	6.375	7	7	0.135
1993	still	373001	4.564	5	3	0.132
1994	ruin	74606	0.913	1	1	0.131
1995	writ	74728	0.914	1	1	0.129
1996	get	149760	1.832	2	1	0.126
1997	speak	374513	4.582	5	5	0.126
1998	servants	149996	1.835	2	2	0.124
1999	effects	75047	0.918	1	1	0.123
2000	and	37698224	461.266	502	195	0.122
2001	made	1503973	18.402	20	15	0.12
2002	indeed	301803	3.693	4	4	0.115
2003	agree	75479	0.924	1	1	0.115
2004	masters	75576	0.925	1	1	0.113
2005	zeal	75709	0.926	1	1	0.11
2006	Charles	75772	0.927	1	1	0.109
2007	7.	151741	1.857	2	2	0.107
2008	name	607418	7.432	8	7	0.106
2009	short	151930	1.859	2	2	0.105
2010	Que	76061	0.931	1	1	0.104
2011	)	3126749	38.258	41	25	0.1
2012	choice	76287	0.933	1	1	0.099
2013	formerly	76730	0.939	1	1	0.091
2014	wish	76763	0.939	1	1	0.09
2015	think	539870	6.606	7	5	0.084
2016	plain	154580	1.891	2	2	0.081
2017	Ship	77589	0.949	1	1	0.075
2018	where	1086411	13.293	14	10	0.075
2019	misery	77670	0.95	1	1	0.073
2020	blind	77737	0.951	1	1	0.072
2021	27	77948	0.954	1	1	0.068
2022	been	1095200	13.401	14	12	0.063
2023	loved	78391	0.959	1	1	0.06
2024	pass	235903	2.887	3	3	0.056
2025	father	550491	6.736	7	7	0.056
2026	cruel	78662	0.963	1	1	0.055
2027	maintain	78757	0.964	1	1	0.053
2028	art	315875	3.865	4	4	0.05
2029	whereupon	78977	0.966	1	1	0.049
2030	nay	158341	1.937	2	2	0.046
2031	rules	79185	0.969	1	1	0.046
2032	lay	238823	2.922	3	2	0.038
2033	spiritual	239256	2.928	3	3	0.035
2034	sovereign	79906	0.978	1	1	0.033
2035	ends	80149	0.981	1	1	0.028
2036	yea	321813	3.938	4	4	0.023
2037	defend	80482	0.985	1	1	0.022
2038	act	322490	3.946	4	4	0.02
2039	lives	161569	1.977	2	2	0.017
2040	14	162434	1.988	2	2	0.009
2041	Israel	162651	1.99	2	1	0.007
2042	is	12301699	150.521	151	89	0.005
2043	sick	81507	0.997	1	1	0.004
2044	long	571124	6.988	7	7	0.002
2045	then	2700348	33.041	33	27	-0.002
2046	gracious	81919	1.002	1	1	-0.003
2047	thither	82005	1.003	1	1	-0.005
2048	religious	82272	1.007	1	1	-0.01
2049	because	1157094	14.158	14	14	-0.016
2050	having	579260	7.088	7	5	-0.018
2051	his	9217642	112.785	111	53	-0.023
2052	but	6983890	85.453	84	49	-0.025
2053	field	83221	1.018	1	1	-0.026
2054	lead	83367	1.02	1	1	-0.029
2055	seem	166761	2.04	2	2	-0.029
2056	upon	2522161	30.861	30	21	-0.041
2057	four	252980	3.095	3	3	-0.045
2058	he	9215356	112.757	109	52	-0.049
2059	hard	169293	2.071	2	2	-0.051
2060	cities	84656	1.036	1	1	-0.051
2061	gifts	84700	1.036	1	1	-0.052
2062	virtues	84914	1.039	1	1	-0.055
2063	should	1871070	22.894	22	18	-0.057
2064	whereas	170273	2.083	2	2	-0.059
2065	Blood	426566	5.219	5	4	-0.062
2066	most	1280269	15.665	15	15	-0.063
2067	yield	85483	1.046	1	1	-0.065
2068	deal	85541	1.047	1	1	-0.066
2069	for	9369441	114.642	109	70	-0.073
2070	destroy	86113	1.054	1	1	-0.075
2071	Spain	86134	1.054	1	1	-0.076
2072	though	1040761	12.735	12	8	-0.086
2073	that	17465266	213.701	201	108	-0.088
2074	show	349122	4.272	4	4	-0.095
2075	returned	87529	1.071	1	1	-0.099
2076	Judge	262867	3.216	3	3	-0.1
2077	thought	352735	4.316	4	4	-0.11
2078	went	264770	3.24	3	3	-0.111
2079	be	9896153	121.087	112	77	-0.113
2080	Captain	88772	1.086	1	1	-0.119
2081	within	355110	4.345	4	2	-0.119
2082	down	533657	6.53	6	6	-0.122
2083	seems	178155	2.18	2	2	-0.124
2084	charge	178431	2.183	2	2	-0.126
2085	what	2320680	28.395	26	17	-0.127
2086	Evil	357919	4.379	4	3	-0.131
2087	practice	89548	1.096	1	1	-0.132
2088	again	627628	7.68	7	6	-0.134
2089	defence	89679	1.097	1	1	-0.134
2090	(	3147389	38.511	35	22	-0.138
2091	these	1985969	24.3	22	20	-0.143
2092	take	907131	11.099	10	7	-0.15
2093	1	1451762	17.763	16	4	-0.151
2094	Remain	90767	1.111	1	1	-0.151
2095	black	90820	1.111	1	1	-0.152
2096	condemned	91164	1.116	1	1	-0.158
2097	possible	91250	1.117	1	1	-0.159
2098	To	27864128	340.939	305	139	-0.161
2099	guilty	91473	1.119	1	1	-0.162
2100	wherefore	183911	2.25	2	2	-0.17
2101	stay	91988	1.126	1	1	-0.171
2102	began	184715	2.26	2	2	-0.176
2103	There	2595192	31.754	28	22	-0.182
2104	used	278736	3.411	3	3	-0.185
2105	flesh	279311	3.418	3	3	-0.188
2106	sentence	93324	1.142	1	1	-0.191
2107	t	186780	2.285	2	2	-0.192
2108	greater	281340	3.442	3	3	-0.198
2109	else	281410	3.443	3	3	-0.199
2110	16.	93810	1.148	1	1	-0.199
2111	ones	94155	1.152	1	1	-0.204
2112	advantage	94526	1.157	1	1	-0.21
2113	namely	94600	1.158	1	1	-0.211
2114	meat	94824	1.16	1	1	-0.214
2115	left	284479	3.481	3	3	-0.214
2116	among	379416	4.642	4	4	-0.215
2117	three	474878	5.811	5	5	-0.217
2118	15.	95551	1.169	1	1	-0.225
2119	delight	95852	1.173	1	1	-0.23
2120	offer	96063	1.175	1	1	-0.233
2121	every	1057014	12.933	11	11	-0.234
2122	taken	481305	5.889	5	5	-0.236
2123	of	39170514	479.281	406	151	-0.239
2124	much	1448309	17.721	15	12	-0.241
2125	yet	1835928	22.464	19	15	-0.242
2126	some	1845849	22.585	19	15	-0.249
2127	required	97239	1.19	1	1	-0.251
2128	ways	194504	2.38	2	2	-0.251
2129	degree	97277	1.19	1	1	-0.251
2130	Saints	194939	2.385	2	2	-0.254
2131	another	682313	8.349	7	6	-0.254
2132	first	1465032	17.926	15	10	-0.257
2133	making	195439	2.391	2	2	-0.258
2134	whom	782727	9.577	8	8	-0.26
2135	had	2740575	33.533	28	17	-0.26
2136	fire	294315	3.601	3	2	-0.264
2137	beyond	98141	1.201	1	1	-0.264
2138	quod	196567	2.405	2	2	-0.266
2139	rather	393402	4.814	4	4	-0.267
2140	unto	1880305	23.007	19	10	-0.276
2141	so	5366625	65.665	54	32	-0.282
2142	beasts	99530	1.218	1	1	-0.284
2143	While	300747	3.68	3	3	-0.295
2144	raised	100276	1.227	1	1	-0.295
2145	William	100370	1.228	1	1	-0.296
2146	continue	100553	1.23	1	1	-0.299
2147	do	2417629	29.582	24	15	-0.302
2148	colour	100836	1.234	1	1	-0.303
2149	Said	1514302	18.529	15	12	-0.305
2150	death	707920	8.662	7	5	-0.307
2151	darkness	101306	1.24	1	1	-0.31
2152	not	8929558	109.26	88	61	-0.312
2153	Catholic	101512	1.242	1	1	-0.313
2154	one	2538275	31.058	25	20	-0.313
2155	Religion	406309	4.972	4	4	-0.314
2156	Cor.	203716	2.493	2	2	-0.318
2157	communion	101932	1.247	1	1	-0.319
2158	land	307074	3.757	3	3	-0.325
2159	desires	102632	1.256	1	1	-0.329
2160	feet	102703	1.257	1	1	-0.33
2161	holiness	103065	1.261	1	1	-0.335
2162	Experience	103554	1.267	1	1	-0.342
2163	Pro	103839	1.271	1	1	-0.345
2164	consider	208021	2.545	2	2	-0.348
2165	Immediately	104214	1.275	1	1	-0.351
2166	sin	729699	8.928	7	6	-0.351
2167	H.	104565	1.279	1	1	-0.355
2168	5.	210462	2.575	2	2	-0.365
2169	weak	105310	1.289	1	1	-0.366
2170	longer	105304	1.289	1	1	-0.366
2171	promised	105333	1.289	1	1	-0.366
2172	pride	105444	1.29	1	1	-0.368
2173	going	105462	1.29	1	1	-0.368
2174	cap	211323	2.586	2	2	-0.371
2175	at	3182175	38.936	30	22	-0.376
2176	declared	106222	1.3	1	1	-0.378
2177	may	2661871	32.57	25	21	-0.382
2178	have	4691254	57.401	44	26	-0.384
2179	very	1174247	14.368	11	7	-0.385
2180	13.	106799	1.307	1	1	-0.386
2181	matter	427808	5.235	4	4	-0.388
2182	public	215912	2.642	2	2	-0.402
2183	carry	108052	1.322	1	1	-0.403
2184	free	216340	2.647	2	2	-0.404
2185	secret	108173	1.324	1	1	-0.404
2186	Scripture	324647	3.972	3	3	-0.405
2187	as	9292085	113.696	85	46	-0.42
2188	witness	109825	1.344	1	1	-0.426
2189	state	329799	4.035	3	2	-0.428
2190	promises	110749	1.355	1	1	-0.438
2191	Le	110821	1.356	1	1	-0.439
2192	plainly	111081	1.359	1	1	-0.443
2193	together	444738	5.442	4	3	-0.444
2194	never	778679	9.528	7	7	-0.445
2195	otherwise	223302	2.732	2	2	-0.45
2196	Satan	111662	1.366	1	1	-0.45
2197	judgement	111780	1.368	1	1	-0.452
2198	equal	111972	1.37	1	1	-0.454
2199	note	111981	1.37	1	1	-0.454
2200	Creature	112250	1.374	1	1	-0.458
2201	gone	112323	1.374	1	1	-0.459
2202	Lady	112639	1.378	1	1	-0.463
2203	5	338721	4.145	3	3	-0.466
2204	such	2262212	27.68	20	16	-0.469
2205	government	226390	2.77	2	2	-0.47
2206	offered	113433	1.388	1	1	-0.473
2207	fourth	113523	1.389	1	1	-0.474
2208	are	5017099	61.388	44	37	-0.48
2209	action	114368	1.399	1	1	-0.485
2210	full	343239	4.2	3	3	-0.485
2211	Council	228985	2.802	2	2	-0.486
2212	respect	229329	2.806	2	2	-0.489
2213	seeing	231216	2.829	2	2	-0.5
2214	Reign	115734	1.416	1	1	-0.502
2215	&#x16b;	232932	2.85	2	2	-0.511
2216	tongue	116704	1.428	1	1	-0.514
2217	If	3293480	40.298	28	20	-0.525
2218	repentance	118567	1.451	1	1	-0.537
2219	might	949632	11.62	8	8	-0.538
2220	came	478712	5.857	4	2	-0.55
2221	E.	119746	1.465	1	1	-0.551
2222	sake	119831	1.466	1	1	-0.552
2223	purpose	240680	2.945	2	2	-0.558
2224	Paul	240876	2.947	2	2	-0.559
2225	their	5435041	66.502	45	34	-0.563
2226	wise	241600	2.956	2	2	-0.564
2227	Pray	242183	2.963	2	1	-0.567
2228	put	607656	7.435	5	5	-0.572
2229	took	243304	2.977	2	2	-0.574
2230	against	1339213	16.386	11	11	-0.575
2231	civil	121918	1.492	1	1	-0.577
2232	him	4270811	52.257	35	22	-0.578
2233	Bishop	244304	2.989	2	2	-0.58
2234	all	5908829	72.299	48	35	-0.591
2235	wicked	246712	3.019	2	2	-0.594
2236	small	246878	3.021	2	2	-0.595
2237	4.	246979	3.022	2	2	-0.596
2238	goods	123513	1.511	1	1	-0.596
2239	by	7416468	90.746	60	40	-0.597
2240	would	1733888	21.215	14	11	-0.6
2241	can	1982819	24.261	16	10	-0.601
2242	necessary	250405	3.064	2	2	-0.615
2243	true	751380	9.194	6	5	-0.616
2244	understood	125485	1.535	1	1	-0.619
2245	more	2262327	27.681	18	15	-0.621
2246	City	377406	4.618	3	3	-0.622
2247	page	252043	3.084	2	1	-0.625
2248	Trust	126242	1.545	1	1	-0.627
2249	Till	379902	4.648	3	3	-0.632
2250	sayeth	633645	7.753	5	5	-0.633
2251	look	255208	3.123	2	2	-0.643
2252	Temple	127888	1.565	1	1	-0.646
2253	B.	127907	1.565	1	1	-0.646
2254	business	128020	1.566	1	1	-0.647
2255	glorious	128843	1.577	1	1	-0.657
2256	children	387096	4.736	3	3	-0.659
2257	before	1422340	17.403	11	9	-0.662
2258	Kingdom	388117	4.749	3	3	-0.663
2259	doing	129395	1.583	1	1	-0.663
2260	pleased	129448	1.584	1	1	-0.663
2261	Dead	259219	3.172	2	2	-0.665
2262	grant	129668	1.587	1	1	-0.666
2263	time	1426900	17.459	11	6	-0.666
2264	from	3924250	48.016	30	21	-0.679
2265	9.	131214	1.606	1	1	-0.683
2266	mark	131282	1.606	1	1	-0.684
2267	happy	132157	1.617	1	1	-0.693
2268	about	661900	8.099	5	3	-0.696
2269	two	926661	11.338	7	6	-0.696
2270	means	397591	4.865	3	2	-0.697
2271	Nations	132713	1.624	1	1	-0.699
2272	chapter	132959	1.627	1	1	-0.702
2273	thence	133035	1.628	1	1	-0.703
2274	s	133183	1.63	1	1	-0.705
2275	must	1333555	16.317	10	7	-0.706
2276	whole	534092	6.535	4	4	-0.708
2277	regard	133813	1.637	1	1	-0.711
2278	fall	267911	3.278	2	2	-0.713
2279	neither	537051	6.571	4	4	-0.716
2280	10.	134546	1.646	1	1	-0.719
2281	could	808277	9.89	6	6	-0.721
2282	place	808630	9.894	6	2	-0.722
2283	private	134915	1.651	1	1	-0.723
2284	Observe	135204	1.654	1	1	-0.726
2285	cross	135455	1.657	1	1	-0.729
2286	mind	407887	4.991	3	1	-0.734
2287	read	271950	3.328	2	2	-0.734
2288	soldiers	136167	1.666	1	1	-0.736
2289	hear	273421	3.346	2	2	-0.742
2290	argument	136912	1.675	1	1	-0.744
2291	forth	410791	5.026	3	3	-0.745
2292	large	136943	1.676	1	1	-0.745
2293	since	412107	5.042	3	3	-0.749
2294	answered	137849	1.687	1	1	-0.754
2295	part	827721	10.128	6	6	-0.755
2296	lawful	138238	1.691	1	1	-0.758
2297	friend	138523	1.695	1	1	-0.761
2298	John	415725	5.087	3	3	-0.762
2299	bound	138712	1.697	1	1	-0.763
2300	those	1667771	20.406	12	10	-0.766
2301	under	696455	8.522	5	5	-0.769
2302	Ghost	139834	1.711	1	1	-0.775
2303	up	1119358	13.696	8	7	-0.776
2304	Si	141064	1.726	1	1	-0.787
2305	thine	141265	1.729	1	1	-0.79
2306	Gave	290757	3.558	2	1	-0.831
2307	Priests	145909	1.785	1	1	-0.836
2308	good	1608969	19.687	11	10	-0.84
2309	far	439291	5.375	3	3	-0.841
2310	foot	146629	1.794	1	1	-0.843
2311	Which	6940930	84.928	47	37	-0.854
2312	They	6960305	85.165	47	27	-0.858
2313	taking	148788	1.821	1	1	-0.864
2314	16	148850	1.821	1	1	-0.865
2315	whence	149816	1.833	1	1	-0.874
2316	needs	150472	1.841	1	1	-0.881
2317	were	2871299	35.133	19	13	-0.887
2318	Labour	151222	1.85	1	1	-0.888
2319	fell	151275	1.851	1	1	-0.888
2320	give	758276	9.278	5	3	-0.892
2321	gold	152169	1.862	1	1	-0.897
2322	says	304429	3.725	2	2	-0.897
2323	several	304872	3.73	2	2	-0.899
2324	himself	1068396	13.073	7	6	-0.901
2325	in	20011385	244.854	131	81	-0.902
2326	desire	306364	3.749	2	2	-0.906
2327	Therefore	1231317	15.066	8	7	-0.913
2328	15	154905	1.895	1	1	-0.923
2329	excellent	155285	1.9	1	1	-0.926
2330	manner	467036	5.715	3	3	-0.93
2331	sufficient	156507	1.915	1	1	-0.937
2332	Well	1096551	13.417	7	7	-0.939
2333	into	1727535	21.138	11	10	-0.942
2334	Office	157520	1.927	1	1	-0.947
2335	find	472931	5.787	3	3	-0.948
2336	estate	157763	1.93	1	1	-0.949
2337	France	158078	1.934	1	1	-0.952
2338	it	11231693	137.428	71	39	-0.953
2339	vain	158202	1.936	1	1	-0.953
2340	Christs	158654	1.941	1	1	-0.957
2341	after	1272516	15.57	8	8	-0.961
2342	3.	318523	3.897	2	2	-0.963
2343	Secondly	160056	1.958	1	1	-0.97
2344	being	1764433	21.589	11	9	-0.973
2345	other	2103223	25.735	13	10	-0.985
2346	late	162556	1.989	1	1	-0.992
2347	proper	163180	1.997	1	1	-0.998
2348	se	163405	1.999	1	1	-1
2349	given	491070	6.009	3	3	-1.002
2350	13	164052	2.007	1	1	-1.005
2351	lost	164242	2.01	1	1	-1.007
2352	living	166437	2.037	1	1	-1.026
2353	&#x14d;	499329	6.11	3	2	-1.026
2354	men	1835942	22.464	11	9	-1.03
2355	according	502781	6.152	3	3	-1.036
2356	less	337828	4.134	2	2	-1.047
2357	bodies	169090	2.069	1	1	-1.049
2358	whatsoever	170245	2.083	1	1	-1.059
2359	perfect	170422	2.085	1	1	-1.06
2360	&	2737777	33.499	16	12	-1.066
2361	wit	172149	2.106	1	1	-1.075
2362	become	172873	2.115	1	1	-1.081
2363	Sight	174034	2.129	1	1	-1.09
2364	year	352165	4.309	2	2	-1.107
2365	English	176398	2.158	1	1	-1.11
2366	ill	177562	2.173	1	1	-1.119
2367	11	177974	2.178	1	1	-1.123
2368	thing	892670	10.923	5	4	-1.127
2369	above	357391	4.373	2	2	-1.129
2370	acts	180390	2.207	1	1	-1.142
2371	chief	180904	2.214	1	1	-1.146
2372	Mans	181090	2.216	1	1	-1.148
2373	half	181109	2.216	1	1	-1.148
2374	believe	363239	4.445	2	2	-1.152
2375	beginning	182083	2.228	1	1	-1.156
2376	promise	182124	2.228	1	1	-1.156
2377	strong	182777	2.236	1	1	-1.161
2378	either	552589	6.761	3	3	-1.172
2379	peace	369451	4.521	2	2	-1.176
2380	laid	184949	2.263	1	1	-1.178
2381	soul	555660	6.799	3	3	-1.18
2382	understand	185715	2.272	1	1	-1.184
2383	heart	559805	6.85	3	3	-1.191
2384	honour	374182	4.578	2	2	-1.195
2385	Duke	187759	2.297	1	1	-1.2
2386	than	940786	11.511	5	4	-1.203
2387	Sun	188390	2.305	1	1	-1.205
2388	second	377815	4.623	2	2	-1.209
2389	3	571164	6.989	3	3	-1.22
2390	alone	190842	2.335	1	1	-1.223
2391	saw	191431	2.342	1	1	-1.228
2392	none	383245	4.689	2	2	-1.229
2393	learned	191725	2.346	1	1	-1.23
2394	6.	191822	2.347	1	1	-1.231
2395	i.	191916	2.348	1	1	-1.232
2396	occasion	193025	2.362	1	1	-1.24
2397	only	1544540	18.899	8	7	-1.24
2398	ancient	193683	2.37	1	1	-1.245
2399	cause	585252	7.161	3	3	-1.255
2400	both	976138	11.944	5	4	-1.256
2401	12	195478	2.392	1	1	-1.258
2402	strength	196140	2.4	1	1	-1.263
2403	condition	196366	2.403	1	1	-1.265
2404	fit	197019	2.411	1	1	-1.269
2405	rest	396125	4.847	2	2	-1.277
2406	set	595126	7.282	3	3	-1.279
2407	few	199429	2.44	1	1	-1.287
2408	use	603174	7.38	3	3	-1.299
2409	v.	202373	2.476	1	1	-1.308
2410	Churches	202693	2.48	1	1	-1.31
2411	coming	203089	2.485	1	1	-1.313
2412	ye	825703	10.103	4	4	-1.337
2413	9	208082	2.546	1	1	-1.348
2414	little	624322	7.639	3	3	-1.348
2415	appear	209107	2.559	1	1	-1.355
2416	emperor	209536	2.564	1	1	-1.358
2417	need	211437	2.587	1	1	-1.371
2418	saying	211699	2.59	1	1	-1.373
2419	hundred	212307	2.598	1	1	-1.377
2420	work	425644	5.208	2	2	-1.381
2421	nothing	640275	7.834	3	3	-1.385
2422	Gods	640962	7.843	3	3	-1.386
2423	innon-Latinalphabet	427513	5.231	2	2	-1.387
2424	Apostle	213865	2.617	1	1	-1.388
2425	fathers	213875	2.617	1	1	-1.388
2426	words	643917	7.879	3	3	-1.393
2427	]	429805	5.259	2	2	-1.395
2428	Spirit	654859	8.013	3	3	-1.417
2429	others	665440	8.142	3	3	-1.44
2430	earth	451529	5.525	2	2	-1.466
2431	seen	227877	2.788	1	1	-1.479
2432	Lords	228223	2.793	1	1	-1.482
2433	master	228418	2.795	1	1	-1.483
2434	thereof	458302	5.608	2	1	-1.487
2435	often	229358	2.806	1	1	-1.489
2436	10	233570	2.858	1	1	-1.515
2437	holy	701649	8.585	3	3	-1.517
2438	stand	235721	2.884	1	1	-1.528
2439	hand	471988	5.775	2	2	-1.53
2440	body	712249	8.715	3	3	-1.539
2441	conscience	238823	2.922	1	1	-1.547
2442	hearts	239757	2.934	1	1	-1.553
2443	virtue	240899	2.948	1	1	-1.56
2444	8	242055	2.962	1	1	-1.566
2445	Justice	242072	2.962	1	1	-1.567
2446	Souls	242572	2.968	1	1	-1.57
2447	them	4855982	59.417	20	15	-1.571
2448	Lord	1459090	17.853	6	5	-1.573
2449	Hold	243646	2.981	1	1	-1.576
2450	through	491298	6.011	2	2	-1.588
2451	7	251211	3.074	1	1	-1.62
2452	Each	252025	3.084	1	1	-1.625
2453	themselves	761621	9.319	3	3	-1.635
2454	verse	254782	3.117	1	1	-1.64
2455	comes	255457	3.126	1	1	-1.644
2456	concerning	262903	3.217	1	1	-1.686
2457	Next	271507	3.322	1	1	-1.732
2458	any	2444028	29.905	9	7	-1.732
2459	over	545201	6.671	2	2	-1.738
2460	whereof	279030	3.414	1	1	-1.772
2461	[	280684	3.434	1	1	-1.78
2462	received	280865	3.437	1	1	-1.781
2463	just	281045	3.439	1	1	-1.782
2464	high	281250	3.441	1	1	-1.783
2465	divine	282661	3.459	1	1	-1.79
2466	c	292350	3.577	1	1	-1.839
2467	&c.	299097	3.66	1	1	-1.872
2468	Book	299396	3.663	1	1	-1.873
2469	done	601055	7.354	2	2	-1.879
2470	our	3333885	40.793	11	8	-1.891
2471	Christian	303553	3.714	1	1	-1.893
2472	Even	607522	7.434	2	2	-1.894
2473	6	304045	3.72	1	1	-1.895
2474	always	304181	3.722	1	1	-1.896
2475	doctrine	304623	3.727	1	1	-1.898
2476	places	305157	3.734	1	1	-1.901
2477	England	309285	3.784	1	1	-1.92
2478	kind	310094	3.794	1	1	-1.924
2479	country	310285	3.797	1	1	-1.925
2480	World	932868	11.414	3	3	-1.928
2481	own	1256418	15.373	4	3	-1.942
2482	works	315242	3.857	1	1	-1.948
2483	life	948809	11.609	3	3	-1.952
2484	us	2216337	27.119	7	7	-1.954
2485	least	319491	3.909	1	1	-1.967
2486	between	321208	3.93	1	1	-1.975
2487	live	322774	3.949	1	1	-1.982
2488	off	323311	3.956	1	1	-1.984
2489	hands	327530	4.008	1	1	-2.003
2490	general	331599	4.057	1	1	-2.021
2491	ad	336628	4.119	1	1	-2.042
2492	We	4105074	50.229	12	11	-2.065
2493	Water	355806	4.354	1	1	-2.122
2494	also	1433690	17.542	4	4	-2.133
2495	2.	358494	4.386	1	1	-2.133
2496	selves	358503	4.387	1	1	-2.133
2497	sins	361871	4.428	1	1	-2.147
2498	person	366738	4.487	1	1	-2.166
2499	certain	370843	4.538	1	1	-2.182
2500	word	751485	9.195	2	2	-2.201
2501	faith	762492	9.33	2	2	-2.222
2502	persons	384539	4.705	1	1	-2.234
2503	power	776557	9.502	2	2	-2.248
2504	days	393520	4.815	1	1	-2.268
2505	est	394171	4.823	1	1	-2.27
2506	times	394191	4.823	1	1	-2.27
2507	light	399350	4.886	1	1	-2.289
2508	de	804522	9.844	2	2	-2.299
2509	S.	403850	4.941	1	1	-2.305
2510	years	427133	5.226	1	1	-2.386
2511	day	864384	10.576	2	2	-2.403
2512	4	434750	5.32	1	1	-2.411
2513	new	447014	5.47	1	1	-2.451
2514	things	1357990	16.616	3	3	-2.47
2515	God	4174430	51.077	9	9	-2.505
2516	heaven	503504	6.161	1	1	-2.623
2517	grace	516661	6.322	1	1	-2.66
2518	end	571167	6.989	1	1	-2.805
2519	NAture	607747	7.436	1	1	-2.895
2520	same	1256120	15.37	2	2	-2.942
2521	King	1308410	16.009	2	2	-3.001
2522	reason	664880	8.135	1	1	-3.024
2523	law	712338	8.716	1	1	-3.124
2524	way	756236	9.253	1	1	-3.21
2525	people	885047	10.829	1	1	-3.437
2526	without	1089706	13.333	1	1	-3.737
2527	Christ	1858951	22.746	1	1	-4.508
2528	prostantibus	3	0	1	1	n/a
2529	purt'nance	3	0	1	1	n/a
2530	noyseth	4	0	1	1	n/a
2531	leaczari	1	0	1	1	n/a
2532	gumne	1	0	1	1	n/a
2533	no'e	3	0	1	1	n/a
2534	Zmry-like	1	0	1	1	n/a
2535	Haramsedda	1	0	1	1	n/a
2536	HATH.LATELY	1	0	1	1	n/a
2537	perpetrte	1	0	1	1	n/a
2538	defencr	1	0	1	1	n/a
2539	car'it	1	0	1	1	n/a
2540	52o	2	0	1	1	n/a
2541	abhora	1	0	1	1	n/a
2542	Coany	2	0	1	1	n/a
2543	I'dehave	1	0	1	1	n/a
2544	Scutchmans	1	0	1	1	n/a
2545	shalft	2	0	1	1	n/a
2546	Soilo	2	0	1	1	n/a
2547	Dooanna	1	0	2	1	n/a
2548	Lammekens	2	0	1	1	n/a
2549	Yssuf	4	0	1	1	n/a
2550	Shrove-tuesdy	1	0	1	1	n/a
2551	Centalla	1	0	1	1	n/a
2552	Turnbull-stret	4	0	1	1	n/a
2553	Henrik	1	0	1	1	n/a
2554	costli'st	3	0	1	1	n/a
2555	HIS.ANTECHRISTIAN	1	0	1	1	n/a
2556	Dei'le	1	0	1	1	n/a
2557	Kedeshah	3	0	1	1	n/a
2558	eleathed	1	0	1	1	n/a
2559	Iehendam	2	0	2	2	n/a
2560	impressioned	3	0	1	1	n/a
2561	whorbat	1	0	1	1	n/a
2562	Wilde-oathes	1	0	1	1	n/a
2563	ROMF	4	0	2	2	n/a
2564	Boagma	2	0	1	1	n/a
2565	tel'	2	0	1	1	n/a
2566	Ghyddee	1	0	1	1	n/a
2567	thnse	2	0	1	1	n/a
2568	spak't	4	0	1	1	n/a
2569	unpledg	4	0	1	1	n/a
2570	betwixta	2	0	1	1	n/a
2571	trotla	1	0	1	1	n/a
2572	unvallewed	1	0	1	1	n/a
2573	omprous	1	0	2	1	n/a
2574	sculletie	2	0	1	1	n/a
2575	Tauriz	2	0	1	1	n/a
2576	Chambrmayd	1	0	1	1	n/a
2577	goldsh'had	1	0	1	1	n/a
2578	HARPVR	1	0	1	1	n/a
2579	displai'da	1	0	1	1	n/a
2580	Anagnus	3	0	1	1	n/a
2581	hell-Cat	3	0	1	1	n/a
2582	found'em	4	0	1	1	n/a
2583	Dulciflora	1	0	1	1	n/a
2584	zedda	4	0	1	1	n/a
2585	Gyddee	1	0	1	1	n/a
2586	treedlefa	1	0	1	1	n/a
2587	Moder-Cobba	1	0	1	1	n/a
2588	bitchFox	3	0	1	1	n/a
2589	keepesa	1	0	1	1	n/a
2590	Haramzedday	2	0	2	2	n/a
2591	direcreatione	1	0	1	1	n/a
2592	Asebie	2	0	1	1	n/a
2593	figge-leaue-righteousnesse	2	0	1	1	n/a
2594	Suctonij	3	0	1	1	n/a
2595	Sempster.	2	0	2	2	n/a
2596	Paparm.	1	0	1	1	n/a
2597	Tibri.	1	0	1	1	n/a
2598	proud-swolne	1	0	1	1	n/a
2599	Shortheeles	2	0	1	1	n/a
2600	Cobba	3	0	3	2	n/a
2601	purpoured	1	0	1	1	n/a
2602	homeword	1	0	1	1	n/a
2603	dewraying	1	0	1	1	n/a
2604	seragho	2	0	1	1	n/a
