https://cqpweb.lancs.ac.uk/eebov3/concordance.php?pp=1&theData=%7Bwhore%2FN%7D&qmode=sq_nocase&del=begin%26t%3D-%7Cyear%7E1632%26t%3D-%7Cyear%7E1633%26t%3D-%7Cyear%7E1634%26t%3D-%7Cyear%7E1635%26t%3D-%7Cyear%7E1636%26t%3D-%7Cyear%7E1637%26t%3D-%7Cyear%7E1638%26t%3D-%7Cyear%7E1639%26t%3D-%7Cyear%7E1640%26t%3D-%7Cyear%7E1641&del=end&uT=yThere are 2,747 different words in your collocation database for "[lemma="(whore)_SUBST"%c]". (Your query "{whore/N}", restricted to texts meeting criteria "<em>year</em>: <em>1632</em> or <em>1633</em> or <em>1634</em> or <em>1635</em> or <em>1636</em> or <em>1637</em> or <em>1638</em> or <em>1639</em> or <em>1640</em> or <em>1641</em>",  returned 1,616 matches in 420 different texts)  
__________________

No.	Word	Total no. in whole corpus	Expected collocate frequency	Observed collocate frequency	In no. of texts	Mutual information value

1	playdst	7	0	2	1	14.288
2	ROMF	4	0	2	2	14.288
3	Colloom	7	0	2	2	14.288
4	Women-actors	9	0	2	1	14.288
5	condmneth	6	0	1	1	13.288
6	headen	6	0	1	1	13.288
7	new-yeares-gifts	9	0	1	1	13.288
8	Super-superlatively	6	0	1	1	13.288
9	zedda	4	0	1	1	13.288
10	Phrene	8	0	1	1	13.288
11	kephale	7	0	1	1	13.288
12	wipd	10	0	1	1	13.288
13	suck-blood	5	0	1	1	13.288
14	Turnbull-stret	4	0	1	1	13.288
15	deceitfullest	9	0	1	1	13.288
16	Out-flatter	6	0	1	1	13.288
17	Carfinia	6	0	1	1	13.288
18	Rabylon	4	0	1	1	13.288
19	your'e	18	0	2	1	13.288
20	atterers	9	0	1	1	13.288
21	Money-lesse	10	0	1	1	13.288
22	sriends	5	0	1	1	13.288
23	spak't	4	0	1	1	13.288
24	bravings	11	0	1	1	13.288
25	purpurat	10	0	1	1	13.288
26	found'em	4	0	1	1	13.288
27	wisedme	16	0	2	1	13.288
28	abilement	10	0	1	1	13.288
29	Pipe-maker	5	0	1	1	13.288
30	pol-cat	7	0	1	1	13.288
31	unpledg	4	0	1	1	13.288
32	Gamester.	6	0	1	1	13.288
33	Tibornes	6	0	1	1	13.288
34	Yssuf	4	0	1	1	13.288
35	a-loud	12	0	1	1	12.288
36	black-bag	14	0	1	1	12.288
37	Devotaries	15	0	1	1	12.288
38	jeerd	15	0	1	1	12.288
39	Dander	12	0	1	1	12.288
40	faird	15	0	1	1	12.288
41	Kadash	13	0	1	1	12.288
42	Cratina	17	0	1	1	12.288
43	sitteh	15	0	1	1	12.288
44	eside	15	0	1	1	12.288
45	licenst	16	0	1	1	12.288
46	Folder	12	0	1	1	12.288
47	Clubbers	14	0	1	1	12.288
48	Moguntine	33	0	2	1	12.288
49	45000.	17	0	1	1	12.288
50	Huguenote	18	0	1	1	12.288
51	Aesch.	16	0	1	1	12.288
52	vampe	16	0	1	1	12.288
53	streigth	26	0	1	1	11.703
54	acquentance	21	0	1	1	11.703
55	intertayn	24	0	1	1	11.703
56	Molops	22	0	1	1	11.703
57	th'insatiate	23	0	1	1	11.703
58	Tibaldo	19	0	1	1	11.703
59	Iacom	23	0	1	1	11.703
60	5.7.8.	21	0	1	1	11.703
61	teaming	19	0	1	1	11.703
62	perked	22	0	1	1	11.703
63	Pnder	25	0	1	1	11.703
64	behel	26	0	1	1	11.703
65	rebukt	25	0	1	1	11.703
66	Fitchow	19	0	1	1	11.703
67	theeve	25	0	1	1	11.703
68	out-dar	26	0	1	1	11.703
69	infoelicius	24	0	1	1	11.703
70	She'l	22	0	1	1	11.703
71	Stultissimo	21	0	1	1	11.703
72	brasen-faced	20	0	1	1	11.703
73	Scapha	54	0.001	2	1	11.48
74	Stone-crop	55	0.001	2	1	11.48
75	Parturientis	32	0	1	1	11.288
76	catchest	28	0	1	1	11.288
77	profaneth	62	0.001	2	2	11.288
78	griev'st	28	0	1	1	11.288
79	beslow	30	0	1	1	11.288
80	42.43.	31	0	1	1	11.288
81	Brothell-house	32	0	1	1	11.288
82	Procula	29	0	1	1	11.288
83	Satyricke	30	0	1	1	11.288
84	councilled	69	0.001	2	2	11.118
85	Guilt-head	65	0.001	2	2	11.118
86	Fub	138	0.002	4	1	11.04
87	theefes	78	0.001	2	1	10.966
88	harlots.	38	0.001	1	1	10.966
89	WITNESSS	40	0.001	1	1	10.966
90	louzie	39	0.001	1	1	10.966
91	Seralio	38	0.001	1	1	10.966
92	Arbactus	76	0.001	2	2	10.966
93	giglet	37	0.001	1	1	10.966
94	Zimries	38	0.001	1	1	10.966
95	Moonelight	38	0.001	1	1	10.966
96	Babells	48	0.001	1	1	10.703
97	rustle	89	0.001	2	1	10.703
98	inclyto	46	0.001	1	1	10.703
99	Insulter	44	0.001	1	1	10.703
100	beggerd	48	0.001	1	1	10.703
101	meretrice	89	0.001	2	2	10.703
102	vacuation	44	0.001	1	1	10.703
103	Herefords	42	0.001	1	1	10.703
104	Nancie	55	0.001	1	1	10.48
105	modulate	50	0.001	1	1	10.48
106	Messaline	55	0.001	1	1	10.48
107	he'l	54	0.001	1	1	10.48
108	proiectors	49	0.001	1	1	10.48
109	Cratander	52	0.001	1	1	10.48
110	obscoene	49	0.001	1	1	10.48
111	pander	805	0.011	15	10	10.44
112	Soran	109	0.002	2	1	10.381
113	lavisht	61	0.001	1	1	10.288
114	carted	237	0.003	4	3	10.288
115	Fabulla	58	0.001	1	1	10.288
116	H'has	116	0.002	2	1	10.288
117	bold-fac	59	0.001	1	1	10.288
118	afaire	58	0.001	1	1	10.288
119	flourish't	59	0.001	1	1	10.288
120	38.24	60	0.001	1	1	10.288
121	milkt	60	0.001	1	1	10.288
122	base-borne	56	0.001	1	1	10.288
123	Babels	948	0.013	15	6	10.206
124	Stonecrop	70	0.001	1	1	10.118
125	parled	72	0.001	1	1	9.966
126	unblushing	75	0.001	1	1	9.966
127	Drafts	78	0.001	1	1	9.966
128	who'le	71	0.001	1	1	9.966
129	Hierarchicall	304	0.004	4	1	9.93
130	recants	82	0.001	1	1	9.828
131	Whore-house	84	0.001	1	1	9.828
132	Sorceresses	85	0.001	1	1	9.828
133	Vmh	85	0.001	1	1	9.828
134	Iosselina	81	0.001	1	1	9.828
135	Chymia	79	0.001	1	1	9.828
136	PVP	161	0.002	2	1	9.828
137	Necess.	80	0.001	1	1	9.828
138	Bawd	2878	0.039	35	20	9.821
139	Aor	89	0.001	1	1	9.703
140	Good-fellowes	89	0.001	1	1	9.703
141	Itchy	86	0.001	1	1	9.703
142	Castruchio	88	0.001	1	1	9.703
143	Whore-master	178	0.002	2	2	9.703
144	hackneys	95	0.001	1	1	9.587
145	kilne	95	0.001	1	1	9.587
146	Hyperides	98	0.001	1	1	9.587
147	Spend-thrifts	95	0.001	1	1	9.587
148	Welborne	95	0.001	1	1	9.587
149	sactum	97	0.001	1	1	9.587
150	Laurieta	98	0.001	1	1	9.587
151	fooe	100	0.001	1	1	9.587
152	Dildo	95	0.001	1	1	9.587
153	carting	99	0.001	1	1	9.587
154	Propine	96	0.001	1	1	9.587
155	counterfeiteth	102	0.001	1	1	9.48
156	Marozia	115	0.002	1	1	9.381
157	pilfring	112	0.002	1	1	9.381
158	nevr	111	0.002	1	1	9.381
159	candlelight	113	0.002	1	1	9.381
160	Panders	464	0.006	4	4	9.334
161	Coached	116	0.002	1	1	9.288
162	paynteth	118	0.002	1	1	9.288
163	maule	122	0.002	1	1	9.288
164	Vamped	118	0.002	1	1	9.288
165	1203	119	0.002	1	1	9.288
166	canters	121	0.002	1	1	9.288
167	libeat	127	0.002	1	1	9.2
168	jets	125	0.002	1	1	9.2
169	Pricket	128	0.002	1	1	9.2
170	queans	255	0.003	2	2	9.2
171	bald-pate	125	0.002	1	1	9.2
172	bawds	1844	0.025	14	9	9.141
173	Babilons	136	0.002	1	1	9.118
174	tell-tale	134	0.002	1	1	9.118
175	whoremonger	678	0.009	5	4	9.102
176	fornamed	145	0.002	1	1	9.04
177	thrashing	138	0.002	1	1	9.04
178	bawdery	144	0.002	1	1	9.04
179	moult	138	0.002	1	1	9.04
180	Carbonado	146	0.002	1	1	8.966
181	o'my	152	0.002	1	1	8.966
182	unguided	147	0.002	1	1	8.966
183	leering	154	0.002	1	1	8.895
184	Geffry	155	0.002	1	1	8.895
185	Arsace	315	0.004	2	1	8.895
186	meritoria	158	0.002	1	1	8.895
187	commutations	166	0.002	1	1	8.828
188	cutpurses	160	0.002	1	1	8.828
189	Bawdy-house	334	0.005	2	2	8.796
190	rammish	170	0.002	1	1	8.764
191	wath	168	0.002	1	1	8.764
192	23.18	179	0.002	1	1	8.703
193	Brothels	180	0.002	1	1	8.703
194	conformeth	181	0.002	1	1	8.703
195	Iezabels	181	0.002	1	1	8.703
196	Blanda	369	0.005	2	1	8.644
197	Ruffs	188	0.003	1	1	8.644
198	facit.	189	0.003	1	1	8.644
199	'ith	193	0.003	1	1	8.587
200	over-valuing	192	0.003	1	1	8.587
201	Squ	193	0.003	1	1	8.587
202	Puritanicall	191	0.003	1	1	8.587
203	t'attend	193	0.003	1	1	8.587
204	Th'hast	192	0.003	1	1	8.587
205	frizzled	195	0.003	1	1	8.587
206	theyle	194	0.003	1	1	8.587
207	pocky	594	0.008	3	3	8.551
208	monwealth	200	0.003	1	1	8.533
209	1003	203	0.003	1	1	8.533
210	Lodwick	198	0.003	1	1	8.533
211	676	408	0.006	2	2	8.506
212	Pimp	1027	0.014	5	1	8.501
213	mongers	208	0.003	1	1	8.48
214	Farmor	209	0.003	1	1	8.48
215	ner'e	209	0.003	1	1	8.48
216	purpled	209	0.003	1	1	8.48
217	899	208	0.003	1	1	8.48
218	Goatish	212	0.003	1	1	8.48
219	Oenone	218	0.003	1	1	8.43
220	strumpet	3285	0.044	15	14	8.407
221	Bian	224	0.003	1	1	8.381
222	dipthong	222	0.003	1	1	8.381
223	Blackfriars	224	0.003	1	1	8.381
224	parboil	230	0.003	1	1	8.334
225	arrand	229	0.003	1	1	8.334
226	898	232	0.003	1	1	8.334
227	smooths	230	0.003	1	1	8.334
228	Xantippe	234	0.003	1	1	8.334
229	haunteth	231	0.003	1	1	8.334
230	rids	238	0.003	1	1	8.288
231	meretrix	474	0.006	2	2	8.288
232	Dancers	972	0.013	4	2	8.254
233	23.27	248	0.003	1	1	8.243
234	muffle	242	0.003	1	1	8.243
235	descrying	249	0.003	1	1	8.243
236	749	249	0.003	1	1	8.243
237	Cornutus	247	0.003	1	1	8.243
238	Proverbes	249	0.003	1	1	8.243
239	Baud	767	0.01	3	3	8.186
240	Sculler	261	0.004	1	1	8.158
241	Fow	263	0.004	1	1	8.158
242	lavished	260	0.004	1	1	8.158
243	Hele	257	0.004	1	1	8.158
244	wo'not	260	0.004	1	1	8.158
245	Haram	258	0.004	1	1	8.158
246	496.	260	0.004	1	1	8.158
247	Iezabel	1348	0.018	5	5	8.11
248	Ors	540	0.007	2	1	8.098
249	draft	280	0.004	1	1	8.04
250	Pandar	282	0.004	1	1	8.04
251	greatnesses	284	0.004	1	1	8.04
252	26.1	279	0.004	1	1	8.04
253	falser	284	0.004	1	1	8.04
254	trinkets	582	0.008	2	1	8.002
255	teem	290	0.004	1	1	8.002
256	19.2.	299	0.004	1	1	7.966
257	jumped	297	0.004	1	1	7.966
258	Cephalus	295	0.004	1	1	7.966
259	Pedigrees	594	0.008	2	2	7.966
260	brothel	610	0.008	2	2	7.93
261	'twil	304	0.004	1	1	7.93
262	Lecher	616	0.008	2	2	7.913
263	21.9.	311	0.004	1	1	7.895
264	Thais	936	0.013	3	3	7.895
265	17.2.	314	0.004	1	1	7.895
266	prostituted	1269	0.017	4	2	7.87
267	17.2	642	0.009	2	2	7.861
268	Babylonish	2911	0.039	9	8	7.847
269	entices	645	0.009	2	2	7.845
270	uncleanesse	330	0.004	1	1	7.828
271	Revelat.	327	0.004	1	1	7.828
272	prophaners	327	0.004	1	1	7.828
273	Whoremaster	337	0.005	1	1	7.796
274	smock	1342	0.018	4	4	7.796
275	Lodowick	1017	0.014	3	1	7.775
276	Amanda	343	0.005	1	1	7.764
277	doubleness	350	0.005	1	1	7.733
278	Babilon	5325	0.072	15	9	7.711
279	Bri	1071	0.014	3	1	7.703
280	Concupisence	354	0.005	1	1	7.703
281	sheele	357	0.005	1	1	7.703
282	new-made	356	0.005	1	1	7.703
283	Broker	1425	0.019	4	4	7.703
284	prostitute	2508	0.034	7	5	7.698
285	hyre	1435	0.019	4	4	7.695
286	apostaticall	362	0.005	1	1	7.673
287	rankest	362	0.005	1	1	7.673
288	Whittington	368	0.005	1	1	7.673
289	Jezabel	1114	0.015	3	1	7.644
290	673	373	0.005	1	1	7.644
291	whoreson	378	0.005	1	1	7.615
292	prostitutes	382	0.005	1	1	7.615
293	strumpets	1159	0.016	3	3	7.587
294	698	388	0.005	1	1	7.587
295	bewitches	387	0.005	1	1	7.587
296	Rowze	384	0.005	1	1	7.587
297	Adulteresses	398	0.005	1	1	7.56
298	subtlest	400	0.005	1	1	7.533
299	oure	399	0.005	1	1	7.533
300	7.19.	410	0.006	1	1	7.506
301	xxxiv.	407	0.006	1	1	7.506
302	unmatchable	409	0.006	1	1	7.506
303	Babylon	38888	0.523	95	62	7.506
304	Rochet	416	0.006	1	1	7.48
305	thieving	417	0.006	1	1	7.48
306	unthrifts	415	0.006	1	1	7.48
307	Helens	427	0.006	1	1	7.455
308	flesh-pots	435	0.006	1	1	7.43
309	taverner	440	0.006	1	1	7.405
310	Gold-smith	442	0.006	1	1	7.405
311	christening	888	0.012	2	2	7.393
312	outface	444	0.006	1	1	7.381
313	16.9.	448	0.006	1	1	7.381
314	insatiate	894	0.012	2	2	7.381
315	Lais	1345	0.018	3	3	7.373
316	7.16.	456	0.006	1	1	7.357
317	manning	456	0.006	1	1	7.357
318	7.18.	459	0.006	1	1	7.334
319	bastardly	466	0.006	1	1	7.31
320	Land-Lords	466	0.006	1	1	7.31
321	Galla	470	0.006	1	1	7.31
322	fal	475	0.006	1	1	7.288
323	19.2	489	0.007	1	1	7.243
324	Lod	1974	0.027	4	1	7.238
325	Sappho	500	0.007	1	1	7.222
326	Ste.	502	0.007	1	1	7.222
327	puppet	506	0.007	1	1	7.2
328	Nothus	508	0.007	1	1	7.2
329	Mystic	1020	0.014	2	1	7.19
330	scarlet	9179	0.123	18	13	7.189
331	domes	510	0.007	1	1	7.179
332	stander	514	0.007	1	1	7.179
333	unfolds	519	0.007	1	1	7.158
334	slut	523	0.007	1	1	7.158
335	Vasques	527	0.007	1	1	7.138
336	Cuckold	2667	0.036	5	5	7.126
337	cme	533	0.007	1	1	7.118
338	brat	1070	0.014	2	2	7.118
339	22.15	537	0.007	1	1	7.118
340	Hayes	551	0.007	1	1	7.078
341	Whore	20634	0.277	37	14	7.059
342	Corinths	556	0.008	1	1	7.059
343	517	570	0.008	1	1	7.021
344	liceret	576	0.008	1	1	7.021
345	fornications	1721	0.023	3	3	7.021
346	pessima	579	0.008	1	1	7.002
347	unpitied	586	0.008	1	1	6.984
348	Soph	590	0.008	1	1	6.984
349	hang-man	585	0.008	1	1	6.984
350	8.5.	597	0.008	1	1	6.966
351	Dancer	603	0.008	1	1	6.948
352	Thou'st	605	0.008	1	1	6.948
353	scelerum	606	0.008	1	1	6.948
354	honied	613	0.008	1	1	6.93
355	ageine	615	0.008	1	1	6.913
356	census	628	0.008	1	1	6.895
357	Vniuerse	626	0.008	1	1	6.895
358	Barrabas	624	0.008	1	1	6.895
359	19.1	628	0.008	1	1	6.895
360	haunted	2517	0.034	4	2	6.887
361	upholders	635	0.009	1	1	6.878
362	inveigled	636	0.009	1	1	6.878
363	17.4	642	0.009	1	1	6.861
364	Bridewell	1285	0.017	2	2	6.853
365	scold	1303	0.018	2	2	6.837
366	Harlot	9167	0.123	14	7	6.828
367	Cheaters	661	0.009	1	1	6.812
368	bewitching	2007	0.027	3	3	6.796
369	Girald	680	0.009	1	1	6.78
370	Bracelet	697	0.009	1	1	6.733
371	minora	710	0.01	1	1	6.718
372	Proposit.	709	0.01	1	1	6.718
373	LAN	2137	0.029	3	1	6.708
374	suburb	730	0.01	1	1	6.673
375	steeled	728	0.01	1	1	6.673
376	jesters	728	0.01	1	1	6.673
377	Arminianisme	740	0.01	1	1	6.658
378	Home-bred	736	0.01	1	1	6.658
379	ruffian	735	0.01	1	1	6.658
380	faced	2948	0.04	4	4	6.658
381	wallet	744	0.01	1	1	6.644
382	bribing	751	0.01	1	1	6.63
383	Beadle	749	0.01	1	1	6.63
384	paltry	1506	0.02	2	1	6.63
385	harlots	5276	0.071	7	7	6.625
386	Changeling	764	0.01	1	1	6.601
387	AMB	1537	0.021	2	2	6.594
388	fornicators	1538	0.021	2	2	6.594
389	dicing	785	0.011	1	1	6.56
390	numina	795	0.011	1	1	6.546
391	arrant	1596	0.022	2	2	6.54
392	Aristippus	1612	0.022	2	2	6.526
393	earned	809	0.011	1	1	6.52
394	Dinah	810	0.011	1	1	6.52
395	cleaved	821	0.011	1	1	6.506
396	intoxicated	850	0.011	1	1	6.455
397	Petrarch	846	0.011	1	1	6.455
398	Examinate	850	0.011	1	1	6.455
399	Concubine	3397	0.046	4	3	6.452
400	falsification	854	0.012	1	1	6.442
401	New-found	857	0.012	1	1	6.442
402	stews	2587	0.035	3	2	6.43
403	monumenta	880	0.012	1	1	6.405
404	ene	880	0.012	1	1	6.405
405	arse	879	0.012	1	1	6.405
406	disdainfully	879	0.012	1	1	6.405
407	trappings	887	0.012	1	1	6.393
408	festered	887	0.012	1	1	6.393
409	Mol	891	0.012	1	1	6.381
410	rifle	902	0.012	1	1	6.369
411	muttering	909	0.012	1	1	6.357
412	hunts	1820	0.025	2	2	6.351
413	Immodesty	921	0.012	1	1	6.334
414	crutches	930	0.013	1	1	6.322
415	blear	936	0.013	1	1	6.31
416	tolerating	934	0.013	1	1	6.31
417	palates	943	0.013	1	1	6.299
418	Tib	942	0.013	1	1	6.299
419	displaying	944	0.013	1	1	6.299
420	Gull	1888	0.025	2	2	6.299
421	lactis	949	0.013	1	1	6.288
422	soiled	955	0.013	1	1	6.288
423	Shameless	6711	0.09	7	7	6.278
424	Adulteress	1919	0.026	2	2	6.276
425	wray	966	0.013	1	1	6.265
426	swearers	2927	0.039	3	3	6.254
427	thefe	978	0.013	1	1	6.254
428	Iulio	992	0.013	1	1	6.232
429	Babylons	987	0.013	1	1	6.232
430	bastards	3979	0.054	4	4	6.224
431	allurements	3979	0.054	4	3	6.224
432	Gio	998	0.013	1	1	6.222
433	wrinkled	2004	0.027	2	2	6.216
434	plaid	4003	0.054	4	4	6.216
435	Ludgate	1008	0.014	1	1	6.211
436	fore-head	2008	0.027	2	2	6.211
437	Shoo	1008	0.014	1	1	6.211
438	postern	1014	0.014	1	1	6.2
439	9.2	1023	0.014	1	1	6.179
440	Romes	5130	0.069	5	5	6.179
441	brats	1042	0.014	1	1	6.158
442	prooved	1039	0.014	1	1	6.158
443	17.1	1045	0.014	1	1	6.158
444	adulterer	4237	0.057	4	4	6.133
445	tickle	2140	0.029	2	2	6.118
446	Sycophants	1081	0.015	1	1	6.108
447	Perez	1076	0.015	1	1	6.108
448	enslave	2163	0.029	2	2	6.103
449	jade	2169	0.029	2	2	6.098
450	Fiddlers	1087	0.015	1	1	6.098
451	hire	8785	0.118	8	6	6.082
452	Courtesan	1103	0.015	1	1	6.078
453	Fornicator	1143	0.015	1	1	6.021
454	ould	1153	0.016	1	1	6.012
455	6.16.	1169	0.016	1	1	5.993
456	spouses	1203	0.016	1	1	5.948
457	courtesans	1216	0.016	1	1	5.939
458	forehead	12159	0.163	10	8	5.935
459	attach	1220	0.016	1	1	5.93
460	Hellen	1228	0.017	1	1	5.921
461	roars	1232	0.017	1	1	5.913
462	Bitch	1244	0.017	1	1	5.904
463	stewed	1245	0.017	1	1	5.904
464	continet	1239	0.017	1	1	5.904
465	bragged	1243	0.017	1	1	5.904
466	enchanting	1242	0.017	1	1	5.904
467	painted	23662	0.318	19	17	5.9
468	9.1	1257	0.017	1	1	5.887
469	played	11334	0.152	9	7	5.884
470	knave	8870	0.119	7	6	5.876
471	joyneth	1272	0.017	1	1	5.87
472	murderous	1283	0.017	1	1	5.861
473	Adulterers	5137	0.069	4	4	5.855
474	ducat	1296	0.017	1	1	5.845
475	Oyster	1314	0.018	1	1	5.82
476	3.16.	2653	0.036	2	1	5.808
477	imitates	1329	0.018	1	1	5.804
478	hackney	1328	0.018	1	1	5.804
479	signo	1339	0.018	1	1	5.796
480	declaim	1350	0.018	1	1	5.788
481	prettily	1343	0.018	1	1	5.788
482	alluring	2691	0.036	2	2	5.788
483	I'faith	1345	0.018	1	1	5.788
484	Priscus	1353	0.018	1	1	5.78
485	hae	1360	0.018	1	1	5.772
486	sits	23190	0.312	17	13	5.769
487	Cadmus	1372	0.018	1	1	5.764
488	Draper	1375	0.019	1	1	5.756
489	Receptacles	1385	0.019	1	1	5.749
490	alludeth	1397	0.019	1	1	5.733
491	decks	1409	0.019	1	1	5.725
492	veils	1417	0.019	1	1	5.718
493	beholder	1411	0.019	1	1	5.718
494	Thamar	1424	0.019	1	1	5.71
495	riotous	2846	0.038	2	2	5.707
496	witless	1427	0.019	1	1	5.703
497	prate	2866	0.039	2	1	5.699
498	desolate	12933	0.174	9	7	5.694
499	Fore-told	1444	0.019	1	1	5.688
500	Barcelona	1450	0.02	1	1	5.68
501	Sorceries	1462	0.02	1	1	5.666
502	Dresses	1473	0.02	1	1	5.658
503	plump	1471	0.02	1	1	5.658
504	Stage-playes	1514	0.02	1	1	5.615
505	Basilisk	1517	0.02	1	1	5.615
506	imps	1519	0.02	1	1	5.615
507	damme	1514	0.02	1	1	5.615
508	discommodities	1517	0.02	1	1	5.615
509	purple	18224	0.245	12	7	5.614
510	gamesters	1523	0.021	1	1	5.608
511	Leaguer	1524	0.021	1	1	5.608
512	invites	4587	0.062	3	3	5.604
513	Matron	3083	0.041	2	1	5.594
514	Dia	1546	0.021	1	1	5.587
515	Squires	1550	0.021	1	1	5.587
516	documents	1587	0.021	1	1	5.553
517	loathed	3185	0.043	2	2	5.546
518	Palma	1603	0.022	1	1	5.54
519	bawdy	1610	0.022	1	1	5.533
520	profuse	1615	0.022	1	1	5.526
521	healths	3230	0.043	2	2	5.526
522	Eels	1613	0.022	1	1	5.526
523	drunkard	6511	0.088	4	4	5.515
524	adorns	1633	0.022	1	1	5.506
525	1637	1650	0.022	1	1	5.493
526	insufferable	1662	0.022	1	1	5.487
527	strip	3365	0.045	2	2	5.468
528	courting	1698	0.023	1	1	5.455
529	Rog	1697	0.023	1	1	5.455
530	Hostis	1700	0.023	1	1	5.449
531	sinew	1712	0.023	1	1	5.442
532	playing	10275	0.138	6	4	5.441
533	babble	1715	0.023	1	1	5.436
534	grasp	1734	0.023	1	1	5.424
535	ails	1742	0.023	1	1	5.417
536	3.3.	1739	0.023	1	1	5.417
537	Rogue	6990	0.094	4	4	5.411
538	hag	1766	0.024	1	1	5.399
539	310	1765	0.024	1	1	5.399
540	Eustathius	1774	0.024	1	1	5.393
541	smelt	1772	0.024	1	1	5.393
542	Ape	5317	0.072	3	1	5.391
543	fornication	14235	0.191	8	8	5.386
544	Whoremongers	1796	0.024	1	1	5.375
545	applaud	3646	0.049	2	1	5.351
546	Cerberus	1833	0.025	1	1	5.345
547	whores	5508	0.074	3	2	5.341
548	2.8.	1846	0.025	1	1	5.334
549	insatiable	3697	0.05	2	1	5.331
550	Iul	1860	0.025	1	1	5.322
551	Lads	1857	0.025	1	1	5.322
552	Impostor	3757	0.051	2	1	5.308
553	whoredom	7526	0.101	4	3	5.305
554	108.	1884	0.025	1	1	5.305
555	cheated	3803	0.051	2	2	5.291
556	sorcerer	1901	0.026	1	1	5.288
557	arrayed	3816	0.051	2	2	5.285
558	thief	23047	0.31	12	10	5.276
559	badges	1924	0.026	1	1	5.271
560	hate	65701	0.883	34	20	5.267
561	Edomites	1935	0.026	1	1	5.265
562	wort	1936	0.026	1	1	5.265
563	Parricide	1938	0.026	1	1	5.26
564	Watchman	1968	0.027	1	1	5.238
565	Susanna	1981	0.027	1	1	5.232
566	quaint	1998	0.027	1	1	5.216
567	defiling	2018	0.027	1	1	5.206
568	periculum	2016	0.027	1	1	5.206
569	impudent	12093	0.163	6	5	5.206
570	votaries	2027	0.027	1	1	5.2
571	wiped	4053	0.055	2	2	5.198
572	track	2032	0.027	1	1	5.195
573	Concubines	4078	0.055	2	2	5.19
574	rime	2035	0.027	1	1	5.19
575	doublet	2070	0.028	1	1	5.169
576	dice	6226	0.084	3	3	5.164
577	Flora	2078	0.028	1	1	5.164
578	Clo	2086	0.028	1	1	5.158
579	Ezekiel	6369	0.086	3	1	5.131
580	238	2126	0.029	1	1	5.128
581	betrothed	2127	0.029	1	1	5.128
582	entice	4278	0.058	2	2	5.12
583	5.14	2144	0.029	1	1	5.118
584	Caterpillars	2152	0.029	1	1	5.113
585	fawning	2152	0.029	1	1	5.113
586	Rosa	2161	0.029	1	1	5.108
587	251	2164	0.029	1	1	5.103
588	5.5	2169	0.029	1	1	5.098
589	Sci	2175	0.029	1	1	5.098
590	vassal	4357	0.059	2	2	5.093
591	portrait	2204	0.03	1	1	5.078
592	pestered	2227	0.03	1	1	5.064
593	alis	2241	0.03	1	1	5.054
594	paint	8989	0.121	4	4	5.049
595	i'	2248	0.03	1	1	5.049
596	rampant	2244	0.03	1	1	5.049
597	Bedlam	2245	0.03	1	1	5.049
598	wenches	2248	0.03	1	1	5.049
599	nasty	2252	0.03	1	1	5.045
600	228	2280	0.031	1	1	5.03
601	dally	2283	0.031	1	1	5.026
602	256	2295	0.031	1	1	5.021
603	're	16048	0.216	7	5	5.02
604	229	2309	0.031	1	1	5.012
605	Satire	2307	0.031	1	1	5.012
606	witch	9245	0.124	4	3	5.008
607	differed	4629	0.062	2	1	5.007
608	mocks	2314	0.031	1	1	5.007
609	Corinthian	2323	0.031	1	1	5.002
610	Drunkards	7021	0.094	3	3	4.99
611	contends	2343	0.032	1	1	4.989
612	Weston	2354	0.032	1	1	4.984
613	dunghill	4743	0.064	2	1	4.97
614	231	2379	0.032	1	1	4.966
615	Duck	2399	0.032	1	1	4.957
616	mints	2393	0.032	1	1	4.957
617	pension	4843	0.065	2	2	4.941
618	paps	2422	0.033	1	1	4.939
619	Sot	2425	0.033	1	1	4.939
620	impossibilities	2442	0.033	1	1	4.93
621	Popedome	2449	0.033	1	1	4.926
622	libeller	2467	0.033	1	1	4.913
623	Hound	2485	0.033	1	1	4.904
624	embraces	10141	0.136	4	4	4.875
625	customers	2545	0.034	1	1	4.87
626	fullest	2550	0.034	1	1	4.866
627	Nic	2556	0.034	1	1	4.861
628	painting	7700	0.104	3	3	4.857
629	Superlative	2586	0.035	1	1	4.845
630	hardens	2588	0.035	1	1	4.845
631	Menelaus	2595	0.035	1	1	4.841
632	milder	2603	0.035	1	1	4.837
633	defiles	2607	0.035	1	1	4.837
634	spun	2608	0.035	1	1	4.832
635	144	5231	0.07	2	1	4.83
636	ditch	10469	0.141	4	2	4.829
637	'twixt	5238	0.07	2	2	4.828
638	conspiring	2629	0.035	1	1	4.824
639	thriving	2636	0.035	1	1	4.82
640	Inded	2630	0.035	1	1	4.82
641	Bribery	2644	0.036	1	1	4.816
642	carrion	2658	0.036	1	1	4.808
643	Whats	2675	0.036	1	1	4.796
644	Tavern	5354	0.072	2	2	4.796
645	railed	2685	0.036	1	1	4.792
646	caus	2702	0.036	1	1	4.784
647	Taverns	2699	0.036	1	1	4.784
648	wed	5405	0.073	2	2	4.782
649	Adulteries	2717	0.037	1	1	4.776
650	Babe	5443	0.073	2	2	4.772
651	attire	8194	0.11	3	3	4.768
652	lascivious	5471	0.074	2	2	4.766
653	seduce	5489	0.074	2	2	4.76
654	beauteous	5494	0.074	2	2	4.76
655	gallows	5501	0.074	2	2	4.758
656	Harry	2761	0.037	1	1	4.752
657	Matrons	2766	0.037	1	1	4.749
658	Prou.	8310	0.112	3	2	4.747
659	conscionable	2773	0.037	1	1	4.745
660	folia	2782	0.037	1	1	4.741
661	scrape	2785	0.037	1	1	4.741
662	naughtiness	2792	0.038	1	1	4.737
663	Iehu	2809	0.038	1	1	4.725
664	incited	2871	0.039	1	1	4.695
665	ravening	2916	0.039	1	1	4.673
666	manned	2929	0.039	1	1	4.666
667	Pontifical	2936	0.04	1	1	4.662
668	Babylonian	2956	0.04	1	1	4.655
669	Villain	8957	0.12	3	3	4.639
670	shifting	2993	0.04	1	1	4.637
671	Impostures	3001	0.04	1	1	4.633
672	gaming	3021	0.041	1	1	4.622
673	Oysters	3017	0.041	1	1	4.622
674	receptacle	3021	0.041	1	1	4.622
675	Gore	3029	0.041	1	1	4.619
676	engages	3046	0.041	1	1	4.612
677	hunter	3051	0.041	1	1	4.608
678	seducing	3066	0.041	1	1	4.601
679	insinuating	3074	0.041	1	1	4.598
680	Bastard	12394	0.167	4	4	4.586
681	178	3105	0.042	1	1	4.584
682	stoned	6236	0.084	2	2	4.577
683	quarrelling	3115	0.042	1	1	4.577
684	nto	3146	0.042	1	1	4.563
685	likened	3157	0.042	1	1	4.56
686	marrying	6327	0.085	2	1	4.556
687	baggage	6358	0.086	2	2	4.548
688	weeps	3186	0.043	1	1	4.546
689	whip	6373	0.086	2	2	4.545
690	hopeless	3201	0.043	1	1	4.54
691	smiled	3217	0.043	1	1	4.533
692	blaze	3224	0.043	1	1	4.529
693	Iesuit	3237	0.044	1	1	4.523
694	plotted	3245	0.044	1	1	4.52
695	gaudy	3241	0.044	1	1	4.52
696	Babel	9790	0.132	3	3	4.511
697	idolatries	3266	0.044	1	1	4.51
698	banquet	9804	0.132	3	2	4.509
699	Dionysius	9814	0.132	3	3	4.507
700	Waldenses	3270	0.044	1	1	4.506
701	downfall	3283	0.044	1	1	4.503
702	postures	3288	0.044	1	1	4.5
703	Sec	6630	0.089	2	1	4.488
704	foreheads	3324	0.045	1	1	4.484
705	3.3	3339	0.045	1	1	4.477
706	prodigality	3344	0.045	1	1	4.477
707	hee	3347	0.045	1	1	4.474
708	Farmer	3352	0.045	1	1	4.471
709	Gentium	3362	0.045	1	1	4.468
710	sturdy	3373	0.045	1	1	4.464
711	cozen	3380	0.045	1	1	4.461
712	divorced	3378	0.045	1	1	4.461
713	muddy	3388	0.046	1	1	4.458
714	play	61168	0.822	18	14	4.452
715	sire	6861	0.092	2	2	4.439
716	factors	3437	0.046	1	1	4.436
717	enticed	3439	0.046	1	1	4.436
718	Antichristian	13777	0.185	4	4	4.433
719	Englishman	3445	0.046	1	1	4.433
720	brittle	3457	0.047	1	1	4.427
721	villainous	3467	0.047	1	1	4.424
722	th'	3470	0.047	1	1	4.424
723	sparkling	3487	0.047	1	1	4.414
724	swayed	3487	0.047	1	1	4.414
725	Blasphemer	3487	0.047	1	1	4.414
726	entangle	3499	0.047	1	1	4.411
727	kick	3504	0.047	1	1	4.408
728	Fryer	3520	0.047	1	1	4.402
729	Constance	7047	0.095	2	1	4.4
730	push	3542	0.048	1	1	4.393
731	inviting	3580	0.048	1	1	4.378
732	steal	17906	0.241	5	5	4.377
733	doting	3584	0.048	1	1	4.375
734	derided	3589	0.048	1	1	4.375
735	stings	3588	0.048	1	1	4.375
736	ignoble	3602	0.048	1	1	4.369
737	abolishing	3609	0.049	1	1	4.366
738	rail	7220	0.097	2	2	4.364
739	hunted	3634	0.049	1	1	4.357
740	comb	3632	0.049	1	1	4.357
741	wipe	7298	0.098	2	2	4.35
742	dainties	3666	0.049	1	1	4.342
743	Cooke	3664	0.049	1	1	4.342
744	1.6	3672	0.049	1	1	4.339
745	pompous	3677	0.049	1	1	4.339
746	impudently	3698	0.05	1	1	4.331
747	Salomons	3695	0.05	1	1	4.331
748	Flag	3708	0.05	1	1	4.328
749	Castor	3715	0.05	1	1	4.325
750	Doves	3727	0.05	1	1	4.319
751	baseness	7476	0.101	2	2	4.315
752	filthy	30299	0.407	8	7	4.296
753	boot	3835	0.052	1	1	4.279
754	handsome	11498	0.155	3	2	4.278
755	compassing	3859	0.052	1	1	4.268
756	Cards	7740	0.104	2	2	4.265
757	graves	11632	0.156	3	1	4.262
758	Beast	81566	1.096	21	11	4.26
759	revoke	3913	0.053	1	1	4.249
760	Belial	3928	0.053	1	1	4.243
761	drunken	11882	0.16	3	3	4.232
762	Usurers	3968	0.053	1	1	4.23
763	Moder	3971	0.053	1	1	4.227
764	affronts	3991	0.054	1	1	4.222
765	Est.	3992	0.054	1	1	4.219
766	blasted	4016	0.054	1	1	4.211
767	prose	4017	0.054	1	1	4.211
768	Chalice	4028	0.054	1	1	4.208
769	puritan	4033	0.054	1	1	4.206
770	ride	20257	0.272	5	3	4.199
771	hastened	4054	0.055	1	1	4.198
772	slide	4081	0.055	1	1	4.187
773	Ierem.	4126	0.056	1	1	4.171
774	lustful	4133	0.056	1	1	4.169
775	lewdness	4150	0.056	1	1	4.164
776	bo	4159	0.056	1	1	4.161
777	worn	12479	0.168	3	3	4.161
778	Painters	4167	0.056	1	1	4.158
779	146	4176	0.056	1	1	4.156
780	Prov.	50161	0.674	12	5	4.153
781	utterance	4192	0.056	1	1	4.151
782	disp.	4209	0.057	1	1	4.143
783	Mistress	42310	0.569	10	9	4.136
784	cheap	8467	0.114	2	2	4.135
785	crew	8469	0.114	2	2	4.135
786	protesting	4251	0.057	1	1	4.13
787	spied	4248	0.057	1	1	4.13
788	marry	38694	0.52	9	8	4.113
789	1.2	4300	0.058	1	1	4.113
790	hose	4305	0.058	1	1	4.11
791	Bedford	4307	0.058	1	1	4.11
792	arraigned	4310	0.058	1	1	4.11
793	bribes	4305	0.058	1	1	4.11
794	rides	4321	0.058	1	1	4.105
795	basest	4331	0.058	1	1	4.103
796	deck	4329	0.058	1	1	4.103
797	spends	4330	0.058	1	1	4.103
798	Lice	4339	0.058	1	1	4.1
799	sup	8677	0.117	2	2	4.1
800	Divinely	4352	0.059	1	1	4.095
801	Severus	4378	0.059	1	1	4.088
802	cup	48330	0.65	11	9	4.082
803	bidden	4393	0.059	1	1	4.081
804	plays	17593	0.237	4	3	4.08
805	anna	4436	0.06	1	1	4.069
806	thieves	22285	0.3	5	4	4.061
807	artificers	4466	0.06	1	1	4.059
808	usurping	4491	0.06	1	1	4.049
809	decked	4505	0.061	1	1	4.045
810	graced	4511	0.061	1	1	4.045
811	Monarchies	4511	0.061	1	1	4.045
812	Talent	9018	0.121	2	2	4.045
813	pictures	13540	0.182	3	3	4.043
814	Nun	4515	0.061	1	1	4.042
815	spilt	4570	0.061	1	1	4.026
816	Anne	9185	0.124	2	1	4.017
817	locusts	4636	0.062	1	1	4.005
818	scornful	4661	0.063	1	1	3.995
819	monthly	4675	0.063	1	1	3.993
820	comm	4670	0.063	1	1	3.993
821	belike	4679	0.063	1	1	3.991
822	Cupid	9383	0.126	2	2	3.987
823	Sixtus	4735	0.064	1	1	3.975
824	reclaim	4736	0.064	1	1	3.973
825	cunning	28670	0.385	6	5	3.961
826	tainted	4789	0.064	1	1	3.957
827	hairy	4792	0.064	1	1	3.957
828	trim	4802	0.065	1	1	3.955
829	inclines	4803	0.065	1	1	3.952
830	nakedness	9651	0.13	2	2	3.947
831	quatenus	4832	0.065	1	1	3.943
832	interprets	4849	0.065	1	1	3.939
833	mask	4856	0.065	1	1	3.937
834	Funerals	4870	0.066	1	1	3.932
835	sucking	4880	0.066	1	1	3.93
836	benevolence	4882	0.066	1	1	3.93
837	Galley	4911	0.066	1	1	3.921
838	Adultery	24714	0.332	5	4	3.912
839	Rachel	4949	0.067	1	1	3.911
840	Luc	4952	0.067	1	1	3.908
841	servile	9971	0.134	2	2	3.9
842	Solon	4981	0.067	1	1	3.9
843	begat	9977	0.134	2	2	3.899
844	deride	4993	0.067	1	1	3.898
845	Perjured	4993	0.067	1	1	3.898
846	errand	4999	0.067	1	1	3.895
847	Romaine	4996	0.067	1	1	3.895
848	fry	5008	0.067	1	1	3.893
849	Inasmuch	5020	0.068	1	1	3.889
850	Rome	271183	3.645	54	43	3.889
851	guests	10104	0.136	2	1	3.88
852	brood	5051	0.068	1	1	3.88
853	nose	25309	0.34	5	5	3.877
854	Austria	10162	0.137	2	2	3.872
855	deceiving	5099	0.069	1	1	3.868
856	chaste	20646	0.278	4	4	3.849
857	spotted	5160	0.069	1	1	3.849
858	Dog	30988	0.417	6	4	3.849
859	Mice	5171	0.07	1	1	3.847
860	dancing	10351	0.139	2	2	3.846
861	brazen	10407	0.14	2	2	3.838
862	herself	10419	0.14	2	2	3.835
863	defy	5226	0.07	1	1	3.832
864	officio	5248	0.071	1	1	3.826
865	Knaves	5254	0.071	1	1	3.824
866	swimming	5252	0.071	1	1	3.824
867	abused	31590	0.425	6	6	3.821
868	Slave	21201	0.285	4	4	3.811
869	Yonder	5327	0.072	1	1	3.804
870	maidens	5331	0.072	1	1	3.802
871	bidding	5342	0.072	1	1	3.8
872	garments	26823	0.361	5	4	3.793
873	rust	5370	0.072	1	1	3.792
874	Gallants	5377	0.072	1	1	3.79
875	hawks	5379	0.072	1	1	3.79
876	Venus	26929	0.362	5	4	3.788
877	talents	10810	0.145	2	2	3.783
878	Solomons	5407	0.073	1	1	3.782
879	pox	10902	0.147	2	2	3.771
880	compared	43800	0.589	8	5	3.764
881	pawn	5492	0.074	1	1	3.76
882	troth	5489	0.074	1	1	3.76
883	solicit	5506	0.074	1	1	3.756
884	maid	33079	0.445	6	6	3.754
885	Apoc.	11083	0.149	2	2	3.747
886	Niece	5575	0.075	1	1	3.739
887	oft-times	5591	0.075	1	1	3.733
888	abhors	5617	0.076	1	1	3.727
889	hounds	5657	0.076	1	1	3.718
890	wife	214853	2.888	38	24	3.718
891	Hosea	5654	0.076	1	1	3.718
892	murderers	11345	0.153	2	2	3.713
893	turbulent	5680	0.076	1	1	3.712
894	performs	5696	0.077	1	1	3.707
895	keeps	40024	0.538	7	6	3.702
896	sister	51618	0.694	9	6	3.697
897	price	57392	0.772	10	8	3.696
898	upheld	5752	0.077	1	1	3.693
899	Epitaph	5762	0.078	1	1	3.69
900	rags	5772	0.078	1	1	3.688
901	lazy	5811	0.078	1	1	3.679
902	professes	11732	0.158	2	2	3.665
903	70.	5894	0.079	1	1	3.658
904	drunk	35533	0.478	6	6	3.651
905	dyes	5938	0.08	1	1	3.647
906	hark	5947	0.08	1	1	3.646
907	Durable	5945	0.08	1	1	3.646
908	waits	5976	0.08	1	1	3.638
909	permanent	5981	0.08	1	1	3.637
910	revenged	11966	0.161	2	2	3.637
911	representative	6035	0.081	1	1	3.624
912	spending	6036	0.081	1	1	3.624
913	mettle	6073	0.082	1	1	3.615
914	weekly	6075	0.082	1	1	3.614
915	styled	6081	0.082	1	1	3.614
916	Plin.	6085	0.082	1	1	3.612
917	adherents	6092	0.082	1	1	3.61
918	stink	6090	0.082	1	1	3.61
919	infect	6100	0.082	1	1	3.608
920	tempting	6108	0.082	1	1	3.606
921	polluted	12233	0.164	2	2	3.605
922	bene	12287	0.165	2	2	3.598
923	liars	6153	0.083	1	1	3.596
924	resembles	6159	0.083	1	1	3.594
925	poisoned	12446	0.167	2	2	3.579
926	potent	12467	0.168	2	2	3.577
927	stark	6325	0.085	1	1	3.556
928	consenting	6323	0.085	1	1	3.556
929	INVITE	12669	0.17	2	2	3.554
930	patrimony	6348	0.085	1	1	3.551
931	CHAMBERLAIN	6393	0.086	1	1	3.541
932	bewitched	6431	0.086	1	1	3.533
933	traffic	12930	0.174	2	2	3.525
934	metaphor	6491	0.087	1	1	3.518
935	favourites	6500	0.087	1	1	3.516
936	Complexion	13038	0.175	2	2	3.512
937	notoriously	6546	0.088	1	1	3.506
938	GUILE	6552	0.088	1	1	3.505
939	whereon	19704	0.265	3	3	3.501
940	kiss	26340	0.354	4	3	3.498
941	roasted	6622	0.089	1	1	3.49
942	naked	46459	0.625	7	7	3.487
943	whipped	6660	0.09	1	1	3.482
944	stealing	6657	0.09	1	1	3.482
945	daughters	40010	0.538	6	6	3.48
946	dishes	6681	0.09	1	1	3.477
947	Bloody	53730	0.722	8	6	3.47
948	allure	6732	0.091	1	1	3.466
949	soundly	6746	0.091	1	1	3.463
950	burn	40670	0.547	6	3	3.456
951	LAborious	6787	0.091	1	1	3.455
952	solace	6791	0.091	1	1	3.453
953	waking	6809	0.092	1	1	3.45
954	toys	6844	0.092	1	1	3.442
955	fool	41266	0.555	6	4	3.435
956	cups	6881	0.093	1	1	3.434
957	Proverbs	6913	0.093	1	1	3.428
958	57.	6936	0.093	1	1	3.424
959	volumes	6936	0.093	1	1	3.424
960	bravery	6963	0.094	1	1	3.417
961	SAMPSON	6989	0.094	1	1	3.413
962	Roar	6989	0.094	1	1	3.413
963	Treatises	6996	0.094	1	1	3.411
964	uncleanness	14027	0.189	2	2	3.407
965	Revel	21061	0.283	3	3	3.406
966	Religiously	7020	0.094	1	1	3.405
967	fist	7028	0.095	1	1	3.404
968	fourscore	7031	0.095	1	1	3.404
969	52.	7042	0.095	1	1	3.4
970	habit	35431	0.476	5	5	3.392
971	counted	28357	0.381	4	4	3.391
972	swear	56939	0.765	8	7	3.386
973	Sue	14301	0.192	2	1	3.379
974	pirates	7168	0.096	1	1	3.375
975	widow	21540	0.29	3	3	3.373
976	drift	7178	0.097	1	1	3.373
977	untrue	7200	0.097	1	1	3.369
978	Antichrist	50530	0.679	7	6	3.365
979	currant	7255	0.098	1	1	3.358
980	bleed	7262	0.098	1	1	3.357
981	inflict	7264	0.098	1	1	3.357
982	perishing	7275	0.098	1	1	3.354
983	Chaldee	7286	0.098	1	1	3.353
984	damn	7322	0.098	1	1	3.345
985	Matth	7318	0.098	1	1	3.345
986	rotten	14651	0.197	2	1	3.344
987	stamped	7328	0.099	1	1	3.344
988	86	7346	0.099	1	1	3.341
989	commune	7351	0.099	1	1	3.339
990	tendered	7357	0.099	1	1	3.338
991	Hero	7374	0.099	1	1	3.335
992	shameful	14747	0.198	2	1	3.335
993	files	7371	0.099	1	1	3.335
994	lump	7423	0.1	1	1	3.325
995	Yes	44644	0.6	6	6	3.322
996	notorious	22363	0.301	3	3	3.319
997	witnessed	7472	0.1	1	1	3.316
998	frost	7484	0.101	1	1	3.313
999	beastly	7495	0.101	1	1	3.312
1000	ruled	22509	0.303	3	3	3.309
1001	affects	7503	0.101	1	1	3.309
1002	pine	7511	0.101	1	1	3.308
1003	superstitions	7530	0.101	1	1	3.305
1004	Mother	150593	2.024	20	16	3.305
1005	game	15105	0.203	2	2	3.3
1006	swears	7600	0.102	1	1	3.291
1007	shipwreck	7606	0.102	1	1	3.291
1008	'd	144543	1.943	19	10	3.29
1009	wedding	7622	0.103	1	1	3.286
1010	muse	15327	0.206	2	2	3.279
1011	abominable	22990	0.309	3	3	3.279
1012	wasted	15355	0.206	2	2	3.276
1013	Ghostly	7684	0.103	1	1	3.275
1014	withered	7711	0.104	1	1	3.27
1015	Glasses	7795	0.105	1	1	3.254
1016	Suffolk	7796	0.105	1	1	3.254
1017	lust	54865	0.738	7	5	3.247
1018	corrupt	63197	0.85	8	5	3.235
1019	expects	7910	0.106	1	1	3.234
1020	89	7913	0.106	1	1	3.232
1021	Tents	15891	0.214	2	1	3.227
1022	spit	7985	0.107	1	1	3.22
1023	lewd	15983	0.215	2	2	3.219
1024	vexed	16091	0.216	2	1	3.209
1025	Farewell	24180	0.325	3	2	3.206
1026	Fie	32306	0.434	4	2	3.203
1027	hostess	8115	0.109	1	1	3.196
1028	Suburbs	8156	0.11	1	1	3.19
1029	fetch	24696	0.332	3	3	3.176
1030	hurts	8270	0.111	1	1	3.169
1031	waters	83222	1.119	10	9	3.16
1032	Taylor	8326	0.112	1	1	3.16
1033	Surgeon	8390	0.113	1	1	3.148
1034	clad	8414	0.113	1	1	3.144
1035	foretold	16838	0.226	2	2	3.144
1036	caught	16892	0.227	2	1	3.139
1037	turned	109846	1.477	13	7	3.138
1038	termed	25438	0.342	3	3	3.133
1039	Baronius	8482	0.114	1	1	3.133
1040	undo	8485	0.114	1	1	3.132
1041	triangle	8514	0.114	1	1	3.128
1042	Rev.	51328	0.69	6	6	3.121
1043	imperfections	8571	0.115	1	1	3.118
1044	livery	8754	0.118	1	1	3.087
1045	leprosy	8802	0.118	1	1	3.079
1046	'll	158479	2.13	18	14	3.079
1047	cherish	8816	0.119	1	1	3.077
1048	sitting	35270	0.474	4	4	3.077
1049	Pilgrimage	8841	0.119	1	1	3.073
1050	dainty	8837	0.119	1	1	3.073
1051	Jealousies	8838	0.119	1	1	3.073
1052	grain	17694	0.238	2	2	3.072
1053	affinity	8856	0.119	1	1	3.071
1054	Tom	26564	0.357	3	2	3.071
1055	national	17726	0.238	2	1	3.069
1056	behaviour	26702	0.359	3	2	3.063
1057	she	1006738	13.532	113	66	3.062
1058	spent	53460	0.719	6	1	3.062
1059	pillars	17842	0.24	2	2	3.06
1060	deformed	8948	0.12	1	1	3.055
1061	quart	8964	0.121	1	1	3.053
1062	gallant	17961	0.241	2	1	3.051
1063	roaring	8991	0.121	1	1	3.048
1064	dragon	18054	0.243	2	2	3.043
1065	threescore	9058	0.122	1	1	3.037
1066	Ensigns	9131	0.123	1	1	3.027
1067	venerable	9145	0.123	1	1	3.024
1068	Spark	9150	0.123	1	1	3.023
1069	crossed	9149	0.123	1	1	3.023
1070	vindicate	9176	0.123	1	1	3.02
1071	78	9188	0.124	1	1	3.017
1072	midnight	9250	0.124	1	1	3.008
1073	Jewels	18528	0.249	2	2	3.005
1074	staid	9304	0.125	1	1	2.999
1075	honest	83801	1.126	9	8	2.998
1076	stays	9340	0.126	1	1	2.994
1077	impure	9368	0.126	1	1	2.99
1078	judged	56237	0.756	6	5	2.989
1079	spices	9374	0.126	1	1	2.989
1080	Grecian	9382	0.126	1	1	2.987
1081	propound	9488	0.128	1	1	2.971
1082	fees	9553	0.128	1	1	2.961
1083	expert	9616	0.129	1	1	2.951
1084	drinking	29093	0.391	3	2	2.939
1085	Papal	9725	0.131	1	1	2.936
1086	mirth	19453	0.262	2	2	2.935
1087	device	9746	0.131	1	1	2.932
1088	betwixt	127079	1.708	13	5	2.928
1089	Devilish	9817	0.132	1	1	2.921
1090	chastity	19740	0.265	2	2	2.914
1091	preceding	9878	0.133	1	1	2.913
1092	amidst	9881	0.133	1	1	2.913
1093	phrases	9896	0.133	1	1	2.911
1094	her	1811491	24.35	183	93	2.91
1095	selling	9917	0.133	1	1	2.907
1096	cheeks	9940	0.134	1	1	2.904
1097	addicted	10032	0.135	1	1	2.891
1098	drink	140890	1.894	14	11	2.886
1099	is.	10109	0.136	1	1	2.879
1100	Sack	10141	0.136	1	1	2.875
1101	undone	20337	0.273	2	1	2.871
1102	excellently	10217	0.137	1	1	2.865
1103	pleading	10233	0.138	1	1	2.861
1104	aloud	10233	0.138	1	1	2.861
1105	blast	10261	0.138	1	1	2.858
1106	75	10266	0.138	1	1	2.857
1107	agreeing	10294	0.138	1	1	2.853
1108	impudence	10304	0.139	1	1	2.852
1109	seduced	10324	0.139	1	1	2.849
1110	husbands	30992	0.417	3	3	2.848
1111	coloured	10332	0.139	1	1	2.848
1112	Hay	10344	0.139	1	1	2.847
1113	lusty	10354	0.139	1	1	2.845
1114	colours	41565	0.559	4	4	2.84
1115	'm	31244	0.42	3	3	2.837
1116	rot	20942	0.282	2	1	2.829
1117	loathsome	10486	0.141	1	1	2.826
1118	meets	10502	0.141	1	1	2.824
1119	bed	73593	0.989	7	7	2.823
1120	plots	10530	0.142	1	1	2.821
1121	breeds	10535	0.142	1	1	2.82
1122	devoted	10556	0.142	1	1	2.817
1123	Husband	105631	1.42	10	7	2.816
1124	cheat	10600	0.143	1	1	2.811
1125	Atheism	10639	0.143	1	1	2.806
1126	hateful	10655	0.143	1	1	2.804
1127	abominations	10678	0.144	1	1	2.801
1128	devised	21359	0.287	2	2	2.8
1129	Center	21392	0.288	2	2	2.798
1130	detestable	10704	0.144	1	1	2.797
1131	Corinth	10702	0.144	1	1	2.797
1132	plague	42909	0.577	4	4	2.794
1133	described	42932	0.577	4	3	2.793
1134	numbered	10774	0.145	1	1	2.788
1135	guest	10781	0.145	1	1	2.787
1136	servitude	10822	0.146	1	1	2.781
1137	Isai.	10840	0.146	1	1	2.779
1138	leap	10856	0.146	1	1	2.777
1139	smile	10881	0.146	1	1	2.773
1140	Diana	10894	0.146	1	1	2.772
1141	Pepper	10969	0.147	1	1	2.762
1142	stile	21951	0.295	2	2	2.761
1143	Levites	10982	0.148	1	1	2.76
1144	venom	11000	0.148	1	1	2.757
1145	52	22037	0.296	2	1	2.755
1146	daring	11022	0.148	1	1	2.754
1147	stiled	11034	0.148	1	1	2.753
1148	tax	11032	0.148	1	1	2.753
1149	vex	11042	0.148	1	1	2.752
1150	murdered	22105	0.297	2	2	2.751
1151	erect	11081	0.149	1	1	2.748
1152	horns	22193	0.298	2	2	2.745
1153	Mars	22203	0.298	2	2	2.745
1154	jest	11120	0.15	1	1	2.742
1155	warned	11120	0.15	1	1	2.742
1156	receiver	11131	0.15	1	1	2.741
1157	Insolent	11146	0.15	1	1	2.739
1158	bent	22285	0.3	2	2	2.739
1159	sprung	11190	0.15	1	1	2.733
1160	drop	22395	0.301	2	2	2.732
1161	Ho	11205	0.151	1	1	2.731
1162	witty	11290	0.152	1	1	2.72
1163	abuse	45195	0.608	4	3	2.719
1164	face	181454	2.439	16	13	2.714
1165	Inn	11350	0.153	1	1	2.712
1166	slip	11408	0.153	1	1	2.706
1167	damned	34243	0.46	3	3	2.704
1168	Deserves	22832	0.307	2	2	2.704
1169	Prodigal	11427	0.154	1	1	2.703
1170	Levit.	11468	0.154	1	1	2.697
1171	corners	11488	0.154	1	1	2.695
1172	Physic	34467	0.463	3	2	2.695
1173	forsook	11497	0.155	1	1	2.694
1174	revived	11511	0.155	1	1	2.692
1175	committing	11606	0.156	1	1	2.68
1176	odious	23239	0.312	2	2	2.679
1177	quarrels	11687	0.157	1	1	2.67
1178	skins	11691	0.157	1	1	2.67
1179	wondrous	11702	0.157	1	1	2.668
1180	lyeth	23474	0.316	2	1	2.664
1181	abomination	11757	0.158	1	1	2.662
1182	wondered	11794	0.159	1	1	2.657
1183	street	23649	0.318	2	2	2.653
1184	uphold	11837	0.159	1	1	2.652
1185	maids	11895	0.16	1	1	2.645
1186	check	11916	0.16	1	1	2.642
1187	represents	11929	0.16	1	1	2.641
1188	stinking	11949	0.161	1	1	2.638
1189	avoiding	11951	0.161	1	1	2.638
1190	preferment	11954	0.161	1	1	2.638
1191	Bona	12019	0.162	1	1	2.63
1192	ware	12046	0.162	1	1	2.627
1193	Bride	12056	0.162	1	1	2.625
1194	daughter	108707	1.461	9	9	2.623
1195	window	12154	0.163	1	1	2.614
1196	Iudah	12172	0.164	1	1	2.612
1197	exceed	24340	0.327	2	1	2.612
1198	Exeunt	12174	0.164	1	1	2.612
1199	proclaim	12226	0.164	1	1	2.606
1200	sweetly	12254	0.165	1	1	2.602
1201	proud	73660	0.99	6	5	2.599
1202	Histories	24576	0.33	2	2	2.598
1203	Mounted	12305	0.165	1	1	2.596
1204	garment	24609	0.331	2	2	2.596
1205	civility	12371	0.166	1	1	2.588
1206	Jesuits	37256	0.501	3	3	2.583
1207	kill	74750	1.005	6	6	2.578
1208	Murderer	12581	0.169	1	1	2.564
1209	45.	12583	0.169	1	1	2.564
1210	vile	37856	0.509	3	3	2.56
1211	Israell	12654	0.17	1	1	2.556
1212	Troy	12678	0.17	1	1	2.553
1213	persuasions	12677	0.17	1	1	2.553
1214	smell	25352	0.341	2	2	2.553
1215	lips	38066	0.512	3	3	2.552
1216	Slight	25468	0.342	2	2	2.547
1217	hated	25471	0.342	2	2	2.546
1218	banishment	12759	0.172	1	1	2.544
1219	abides	12792	0.172	1	1	2.54
1220	taxes	12789	0.172	1	1	2.54
1221	Darius	12799	0.172	1	1	2.54
1222	soft	38616	0.519	3	3	2.531
1223	paths	12898	0.173	1	1	2.528
1224	Nurse	12919	0.174	1	1	2.525
1225	morn	12933	0.174	1	1	2.525
1226	smart	12945	0.174	1	1	2.523
1227	bargain	12971	0.174	1	1	2.52
1228	wo	26036	0.35	2	2	2.515
1229	Citizen	13039	0.175	1	1	2.512
1230	forsake	52263	0.703	4	3	2.509
1231	resort	13089	0.176	1	1	2.507
1232	permission	13164	0.177	1	1	2.499
1233	testifies	13190	0.177	1	1	2.496
1234	disgrace	26379	0.355	2	1	2.496
1235	LEV	13206	0.178	1	1	2.494
1236	Dame	13246	0.178	1	1	2.489
1237	Beauties	13278	0.179	1	1	2.486
1238	Rents	13329	0.179	1	1	2.48
1239	profane	40020	0.538	3	3	2.48
1240	dressed	13382	0.18	1	1	2.475
1241	child	148012	1.99	11	8	2.467
1242	Mariners	13530	0.182	1	1	2.459
1243	calls	121932	1.639	9	8	2.457
1244	recompense	27209	0.366	2	1	2.451
1245	spots	13656	0.184	1	1	2.445
1246	protect	13727	0.185	1	1	2.438
1247	path	13728	0.185	1	1	2.438
1248	dares	13753	0.185	1	1	2.435
1249	arrive	13775	0.185	1	1	2.433
1250	proving	13818	0.186	1	1	2.429
1251	common	346098	4.652	25	17	2.426
1252	worse	96916	1.303	7	6	2.426
1253	pluck	13862	0.186	1	1	2.424
1254	July	27779	0.373	2	2	2.421
1255	roll	13929	0.187	1	1	2.417
1256	forbids	13966	0.188	1	1	2.413
1257	qum	27937	0.376	2	2	2.413
1258	Revelation	41988	0.564	3	3	2.41
1259	acted	28050	0.377	2	2	2.407
1260	wet	14108	0.19	1	1	2.399
1261	tokens	14150	0.19	1	1	2.394
1262	Tyrant	28325	0.381	2	2	2.393
1263	Reformed	42488	0.571	3	1	2.393
1264	choose	71078	0.955	5	3	2.388
1265	virtuous	42661	0.573	3	3	2.387
1266	keep	313074	4.208	22	16	2.386
1267	battles	14268	0.192	1	1	2.382
1268	Martin	14281	0.192	1	1	2.381
1269	shaken	14294	0.192	1	1	2.38
1270	paying	14303	0.192	1	1	2.379
1271	!	371996	5	26	10	2.378
1272	boys	14311	0.192	1	1	2.378
1273	gets	14332	0.193	1	1	2.376
1274	Ha	28655	0.385	2	2	2.376
1275	Fortune	101130	1.359	7	7	2.364
1276	foul	43393	0.583	3	3	2.363
1277	horses	58059	0.78	4	4	2.358
1278	Ibidem	14513	0.195	1	1	2.358
1279	idolatrous	14523	0.195	1	1	2.357
1280	ah	29075	0.391	2	2	2.355
1281	goddess	14576	0.196	1	1	2.352
1282	Antioch	14648	0.197	1	1	2.344
1283	buildings	14646	0.197	1	1	2.344
1284	cry	87922	1.182	6	4	2.344
1285	fort	29374	0.395	2	2	2.341
1286	worthily	14691	0.198	1	1	2.34
1287	fairest	14727	0.198	1	1	2.336
1288	demonstrate	14730	0.198	1	1	2.336
1289	famous	88824	1.194	6	5	2.329
1290	monster	14836	0.199	1	1	2.326
1291	misfortune	14852	0.2	1	1	2.325
1292	SECT.	59519	0.8	4	2	2.322
1293	merry	30040	0.404	2	2	2.308
1294	stronger	30046	0.404	2	2	2.308
1295	delighted	15059	0.202	1	1	2.305
1296	Asleep	15079	0.203	1	1	2.303
1297	ALE	15087	0.203	1	1	2.302
1298	deep	75511	1.015	5	3	2.3
1299	function	15109	0.203	1	1	2.3
1300	Gentlemen	60495	0.813	4	2	2.298
1301	derived	30259	0.407	2	2	2.298
1302	begins	45496	0.612	3	2	2.294
1303	total	15196	0.204	1	1	2.291
1304	woman	183598	2.468	12	12	2.282
1305	grown	45966	0.618	3	2	2.28
1306	wretched	30683	0.412	2	1	2.278
1307	speeches	30693	0.413	2	2	2.277
1308	Escaped	30716	0.413	2	2	2.276
1309	base	61654	0.829	4	4	2.271
1310	ruined	15482	0.208	1	1	2.265
1311	tear	15500	0.208	1	1	2.263
1312	Kent	15502	0.208	1	1	2.263
1313	brains	15509	0.209	1	1	2.262
1314	dress	15539	0.209	1	1	2.259
1315	Hos.	15549	0.209	1	1	2.258
1316	cool	15557	0.209	1	1	2.258
1317	condemnation	31282	0.421	2	2	2.25
1318	shame	94222	1.267	6	6	2.244
1319	drinks	15747	0.212	1	1	2.24
1320	company	157530	2.118	10	9	2.24
1321	sayings	15782	0.212	1	1	2.237
1322	bringeth	31606	0.425	2	1	2.235
1323	devil	190658	2.563	12	6	2.227
1324	Millions	15911	0.214	1	1	2.225
1325	hang	31830	0.428	2	2	2.225
1326	slay	15920	0.214	1	1	2.224
1327	dost	31931	0.429	2	2	2.22
1328	Erroneous	15970	0.215	1	1	2.22
1329	damnation	32064	0.431	2	2	2.214
1330	nihil	32088	0.431	2	2	2.213
1331	door	64326	0.865	4	3	2.21
1332	Ox	16129	0.217	1	1	2.206
1333	bosom	32336	0.435	2	2	2.202
1334	purchase	32356	0.435	2	2	2.201
1335	deaths	16238	0.218	1	1	2.196
1336	purse	16277	0.219	1	1	2.192
1337	ten	130362	1.752	8	8	2.191
1338	worshipped	32660	0.439	2	2	2.188
1339	silly	16358	0.22	1	1	2.185
1340	penny	16458	0.221	1	1	2.177
1341	Peoples	33008	0.444	2	2	2.172
1342	Joan	16538	0.222	1	1	2.169
1343	17.	83120	1.117	5	5	2.162
1344	unfortunate	16639	0.224	1	1	2.16
1345	phrase	33297	0.448	2	2	2.16
1346	dearest	16664	0.224	1	1	2.158
1347	cousin	16703	0.225	1	1	2.155
1348	burnt	50113	0.674	3	3	2.155
1349	bestow	33438	0.45	2	2	2.154
1350	goes	100413	1.35	6	3	2.152
1351	hat	16807	0.226	1	1	2.146
1352	seals	16820	0.226	1	1	2.145
1353	songs	16823	0.226	1	1	2.145
1354	reckoning	16862	0.227	1	1	2.141
1355	fare	16902	0.227	1	1	2.138
1356	lodged	16921	0.227	1	1	2.137
1357	threatening	16952	0.228	1	1	2.134
1358	shadows	17017	0.229	1	1	2.128
1359	create	17018	0.229	1	1	2.128
1360	cleared	17054	0.229	1	1	2.125
1361	bred	34100	0.458	2	2	2.125
1362	estimation	17074	0.23	1	1	2.123
1363	correction	17092	0.23	1	1	2.122
1364	rid	17118	0.23	1	1	2.12
1365	separation	34334	0.462	2	2	2.116
1366	Dinner	17207	0.231	1	1	2.112
1367	prize	17204	0.231	1	1	2.112
1368	ornaments	17222	0.232	1	1	2.111
1369	yields	17327	0.233	1	1	2.102
1370	reproach	34657	0.466	2	2	2.102
1371	expedition	17374	0.234	1	1	2.099
1372	deceitful	17392	0.234	1	1	2.097
1373	accursed	17442	0.235	1	1	2.092
1374	bliss	17471	0.235	1	1	2.09
1375	hungry	17551	0.236	1	1	2.084
1376	Gall	17567	0.236	1	1	2.083
1377	renounce	17583	0.236	1	1	2.081
1378	calling	105619	1.42	6	6	2.079
1379	relating	17639	0.237	1	1	2.076
1380	forgot	17706	0.238	1	1	2.071
1381	chiefest	35418	0.476	2	1	2.071
1382	fate	35533	0.478	2	1	2.066
1383	rejoicing	17783	0.239	1	1	2.065
1384	furnish	17840	0.24	1	1	2.06
1385	Baptist	17847	0.24	1	1	2.059
1386	Stage	17895	0.241	1	1	2.056
1387	Naples	17948	0.241	1	1	2.051
1388	betrayed	18001	0.242	1	1	2.047
1389	Monastery	18026	0.242	1	1	2.045
1390	Luther	36123	0.486	2	2	2.042
1391	defiled	18090	0.243	1	1	2.04
1392	marked	18201	0.245	1	1	2.031
1393	spite	18225	0.245	1	1	2.029
1394	Paris	54729	0.736	3	3	2.028
1395	mon	18249	0.245	1	1	2.027
1396	Call	328774	4.419	18	17	2.026
1397	redeem	18342	0.247	1	1	2.02
1398	vicious	18428	0.248	1	1	2.013
1399	quoth	36867	0.496	2	2	2.013
1400	Modest	18444	0.248	1	1	2.012
1401	Alexandria	18524	0.249	1	1	2.006
1402	lets	18569	0.25	1	1	2.002
1403	turn	167524	2.252	9	4	1.999
1404	apprehended	18626	0.25	1	1	1.998
1405	Spend	37287	0.501	2	2	1.997
1406	monstrous	18738	0.252	1	1	1.989
1407	Intercession	18741	0.252	1	1	1.989
1408	judging	18760	0.252	1	1	1.987
1409	Plagues	18774	0.252	1	1	1.986
1410	traitor	18785	0.253	1	1	1.986
1411	vengeance	37813	0.508	2	2	1.976
1412	Adorned	18908	0.254	1	1	1.976
1413	54	18918	0.254	1	1	1.975
1414	loves	76043	1.022	4	4	1.968
1415	continues	19061	0.256	1	1	1.965
1416	humbled	19062	0.256	1	1	1.965
1417	companion	19107	0.257	1	1	1.961
1418	intolerable	19128	0.257	1	1	1.96
1419	WIVES	57399	0.772	3	3	1.959
1420	beauty	95667	1.286	5	5	1.959
1421	horrid	19167	0.258	1	1	1.957
1422	FINIS	38468	0.517	2	2	1.951
1423	Dukes	19254	0.259	1	1	1.95
1424	lies	96467	1.297	5	4	1.947
1425	throat	19344	0.26	1	1	1.943
1426	18.	77389	1.04	4	4	1.943
1427	dare	135920	1.827	7	5	1.938
1428	breasts	19504	0.262	1	1	1.931
1429	gain	78199	1.051	4	4	1.928
1430	horror	19604	0.264	1	1	1.924
1431	wait	59233	0.796	3	3	1.914
1432	lively	39523	0.531	2	2	1.912
1433	contend	19790	0.266	1	1	1.911
1434	purged	19881	0.267	1	1	1.904
1435	reputed	19893	0.267	1	1	1.903
1436	plead	39869	0.536	2	2	1.9
1437	fashion	39934	0.537	2	2	1.898
1438	nought	39966	0.537	2	2	1.896
1439	earnestly	40049	0.538	2	2	1.894
1440	confessed	40109	0.539	2	2	1.891
1441	careless	20099	0.27	1	1	1.888
1442	tenant	20114	0.27	1	1	1.887
1443	replied	40276	0.541	2	2	1.885
1444	runs	40288	0.542	2	2	1.885
1445	Constable	20148	0.271	1	1	1.885
1446	Roman	141472	1.902	7	6	1.88
1447	deceive	40456	0.544	2	2	1.879
1448	wanton	20242	0.272	1	1	1.878
1449	breath	60807	0.817	3	3	1.876
1450	Car	20342	0.273	1	1	1.871
1451	nere	20350	0.274	1	1	1.87
1452	praised	20375	0.274	1	1	1.868
1453	adore	20395	0.274	1	1	1.867
1454	walked	20392	0.274	1	1	1.867
1455	enjoined	20491	0.275	1	1	1.86
1456	burned	20536	0.276	1	1	1.857
1457	wine	164447	2.211	8	8	1.856
1458	wild	61696	0.829	3	2	1.855
1459	leith	20613	0.277	1	1	1.852
1460	curse	61992	0.833	3	1	1.848
1461	renowned	20682	0.278	1	1	1.847
1462	openly	41440	0.557	2	2	1.844
1463	wages	20748	0.279	1	1	1.842
1464	breaks	20777	0.279	1	1	1.84
1465	Scholars	20859	0.28	1	1	1.834
1466	money	188212	2.53	9	8	1.831
1467	embrace	41941	0.564	2	2	1.827
1468	pity	62915	0.846	3	1	1.827
1469	becomes	41957	0.564	2	2	1.826
1470	ne'er	20984	0.282	1	1	1.826
1471	foes	20990	0.282	1	1	1.826
1472	companies	21012	0.282	1	1	1.824
1473	Gates	42043	0.565	2	2	1.823
1474	Oh	126299	1.698	6	5	1.821
1475	superstitious	21092	0.284	1	1	1.819
1476	prays	21111	0.284	1	1	1.817
1477	fight	105643	1.42	5	5	1.816
1478	fighting	21135	0.284	1	1	1.816
1479	market	21236	0.286	1	1	1.808
1480	fee	21237	0.286	1	1	1.808
1481	Progress	21299	0.286	1	1	1.804
1482	Deuteronomy	64271	0.864	3	2	1.796
1483	bore	21455	0.288	1	1	1.794
1484	presented	43069	0.579	2	2	1.789
1485	idle	43098	0.579	2	2	1.788
1486	confesses	21697	0.292	1	1	1.778
1487	ca	21771	0.293	1	1	1.773
1488	penance	21774	0.293	1	1	1.773
1489	?	2527462	33.974	116	52	1.772
1490	women	152987	2.056	7	7	1.767
1491	spread	43759	0.588	2	2	1.766
1492	jealousy	21960	0.295	1	1	1.76
1493	tempted	22002	0.296	1	1	1.758
1494	yours	44031	0.592	2	2	1.757
1495	ring	22029	0.296	1	1	1.756
1496	Canterbury	22219	0.299	1	1	1.743
1497	got	88984	1.196	4	4	1.742
1498	sweat	22452	0.302	1	1	1.728
1499	Blasphemy	22486	0.302	1	1	1.726
1500	a	14471665	194.526	641	208	1.72
1501	Spouse	22595	0.304	1	1	1.719
1502	chance	45225	0.608	2	1	1.718
1503	scandal	22639	0.304	1	1	1.716
1504	lived	113584	1.527	5	3	1.711
1505	begun	45469	0.611	2	2	1.71
1506	Dreams	22740	0.306	1	1	1.71
1507	attained	22823	0.307	1	1	1.705
1508	fingers	22825	0.307	1	1	1.705
1509	fulfil	22851	0.307	1	1	1.703
1510	contention	22937	0.308	1	1	1.698
1511	Traditions	22980	0.309	1	1	1.695
1512	w	23074	0.31	1	1	1.689
1513	prevented	23152	0.311	1	1	1.684
1514	wisely	23259	0.313	1	1	1.678
1515	vice	46611	0.627	2	2	1.675
1516	stroke	23344	0.314	1	1	1.672
1517	beholding	23445	0.315	1	1	1.666
1518	hopes	70348	0.946	3	2	1.666
1519	46	23507	0.316	1	1	1.662
1520	newly	23582	0.317	1	1	1.657
1521	rightly	47299	0.636	2	2	1.653
1522	dwell	70987	0.954	3	1	1.653
1523	Offers	23765	0.319	1	1	1.647
1524	bad	95210	1.28	4	4	1.644
1525	sat	47715	0.641	2	2	1.641
1526	bring	310345	4.172	13	9	1.64
1527	seldom	47805	0.643	2	2	1.638
1528	seeming	23944	0.322	1	1	1.635
1529	rob	23959	0.322	1	1	1.634
1530	worst	48340	0.65	2	2	1.622
1531	seven	120863	1.625	5	5	1.622
1532	dyed	48358	0.65	2	2	1.621
1533	whiles	24191	0.325	1	1	1.621
1534	behind	73039	0.982	3	3	1.611
1535	pull	24362	0.328	1	1	1.61
1536	noted	48905	0.657	2	1	1.605
1537	seeks	24462	0.329	1	1	1.605
1538	complaint	24586	0.331	1	1	1.597
1539	allege	24686	0.332	1	1	1.592
1540	infinitely	24693	0.332	1	1	1.591
1541	lights	24751	0.333	1	1	1.588
1542	alive	49526	0.666	2	2	1.587
1543	appoint	24775	0.333	1	1	1.586
1544	wherewith	74362	1	3	3	1.586
1545	telling	24804	0.333	1	1	1.585
1546	faithfully	24842	0.334	1	1	1.583
1547	admiration	24957	0.336	1	1	1.576
1548	companions	24999	0.336	1	1	1.573
1549	straight	50023	0.672	2	2	1.573
1550	admit	50054	0.673	2	2	1.572
1551	heresies	25260	0.34	1	1	1.559
1552	Posterity	50699	0.682	2	2	1.553
1553	excess	25352	0.341	1	1	1.553
1554	content	101607	1.366	4	4	1.55
1555	Greece	25403	0.342	1	1	1.55
1556	sex	25550	0.343	1	1	1.542
1557	fellow	51208	0.688	2	2	1.539
1558	clothed	25607	0.344	1	1	1.539
1559	kept	180349	2.424	7	5	1.53
1560	murder	51605	0.694	2	2	1.528
1561	Salomon	25808	0.347	1	1	1.527
1562	Numb	25825	0.347	1	1	1.527
1563	approach	25826	0.347	1	1	1.527
1564	imperial	25835	0.347	1	1	1.526
1565	reject	25965	0.349	1	1	1.519
1566	credit	77984	1.048	3	3	1.517
1567	bible	26071	0.35	1	1	1.513
1568	lover	26112	0.351	1	1	1.51
1569	looks	52264	0.703	2	1	1.509
1570	instead	52525	0.706	2	2	1.502
1571	won	26265	0.353	1	1	1.502
1572	sit	131502	1.768	5	5	1.5
1573	whereupon	78977	1.062	3	3	1.499
1574	Matthew	26367	0.354	1	1	1.497
1575	ass	26382	0.355	1	1	1.496
1576	grave	79381	1.067	3	3	1.491
1577	attended	26513	0.356	1	1	1.488
1578	suddenly	53066	0.713	2	2	1.487
1579	lays	26622	0.358	1	1	1.483
1580	wonders	26646	0.358	1	1	1.481
1581	list	26655	0.358	1	1	1.481
1582	abroad	80124	1.077	3	3	1.478
1583	deadly	26719	0.359	1	1	1.477
1584	mouth	161086	2.165	6	4	1.47
1585	Lovers	26913	0.362	1	1	1.467
1586	leads	26956	0.362	1	1	1.465
1587	courses	27018	0.363	1	1	1.461
1588	Herb	27028	0.363	1	1	1.461
1589	Virgin	54072	0.727	2	2	1.46
1590	profession	81244	1.092	3	3	1.458
1591	Israel	162651	2.186	6	5	1.456
1592	great	1790493	24.068	66	35	1.455
1593	served	54417	0.732	2	2	1.451
1594	Du	27270	0.367	1	1	1.448
1595	cited	27323	0.367	1	1	1.445
1596	school	27359	0.368	1	1	1.443
1597	44	27360	0.368	1	1	1.443
1598	dishonour	27449	0.369	1	1	1.438
1599	bold	54959	0.739	2	1	1.437
1600	Stone	110110	1.48	4	1	1.434
1601	Adversary	27551	0.37	1	1	1.433
1602	rate	27565	0.371	1	1	1.432
1603	countenance	55145	0.741	2	2	1.432
1604	casting	27623	0.371	1	1	1.429
1605	boy	27639	0.372	1	1	1.429
1606	Dutch	27740	0.373	1	1	1.423
1607	judgement	111780	1.503	4	4	1.413
1608	unhappy	27954	0.376	1	1	1.412
1609	Woe	28149	0.378	1	1	1.402
1610	worlds	28162	0.379	1	1	1.402
1611	thirst	28225	0.379	1	1	1.398
1612	diet	28239	0.38	1	1	1.397
1613	stands	85073	1.144	3	3	1.392
1614	48	28384	0.382	1	1	1.39
1615	simply	28498	0.383	1	1	1.384
1616	narrow	28532	0.384	1	1	1.383
1617	punishments	28582	0.384	1	1	1.38
1618	young	171502	2.305	6	6	1.38
1619	equity	28671	0.385	1	1	1.376
1620	joined	86338	1.161	3	2	1.37
1621	crimes	28899	0.389	1	1	1.364
1622	fame	57875	0.778	2	2	1.362
1623	borne	86876	1.168	3	2	1.361
1624	32.	28995	0.39	1	1	1.36
1625	dealing	28989	0.39	1	1	1.36
1626	's	1833403	24.644	63	34	1.354
1627	keeping	58223	0.783	2	2	1.354
1628	hills	29127	0.392	1	1	1.353
1629	plot	29203	0.393	1	1	1.349
1630	Simon	29226	0.393	1	1	1.348
1631	knowing	87901	1.182	3	3	1.344
1632	shown	29305	0.394	1	1	1.344
1633	paid	58812	0.791	2	1	1.339
1634	spoken	147126	1.978	5	5	1.338
1635	terms	88303	1.187	3	3	1.338
1636	Devils	59091	0.794	2	2	1.332
1637	called	768363	10.328	26	22	1.332
1638	captivity	29583	0.398	1	1	1.33
1639	banished	29658	0.399	1	1	1.327
1640	amiss	29662	0.399	1	1	1.327
1641	covetousness	29703	0.399	1	1	1.324
1642	pretty	29773	0.4	1	1	1.321
1643	23.	59639	0.802	2	2	1.319
1644	publicly	29824	0.401	1	1	1.319
1645	doors	29993	0.403	1	1	1.31
1646	quiet	60323	0.811	2	2	1.302
1647	follow	211834	2.847	7	7	1.298
1648	veins	30344	0.408	1	1	1.294
1649	lot	30426	0.409	1	1	1.29
1650	assist	30549	0.411	1	1	1.284
1651	mothers	30565	0.411	1	1	1.283
1652	anointed	30642	0.412	1	1	1.28
1653	bought	30717	0.413	1	1	1.276
1654	join	61462	0.826	2	2	1.275
1655	opposed	30763	0.414	1	1	1.274
1656	Popery	30936	0.416	1	1	1.266
1657	consumed	31042	0.417	1	1	1.261
1658	night	217853	2.928	7	6	1.257
1659	execute	31219	0.42	1	1	1.253
1660	reported	31227	0.42	1	1	1.253
1661	Whose	468798	6.302	15	10	1.251
1662	vein	31281	0.421	1	1	1.25
1663	beautiful	31363	0.422	1	1	1.246
1664	yearly	31375	0.422	1	1	1.246
1665	complete	31387	0.422	1	1	1.245
1666	history	94546	1.271	3	2	1.239
1667	draws	31643	0.425	1	1	1.233
1668	pressed	31691	0.426	1	1	1.231
1669	does	222564	2.992	7	3	1.226
1670	vow	31839	0.428	1	1	1.224
1671	Carnal	63756	0.857	2	1	1.223
1672	Composed	31899	0.429	1	1	1.222
1673	admirable	31909	0.429	1	1	1.221
1674	spoke	31965	0.43	1	1	1.219
1675	represented	31976	0.43	1	1	1.218
1676	led	64006	0.86	2	2	1.217
1677	gives	192161	2.583	6	5	1.216
1678	cries	32046	0.431	1	1	1.215
1679	false	224466	3.017	7	7	1.214
1680	dogs	32101	0.432	1	1	1.213
1681	eaten	32125	0.432	1	1	1.212
1682	has	321926	4.327	10	6	1.208
1683	leaves	96805	1.301	3	2	1.205
1684	College	32308	0.434	1	1	1.203
1685	Jewish	32387	0.435	1	1	1.2
1686	begin	97196	1.307	3	3	1.199
1687	constant	64819	0.871	2	1	1.199
1688	avoid	65191	0.876	2	2	1.191
1689	Commended	32663	0.439	1	1	1.187
1690	fought	32796	0.441	1	1	1.182
1691	lying	65748	0.884	2	2	1.178
1692	Common-wealth	32931	0.443	1	1	1.176
1693	did	1515759	20.375	46	19	1.175
1694	quarrel	32992	0.444	1	1	1.173
1695	Gentleman	66021	0.887	2	2	1.172
1696	believes	33035	0.444	1	1	1.171
1697	leave	264688	3.558	8	5	1.169
1698	soon	198528	2.669	6	6	1.169
1699	chose	33127	0.445	1	1	1.167
1700	meet	132574	1.782	4	3	1.167
1701	ch.	33232	0.447	1	1	1.163
1702	beloved	66576	0.895	2	2	1.16
1703	thou	1398203	18.794	42	29	1.16
1704	perhaps	99958	1.344	3	3	1.159
1705	suffered	100182	1.347	3	3	1.156
1706	strive	33448	0.45	1	1	1.153
1707	marks	33471	0.45	1	1	1.152
1708	Prophet	133904	1.8	4	4	1.152
1709	agreement	33513	0.451	1	1	1.15
1710	shore	33521	0.451	1	1	1.15
1711	language	67133	0.902	2	1	1.148
1712	suit	33605	0.452	1	1	1.147
1713	lie	168129	2.26	5	5	1.146
1714	favour	168241	2.262	5	5	1.145
1715	race	33650	0.452	1	1	1.145
1716	triumph	33934	0.456	1	1	1.133
1717	Spanish	34036	0.458	1	1	1.128
1718	fair	204535	2.749	6	5	1.126
1719	advanced	34128	0.459	1	1	1.124
1720	Support	34167	0.459	1	1	1.122
1721	Poet	34204	0.46	1	1	1.121
1722	professed	34256	0.461	1	1	1.119
1723	Item	34287	0.461	1	1	1.117
1724	relief	34491	0.464	1	1	1.109
1725	n't	34507	0.464	1	1	1.108
1726	partly	69033	0.928	2	2	1.108
1727	old	414305	5.569	12	11	1.108
1728	dreadful	34583	0.465	1	1	1.105
1729	scorn	34703	0.467	1	1	1.1
1730	fools	35223	0.474	1	1	1.079
1731	sends	35230	0.474	1	1	1.078
1732	delights	35263	0.474	1	1	1.077
1733	Monsieur	35326	0.475	1	1	1.075
1734	paper	35460	0.477	1	1	1.069
1735	return	177443	2.385	5	5	1.068
1736	pay	106691	1.434	3	2	1.065
1737	utterly	71440	0.96	2	2	1.058
1738	stock	35766	0.481	1	1	1.056
1739	buy	35853	0.482	1	1	1.053
1740	engaged	35885	0.482	1	1	1.052
1741	makes	359288	4.83	10	9	1.05
1742	trade	71989	0.968	2	2	1.047
1743	double	72073	0.969	2	2	1.046
1744	temptations	36113	0.485	1	1	1.043
1745	corrupted	36122	0.486	1	1	1.042
1746	knows	144623	1.944	4	4	1.041
1747	eat	145185	1.952	4	4	1.035
1748	advance	36366	0.489	1	1	1.033
1749	Citizens	36524	0.491	1	1	1.026
1750	Garden	36538	0.491	1	1	1.026
1751	heretofore	36652	0.493	1	1	1.021
1752	prove	220093	2.959	6	5	1.02
1753	resolve	36730	0.494	1	1	1.018
1754	subtle	36810	0.495	1	1	1.015
1755	overthrow	36900	0.496	1	1	1.012
1756	Merchants	36943	0.497	1	1	1.01
1757	bright	36946	0.497	1	1	1.01
1758	clothes	36950	0.497	1	1	1.01
1759	Constitution	37019	0.498	1	1	1.007
1760	warm	37060	0.498	1	1	1.005
1761	want	185706	2.496	5	5	1.002
1762	quite	74671	1.004	2	2	0.995
1763	hell	149518	2.01	4	3	0.993
1764	D.	149564	2.01	4	3	0.993
1765	open	187653	2.522	5	5	0.987
1766	make	1313915	17.662	35	28	0.987
1767	censure	37706	0.507	1	1	0.981
1768	hereafter	76216	1.025	2	2	0.965
1769	speaks	153099	2.058	4	3	0.959
1770	cast	229673	3.087	6	6	0.959
1771	tyranny	38301	0.515	1	1	0.958
1772	faults	38509	0.518	1	1	0.95
1773	unless	154621	2.078	4	4	0.945
1774	deserved	38662	0.52	1	1	0.944
1775	specially	38732	0.521	1	1	0.942
1776	cloth	38753	0.521	1	1	0.941
1777	drew	38764	0.521	1	1	0.94
1778	customs	39001	0.524	1	1	0.932
1779	length	117029	1.573	3	3	0.931
1780	memory	78094	1.05	2	2	0.93
1781	Gen.	118079	1.587	3	2	0.918
1782	atque	39364	0.529	1	1	0.918
1783	turns	39404	0.53	1	1	0.917
1784	followed	79683	1.071	2	2	0.901
1785	governed	39923	0.537	1	1	0.898
1786	terrible	39921	0.537	1	1	0.898
1787	blow	39917	0.537	1	1	0.898
1788	looking	40123	0.539	1	1	0.891
1789	waste	40248	0.541	1	1	0.886
1790	helps	40261	0.541	1	1	0.886
1791	back	161359	2.169	4	3	0.883
1792	respects	40341	0.542	1	1	0.883
1793	mere	80762	1.086	2	2	0.882
1794	Kings	363629	4.888	9	9	0.881
1795	arts	40476	0.544	1	1	0.878
1796	fain	40564	0.545	1	1	0.875
1797	provide	40597	0.546	1	1	0.874
1798	mean	244094	3.281	6	6	0.871
1799	courts	40732	0.548	1	1	0.869
1800	house	407406	5.476	10	10	0.869
1801	govern	40926	0.55	1	1	0.862
1802	takes	123079	1.654	3	2	0.859
1803	crime	41026	0.552	1	1	0.859
1804	Sell	41041	0.552	1	1	0.858
1805	past	123448	1.659	3	3	0.854
1806	Priest	123560	1.661	3	3	0.853
1807	sir	371184	4.989	9	7	0.851
1808	Solomon	41245	0.554	1	1	0.851
1809	passages	41310	0.555	1	1	0.849
1810	"	41388	0.556	1	1	0.846
1811	approved	41404	0.557	1	1	0.846
1812	honey	41845	0.563	1	1	0.83
1813	policy	41924	0.564	1	1	0.828
1814	amongst	251926	3.386	6	4	0.825
1815	roots	42047	0.565	1	1	0.823
1816	grief	84127	1.131	2	1	0.823
1817	running	42083	0.566	1	1	0.822
1818	nor	1146191	15.407	27	19	0.809
1819	Verily	42479	0.571	1	1	0.808
1820	infants	42501	0.571	1	1	0.808
1821	tell	255280	3.431	6	5	0.806
1822	justify	42569	0.572	1	1	0.805
1823	Although	212964	2.863	5	3	0.805
1824	precious	85205	1.145	2	2	0.804
1825	utter	42614	0.573	1	1	0.804
1826	cursed	42622	0.573	1	1	0.804
1827	Rent	42785	0.575	1	1	0.798
1828	like	1070087	14.384	25	21	0.797
1829	sect	42803	0.575	1	1	0.797
1830	Adds	42811	0.576	1	1	0.797
1831	thee	728077	9.787	17	13	0.797
1832	ended	42908	0.577	1	1	0.794
1833	haste	258415	3.474	6	5	0.789
1834	frequent	43207	0.581	1	1	0.784
1835	Doctors	43227	0.581	1	1	0.783
1836	named	86879	1.168	2	2	0.776
1837	sure	217623	2.925	5	5	0.773
1838	Judge	262867	3.533	6	5	0.764
1839	humbly	44038	0.592	1	1	0.756
1840	womb	44083	0.593	1	1	0.755
1841	grows	44157	0.594	1	1	0.752
1842	notes	44287	0.595	1	1	0.748
1843	poison	44407	0.597	1	1	0.744
1844	how	1244740	16.732	28	13	0.743
1845	reputation	44574	0.599	1	1	0.739
1846	17	133873	1.8	3	3	0.737
1847	gotten	44665	0.6	1	1	0.736
1848	destruction	89423	1.202	2	2	0.735
1849	member	44721	0.601	1	1	0.734
1850	poor	313465	4.214	7	5	0.732
1851	care	224334	3.016	5	5	0.73
1852	opposition	44888	0.603	1	1	0.729
1853	bid	45051	0.606	1	1	0.724
1854	skill	45072	0.606	1	1	0.723
1855	skin	45425	0.611	1	1	0.712
1856	stead	45532	0.612	1	1	0.708
1857	main	45562	0.612	1	1	0.707
1858	preserved	45565	0.613	1	1	0.707
1859	wisdom	228022	3.065	5	1	0.706
1860	away	504942	6.787	11	6	0.697
1861	25	91872	1.235	2	2	0.696
1862	fled	45957	0.618	1	1	0.695
1863	expected	45982	0.618	1	1	0.694
1864	Angry	46285	0.622	1	1	0.685
1865	once	277740	3.733	6	4	0.685
1866	Besides	231481	3.112	5	5	0.684
1867	am	509469	6.848	11	6	0.684
1868	strange	139257	1.872	3	2	0.68
1869	heads	93035	1.251	2	2	0.677
1870	holds	46539	0.626	1	1	0.677
1871	love	838220	11.267	18	8	0.676
1872	Vide	46586	0.626	1	1	0.675
1873	gate	46617	0.627	1	1	0.674
1874	still	373001	5.014	8	6	0.674
1875	powerful	46660	0.627	1	1	0.673
1876	Madam	46920	0.631	1	1	0.665
1877	state	329799	4.433	7	5	0.659
1878	Wall	47250	0.635	1	1	0.655
1879	following	142882	1.921	3	3	0.643
1880	suffer	191145	2.569	4	4	0.639
1881	gentle	47820	0.643	1	1	0.638
1882	33	47833	0.643	1	1	0.637
1883	spiritual	239256	3.216	5	4	0.637
1884	Fury	47909	0.644	1	1	0.635
1885	hath	1823449	24.511	38	28	0.633
1886	home	144093	1.937	3	2	0.631
1887	me	1731164	23.27	36	23	0.63
1888	frame	48094	0.647	1	1	0.629
1889	warrant	48147	0.647	1	1	0.628
1890	doth	963309	12.949	20	12	0.627
1891	fountain	48192	0.648	1	1	0.626
1892	quickly	48204	0.648	1	1	0.626
1893	puts	48280	0.649	1	1	0.624
1894	Philip	48328	0.65	1	1	0.622
1895	Redemption	48353	0.65	1	1	0.621
1896	speaking	96859	1.302	2	2	0.619
1897	Come	1165618	15.668	24	17	0.615
1898	Enter	145726	1.959	3	2	0.615
1899	working	48604	0.653	1	1	0.614
1900	on	1948583	26.193	40	31	0.611
1901	now	1519152	20.42	31	14	0.602
1902	mischief	49083	0.66	1	1	0.6
1903	tells	98449	1.323	2	2	0.596
1904	brought	394377	5.301	8	7	0.594
1905	Hatred	49444	0.665	1	1	0.589
1906	cruelty	49468	0.665	1	1	0.589
1907	forget	49494	0.665	1	1	0.588
1908	Shall	2624249	35.275	53	36	0.587
1909	you	3714542	49.93	75	39	0.587
1910	neighbour	49578	0.666	1	1	0.586
1911	Image	99324	1.335	2	2	0.583
1912	golden	49785	0.669	1	1	0.579
1913	Write	99970	1.344	2	2	0.574
1914	belly	50036	0.673	1	1	0.572
1915	sets	50272	0.676	1	1	0.566
1916	province	50494	0.679	1	1	0.559
1917	treasure	50519	0.679	1	1	0.558
1918	7.	151741	2.04	3	3	0.557
1919	my	2492426	33.503	49	30	0.549
1920	covered	50980	0.685	1	1	0.545
1921	commit	51155	0.688	1	1	0.54
1922	ROBERT	51164	0.688	1	1	0.54
1923	suffering	51201	0.688	1	1	0.539
1924	seat	51212	0.688	1	1	0.539
1925	prophecy	51210	0.688	1	1	0.539
1926	la	204980	2.755	4	2	0.538
1927	g.	51419	0.691	1	1	0.533
1928	fill	51476	0.692	1	1	0.531
1929	receiving	51659	0.694	1	1	0.526
1930	Sweet	155475	2.09	3	3	0.522
1931	chamber	51849	0.697	1	1	0.521
1932	son	570683	7.671	11	9	0.52
1933	thousand	207672	2.792	4	4	0.519
1934	Pro	103839	1.396	2	2	0.519
1935	possessed	51998	0.699	1	1	0.517
1936	ordered	52104	0.7	1	1	0.514
1937	many	1356675	18.236	26	24	0.512
1938	Green	52193	0.702	1	1	0.511
1939	I	6187300	83.169	118	66	0.505
1940	pain	105190	1.414	2	2	0.5
1941	observation	52617	0.707	1	1	0.5
1942	who	2315377	31.123	44	34	0.5
1943	having	579260	7.786	11	8	0.498
1944	pride	105444	1.417	2	2	0.497
1945	foolish	52888	0.711	1	1	0.492
1946	loving	52941	0.712	1	1	0.491
1947	search	52998	0.712	1	1	0.489
1948	b	106037	1.425	2	1	0.489
1949	Popish	53150	0.714	1	1	0.485
1950	your	2073026	27.865	39	27	0.485
1951	neglect	53187	0.715	1	1	0.484
1952	&c	479189	6.441	9	8	0.483
1953	Church	1175787	15.805	22	19	0.477
1954	with	6743369	90.643	126	65	0.475
1955	wound	53525	0.72	1	1	0.475
1956	Break	107397	1.444	2	2	0.47
1957	mighty	107406	1.444	2	2	0.47
1958	writes	53733	0.722	1	1	0.469
1959	thy	1346327	18.097	25	18	0.466
1960	conversation	53957	0.725	1	1	0.463
1961	treason	53972	0.726	1	1	0.463
1962	public	215912	2.902	4	4	0.463
1963	bears	54088	0.727	1	1	0.46
1964	O	541781	7.283	10	9	0.457
1965	desired	108540	1.459	2	1	0.455
1966	sheweth	54422	0.732	1	1	0.451
1967	say	1089806	14.649	20	15	0.449
1968	fol.	54629	0.734	1	1	0.446
1969	te	54632	0.734	1	1	0.445
1970	;	9536348	128.186	174	85	0.441
1971	brings	54834	0.737	1	1	0.44
1972	willingly	54908	0.738	1	1	0.438
1973	Iron	55040	0.74	1	1	0.435
1974	mentioned	110171	1.481	2	2	0.434
1975	will	2993503	40.238	54	35	0.424
1976	better	443737	5.965	8	8	0.424
1977	this	6548918	88.03	118	57	0.423
1978	sore	55646	0.748	1	1	0.419
1979	sold	55694	0.749	1	1	0.418
1980	Court	223217	3.001	4	4	0.415
1981	Satan	111662	1.501	2	2	0.414
1982	feed	55845	0.751	1	1	0.414
1983	Sixth	55973	0.752	1	1	0.41
1984	heard	225126	3.026	4	4	0.403
1985	try	56352	0.758	1	1	0.401
1986	mountains	56383	0.758	1	1	0.4
1987	feast	56711	0.762	1	1	0.392
1988	satisfy	56748	0.763	1	1	0.391
1989	punishment	113533	1.526	2	2	0.39
1990	continual	56865	0.764	1	1	0.388
1991	Society	56880	0.765	1	1	0.387
1992	Idolatry	57073	0.767	1	1	0.382
1993	touch	57247	0.77	1	1	0.378
1994	houses	114523	1.539	2	2	0.378
1995	employed	57347	0.771	1	1	0.375
1996	committed	115180	1.548	2	2	0.369
1997	become	172873	2.324	3	3	0.369
1998	stomach	57673	0.775	1	1	0.367
1999	:	8018849	107.788	139	82	0.367
2000	arms	173309	2.33	3	3	0.365
2001	fallen	57829	0.777	1	1	0.363
2002	too	521045	7.004	9	8	0.362
2003	members	116122	1.561	2	2	0.358
2004	an	2497908	33.577	43	31	0.357
2005	Queen	174640	2.348	3	3	0.354
2006	whosoever	58235	0.783	1	1	0.353
2007	intent	58266	0.783	1	1	0.353
2008	shut	58420	0.785	1	1	0.349
2009	season	58435	0.786	1	1	0.348
2010	occasions	58514	0.787	1	1	0.346
2011	hope	292642	3.934	5	3	0.346
2012	giving	117136	1.575	2	2	0.345
2013	fire	294315	3.956	5	4	0.338
2014	Cardinal	58899	0.792	1	1	0.337
2015	Ceremonies	59141	0.795	1	1	0.331
2016	proved	118293	1.59	2	2	0.331
2017	command	177468	2.386	3	2	0.331
2018	certainly	118694	1.596	2	2	0.326
2019	Exod.	59405	0.799	1	1	0.325
2020	feel	59669	0.802	1	1	0.318
2021	term	59683	0.802	1	1	0.318
2022	'	59808	0.804	1	1	0.315
2023	the	59190422	795.629	987	268	0.311
2024	names	120160	1.615	2	2	0.308
2025	send	120341	1.618	2	2	0.306
2026	,	97296499	1307.846	1611	359	0.301
2027	let	968524	13.019	16	13	0.297
2028	21.	60549	0.814	1	1	0.297
2029	Mine	181777	2.443	3	3	0.296
2030	thus	788750	10.602	13	9	0.294
2031	name	607418	8.165	10	9	0.293
2032	excellency	60896	0.819	1	1	0.289
2033	found	426408	5.732	7	3	0.288
2034	Civil	121918	1.639	2	2	0.287
2035	.	39047260	524.868	640	169	0.286
2036	graces	61202	0.823	1	1	0.282
2037	ere	61209	0.823	1	1	0.281
2038	heed	61679	0.829	1	1	0.27
2039	along	61778	0.83	1	1	0.268
2040	ce	62075	0.834	1	1	0.261
2041	assured	62135	0.835	1	1	0.26
2042	Italy	62147	0.835	1	1	0.259
2043	pleasure	186565	2.508	3	2	0.259
2044	changed	62232	0.837	1	1	0.258
2045	study	62659	0.842	1	1	0.248
2046	understood	125485	1.687	2	2	0.246
2047	opened	62767	0.844	1	1	0.245
2048	inhabitants	62803	0.844	1	1	0.244
2049	pleasures	62853	0.845	1	1	0.243
2050	Prison	63013	0.847	1	1	0.24
2051	rejoice	63078	0.848	1	1	0.238
2052	h	63235	0.85	1	1	0.234
2053	friends	189996	2.554	3	3	0.232
2054	sooner	63462	0.853	1	1	0.229
2055	long	571124	7.677	9	9	0.229
2056	ours	63665	0.856	1	1	0.225
2057	clean	63893	0.859	1	1	0.22
2058	freely	63939	0.86	1	1	0.218
2059	offence	64157	0.862	1	1	0.214
2060	chiefly	64176	0.863	1	1	0.213
2061	estates	64246	0.864	1	1	0.212
2062	taught	128541	1.728	2	2	0.211
2063	Yea	321813	4.326	5	4	0.209
2064	known	257669	3.464	4	3	0.208
2065	glorious	128843	1.732	2	2	0.208
2066	children	387096	5.203	6	6	0.206
2067	upon	2522161	33.903	39	27	0.202
2068	was	5179337	69.62	80	41	0.201
2069	2	973176	13.081	15	4	0.197
2070	months	65020	0.874	1	1	0.194
2071	22.	65112	0.875	1	1	0.192
2072	Gentiles	65128	0.875	1	1	0.192
2073	French	130315	1.752	2	2	0.191
2074	sacrifice	130353	1.752	2	2	0.191
2075	seed	130549	1.755	2	2	0.189
2076	Matth.	65563	0.881	1	1	0.182
2077	Rather	393402	5.288	6	6	0.182
2078	innocent	65570	0.881	1	1	0.182
2079	and	37698224	506.734	571	237	0.172
2080	or	6140246	82.536	93	54	0.172
2081	uses	66025	0.888	1	1	0.172
2082	went	264770	3.559	4	4	0.169
2083	married	66560	0.895	1	1	0.161
2084	Simple	66612	0.895	1	1	0.159
2085	HEre	866663	11.65	13	11	0.158
2086	go	533648	7.173	8	5	0.157
2087	please	133516	1.795	2	1	0.156
2088	issue	66951	0.9	1	1	0.152
2089	know	736780	9.904	11	10	0.151
2090	greatest	200955	2.701	3	3	0.151
2091	ease	66998	0.901	1	1	0.151
2092	sheep	67146	0.903	1	1	0.148
2093	most	1280269	17.209	19	17	0.143
2094	run	134767	1.812	2	2	0.143
2095	applied	67388	0.906	1	1	0.143
2096	private	134915	1.814	2	2	0.141
2097	v.	202373	2.72	3	2	0.141
2098	think	539870	7.257	8	6	0.141
2099	Then	2700348	36.298	40	34	0.14
2100	outward	135202	1.817	2	2	0.138
2101	Jacob	67737	0.911	1	1	0.135
2102	next	271507	3.65	4	4	0.132
2103	Alas	67915	0.913	1	1	0.131
2104	preserve	68009	0.914	1	1	0.129
2105	made	1503973	20.216	22	17	0.122
2106	remedy	68365	0.919	1	1	0.122
2107	been	1095200	14.722	16	14	0.12
2108	malice	68470	0.92	1	1	0.12
2109	Confession	68490	0.921	1	1	0.119
2110	No	2739631	36.826	40	28	0.119
2111	When	2343068	31.495	34	23	0.11
2112	worship	206782	2.78	3	3	0.11
2113	is	12301699	165.358	178	107	0.106
2114	n	69208	0.93	1	1	0.104
2115	bare	69451	0.934	1	1	0.099
2116	sent	348162	4.68	5	5	0.095
2117	used	278736	3.747	4	4	0.094
2118	sons	139530	1.876	2	2	0.093
2119	trees	69792	0.938	1	1	0.092
2120	flesh	279311	3.755	4	4	0.091
2121	Ghost	139834	1.88	2	2	0.09
2122	oft	69946	0.94	1	1	0.089
2123	shows	70001	0.941	1	1	0.088
2124	Princes	212093	2.851	3	3	0.074
2125	blood	426566	5.734	6	5	0.065
2126	die	284558	3.825	4	4	0.065
2127	whom	782727	10.521	11	11	0.064
2128	rich	142318	1.913	2	1	0.064
2129	Sam	71242	0.958	1	1	0.063
2130	showed	142959	1.922	2	2	0.058
2131	Doctor	71600	0.962	1	1	0.055
2132	passage	71972	0.967	1	1	0.048
2133	raise	72133	0.97	1	1	0.045
2134	forward	72541	0.975	1	1	0.036
2135	self	948089	12.744	13	12	0.029
2136	man	1972758	26.518	27	15	0.026
2137	F.	73082	0.982	1	1	0.026
2138	preached	73136	0.983	1	1	0.025
2139	out	1686345	22.668	23	16	0.021
2140	afterwards	146805	1.973	2	2	0.019
2141	wealth	73703	0.991	1	1	0.013
2142	see	961542	12.925	13	10	0.008
2143	wilt	74391	1	1	1	n/a
2144	Eye	149187	2.005	2	2	-0.004
2145	ruin	74606	1.003	1	1	-0.004
2146	writ	74728	1.005	1	1	-0.006
2147	get	149760	2.013	2	1	-0.009
2148	that	17465266	234.766	233	127	-0.011
2149	Commands	74993	1.008	1	1	-0.011
2150	servants	149996	2.016	2	2	-0.012
2151	enough	225014	3.025	3	3	-0.012
2152	effects	75047	1.009	1	1	-0.013
2153	last	450430	6.055	6	5	-0.013
2154	earth	451529	6.069	6	4	-0.017
2155	indeed	301803	4.057	4	4	-0.02
2156	agree	75479	1.015	1	1	-0.021
2157	City	377406	5.073	5	5	-0.021
2158	masters	75576	1.016	1	1	-0.023
2159	zeal	75709	1.018	1	1	-0.025
2160	Charles	75772	1.019	1	1	-0.026
2161	short	151930	2.042	2	2	-0.03
2162	Till	379902	5.107	5	4	-0.03
2163	Que	76061	1.022	1	1	-0.032
2164	Lords	228223	3.068	3	3	-0.032
2165	)	3126749	42.029	41	26	-0.036
2166	choice	76287	1.025	1	1	-0.036
2167	THere	2595192	34.884	34	26	-0.037
2168	formerly	76730	1.031	1	1	-0.045
2169	wish	76763	1.032	1	1	-0.045
2170	seeing	231216	3.108	3	3	-0.051
2171	plain	154580	2.078	2	2	-0.055
2172	Ship	77589	1.043	1	1	-0.061
2173	where	1086411	14.603	14	10	-0.061
2174	misery	77670	1.044	1	1	-0.062
2175	blind	77737	1.045	1	1	-0.063
2176	justly	77751	1.045	1	1	-0.064
2177	prepared	77762	1.045	1	1	-0.064
2178	27	77948	1.048	1	1	-0.067
2179	Sea	233892	3.144	3	2	-0.068
2180	loved	78391	1.054	1	1	-0.075
2181	pass	235903	3.171	3	3	-0.08
2182	father	550491	7.4	7	7	-0.08
2183	Egypt	78714	1.058	1	1	-0.081
2184	maintain	78757	1.059	1	1	-0.082
2185	rules	79185	1.064	1	1	-0.09
2186	lay	238823	3.21	3	2	-0.098
2187	sovereign	79906	1.074	1	1	-0.103
2188	Pope	240165	3.228	3	3	-0.106
2189	though	1040761	13.99	13	9	-0.106
2190	ears	80061	1.076	1	1	-0.106
2191	ends	80149	1.077	1	1	-0.108
2192	taken	481305	6.47	6	6	-0.109
2193	of	39170514	526.525	488	189	-0.11
2194	But	6983890	93.877	87	50	-0.11
2195	defend	80482	1.082	1	1	-0.113
2196	act	322490	4.335	4	4	-0.116
2197	lives	161569	2.172	2	2	-0.119
2198	he	9215356	123.872	114	57	-0.12
2199	sin	729699	9.809	9	8	-0.124
2200	14	162434	2.183	2	2	-0.127
2201	Religion	406309	5.462	5	5	-0.127
2202	sick	81507	1.096	1	1	-0.132
2203	thither	82005	1.102	1	1	-0.141
2204	religious	82272	1.106	1	1	-0.145
2205	his	9217642	123.902	112	53	-0.146
2206	take	907131	12.194	11	8	-0.149
2207	Be	9896153	133.023	120	83	-0.149
2208	BEcause	1157094	15.554	14	14	-0.152
2209	to	27864128	374.546	337	162	-0.152
2210	field	83221	1.119	1	1	-0.162
2211	lead	83367	1.121	1	1	-0.164
2212	seem	166761	2.242	2	2	-0.165
2213	for	9369441	125.943	112	73	-0.169
2214	four	252980	3.401	3	3	-0.181
2215	cities	84656	1.138	1	1	-0.186
2216	gifts	84700	1.139	1	1	-0.187
2217	virtues	84914	1.141	1	1	-0.191
2218	should	1871070	25.151	22	15	-0.193
2219	whereas	170273	2.289	2	2	-0.195
2220	Another	682313	9.172	8	7	-0.197
2221	1	1451762	19.514	17	5	-0.199
2222	yield	85483	1.149	1	1	-0.201
2223	deal	85541	1.15	1	1	-0.201
2224	full	343239	4.614	4	4	-0.206
2225	destroy	86113	1.158	1	1	-0.211
2226	Spain	86134	1.158	1	1	-0.211
2227	these	1985969	26.695	23	21	-0.215
2228	Yet	1835928	24.678	21	17	-0.233
2229	returned	87529	1.177	1	1	-0.235
2230	thought	352735	4.741	4	4	-0.245
2231	Captain	88772	1.193	1	1	-0.255
2232	within	355110	4.773	4	2	-0.255
2233	must	1333555	17.926	15	12	-0.257
2234	together	444738	5.978	5	4	-0.258
2235	seems	178155	2.395	2	2	-0.26
2236	Said	1514302	20.355	17	13	-0.26
2237	charge	178431	2.398	2	2	-0.262
2238	evil	357919	4.811	4	3	-0.266
2239	practice	89548	1.204	1	1	-0.267
2240	again	627628	8.437	7	6	-0.269
2241	defence	89679	1.206	1	1	-0.27
2242	(	3147389	42.307	35	23	-0.274
2243	chief	180904	2.432	2	2	-0.282
2244	mans	181090	2.434	2	2	-0.283
2245	deliver	90659	1.219	1	1	-0.285
2246	Remain	90767	1.22	1	1	-0.287
2247	black	90820	1.221	1	1	-0.288
2248	condemned	91164	1.225	1	1	-0.293
2249	possible	91250	1.227	1	1	-0.295
2250	had	2740575	36.838	30	17	-0.296
2251	guilty	91473	1.23	1	1	-0.298
2252	judges	91633	1.232	1	1	-0.301
2253	Wherefore	183911	2.472	2	2	-0.306
2254	stay	91988	1.237	1	1	-0.306
2255	began	184715	2.483	2	2	-0.312
2256	so	5366625	72.137	58	36	-0.315
2257	what	2320680	31.194	25	16	-0.319
2258	whereof	279030	3.751	3	3	-0.322
2259	written	186305	2.504	2	2	-0.324
2260	ever	652700	8.774	7	7	-0.326
2261	sentence	93324	1.254	1	1	-0.327
2262	t	186780	2.511	2	2	-0.328
2263	speak	374513	5.034	4	4	-0.332
2264	else	281410	3.783	3	3	-0.334
2265	16.	93810	1.261	1	1	-0.335
2266	increase	94264	1.267	1	1	-0.342
2267	advantage	94526	1.271	1	1	-0.346
2268	about	661900	8.897	7	5	-0.346
2269	hot	94567	1.271	1	1	-0.346
2270	namely	94600	1.272	1	1	-0.347
2271	are	5017099	67.439	53	46	-0.348
2272	meat	94824	1.275	1	1	-0.35
2273	left	284479	3.824	3	3	-0.35
2274	among	379416	5.1	4	4	-0.351
2275	three	474878	6.383	5	5	-0.352
2276	may	2661871	35.781	28	24	-0.354
2277	15.	95551	1.284	1	1	-0.361
2278	saw	191431	2.573	2	2	-0.364
2279	came	478712	6.435	5	3	-0.364
2280	as	9292085	124.903	97	53	-0.365
2281	delight	95852	1.288	1	1	-0.366
2282	not	8929558	120.03	93	65	-0.368
2283	offer	96063	1.291	1	1	-0.369
2284	at	3182175	42.774	33	25	-0.374
2285	fine	96522	1.297	1	1	-0.376
2286	all	5908829	79.426	61	45	-0.381
2287	required	97239	1.307	1	1	-0.386
2288	ways	194504	2.615	2	2	-0.387
2289	degree	97277	1.308	1	1	-0.387
2290	never	778679	10.467	8	8	-0.388
2291	one	2538275	34.119	26	21	-0.392
2292	making	195439	2.627	2	2	-0.393
2293	have	4691254	63.059	48	29	-0.394
2294	commonly	97748	1.314	1	1	-0.394
2295	fast	97823	1.315	1	1	-0.395
2296	beyond	98141	1.319	1	1	-0.4
2297	such	2262212	30.408	23	19	-0.403
2298	unto	1880305	25.275	19	10	-0.412
2299	beasts	99530	1.338	1	1	-0.42
2300	While	300747	4.043	3	3	-0.43
2301	raised	100276	1.348	1	1	-0.431
2302	William	100370	1.349	1	1	-0.432
2303	continue	100553	1.352	1	1	-0.435
2304	colour	100836	1.355	1	1	-0.439
2305	24	100969	1.357	1	1	-0.441
2306	Death	707920	9.516	7	5	-0.443
2307	23	101193	1.36	1	1	-0.444
2308	put	607656	8.168	6	6	-0.445
2309	darkness	101306	1.362	1	1	-0.445
2310	Churches	202693	2.725	2	2	-0.446
2311	Cor.	203716	2.738	2	2	-0.453
2312	communion	101932	1.37	1	1	-0.454
2313	would	1733888	23.307	17	14	-0.455
2314	land	307074	4.128	3	3	-0.46
2315	some	1845849	24.812	18	14	-0.463
2316	desires	102632	1.38	1	1	-0.464
2317	feet	102703	1.381	1	1	-0.465
2318	Experience	103554	1.392	1	1	-0.477
2319	John	415725	5.588	4	4	-0.482
2320	sign	104160	1.4	1	1	-0.486
2321	H.	104565	1.406	1	1	-0.491
2322	first	1465032	19.693	14	9	-0.492
2323	5.	210462	2.829	2	2	-0.5
2324	longer	105304	1.416	1	1	-0.501
2325	promised	105333	1.416	1	1	-0.502
2326	going	105462	1.418	1	1	-0.503
2327	might	949632	12.765	9	9	-0.504
2328	sayeth	633645	8.517	6	6	-0.505
2329	cap	211323	2.841	2	2	-0.506
2330	every	1057014	14.208	10	10	-0.507
2331	declared	106222	1.428	1	1	-0.514
2332	their	5435041	73.057	51	40	-0.519
2333	down	533657	7.173	5	5	-0.521
2334	him	4270811	57.408	40	26	-0.521
2335	13.	106799	1.436	1	1	-0.522
2336	whole	534092	7.179	5	5	-0.522
2337	matter	427808	5.751	4	4	-0.524
2338	true	751380	10.1	7	6	-0.529
2339	live	322774	4.339	3	3	-0.532
2340	carry	108052	1.452	1	1	-0.538
2341	secret	108173	1.454	1	1	-0.54
2342	free	216340	2.908	2	2	-0.54
2343	Scripture	324647	4.364	3	3	-0.541
2344	grow	108376	1.457	1	1	-0.543
2345	themselves	761621	10.238	7	7	-0.548
2346	witness	109825	1.476	1	1	-0.562
2347	do	2417629	32.497	22	14	-0.563
2348	help	220081	2.958	2	2	-0.565
2349	promises	110749	1.489	1	1	-0.574
2350	Le	110821	1.49	1	1	-0.575
2351	plainly	111081	1.493	1	1	-0.578
2352	Psal.	222362	2.989	2	2	-0.58
2353	much	1448309	19.468	13	10	-0.583
2354	against	1339213	18.002	12	12	-0.585
2355	otherwise	223302	3.002	2	2	-0.586
2356	which	6940930	93.299	62	45	-0.59
2357	equal	111972	1.505	1	1	-0.59
2358	note	111981	1.505	1	1	-0.59
2359	Creature	112250	1.509	1	1	-0.593
2360	gone	112323	1.51	1	1	-0.594
2361	Lady	112639	1.514	1	1	-0.598
2362	5	338721	4.553	3	3	-0.602
2363	Government	226390	3.043	2	2	-0.606
2364	offered	113433	1.525	1	1	-0.609
2365	fourth	113523	1.526	1	1	-0.61
2366	If	3293480	44.271	29	21	-0.61
2367	wrath	113648	1.528	1	1	-0.611
2368	seen	227877	3.063	2	2	-0.615
2369	action	114368	1.537	1	1	-0.62
2370	respect	229329	3.083	2	2	-0.624
2371	often	229358	3.083	2	2	-0.624
2372	from	3924250	52.749	34	25	-0.634
2373	Reign	115734	1.556	1	1	-0.638
2374	two	926661	12.456	8	7	-0.639
2375	Show	349122	4.693	3	3	-0.645
2376	remember	116819	1.57	1	1	-0.651
2377	very	1174247	15.784	10	7	-0.658
2378	being	1764433	23.717	15	12	-0.661
2379	by	7416468	99.691	63	42	-0.662
2380	hand	471988	6.344	4	4	-0.665
2381	follows	118360	1.591	1	1	-0.67
2382	Before	1422340	19.119	12	10	-0.672
2383	repentance	118567	1.594	1	1	-0.672
2384	time	1426900	19.18	12	7	-0.677
2385	more	2262327	30.41	19	16	-0.679
2386	presently	119716	1.609	1	1	-0.686
2387	E.	119746	1.61	1	1	-0.687
2388	sake	119831	1.611	1	1	-0.688
2389	hearts	239757	3.223	2	2	-0.688
2390	purpose	240680	3.235	2	2	-0.694
2391	Paul	240876	3.238	2	2	-0.695
2392	wise	241600	3.248	2	2	-0.699
2393	Justice	242072	3.254	2	2	-0.702
2394	Pray	242183	3.255	2	1	-0.703
2395	souls	242572	3.261	2	2	-0.705
2396	Even	607522	8.166	5	5	-0.708
2397	took	243304	3.271	2	2	-0.71
2398	they	6960305	93.56	57	36	-0.715
2399	Bishop	244304	3.284	2	2	-0.715
2400	men	1835942	24.679	15	13	-0.718
2401	small	246878	3.319	2	2	-0.731
2402	4.	246979	3.32	2	2	-0.731
2403	goods	123513	1.66	1	1	-0.731
2404	other	2103223	28.271	17	12	-0.734
2405	can	1982819	26.653	16	10	-0.736
2406	Counsel	124075	1.668	1	1	-0.738
2407	up	1119358	15.046	9	8	-0.741
2408	necessary	250405	3.366	2	2	-0.751
2409	Each	252025	3.388	2	2	-0.76
2410	page	252043	3.388	2	1	-0.76
2411	Trust	126242	1.697	1	1	-0.763
2412	give	758276	10.193	6	4	-0.764
2413	look	255208	3.431	2	2	-0.778
2414	none	383245	5.152	3	3	-0.78
2415	whilst	127767	1.717	1	1	-0.78
2416	Temple	127888	1.719	1	1	-0.782
2417	B.	127907	1.719	1	1	-0.782
2418	business	128020	1.721	1	1	-0.783
2419	sword	128215	1.723	1	1	-0.785
2420	those	1667771	22.418	13	11	-0.786
2421	creatures	128964	1.734	1	1	-0.794
2422	in	20011385	268.99	155	89	-0.795
2423	doing	129395	1.739	1	1	-0.799
2424	pleased	129448	1.74	1	1	-0.799
2425	dead	259219	3.484	2	2	-0.801
2426	grant	129668	1.743	1	1	-0.802
2427	9.	131214	1.764	1	1	-0.819
2428	mark	131282	1.765	1	1	-0.819
2429	times	394191	5.299	3	3	-0.821
2430	Why	394748	5.306	3	3	-0.823
2431	means	397591	5.344	3	2	-0.833
2432	Nations	132713	1.784	1	1	-0.835
2433	chapter	132959	1.787	1	1	-0.838
2434	thence	133035	1.788	1	1	-0.839
2435	s	133183	1.79	1	1	-0.84
2436	regard	133813	1.799	1	1	-0.847
2437	fall	267911	3.601	2	2	-0.848
2438	neither	537051	7.219	4	4	-0.852
2439	10.	134546	1.809	1	1	-0.855
2440	could	808277	10.865	6	6	-0.857
2441	place	808630	10.87	6	2	-0.857
2442	Observe	135204	1.817	1	1	-0.862
2443	cross	135455	1.821	1	1	-0.865
2444	mind	407887	5.483	3	1	-0.87
2445	read	271950	3.656	2	2	-0.87
2446	soldiers	136167	1.83	1	1	-0.872
2447	over	545201	7.329	4	4	-0.874
2448	argument	136912	1.84	1	1	-0.88
2449	forth	410791	5.522	3	3	-0.88
2450	large	136943	1.841	1	1	-0.88
2451	Well	1096551	14.74	8	8	-0.882
2452	answered	137849	1.853	1	1	-0.89
2453	part	827721	11.126	6	6	-0.891
2454	either	552589	7.428	4	4	-0.893
2455	lawful	138238	1.858	1	1	-0.894
2456	friend	138523	1.862	1	1	-0.897
2457	it	11231693	150.975	81	48	-0.898
2458	bound	138712	1.865	1	1	-0.899
2459	under	696455	9.362	5	5	-0.905
2460	both	976138	13.121	7	6	-0.906
2461	Just	281045	3.778	2	2	-0.918
2462	high	281250	3.781	2	2	-0.919
2463	crown	140652	1.891	1	1	-0.919
2464	greater	281340	3.782	2	2	-0.919
2465	Si	141064	1.896	1	1	-0.923
2466	thine	141265	1.899	1	1	-0.925
2467	after	1272516	17.105	9	9	-0.926
2468	work	425644	5.721	3	3	-0.931
2469	actions	142378	1.914	1	1	-0.936
2470	body	712249	9.574	5	5	-0.937
2471	air	144042	1.936	1	1	-0.953
2472	day	864384	11.619	6	6	-0.953
2473	&	2737777	36.801	19	15	-0.954
2474	gave	290757	3.908	2	1	-0.967
2475	Priests	145909	1.961	1	1	-0.972
2476	far	439291	5.905	3	3	-0.977
2477	foot	146629	1.971	1	1	-0.979
2478	set	595126	8	4	4	-1
2479	16	148850	2.001	1	1	-1.001
2480	new	447014	6.009	3	3	-1.002
2481	book	299396	4.024	2	2	-1.009
2482	whence	149816	2.014	1	1	-1.01
2483	needs	150472	2.023	1	1	-1.016
2484	necessity	150548	2.024	1	1	-1.017
2485	use	603174	8.108	4	4	-1.019
2486	Labour	151222	2.033	1	1	-1.023
2487	fell	151275	2.033	1	1	-1.024
2488	gold	152169	2.045	1	1	-1.032
2489	says	304429	4.092	2	2	-1.033
2490	several	304872	4.098	2	2	-1.035
2491	Therefore	1231317	16.551	8	7	-1.049
2492	only	1544540	20.762	10	9	-1.054
2493	15	154905	2.082	1	1	-1.058
2494	excellent	155285	2.087	1	1	-1.062
2495	manner	467036	6.278	3	3	-1.065
2496	sufficient	156507	2.104	1	1	-1.073
2497	than	940786	12.646	6	5	-1.076
2498	into	1727535	23.221	11	10	-1.078
2499	Office	157520	2.117	1	1	-1.082
2500	find	472931	6.357	3	3	-1.083
2501	estate	157763	2.121	1	1	-1.084
2502	art	315875	4.246	2	2	-1.086
2503	vain	158202	2.127	1	1	-1.088
2504	Nay	158341	2.128	1	1	-1.09
2505	Christs	158654	2.133	1	1	-1.093
2506	3.	318523	4.282	2	2	-1.098
2507	were	2871299	38.596	18	13	-1.1
2508	Secondly	160056	2.152	1	1	-1.105
2509	good	1608969	21.628	10	9	-1.113
2510	late	162556	2.185	1	1	-1.128
2511	proper	163180	2.193	1	1	-1.133
2512	se	163405	2.197	1	1	-1.135
2513	given	491070	6.601	3	3	-1.138
2514	13	164052	2.205	1	1	-1.141
2515	lost	164242	2.208	1	1	-1.143
2516	course	166149	2.233	1	1	-1.159
2517	Others	665440	8.945	4	4	-1.161
2518	living	166437	2.237	1	1	-1.162
2519	&#x14d;	499329	6.712	3	2	-1.162
2520	question	167153	2.247	1	1	-1.168
2521	according	502781	6.758	3	3	-1.172
2522	Worthy	168026	2.259	1	1	-1.175
2523	less	337828	4.541	2	2	-1.183
2524	bodies	169090	2.273	1	1	-1.185
2525	hard	169293	2.276	1	1	-1.186
2526	perfect	170422	2.291	1	1	-1.196
2527	wit	172149	2.314	1	1	-1.21
2528	Sight	174034	2.339	1	1	-1.226
2529	holy	701649	9.432	4	4	-1.237
2530	ill	177562	2.387	1	1	-1.255
2531	11	177974	2.392	1	1	-1.258
2532	thing	892670	11.999	5	4	-1.263
2533	above	357391	4.804	2	2	-1.264
2534	2.	358494	4.819	2	2	-1.269
2535	selves	358503	4.819	2	2	-1.269
2536	acts	180390	2.425	1	1	-1.278
2537	sins	361871	4.864	2	2	-1.282
2538	half	181109	2.434	1	1	-1.284
2539	believe	363239	4.883	2	2	-1.288
2540	beginning	182083	2.448	1	1	-1.291
2541	promise	182124	2.448	1	1	-1.292
2542	strong	182777	2.457	1	1	-1.297
2543	Peace	369451	4.966	2	2	-1.312
2544	laid	184949	2.486	1	1	-1.314
2545	understand	185715	2.496	1	1	-1.32
2546	heart	559805	7.525	3	3	-1.327
2547	Saint	186918	2.513	1	1	-1.329
2548	honour	374182	5.03	2	2	-1.33
2549	Duke	187759	2.524	1	1	-1.336
2550	Sun	188390	2.532	1	1	-1.34
2551	second	377815	5.079	2	2	-1.344
2552	3	571164	7.678	3	3	-1.356
2553	alone	190842	2.565	1	1	-1.359
2554	learned	191725	2.577	1	1	-1.366
2555	6.	191822	2.578	1	1	-1.366
2556	i.	191916	2.58	1	1	-1.367
2557	glory	384462	5.168	2	2	-1.37
2558	occasion	193025	2.595	1	1	-1.376
2559	ancient	193683	2.604	1	1	-1.38
2560	Kingdom	388117	5.217	2	2	-1.383
2561	Saints	194939	2.62	1	1	-1.39
2562	eternal	195016	2.621	1	1	-1.39
2563	cause	585252	7.867	3	3	-1.391
2564	12	195478	2.628	1	1	-1.394
2565	strength	196140	2.637	1	1	-1.399
2566	condition	196366	2.64	1	1	-1.4
2567	quod	196567	2.642	1	1	-1.402
2568	fit	197019	2.648	1	1	-1.405
2569	rest	396125	5.325	2	2	-1.413
2570	few	199429	2.681	1	1	-1.423
2571	S.	403850	5.429	2	2	-1.441
2572	coming	203089	2.73	1	1	-1.449
2573	since	412107	5.54	2	2	-1.47
2574	Rule	207621	2.791	1	1	-1.481
2575	consider	208021	2.796	1	1	-1.483
2576	9	208082	2.797	1	1	-1.484
2577	little	624322	8.392	3	3	-1.484
2578	our	3333885	44.814	16	13	-1.486
2579	Lord	1459090	19.613	7	6	-1.486
2580	appear	209107	2.811	1	1	-1.491
2581	own	1256418	16.889	6	5	-1.493
2582	emperor	209536	2.817	1	1	-1.494
2583	need	211437	2.842	1	1	-1.507
2584	saying	211699	2.846	1	1	-1.509
2585	hundred	212307	2.854	1	1	-1.513
2586	nothing	640275	8.607	3	3	-1.52
2587	Gods	640962	8.616	3	3	-1.522
2588	himself	1068396	14.361	5	4	-1.522
2589	innon-Latinalphabet	427513	5.747	2	2	-1.523
2590	Apostle	213865	2.875	1	1	-1.523
2591	fathers	213875	2.875	1	1	-1.524
2592	prayer	214365	2.882	1	1	-1.527
2593	words	643917	8.655	3	3	-1.529
2594	]	429805	5.777	2	2	-1.53
2595	without	1089706	14.648	5	4	-1.551
2596	Spirit	654859	8.803	3	3	-1.553
2597	whereby	220196	2.96	1	1	-1.565
2598	master	228418	3.07	1	1	-1.618
2599	Council	228985	3.078	1	1	-1.622
2600	thereof	458302	6.16	2	1	-1.623
2601	them	4855982	65.273	21	16	-1.636
2602	&#x16b;	232932	3.131	1	1	-1.647
2603	10	233570	3.14	1	1	-1.651
2604	Judgment	235552	3.166	1	1	-1.663
2605	stand	235721	3.169	1	1	-1.664
2606	virtue	240899	3.238	1	1	-1.695
2607	8	242055	3.254	1	1	-1.702
2608	right	484646	6.515	2	1	-1.704
2609	Hold	243646	3.275	1	1	-1.712
2610	Through	491298	6.604	2	2	-1.723
2611	its	492268	6.617	2	2	-1.726
2612	wicked	246712	3.316	1	1	-1.73
2613	7	251211	3.377	1	1	-1.756
2614	verse	254782	3.425	1	1	-1.776
2615	comes	255457	3.434	1	1	-1.78
2616	Grace	516661	6.945	2	2	-1.796
2617	concerning	262903	3.534	1	1	-1.821
2618	any	2444028	32.852	9	7	-1.868
2619	ye	825703	11.099	3	3	-1.887
2620	soul	555660	7.469	2	2	-1.901
2621	[	280684	3.773	1	1	-1.916
2622	received	280865	3.775	1	1	-1.917
2623	divine	282661	3.8	1	1	-1.926
2624	also	1433690	19.272	5	5	-1.946
2625	c	292350	3.93	1	1	-1.974
2626	we	4105074	55.18	14	13	-1.979
2627	&c.	299097	4.02	1	1	-2.007
2628	done	601055	8.079	2	2	-2.014
2629	Christian	303553	4.08	1	1	-2.029
2630	6	304045	4.087	1	1	-2.031
2631	always	304181	4.089	1	1	-2.032
2632	doctrine	304623	4.095	1	1	-2.034
2633	places	305157	4.102	1	1	-2.036
2634	desire	306364	4.118	1	1	-2.042
2635	England	309285	4.157	1	1	-2.056
2636	country	310285	4.171	1	1	-2.06
2637	world	932868	12.54	3	3	-2.063
2638	works	315242	4.237	1	1	-2.083
2639	life	948809	12.754	3	3	-2.088
2640	us	2216337	29.792	7	7	-2.089
2641	least	319491	4.295	1	1	-2.103
2642	between	321208	4.318	1	1	-2.11
2643	off	323311	4.346	1	1	-2.12
2644	hands	327530	4.403	1	1	-2.138
2645	general	331599	4.457	1	1	-2.156
2646	wherein	332751	4.473	1	1	-2.161
2647	ad	336628	4.525	1	1	-2.178
2648	God	4174430	56.112	12	12	-2.225
2649	year	352165	4.734	1	1	-2.243
2650	Water	355806	4.783	1	1	-2.258
2651	person	366738	4.93	1	1	-2.301
2652	certain	370843	4.985	1	1	-2.318
2653	word	751485	10.101	2	2	-2.336
2654	faith	762492	10.249	2	2	-2.357
2655	persons	384539	5.169	1	1	-2.37
2656	power	776557	10.438	2	2	-2.384
2657	days	393520	5.29	1	1	-2.403
2658	est	394171	5.298	1	1	-2.406
2659	y	397054	5.337	1	1	-2.416
2660	light	399350	5.368	1	1	-2.424
2661	de	804522	10.814	2	2	-2.435
2662	same	1256120	16.885	3	3	-2.493
2663	years	427133	5.742	1	1	-2.521
2664	4	434750	5.844	1	1	-2.547
2665	things	1357990	18.254	3	3	-2.605
2666	heaven	503504	6.768	1	1	-2.759
2667	end	571167	7.678	1	1	-2.941
2668	NAture	607747	8.169	1	1	-3.03
2669	reason	664880	8.937	1	1	-3.16
2670	law	712338	9.575	1	1	-3.259
2671	way	756236	10.165	1	1	-3.346
2672	people	885047	11.897	1	1	-3.572
2673	Christ	1858951	24.988	1	1	-4.643
2674	zhitten	1	0	1	1	n/a
2675	Asebie	2	0	1	1	n/a
2676	purpoured	1	0	1	1	n/a
2677	displai'da	1	0	1	1	n/a
2678	homeword	1	0	1	1	n/a
2679	52o	2	0	1	1	n/a
2680	goldsh'had	1	0	1	1	n/a
2681	purt'nance	3	0	2	2	n/a
2682	Chambrmayd	1	0	1	1	n/a
2683	Anagnus	3	0	1	1	n/a
2684	Cradle-Curs	1	0	1	1	n/a
2685	Henrik	1	0	1	1	n/a
2686	Dulciflora	1	0	1	1	n/a
2687	I'dehave	1	0	1	1	n/a
2688	Kedeshah	3	0	1	1	n/a
2689	proud-swolne	1	0	1	1	n/a
2690	Gyddee	1	0	1	1	n/a
2691	direcreatione	1	0	1	1	n/a
2692	Haramsedda	1	0	1	1	n/a
2693	defencr	1	0	1	1	n/a
2694	Sempster.	2	0	1	1	n/a
2695	time-outlasting	2	0	1	1	n/a
2696	Zmry-like	1	0	1	1	n/a
2697	car'it	1	0	1	1	n/a
2698	Iehendam	2	0	2	2	n/a
2699	Scutchmans	1	0	1	1	n/a
2700	costli'st	3	0	1	1	n/a
2701	Cutpurss	1	0	1	1	n/a
2702	Dei'le	1	0	1	1	n/a
2703	wivelesse	3	0	1	1	n/a
2704	hell-Cat	3	0	1	1	n/a
2705	tel'	2	0	1	1	n/a
2706	seragho	2	0	1	1	n/a
2707	perpetrte	1	0	1	1	n/a
2708	Lammekens	2	0	1	1	n/a
2709	thnse	2	0	1	1	n/a
2710	Cobba	3	0	3	2	n/a
2711	gumne	1	0	1	1	n/a
2712	Wilde-oathes	1	0	1	1	n/a
2713	betwixta	2	0	1	1	n/a
2714	Blackfrye	1	0	1	1	n/a
2715	Tibri.	1	0	1	1	n/a
2716	trotla	1	0	1	1	n/a
2717	keepesa	1	0	1	1	n/a
2718	unvallewed	1	0	1	1	n/a
2719	HATH.LATELY	1	0	1	1	n/a
2720	eleathed	1	0	1	1	n/a
2721	omprous	1	0	2	1	n/a
2722	dewraying	1	0	1	1	n/a
2723	sculletie	2	0	1	1	n/a
2724	shalft	2	0	1	1	n/a
2725	Shortheeles	2	0	1	1	n/a
2726	prostantibus	3	0	1	1	n/a
2727	Moder-Cobba	1	0	1	1	n/a
2728	HARPVR	1	0	1	1	n/a
2729	Dooanna	1	0	2	1	n/a
2730	no'e	3	0	1	1	n/a
2731	Suctonij	3	0	1	1	n/a
2732	abhora	1	0	1	1	n/a
2733	treedlefa	1	0	1	1	n/a
2734	Soilo	2	0	1	1	n/a
2735	bitchFox	3	0	1	1	n/a
2736	Coany	2	0	1	1	n/a
2737	Shrove-tuesdy	1	0	1	1	n/a
2738	leaczari	1	0	1	1	n/a
2739	Boagma	2	0	1	1	n/a
2740	HIS.ANTECHRISTIAN	1	0	1	1	n/a
2741	Tauriz	2	0	1	1	n/a
2742	Centalla	1	0	1	1	n/a
2743	figge-leaue-righteousnesse	2	0	1	1	n/a
2744	whorbat	1	0	1	1	n/a
2745	Haramzedday	2	0	2	2	n/a
2746	Paparm.	1	0	1	1	n/a
2747	Ghyddee	1	0	1	1	n/a
