https://cqpweb.lancs.ac.uk/eebov3/concordance.php?pp=1&theData=%7Bwhore%2FN%7D&qmode=sq_nocase&del=begin%26t%3D-%7Cyear%7E1643%26t%3D-%7Cyear%7E1644%26t%3D-%7Cyear%7E1645%26t%3D-%7Cyear%7E1646%26t%3D-%7Cyear%7E1647%26t%3D-%7Cyear%7E1648%26t%3D-%7Cyear%7E1649%26t%3D-%7Cyear%7E1650%26t%3D-%7Cyear%7E1651%26t%3D-%7Cyear%7E1652&del=end&uT=yThere are 2,888 different words in your collocation database for "[lemma="(whore)_SUBST"%c]". (Your query "{whore/N}", restricted to texts meeting criteria "<em>year</em>: <em>1643</em> or <em>1644</em> or <em>1645</em> or <em>1646</em> or <em>1647</em> or <em>1648</em> or <em>1649</em> or <em>1650</em> or <em>1651</em> or <em>1652</em>",  returned 2,024 matches in 596 different texts)  
__________________

No.	Word	Total no. in whole corpus	Expected collocate frequency	Observed collocate frequency	In no. of texts	Mutual information value

1	Benevent.	4	0	1	1	13.288
2	died'st	6	0	1	1	13.288
3	Lapidus	3	0	1	1	13.288
4	Apochalips	5	0	1	1	13.288
5	thg.	5	0	1	1	13.288
6	forsworne	5	0	1	1	13.288
7	purchance	3	0	1	1	13.288
8	Winter-Snow	5	0	1	1	13.288
9	Keynell	4	0	1	1	13.288
10	Alhampton	4	0	1	1	13.288
11	foedities	6	0	1	1	13.288
12	Baydon	6	0	1	1	13.288
13	upoh	3	0	1	1	13.288
14	TETONE	3	0	1	1	13.288
15	Tinhead	3	0	1	1	13.288
16	Babils	3	0	1	1	13.288
17	husd	3	0	1	1	13.288
18	Amorettoes	5	0	1	1	13.288
19	Surg'on	3	0	1	1	13.288
20	perseverabunt	7	0	1	1	13.288
21	lived'st	6	0	1	1	13.288
22	uncases	6	0	1	1	13.288
23	47.52	5	0	1	1	13.288
24	Beastand	3	0	1	1	13.288
25	Had-been	3	0	1	1	13.288
26	Parliament-mans	5	0	1	1	13.288
27	worfhip	4	0	1	1	13.288
28	infides	8	0	1	1	13.288
29	Shalborne	3	0	1	1	13.288
30	Titcombe	5	0	1	1	13.288
31	Schaenicolae	4	0	1	1	13.288
32	Barwich	4	0	1	1	13.288
33	Puste	5	0	1	1	13.288
34	whorekeepers	8	0	1	1	13.288
35	eleeving	6	0	1	1	13.288
36	fleshlily	4	0	1	1	13.288
37	double-dy	8	0	1	1	13.288
38	Eawd	3	0	1	1	13.288
39	Iiv	3	0	1	1	13.288
40	Damie	3	0	1	1	13.288
41	Sonah	3	0	1	1	13.288
42	Hugle	5	0	1	1	13.288
43	Archenassa	3	0	1	1	13.288
44	God-dammees	8	0	1	1	13.288
45	Adber	3	0	1	1	13.288
46	Cockoldry	3	0	1	1	13.288
47	fals-witness	4	0	1	1	13.288
48	Maraptica	6	0	1	1	13.288
49	strumpett	8	0	1	1	13.288
50	Wrg	5	0	1	1	13.288
51	Synodian	20	0	3	2	13.288
52	7.19.20	7	0	1	1	13.288
53	expeiment	5	0	1	1	13.288
54	inchantings	6	0	1	1	13.288
55	Quarterm	15	0	2	1	12.703
56	VVyllit	17	0	2	1	12.703
57	She-Pope	14	0	1	1	12.288
58	bewitchingly	10	0	1	1	12.288
59	maskd	9	0	1	1	12.288
60	outswear	11	0	1	1	12.288
61	pockye	9	0	1	1	12.288
62	Southweeke	12	0	1	1	12.288
63	thouth	11	0	1	1	12.288
64	17.26.27	9	0	1	1	12.288
65	Harlets	21	0	2	1	12.288
66	Zoilists	14	0	1	1	12.288
67	godby	14	0	1	1	12.288
68	VVell	12	0	1	1	12.288
69	Cham-like	10	0	1	1	12.288
70	saccloth	13	0	1	1	12.288
71	unfurnish't	12	0	1	1	12.288
72	familarly	11	0	1	1	12.288
73	fornications.	11	0	1	1	12.288
74	comparson	13	0	1	1	12.288
75	scpe	14	0	1	1	12.288
76	Shee'	13	0	1	1	12.288
77	Elcombe	14	0	1	1	12.288
78	PHILOR	14	0	1	1	12.288
79	Scripturian	12	0	1	1	12.288
80	bouldness	13	0	1	1	12.288
81	haths	12	0	1	1	12.288
82	nethermore	9	0	1	1	12.288
83	Arlet	42	0.001	3	2	12.065
84	Eddington	20	0	1	1	11.703
85	Clopatra	15	0	1	1	11.703
86	Ambitio	20	0	1	1	11.703
87	Apostat.	15	0	1	1	11.703
88	bringings	20	0	1	1	11.703
89	Brokerage	20	0	1	1	11.703
90	Coulston	18	0	1	1	11.703
91	terers	19	0	1	1	11.703
92	documentall	20	0	1	1	11.703
93	The'r	20	0	1	1	11.703
94	bring'em	17	0	1	1	11.703
95	Titbury	19	0	1	1	11.703
96	watsoever	17	0	1	1	11.703
97	Hattove	17	0	1	1	11.703
98	Synch	62	0.001	3	1	11.551
99	refusedst	68	0.001	3	3	11.413
100	Wicked-one	22	0	1	1	11.288
101	apple-squire	25	0	1	1	11.288
102	Tryall	25	0	1	1	11.288
103	warers	21	0	1	1	11.288
104	Corombona	24	0	1	1	11.288
105	scrach	26	0	1	1	11.288
106	Pontifick	23	0	1	1	11.288
107	derivacy	23	0	1	1	11.288
108	vamping	23	0	1	1	11.288
109	enticings	26	0	1	1	11.288
110	two-fould	24	0	1	1	11.288
111	siteth	85	0.001	3	2	11.065
112	faith-breaking	27	0.001	1	1	10.966
113	catchest	28	0.001	1	1	10.966
114	Bbylon	27	0.001	1	1	10.966
115	Latrina	27	0.001	1	1	10.966
116	cowherds	29	0.001	1	1	10.966
117	culpatur	32	0.001	1	1	10.966
118	Sevington	31	0.001	1	1	10.966
119	bald-pate	125	0.002	4	4	10.895
120	spirituallized	36	0.001	1	1	10.703
121	venerating	33	0.001	1	1	10.703
122	Puncks	37	0.001	1	1	10.703
123	scarled	33	0.001	1	1	10.703
124	Beket	38	0.001	1	1	10.703
125	Gargan	35	0.001	1	1	10.703
126	t'your	38	0.001	1	1	10.703
127	Frust	34	0.001	1	1	10.703
128	Diat.	34	0.001	1	1	10.703
129	sinnne	43	0.001	1	1	10.48
130	Coston	44	0.001	1	1	10.48
131	Laudandi	43	0.001	1	1	10.48
132	Kett	130	0.002	3	1	10.413
133	panders	464	0.008	10	10	10.324
134	17.18.19	45	0.001	1	1	10.288
135	perks	49	0.001	1	1	10.288
136	Corton	46	0.001	1	1	10.288
137	plaing	46	0.001	1	1	10.288
138	selk	47	0.001	1	1	10.288
139	trimnesse	46	0.001	1	1	10.288
140	commth	46	0.001	1	1	10.288
141	whiping	46	0.001	1	1	10.288
142	estemes	56	0.001	1	1	10.118
143	Memphian	56	0.001	1	1	10.118
144	Menalaus	54	0.001	1	1	10.118
145	West-Minster	54	0.001	1	1	10.118
146	Illium	62	0.001	1	1	9.966
147	pockey	59	0.001	1	1	9.966
148	muther	60	0.001	1	1	9.966
149	outgoes	58	0.001	1	1	9.966
150	atire	57	0.001	1	1	9.966
151	out-worn	67	0.001	1	1	9.828
152	Evald	66	0.001	1	1	9.828
153	Elst	65	0.001	1	1	9.828
154	witha	67	0.001	1	1	9.828
155	blou	68	0.001	1	1	9.828
156	quaffed	66	0.001	1	1	9.828
157	weae	65	0.001	1	1	9.828
158	Kettreena	63	0.001	1	1	9.828
159	Poligamie	65	0.001	1	1	9.828
160	Saxafrage	67	0.001	1	1	9.828
161	Fullerton	71	0.001	1	1	9.703
162	homai	70	0.001	1	1	9.703
163	Blasphe	70	0.001	1	1	9.703
164	seven-headed	161	0.003	2	2	9.533
165	uncovers	81	0.001	1	1	9.48
166	bo-peep	84	0.001	1	1	9.48
167	whore-house	84	0.001	1	1	9.48
168	murderess	92	0.002	1	1	9.381
169	dogging	98	0.002	1	1	9.288
170	Clemen	96	0.002	1	1	9.288
171	Compere	93	0.002	1	1	9.288
172	intoxicates	98	0.002	1	1	9.288
173	Jezabell	98	0.002	1	1	9.288
174	scarlat	94	0.002	1	1	9.288
175	mongers	208	0.004	2	2	9.158
176	purpled	209	0.004	2	1	9.158
177	mistically	215	0.004	2	1	9.118
178	34.21	105	0.002	1	1	9.118
179	Bowyers	106	0.002	1	1	9.118
180	Praetus	106	0.002	1	1	9.118
181	Adul	105	0.002	1	1	9.118
182	stigmatical	114	0.002	1	1	9.04
183	trimmings	112	0.002	1	1	9.04
184	False-Prophet	112	0.002	1	1	9.04
185	Hoseas	113	0.002	1	1	9.04
186	Wardrop	112	0.002	1	1	9.04
187	dearling	224	0.004	2	1	9.04
188	Babylons	987	0.017	8	8	8.913
189	prophanness	126	0.002	1	1	8.895
190	Stowel	124	0.002	1	1	8.895
191	filthyness	123	0.002	1	1	8.895
192	villans	125	0.002	1	1	8.895
193	Scarlet-coloured	125	0.002	1	1	8.895
194	delusive	522	0.009	4	1	8.828
195	atis.	130	0.002	1	1	8.828
196	whore-masters	131	0.002	1	1	8.828
197	High-way-men	133	0.002	1	1	8.828
198	Dunsmore	128	0.002	1	1	8.828
199	Babilons	136	0.002	1	1	8.764
200	Babylonicall	136	0.002	1	1	8.764
201	Billinsgate	144	0.002	1	1	8.703
202	1065	143	0.002	1	1	8.703
203	Thimbles	141	0.002	1	1	8.703
204	unfurnish	140	0.002	1	1	8.703
205	Bear-baiting	142	0.002	1	1	8.703
206	Parabolically	144	0.002	1	1	8.703
207	Scolds	299	0.005	2	1	8.644
208	chip	608	0.01	4	1	8.615
209	Magically	155	0.003	1	1	8.587
210	Platina.	156	0.003	1	1	8.587
211	Sirenes	153	0.003	1	1	8.587
212	Grudgings	317	0.005	2	1	8.56
213	filthinesses	162	0.003	1	1	8.533
214	foundlings	166	0.003	1	1	8.48
215	Vittoria	169	0.003	1	1	8.48
216	womn	168	0.003	1	1	8.48
217	bawds	1844	0.031	11	11	8.471
218	two-horned	340	0.006	2	2	8.455
219	Slade	171	0.003	1	1	8.43
220	sips	174	0.003	1	1	8.43
221	Pritchard	171	0.003	1	1	8.43
222	Baynton	175	0.003	1	1	8.43
223	Mulciber	179	0.003	1	1	8.381
224	Eleusis	180	0.003	1	1	8.381
225	Malden	181	0.003	1	1	8.381
226	rivaled	178	0.003	1	1	8.381
227	Cheynell	185	0.003	1	1	8.334
228	pimps	376	0.006	2	2	8.31
229	Babels	948	0.016	5	5	8.288
230	comman	190	0.003	1	1	8.288
231	glor	200	0.003	1	1	8.2
232	inquity	199	0.003	1	1	8.2
233	quean	412	0.007	2	2	8.179
234	Nev	209	0.004	1	1	8.158
235	ntill	210	0.004	1	1	8.158
236	Steple	417	0.007	2	1	8.158
237	Catchpoles	206	0.004	1	1	8.158
238	Scarlet	9179	0.155	44	37	8.154
239	998	211	0.004	1	1	8.118
240	dwarfish	212	0.004	1	1	8.118
241	Seg	215	0.004	1	1	8.118
242	domineers	212	0.004	1	1	8.118
243	whiff	216	0.004	1	1	8.118
244	whoremasters	213	0.004	1	1	8.118
245	Pimping	217	0.004	1	1	8.078
246	Mug	220	0.004	1	1	8.078
247	Pullus	217	0.004	1	1	8.078
248	theu	217	0.004	1	1	8.078
249	amed	219	0.004	1	1	8.078
250	Brad	443	0.008	2	1	8.059
251	Smock	1342	0.023	6	6	8.052
252	strumpets	1159	0.02	5	4	8.002
253	bondslave	231	0.004	1	1	8.002
254	bastardly	466	0.008	2	1	8.002
255	482.	232	0.004	1	1	8.002
256	Meretrix	474	0.008	2	2	7.966
257	Specula	237	0.004	1	1	7.966
258	mitting	239	0.004	1	1	7.966
259	demolition	235	0.004	1	1	7.966
260	plaintant	485	0.008	2	1	7.93
261	drabs	244	0.004	1	1	7.93
262	diametrally	246	0.004	1	1	7.93
263	Bradley	495	0.008	2	1	7.913
264	30.20	252	0.004	1	1	7.895
265	smocks	498	0.008	2	1	7.895
266	washen	256	0.004	1	1	7.861
267	queans	255	0.004	1	1	7.861
268	Maj	258	0.004	1	1	7.861
269	Babylon	38888	0.655	149	101	7.83
270	faythlesse	263	0.004	1	1	7.828
271	Hermias	259	0.004	1	1	7.828
272	drab	524	0.009	2	2	7.828
273	arrant	1596	0.027	6	6	7.801
274	Colts-foot	270	0.005	1	1	7.796
275	Warburton	272	0.005	1	1	7.764
276	bloud-thirsty	274	0.005	1	1	7.764
277	vizard	551	0.009	2	2	7.749
278	personable	277	0.005	1	1	7.733
279	sighting	287	0.005	1	1	7.703
280	chaster	291	0.005	1	1	7.673
281	siting	291	0.005	1	1	7.673
282	Stoke	884	0.015	3	1	7.654
283	pocky	594	0.01	2	2	7.644
284	strumpet	3285	0.055	11	10	7.636
285	exactor	302	0.005	1	1	7.615
286	19.5.	302	0.005	1	1	7.615
287	Sodomite	306	0.005	1	1	7.587
288	H.N.	310	0.005	1	1	7.587
289	Lodovico	306	0.005	1	1	7.587
290	Ranter	309	0.005	1	1	7.587
291	Evangel.	307	0.005	1	1	7.587
292	Bosses	313	0.005	1	1	7.56
293	17.2.	314	0.005	1	1	7.56
294	436.	317	0.005	1	1	7.56
295	weds	312	0.005	1	1	7.56
296	Poppaea	318	0.005	1	1	7.533
297	241.	660	0.011	2	1	7.493
298	whoremaster	337	0.006	1	1	7.455
299	Amazonian	336	0.006	1	1	7.455
300	fornications	1721	0.029	5	4	7.43
301	apologize	701	0.012	2	2	7.405
302	prostitute	2508	0.042	7	4	7.374
303	bawd	2878	0.049	8	6	7.366
304	flaunting	360	0.006	1	1	7.357
305	Babylonish	2911	0.049	8	7	7.351
306	avenging	1095	0.018	3	3	7.349
307	carth	376	0.006	1	1	7.31
308	sella	382	0.006	1	1	7.288
309	prostitutes	382	0.006	1	1	7.288
310	Baud	767	0.013	2	2	7.276
311	Frize	384	0.007	1	1	7.265
312	sixpence	384	0.007	1	1	7.265
313	adulterous	3504	0.059	9	5	7.253
314	committest	394	0.007	1	1	7.243
315	Repl	788	0.013	2	2	7.232
316	Shee	395	0.007	1	1	7.222
317	7.23	794	0.013	2	1	7.222
318	defire	399	0.007	1	1	7.222
319	17.6.	397	0.007	1	1	7.222
320	intoxicating	402	0.007	1	1	7.2
321	Ravishers	403	0.007	1	1	7.2
322	Pander	805	0.014	2	2	7.2
323	dog-Star	404	0.007	1	1	7.2
324	Irelands	418	0.007	1	1	7.158
325	Pert	1297	0.022	3	1	7.104
326	thievish	871	0.015	2	1	7.088
327	crisped	437	0.007	1	1	7.078
328	demurely	442	0.007	1	1	7.078
329	larded	439	0.007	1	1	7.078
330	Babilon	5325	0.09	12	11	7.065
331	excommunicat	446	0.008	1	1	7.059
332	desolate	12933	0.218	29	22	7.058
333	Iezabel	1348	0.023	3	2	7.046
334	garish	450	0.008	1	1	7.04
335	doms	460	0.008	1	1	7.021
336	Idolatours	462	0.008	1	1	7.002
337	prompting	466	0.008	1	1	7.002
338	Ashton	1396	0.024	3	1	6.996
339	Thais	936	0.016	2	2	6.984
340	grea	958	0.016	2	1	6.957
341	Vagrant	965	0.016	2	1	6.948
342	Apollyon	483	0.008	1	1	6.948
343	truck	484	0.008	1	1	6.948
344	19.2	489	0.008	1	1	6.93
345	Tabitha	489	0.008	1	1	6.93
346	Aretas	495	0.008	1	1	6.913
347	Babylonian	2956	0.05	6	4	6.913
348	whoredoms	1981	0.033	4	3	6.904
349	strips	500	0.008	1	1	6.895
350	hopefully	500	0.008	1	1	6.895
351	hires	511	0.009	1	1	6.861
352	domes	510	0.009	1	1	6.861
353	Wt	512	0.009	1	1	6.861
354	earing	516	0.009	1	1	6.845
355	stupefying	519	0.009	1	1	6.845
356	brats	1042	0.018	2	2	6.837
357	fore-saw	521	0.009	1	1	6.828
358	cheater	529	0.009	1	1	6.812
359	packs	1076	0.018	2	2	6.788
360	sits	23190	0.39	43	31	6.783
361	Jupiters	543	0.009	1	1	6.78
362	ruffled	542	0.009	1	1	6.78
363	Backbite	554	0.009	1	1	6.749
364	Amandus	566	0.01	1	1	6.718
365	Bastards	3979	0.067	7	7	6.707
366	18.2	569	0.01	1	1	6.703
367	whore	20634	0.347	36	16	6.695
368	Libelled	575	0.01	1	1	6.688
369	Hittite	580	0.01	1	1	6.673
370	Octavian	589	0.01	1	1	6.658
371	uncovering	589	0.01	1	1	6.658
372	theife	587	0.01	1	1	6.658
373	Stage-players	587	0.01	1	1	6.658
374	rant	1179	0.02	2	2	6.658
375	pedigrees	594	0.01	1	1	6.644
376	baptizeth	594	0.01	1	1	6.644
377	Iesabel	602	0.01	1	1	6.63
378	weltering	601	0.01	1	1	6.63
379	deliciously	1199	0.02	2	2	6.63
380	Adulterer	4237	0.071	7	6	6.617
381	238.	610	0.01	1	1	6.601
382	Brothel	610	0.01	1	1	6.601
383	sticklers	611	0.01	1	1	6.601
384	lecher	616	0.01	1	1	6.587
385	Antichrist.	637	0.011	1	1	6.546
386	prostituted	1269	0.021	2	2	6.546
387	Adulteress	1919	0.032	3	3	6.537
388	17.2	642	0.011	1	1	6.533
389	17.4	642	0.011	1	1	6.533
390	Minstrel	646	0.011	1	1	6.52
391	sacking	1309	0.022	2	2	6.506
392	Beach	652	0.011	1	1	6.506
393	Harlots	5276	0.089	8	8	6.493
394	Bridget	667	0.011	1	1	6.48
395	Cormorants	663	0.011	1	1	6.48
396	fronts	669	0.011	1	1	6.468
397	mis-led	673	0.011	1	1	6.468
398	237.	673	0.011	1	1	6.468
399	dragging	680	0.011	1	1	6.455
400	whoremonger	678	0.011	1	1	6.455
401	fornication	14235	0.24	21	10	6.453
402	223.	683	0.012	1	1	6.442
403	carouse	690	0.012	1	1	6.43
404	Lording	687	0.012	1	1	6.43
405	17.6	693	0.012	1	1	6.417
406	rueful	697	0.012	1	1	6.417
407	224.	698	0.012	1	1	6.405
408	legerdemain	701	0.012	1	1	6.405
409	thrived	713	0.012	1	1	6.381
410	hate	65701	1.106	91	53	6.362
411	selfe-love	722	0.012	1	1	6.357
412	Nichols	732	0.012	1	1	6.345
413	sorceries	1462	0.025	2	2	6.345
414	mirrors	747	0.013	1	1	6.31
415	beadle	749	0.013	1	1	6.31
416	bol	750	0.013	1	1	6.31
417	Turrets	1503	0.025	2	2	6.305
418	lasses	758	0.013	1	1	6.288
419	439	768	0.013	1	1	6.276
420	Inhabiters	773	0.013	1	1	6.265
421	Portraiture	2327	0.039	3	3	6.258
422	Lucrece	776	0.013	1	1	6.254
423	453	780	0.013	1	1	6.254
424	hoar	782	0.013	1	1	6.243
425	hire	8785	0.148	11	10	6.217
426	Ring-leaders	803	0.014	1	1	6.211
427	Bawdy	1610	0.027	2	2	6.206
428	knave	8870	0.149	11	9	6.203
429	unmasked	813	0.014	1	1	6.19
430	Babel	9790	0.165	12	9	6.186
431	7.21	820	0.014	1	1	6.179
432	tyrannised	817	0.014	1	1	6.179
433	downfall	3283	0.055	4	3	6.177
434	Priapus	831	0.014	1	1	6.158
435	swinish	838	0.014	1	1	6.148
436	bestir	1684	0.028	2	1	6.138
437	gouty	855	0.014	1	1	6.118
438	new-found	857	0.014	1	1	6.118
439	Academies	857	0.014	1	1	6.118
440	Romes	5130	0.086	6	6	6.118
441	Bond-woman	864	0.015	1	1	6.108
442	uncover	1723	0.029	2	1	6.108
443	appropriating	873	0.015	1	1	6.088
444	highway	874	0.015	1	1	6.088
445	affirmations	873	0.015	1	1	6.088
446	Paramour	878	0.015	1	1	6.078
447	scribbling	887	0.015	1	1	6.069
448	domineer	1778	0.03	2	2	6.064
449	tallest	898	0.015	1	1	6.049
450	whoremongers	1796	0.03	2	2	6.049
451	insatiate	894	0.015	1	1	6.049
452	Octavia	894	0.015	1	1	6.049
453	Hallelujah	1833	0.031	2	2	6.016
454	tolerating	934	0.016	1	1	5.993
455	slily	934	0.016	1	1	5.993
456	forehead	12159	0.205	13	12	5.989
457	posy	943	0.016	1	1	5.975
458	divining	947	0.016	1	1	5.975
459	vindicating	1895	0.032	2	1	5.97
460	arrayed	3816	0.064	4	4	5.961
461	wipes	954	0.016	1	1	5.957
462	Anonymus	962	0.016	1	1	5.948
463	dissembles	971	0.016	1	1	5.939
464	Beast	81566	1.373	84	43	5.935
465	leek	972	0.016	1	1	5.93
466	blood-shed	993	0.017	1	1	5.904
467	Elecampane	991	0.017	1	1	5.904
468	16.2	997	0.017	1	1	5.895
469	brawls	1005	0.017	1	1	5.887
470	411	1016	0.017	1	1	5.87
471	harlot	9167	0.154	9	8	5.866
472	degenerates	1028	0.017	1	1	5.853
473	Pimp	1027	0.017	1	1	5.853
474	Pandora	1027	0.017	1	1	5.853
475	Franconia	1032	0.017	1	1	5.845
476	profanenesse	1036	0.017	1	1	5.845
477	Livia	1034	0.017	1	1	5.845
478	17.1	1045	0.018	1	1	5.828
479	elf	1047	0.018	1	1	5.828
480	knaves	5254	0.089	5	5	5.82
481	161.	1049	0.018	1	1	5.82
482	Ezek	2108	0.036	2	2	5.816
483	sacer	1057	0.018	1	1	5.812
484	17.5	1057	0.018	1	1	5.812
485	ORTH	1062	0.018	1	1	5.804
486	Cottons	1062	0.018	1	1	5.804
487	cis	2130	0.036	2	1	5.8
488	brat	1070	0.018	1	1	5.796
489	enthralled	1076	0.018	1	1	5.788
490	Minions	1098	0.019	1	1	5.756
491	Boston	2219	0.037	2	1	5.741
492	clashing	1114	0.019	1	1	5.733
493	Jezabel	1114	0.019	1	1	5.733
494	cuckolds	1131	0.019	1	1	5.718
495	Prelaticall	1126	0.019	1	1	5.718
496	wert	1143	0.019	1	1	5.703
497	bel	1148	0.019	1	1	5.695
498	Reeve	1145	0.019	1	1	5.695
499	enlightening	2307	0.039	2	2	5.688
500	BESS	1159	0.02	1	1	5.68
501	Aston	1175	0.02	1	1	5.658
502	LIX	1180	0.02	1	1	5.651
503	drunk	35533	0.598	30	23	5.648
504	scolding	1186	0.02	1	1	5.644
505	wickednesses	2382	0.04	2	2	5.64
506	matching	1192	0.02	1	1	5.637
507	Frosts	2413	0.041	2	2	5.622
508	Pluralities	1208	0.02	1	1	5.622
509	Bride	12056	0.203	10	5	5.622
510	Spartan	1207	0.02	1	1	5.622
511	twill	1213	0.02	1	1	5.615
512	unhallowed	1219	0.021	1	1	5.608
513	dogged	1215	0.021	1	1	5.608
514	shrouds	1236	0.021	1	1	5.587
515	lineage	1243	0.021	1	1	5.58
516	whoredom	7526	0.127	6	6	5.565
517	Anti-christ	1261	0.021	1	1	5.56
518	New-Testament	1268	0.021	1	1	5.553
519	chill	1267	0.021	1	1	5.553
520	Prelatical	1265	0.021	1	1	5.553
521	Scylla	1273	0.021	1	1	5.546
522	bearer	3823	0.064	3	2	5.542
523	offense	1276	0.022	1	1	5.54
524	allures	1275	0.022	1	1	5.54
525	steal	17906	0.302	14	13	5.537
526	Hind	3881	0.065	3	2	5.522
527	stews	2587	0.044	2	1	5.52
528	Focus	1301	0.022	1	1	5.513
529	hatching	1298	0.022	1	1	5.513
530	scold	1303	0.022	1	1	5.513
531	Hackney	1328	0.022	1	1	5.48
532	imitates	1329	0.022	1	1	5.48
533	Cuckold	2667	0.045	2	1	5.477
534	dissembler	1339	0.023	1	1	5.474
535	bargained	1340	0.023	1	1	5.468
536	Lais	1345	0.023	1	1	5.468
537	Sodomy	1349	0.023	1	1	5.461
538	tributaries	1378	0.023	1	1	5.43
539	quotidian	1385	0.023	1	1	5.424
540	Littleton	2767	0.047	2	1	5.424
541	uncontrolled	1387	0.023	1	1	5.417
542	flights	1391	0.023	1	1	5.417
543	hoarse	1392	0.023	1	1	5.417
544	fatted	1397	0.024	1	1	5.411
545	fleshly	15381	0.259	11	1	5.409
546	riding	11318	0.191	8	5	5.392
547	inflames	1428	0.024	1	1	5.381
548	regency	1424	0.024	1	1	5.381
549	Broker	1425	0.024	1	1	5.381
550	manger	2870	0.048	2	2	5.372
551	grope	1456	0.025	1	1	5.351
552	Common-Pleas	1461	0.025	1	1	5.345
553	swan	4395	0.074	3	2	5.341
554	defied	1470	0.025	1	1	5.339
555	beholds	5976	0.101	4	1	5.313
556	curbed	1496	0.025	1	1	5.31
557	cash	1503	0.025	1	1	5.305
558	Hysop	1507	0.025	1	1	5.299
559	Tartarian	1517	0.026	1	1	5.293
560	Antichristian	13777	0.232	9	8	5.278
561	Witch	9245	0.156	6	4	5.269
562	craftiness	1551	0.026	1	1	5.26
563	Constantia	1551	0.026	1	1	5.26
564	Sirens	1559	0.026	1	1	5.254
565	counterfeits	1566	0.026	1	1	5.243
566	Glances	1566	0.026	1	1	5.243
567	infamous	11020	0.186	7	7	5.238
568	scoff	4767	0.08	3	3	5.223
569	Dick	1602	0.027	1	1	5.211
570	drunkard	6511	0.11	4	4	5.19
571	adorns	1633	0.028	1	1	5.184
572	Tiber	1631	0.028	1	1	5.184
573	handsome	11498	0.194	7	6	5.176
574	reel	1644	0.028	1	1	5.174
575	husb	1665	0.028	1	1	5.158
576	perjured	4993	0.084	3	3	5.157
577	Epithets	1673	0.028	1	1	5.148
578	Pies	1684	0.028	1	1	5.138
579	Lucretia	1686	0.028	1	1	5.138
580	avenged	3380	0.057	2	2	5.135
581	playing	10275	0.173	6	6	5.116
582	enticed	3439	0.058	2	2	5.11
583	grandmother	1722	0.029	1	1	5.108
584	Hellebore	1726	0.029	1	1	5.103
585	obsequious	1738	0.029	1	1	5.093
586	ditch	10469	0.176	6	6	5.089
587	Bias	3503	0.059	2	1	5.083
588	corporally	3518	0.059	2	1	5.078
589	actionable	1765	0.03	1	1	5.073
590	hating	5297	0.089	3	2	5.072
591	smelt	1772	0.03	1	1	5.069
592	exacts	1776	0.03	1	1	5.064
593	savor	1782	0.03	1	1	5.059
594	Diaboli	1805	0.03	1	1	5.04
595	Comb	3632	0.061	2	1	5.033
596	avenge	5448	0.092	3	3	5.032
597	subjecting	1826	0.031	1	1	5.026
598	unsufferable	1846	0.031	1	1	5.007
599	adjudge	1862	0.031	1	1	4.998
600	Nel	1881	0.032	1	1	4.979
601	Hosea	5654	0.095	3	2	4.978
602	commits	7541	0.127	4	2	4.977
603	played	11334	0.191	6	6	4.975
604	parasites	1901	0.032	1	1	4.966
605	rags	5772	0.097	3	3	4.948
606	Taylors	1938	0.033	1	1	4.939
607	Antichrist	50530	0.851	26	16	4.934
608	bus	1951	0.033	1	1	4.93
609	Stanley	1947	0.033	1	1	4.93
610	incestuous	3954	0.067	2	2	4.908
611	amplify	1977	0.033	1	1	4.908
612	drunken	11882	0.2	6	5	4.907
613	plaid	4003	0.067	2	2	4.891
614	fore-head	2008	0.034	1	1	4.887
615	bewitching	2007	0.034	1	1	4.887
616	ome	2015	0.034	1	1	4.883
617	impudent	12093	0.204	6	6	4.881
618	marries	4061	0.068	2	2	4.87
619	Pla	2030	0.034	1	1	4.87
620	track	2032	0.034	1	1	4.87
621	ignominious	4064	0.068	2	2	4.87
622	burn	40670	0.685	20	12	4.868
623	257	2036	0.034	1	1	4.866
624	concubines	4078	0.069	2	2	4.864
625	Vials	4175	0.07	2	1	4.83
626	spoiling	6265	0.106	3	1	4.83
627	mus	2132	0.036	1	1	4.8
628	scratch	2144	0.036	1	1	4.792
629	3.1.	2151	0.036	1	1	4.788
630	rides	4321	0.073	2	2	4.782
631	three-fold	2163	0.036	1	1	4.78
632	deck	4329	0.073	2	2	4.778
633	spends	4330	0.073	2	2	4.778
634	Magog	2171	0.037	1	1	4.772
635	persevering	2178	0.037	1	1	4.768
636	fallow	2195	0.037	1	1	4.756
637	deceives	4413	0.074	2	1	4.75
638	prosperously	2208	0.037	1	1	4.749
639	gratis	4431	0.075	2	2	4.745
640	Apoc.	11083	0.187	5	4	4.744
641	repenting	6657	0.112	3	3	4.742
642	Drawer	2220	0.037	1	1	4.741
643	Apo.	2232	0.038	1	1	4.733
644	Prin	2243	0.038	1	1	4.725
645	Mon.	2253	0.038	1	1	4.722
646	nasty	2252	0.038	1	1	4.722
647	apiece	2263	0.038	1	1	4.714
648	Mechanic	2267	0.038	1	1	4.71
649	cloaks	2275	0.038	1	1	4.707
650	purple	18224	0.307	8	8	4.705
651	bloods	2280	0.038	1	1	4.703
652	Proverbs	6913	0.116	3	3	4.688
653	SATIRE	2307	0.039	1	1	4.688
654	stifled	2331	0.039	1	1	4.673
655	Revel	21061	0.355	9	9	4.666
656	Naboth	2360	0.04	1	1	4.655
657	227	2361	0.04	1	1	4.655
658	Dau	2388	0.04	1	1	4.637
659	ensnared	2405	0.041	1	1	4.626
660	Obj.	2408	0.041	1	1	4.626
661	precincts	2408	0.041	1	1	4.626
662	sheath	2411	0.041	1	1	4.622
663	Perfidious	4828	0.081	2	2	4.621
664	wizard	2415	0.041	1	1	4.619
665	holy-Ghost	2422	0.041	1	1	4.615
666	Veneris	2430	0.041	1	1	4.612
667	Rev.	51328	0.864	21	20	4.603
668	horns	22193	0.374	9	7	4.59
669	Papacy	7431	0.125	3	3	4.584
670	hound	2485	0.042	1	1	4.58
671	sliced	2490	0.042	1	1	4.577
672	foretells	2494	0.042	1	1	4.573
673	Whipping	2504	0.042	1	1	4.567
674	Jehu	2504	0.042	1	1	4.567
675	208	2514	0.042	1	1	4.563
676	trimmed	2517	0.042	1	1	4.56
677	babbling	2521	0.042	1	1	4.56
678	stipend	2527	0.043	1	1	4.556
679	executing	7612	0.128	3	3	4.548
680	cousins	2548	0.043	1	1	4.543
681	stabbed	2564	0.043	1	1	4.533
682	withered	7711	0.13	3	3	4.531
683	Carts	2570	0.043	1	1	4.529
684	212	2571	0.043	1	1	4.529
685	forswear	2569	0.043	1	1	4.529
686	witches	10286	0.173	4	2	4.529
687	defamed	2579	0.043	1	1	4.526
688	shadowed	5162	0.087	2	2	4.525
689	filthiness	10515	0.177	4	4	4.498
690	detest	7917	0.133	3	2	4.492
691	mystical	21135	0.356	8	3	4.491
692	cheat	10600	0.179	4	4	4.486
693	discerns	2669	0.045	1	1	4.477
694	Hood	5353	0.09	2	2	4.472
695	harbours	2678	0.045	1	1	4.471
696	kitchen	5357	0.09	2	2	4.471
697	Taverns	2699	0.045	1	1	4.461
698	Solomons	5407	0.091	2	2	4.458
699	Adulteries	2717	0.046	1	1	4.452
700	jollity	2716	0.046	1	1	4.452
701	ply	2720	0.046	1	1	4.449
702	Sodomites	2734	0.046	1	1	4.442
703	lascivious	5471	0.092	2	2	4.441
704	riot	8272	0.139	3	3	4.429
705	courtly	2761	0.047	1	1	4.427
706	venery	2793	0.047	1	1	4.411
707	trash	2796	0.047	1	1	4.408
708	aiming	2800	0.047	1	1	4.408
709	subsisting	2807	0.047	1	1	4.402
710	194	2813	0.047	1	1	4.399
711	allusion	5719	0.096	2	1	4.376
712	Pillage	2862	0.048	1	1	4.375
713	Mystery	54678	0.921	19	8	4.367
714	Leopard	2882	0.049	1	1	4.366
715	coy	2878	0.049	1	1	4.366
716	skirts	2878	0.049	1	1	4.366
717	Moth	2884	0.049	1	1	4.363
718	officious	2884	0.049	1	1	4.363
719	alluding	2892	0.049	1	1	4.36
720	lavish	2917	0.049	1	1	4.348
721	divulged	2930	0.049	1	1	4.342
722	lends	2960	0.05	1	1	4.328
723	defendants	5942	0.1	2	1	4.322
724	Gallus	2983	0.05	1	1	4.316
725	represents	11929	0.201	4	2	4.316
726	paint	8989	0.151	3	3	4.309
727	Ames	3008	0.051	1	1	4.305
728	inhabitant	3014	0.051	1	1	4.302
729	privity	3020	0.051	1	1	4.299
730	judgement	111780	1.882	37	10	4.297
731	gaming	3021	0.051	1	1	4.296
732	receptacle	3021	0.051	1	1	4.296
733	Burton	3030	0.051	1	1	4.293
734	Enchantments	3037	0.051	1	1	4.291
735	seducing	3066	0.052	1	1	4.276
736	waters	83222	1.401	27	19	4.268
737	flatteries	3080	0.052	1	1	4.268
738	Relic	3086	0.052	1	1	4.265
739	Adultery	24714	0.416	8	6	4.265
740	desolation	12402	0.209	4	4	4.26
741	Dice	6226	0.105	2	2	4.254
742	unfaithful	6230	0.105	2	2	4.253
743	prostrate	6239	0.105	2	2	4.252
744	martyred	3127	0.053	1	1	4.249
745	pollute	3138	0.053	1	1	4.243
746	likened	3157	0.053	1	1	4.235
747	marrying	6327	0.107	2	2	4.231
748	thieves	22285	0.375	7	5	4.222
749	Suetonius	3189	0.054	1	1	4.219
750	usher	6397	0.108	2	2	4.215
751	Surplice	3203	0.054	1	1	4.214
752	unchaste	3200	0.054	1	1	4.214
753	literally	6431	0.108	2	2	4.207
754	Habeas	3219	0.054	1	1	4.206
755	naughty	6533	0.11	2	2	4.184
756	Chapt.	3271	0.055	1	1	4.182
757	high-way	3304	0.056	1	1	4.169
758	judged	56237	0.947	17	14	4.166
759	sluggish	3307	0.056	1	1	4.166
760	betrays	3314	0.056	1	1	4.164
761	carnally	3326	0.056	1	1	4.158
762	foreheads	3324	0.056	1	1	4.158
763	whipped	6660	0.112	2	2	4.157
764	Palpable	6673	0.112	2	1	4.155
765	3.3	3339	0.056	1	1	4.153
766	adoring	3350	0.056	1	1	4.148
767	shameless	6711	0.113	2	2	4.146
768	bribe	3369	0.057	1	1	4.141
769	price	57392	0.966	17	10	4.137
770	cozen	3380	0.057	1	1	4.135
771	estranged	3399	0.057	1	1	4.128
772	concubine	3397	0.057	1	1	4.128
773	requital	3416	0.058	1	1	4.12
774	graceless	3413	0.058	1	1	4.12
775	cups	6881	0.116	2	2	4.11
776	Factors	3437	0.058	1	1	4.11
777	coloured	10332	0.174	3	3	4.109
778	sentenced	3447	0.058	1	1	4.108
779	garb	3450	0.058	1	1	4.105
780	tha	6903	0.116	2	1	4.105
781	rack	6929	0.117	2	2	4.099
782	allegory	3469	0.058	1	1	4.098
783	condemnation	31282	0.527	9	4	4.095
784	disloyal	3482	0.059	1	1	4.093
785	liar	10452	0.176	3	2	4.091
786	roar	6989	0.118	2	2	4.087
787	drunkards	7021	0.118	2	2	4.081
788	wolves	14045	0.237	4	1	4.08
789	befalls	3539	0.06	1	1	4.069
790	sleepy	3547	0.06	1	1	4.066
791	swollen	3551	0.06	1	1	4.064
792	abominations	10678	0.18	3	3	4.06
793	fling	3563	0.06	1	1	4.059
794	Libels	3576	0.06	1	1	4.054
795	ranked	3573	0.06	1	1	4.054
796	164	3600	0.061	1	1	4.045
797	Dragon	18054	0.304	5	4	4.04
798	17.	83120	1.399	23	19	4.039
799	emptiness	3627	0.061	1	1	4.033
800	impetuous	3649	0.061	1	1	4.026
801	appearances	7375	0.124	2	1	4.009
802	begetting	3712	0.063	1	1	4
803	Cup	48330	0.814	13	10	3.998
804	tearing	3735	0.063	1	1	3.991
805	burning	48634	0.819	13	2	3.989
806	Judging	18760	0.316	5	5	3.985
807	expositors	3761	0.063	1	1	3.982
808	game	15105	0.254	4	4	3.975
809	Crimson	3776	0.064	1	1	3.975
810	drag	3808	0.064	1	1	3.964
811	shirt	3819	0.064	1	1	3.959
812	murdering	7679	0.129	2	2	3.951
813	lovers	26913	0.453	7	7	3.949
814	committing	11606	0.195	3	2	3.94
815	dress	15539	0.262	4	4	3.935
816	ravished	11709	0.197	3	3	3.928
817	sackcloth	3909	0.066	1	1	3.926
818	sitting	35270	0.594	9	6	3.922
819	Platina	3919	0.066	1	1	3.921
820	Rome	271183	4.566	69	51	3.918
821	painted	23662	0.398	6	5	3.913
822	poorest	3959	0.067	1	1	3.906
823	corrupts	3974	0.067	1	1	3.902
824	woo	3978	0.067	1	1	3.9
825	forbearing	4006	0.067	1	1	3.891
826	wiped	4053	0.068	1	1	3.874
827	window	12154	0.205	3	1	3.874
828	swear	56939	0.959	14	14	3.868
829	apparition	4071	0.069	1	1	3.868
830	publicans	4075	0.069	1	1	3.866
831	polluted	12233	0.206	3	3	3.865
832	attire	8194	0.138	2	2	3.857
833	wandered	4115	0.069	1	1	3.851
834	survive	4124	0.069	1	1	3.849
835	famed	4124	0.069	1	1	3.849
836	Ierem.	4126	0.07	1	1	3.847
837	Theseus	4151	0.07	1	1	3.839
838	zealously	4164	0.07	1	1	3.834
839	dine	4169	0.07	1	1	3.832
840	surfeit	4186	0.071	1	1	3.826
841	headed	4206	0.071	1	1	3.82
842	subduing	4213	0.071	1	1	3.818
843	Prohibition	12666	0.213	3	1	3.815
844	Kin	17056	0.287	4	1	3.8
845	clothed	25607	0.431	6	6	3.799
846	Abimelech	4276	0.072	1	1	3.796
847	progeny	4280	0.072	1	1	3.794
848	thrive	8582	0.145	2	2	3.791
849	Impieties	4298	0.072	1	1	3.788
850	bribes	4305	0.073	1	1	3.786
851	Ram	8617	0.145	2	1	3.785
852	stale	4338	0.073	1	1	3.776
853	blaspheme	8684	0.146	2	2	3.774
854	oppress	13025	0.219	3	3	3.774
855	Vassal	4357	0.073	1	1	3.768
856	Potentates	4386	0.074	1	1	3.76
857	plays	17593	0.296	4	4	3.755
858	apparitions	4408	0.074	1	1	3.752
859	tasting	4415	0.074	1	1	3.75
860	adhering	4417	0.074	1	1	3.749
861	Norman	4432	0.075	1	1	3.745
862	undoing	4484	0.076	1	1	3.727
863	betrayed	18001	0.303	4	3	3.722
864	decked	4505	0.076	1	1	3.722
865	tormenting	4522	0.076	1	1	3.716
866	136	4536	0.076	1	1	3.71
867	deceivers	4556	0.077	1	1	3.705
868	revile	4565	0.077	1	1	3.701
869	Fitz	4566	0.077	1	1	3.701
870	Patrick	4571	0.077	1	1	3.699
871	everlastingly	4591	0.077	1	1	3.693
872	apostates	4620	0.078	1	1	3.684
873	Ecclesiastic	4625	0.078	1	1	3.682
874	Locusts	4636	0.078	1	1	3.68
875	sprang	4657	0.078	1	1	3.673
876	Ph	4661	0.079	1	1	3.671
877	ignis	4661	0.079	1	1	3.671
878	mists	4662	0.079	1	1	3.671
879	exacted	4701	0.079	1	1	3.66
880	workings	4703	0.079	1	1	3.658
881	legitimate	4705	0.079	1	1	3.658
882	play	61168	1.03	13	13	3.658
883	peoples	33008	0.556	7	6	3.655
884	gentlewoman	9432	0.159	2	2	3.655
885	sucked	4736	0.08	1	1	3.649
886	Blade	4738	0.08	1	1	3.647
887	dote	4744	0.08	1	1	3.646
888	discovery	33358	0.562	7	2	3.64
889	Robe	9576	0.161	2	2	3.633
890	opposing	9578	0.161	2	2	3.632
891	Nakedness	9651	0.163	2	2	3.621
892	hue	4842	0.082	1	1	3.617
893	railing	9688	0.163	2	2	3.616
894	masculine	4862	0.082	1	1	3.61
895	Deer	4894	0.082	1	1	3.601
896	shameful	14747	0.248	3	2	3.595
897	whereon	19704	0.332	4	4	3.592
898	deride	4993	0.084	1	1	3.572
899	rogues	5001	0.084	1	1	3.57
900	villains	5013	0.084	1	1	3.567
901	brood	5051	0.085	1	1	3.556
902	Isay	5116	0.086	1	1	3.538
903	pleading	10233	0.172	2	2	3.537
904	114	5129	0.086	1	1	3.534
905	Adulterers	5137	0.087	1	1	3.531
906	Metropolis	5159	0.087	1	1	3.525
907	spotted	5160	0.087	1	1	3.525
908	chaste	20646	0.348	4	4	3.525
909	naked	46459	0.782	9	7	3.524
910	prevalent	5166	0.087	1	1	3.523
911	Mice	5171	0.087	1	1	3.521
912	consumption	10353	0.174	2	1	3.52
913	drink	140890	2.372	27	26	3.509
914	defy	5226	0.088	1	1	3.506
915	'twixt	5238	0.088	1	1	3.503
916	diabolical	5245	0.088	1	1	3.501
917	finest	5244	0.088	1	1	3.501
918	largest	5256	0.089	1	1	3.498
919	Dam	5258	0.089	1	1	3.498
920	breeds	10535	0.177	2	2	3.495
921	gilded	5276	0.089	1	1	3.493
922	devoted	10556	0.178	2	2	3.492
923	Meadows	5286	0.089	1	1	3.49
924	winged	5286	0.089	1	1	3.49
925	scorns	5292	0.089	1	1	3.488
926	societies	10616	0.179	2	2	3.484
927	petty	10617	0.179	2	2	3.484
928	nitre	5340	0.09	1	1	3.476
929	robbing	5337	0.09	1	1	3.476
930	Goose	5356	0.09	1	1	3.471
931	Jane	5355	0.09	1	1	3.471
932	pretences	16084	0.271	3	1	3.47
933	clap	5368	0.09	1	1	3.468
934	swiftly	5374	0.091	1	1	3.466
935	Gallants	5377	0.091	1	1	3.466
936	pursues	5387	0.091	1	1	3.463
937	Robes	10833	0.182	2	2	3.455
938	exalt	10843	0.183	2	1	3.454
939	seduce	5489	0.092	1	1	3.436
940	Executioner	5505	0.093	1	1	3.431
941	solicit	5506	0.093	1	1	3.431
942	Worthies	5521	0.093	1	1	3.428
943	notorious	22363	0.377	4	4	3.409
944	costly	11277	0.19	2	2	3.397
945	devoutly	5645	0.095	1	1	3.396
946	groves	5645	0.095	1	1	3.396
947	Spouse	22595	0.38	4	4	3.394
948	hounds	5657	0.095	1	1	3.393
949	murderers	11345	0.191	2	2	3.388
950	turbulent	5680	0.096	1	1	3.387
951	Mer	5689	0.096	1	1	3.384
952	spur	5701	0.096	1	1	3.381
953	adorn	11429	0.192	2	1	3.378
954	daughters	40010	0.674	7	7	3.377
955	subsequent	5718	0.096	1	1	3.376
956	gon	5721	0.096	1	1	3.376
957	watched	5724	0.096	1	1	3.375
958	resigned	5734	0.097	1	1	3.373
959	64	11464	0.193	2	2	3.373
960	prize	17204	0.29	3	2	3.373
961	thief	23047	0.388	4	3	3.366
962	Ice	11552	0.195	2	2	3.362
963	range	5779	0.097	1	1	3.361
964	Brimstone	11671	0.197	2	2	3.347
965	hypocritical	5868	0.099	1	1	3.339
966	solicited	5892	0.099	1	1	3.334
967	denotes	5925	0.1	1	1	3.325
968	defiance	5926	0.1	1	1	3.325
969	prepares	5952	0.1	1	1	3.319
970	retains	5962	0.1	1	1	3.316
971	Bu	5965	0.1	1	1	3.316
972	stinking	11949	0.201	2	2	3.313
973	dash	5986	0.101	1	1	3.31
974	Revelation	41988	0.707	7	7	3.308
975	dishonest	6002	0.101	1	1	3.308
976	mac	6000	0.101	1	1	3.308
977	Ball	12010	0.202	2	1	3.306
978	mother	150593	2.535	25	23	3.302
979	discussed	6037	0.102	1	1	3.299
980	spending	6036	0.102	1	1	3.299
981	filthy	30299	0.51	5	5	3.293
982	brand	6073	0.102	1	1	3.291
983	stately	18235	0.307	3	3	3.289
984	studious	6080	0.102	1	1	3.288
985	styled	6081	0.102	1	1	3.288
986	dire	6091	0.103	1	1	3.286
987	dressing	6094	0.103	1	1	3.285
988	adherents	6092	0.103	1	1	3.285
989	Vows	24417	0.411	4	2	3.282
990	pearls	12214	0.206	2	2	3.282
991	rush	6130	0.103	1	1	3.276
992	discover	55186	0.929	9	4	3.276
993	splendour	12274	0.207	2	2	3.275
994	odds	6159	0.104	1	1	3.27
995	maiden	6187	0.104	1	1	3.263
996	63.	6212	0.105	1	1	3.257
997	stoned	6236	0.105	1	1	3.252
998	eminency	6251	0.105	1	1	3.249
999	sings	6246	0.105	1	1	3.249
1000	fennel	6255	0.105	1	1	3.247
1001	abolish	6279	0.106	1	1	3.242
1002	Murderer	12581	0.212	2	2	3.239
1003	adorned	18908	0.318	3	3	3.237
1004	dejected	6316	0.106	1	1	3.234
1005	stark	6325	0.107	1	1	3.231
1006	woman	183598	3.091	29	25	3.23
1007	patrimony	6348	0.107	1	1	3.226
1008	Jack	6358	0.107	1	1	3.224
1009	commit	51155	0.861	8	6	3.216
1010	lodge	12832	0.216	2	2	3.211
1011	professing	12843	0.216	2	1	3.21
1012	absolve	6434	0.108	1	1	3.207
1013	interested	6436	0.108	1	1	3.206
1014	pipes	6478	0.109	1	1	3.196
1015	Hogs	6495	0.109	1	1	3.194
1016	Favourites	6500	0.109	1	1	3.192
1017	confused	13108	0.221	2	1	3.18
1018	specious	6599	0.111	1	1	3.17
1019	stealing	6657	0.112	1	1	3.157
1020	dressed	13382	0.225	2	2	3.15
1021	shamefully	6717	0.113	1	1	3.144
1022	sees	33635	0.566	5	2	3.142
1023	Venus	26929	0.453	4	3	3.141
1024	wanton	20242	0.341	3	3	3.138
1025	Caius	6772	0.114	1	1	3.133
1026	Ezech.	6776	0.114	1	1	3.132
1027	traitorous	6790	0.114	1	1	3.129
1028	Hey	6793	0.114	1	1	3.128
1029	forlorn	6805	0.115	1	1	3.125
1030	Julius	6838	0.115	1	1	3.119
1031	dares	13753	0.232	2	2	3.111
1032	sung	13767	0.232	2	2	3.109
1033	Dragons	6883	0.116	1	1	3.109
1034	worshippers	6918	0.117	1	1	3.102
1035	stumbling	6924	0.117	1	1	3.1
1036	index	6926	0.117	1	1	3.1
1037	accuser	6942	0.117	1	1	3.097
1038	Deformity	6964	0.117	1	1	3.093
1039	emblem	6983	0.118	1	1	3.088
1040	rogue	6990	0.118	1	1	3.087
1041	peculiarly	7015	0.118	1	1	3.082
1042	pin	7026	0.118	1	1	3.079
1043	begot	7053	0.119	1	1	3.075
1044	hatred	49444	0.832	7	5	3.072
1045	mire	7069	0.119	1	1	3.071
1046	Proverb	21331	0.359	3	3	3.063
1047	Tab	7132	0.12	1	1	3.058
1048	vanities	14288	0.241	2	2	3.056
1049	burnt	50113	0.844	7	5	3.053
1050	pirates	7168	0.121	1	1	3.051
1051	conceptions	7201	0.121	1	1	3.045
1052	Rail	7220	0.122	1	1	3.04
1053	vision	28960	0.488	4	3	3.036
1054	Idolatrous	14523	0.245	2	2	3.032
1055	wipe	7298	0.123	1	1	3.024
1056	possesses	7314	0.123	1	1	3.022
1057	rotten	14651	0.247	2	2	3.019
1058	Neptune	7330	0.123	1	1	3.019
1059	consequent	14692	0.247	2	2	3.016
1060	87	7352	0.124	1	1	3.014
1061	sister	51618	0.869	7	3	3.01
1062	score	14810	0.249	2	2	3.004
1063	scorned	7420	0.125	1	1	3.001
1064	Monster	14836	0.25	2	2	3.001
1065	lump	7423	0.125	1	1	3
1066	ll	7430	0.125	1	1	2.999
1067	Roman	141472	2.382	19	15	2.996
1068	compares	7453	0.126	1	1	2.994
1069	forsake	52263	0.88	7	4	2.992
1070	couple	7466	0.126	1	1	2.992
1071	games	7473	0.126	1	1	2.991
1072	beastly	7495	0.126	1	1	2.986
1073	pine	7511	0.127	1	1	2.983
1074	consuming	7552	0.127	1	1	2.976
1075	betake	7585	0.128	1	1	2.969
1076	honest	83801	1.411	11	11	2.963
1077	insinuate	7632	0.129	1	1	2.96
1078	bloody	53730	0.905	7	6	2.952
1079	painting	7700	0.13	1	1	2.948
1080	spiritually	15423	0.26	2	2	2.945
1081	merchandise	15488	0.261	2	2	2.94
1082	tear	15500	0.261	2	2	2.938
1083	Casts	15527	0.261	2	2	2.936
1084	mortify	7783	0.131	1	1	2.932
1085	purest	7795	0.131	1	1	2.93
1086	stripped	7820	0.132	1	1	2.925
1087	lust	54865	0.924	7	6	2.922
1088	her	1811491	30.498	231	122	2.921
1089	intimated	7877	0.133	1	1	2.915
1090	Nu	7900	0.133	1	1	2.911
1091	corrupt	63197	1.064	8	6	2.911
1092	Confound	15864	0.267	2	2	2.905
1093	sat	47715	0.803	6	6	2.901
1094	hedge	8009	0.135	1	1	2.891
1095	weeds	8075	0.136	1	1	2.879
1096	Cook	8107	0.137	1	1	2.873
1097	Hostess	8115	0.137	1	1	2.872
1098	charging	8129	0.137	1	1	2.869
1099	hereunto	16278	0.274	2	2	2.868
1100	Regnum	8147	0.137	1	1	2.866
1101	wheels	8203	0.138	1	1	2.856
1102	Hector	8263	0.139	1	1	2.846
1103	Joan	16538	0.278	2	2	2.845
1104	eldest	25055	0.422	3	2	2.83
1105	sectaries	8390	0.141	1	1	2.823
1106	nose	25309	0.426	3	3	2.816
1107	multitudes	17103	0.288	2	2	2.796
1108	decent	8560	0.144	1	1	2.795
1109	profaneness	8558	0.144	1	1	2.795
1110	murder	51605	0.869	6	4	2.788
1111	crying	25811	0.435	3	2	2.788
1112	destroy	86113	1.45	10	7	2.786
1113	PETERS	17256	0.291	2	2	2.783
1114	tall	8632	0.145	1	1	2.783
1115	verbis	8630	0.145	1	1	2.783
1116	Examination	25923	0.436	3	2	2.781
1117	Apostate	8710	0.147	1	1	2.77
1118	Regiment	17461	0.294	2	2	2.766
1119	cry	87922	1.48	10	9	2.756
1120	Conquerors	8794	0.148	1	1	2.755
1121	base	61654	1.038	7	6	2.754
1122	revenues	17689	0.298	2	1	2.748
1123	Magnificence	8848	0.149	1	1	2.747
1124	Affinity	8856	0.149	1	1	2.746
1125	destruction	89423	1.506	10	8	2.732
1126	deformed	8948	0.151	1	1	2.731
1127	Lambs	8945	0.151	1	1	2.731
1128	Type	17907	0.302	2	2	2.73
1129	villain	8957	0.151	1	1	2.729
1130	quart	8964	0.151	1	1	2.728
1131	great	1790493	30.144	198	86	2.716
1132	defiled	18090	0.305	2	2	2.715
1133	cursing	9071	0.153	1	1	2.711
1134	drunkenness	18268	0.308	2	1	2.701
1135	vindicate	9176	0.155	1	1	2.694
1136	rate	27565	0.464	3	2	2.692
1137	scandalous	18474	0.311	2	2	2.685
1138	outside	9291	0.156	1	1	2.677
1139	ruin	74606	1.256	8	6	2.671
1140	impure	9368	0.158	1	1	2.665
1141	jus	9368	0.158	1	1	2.665
1142	Monstrous	18738	0.316	2	2	2.664
1143	converse	18741	0.316	2	2	2.664
1144	hellish	9373	0.158	1	1	2.664
1145	advancing	9381	0.158	1	1	2.663
1146	destroyed	66138	1.114	7	4	2.652
1147	vile	37856	0.637	4	4	2.65
1148	begging	9496	0.16	1	1	2.645
1149	Empress	9499	0.16	1	1	2.645
1150	lieu	9547	0.161	1	1	2.638
1151	Pa.	9561	0.161	1	1	2.635
1152	increases	9612	0.162	1	1	2.628
1153	murders	9632	0.162	1	1	2.624
1154	forsaking	9639	0.162	1	1	2.623
1155	Papal	9725	0.164	1	1	2.611
1156	devises	9734	0.164	1	1	2.609
1157	breasts	19504	0.328	2	1	2.606
1158	publishing	9778	0.165	1	1	2.603
1159	nostrils	9776	0.165	1	1	2.603
1160	villainy	9790	0.165	1	1	2.601
1161	horrible	29377	0.495	3	3	2.601
1162	devilish	9817	0.165	1	1	2.597
1163	abhorred	9825	0.165	1	1	2.596
1164	triumphs	9862	0.166	1	1	2.591
1165	rendering	9868	0.166	1	1	2.59
1166	gains	9890	0.167	1	1	2.586
1167	America	9892	0.167	1	1	2.586
1168	selling	9917	0.167	1	1	2.582
1169	hypocrites	19877	0.335	2	2	2.579
1170	Believer	19923	0.335	2	2	2.576
1171	gentile	10008	0.169	1	1	2.569
1172	eating	40088	0.675	4	2	2.567
1173	Prov.	50161	0.845	5	5	2.566
1174	trick	10039	0.169	1	1	2.565
1175	Cotton	10099	0.17	1	1	2.556
1176	ride	20257	0.341	2	2	2.552
1177	oppose	40519	0.682	4	3	2.552
1178	hangs	10180	0.171	1	1	2.545
1179	Unclean	30723	0.517	3	3	2.536
1180	Seat	51212	0.862	5	5	2.536
1181	sell	41041	0.691	4	3	2.533
1182	Blast	10261	0.173	1	1	2.533
1183	wear	20558	0.346	2	2	2.531
1184	spared	20569	0.346	2	2	2.53
1185	travelled	10293	0.173	1	1	2.529
1186	mediation	10307	0.174	1	1	2.527
1187	IMPUDENCE	10304	0.174	1	1	2.527
1188	willed	10322	0.174	1	1	2.525
1189	hay	10344	0.174	1	1	2.522
1190	match	20690	0.348	2	1	2.522
1191	flesh	279311	4.702	27	15	2.521
1192	dancing	10351	0.174	1	1	2.52
1193	suppressed	10353	0.174	1	1	2.52
1194	wisdom	228022	3.839	22	3	2.519
1195	wages	20748	0.349	2	2	2.517
1196	helping	10379	0.175	1	1	2.517
1197	hun	10374	0.175	1	1	2.517
1198	presumptuous	10383	0.175	1	1	2.516
1199	Synagogue	10391	0.175	1	1	2.515
1200	brazen	10407	0.175	1	1	2.513
1201	herself	10419	0.175	1	1	2.511
1202	wares	10458	0.176	1	1	2.506
1203	Kingdoms	73313	1.234	7	4	2.504
1204	meets	10502	0.177	1	1	2.5
1205	barren	21073	0.355	2	1	2.495
1206	Presbyterian	10547	0.178	1	1	2.493
1207	calling	105619	1.778	10	8	2.492
1208	Hawk	10622	0.179	1	1	2.484
1209	Popish	53150	0.895	5	4	2.482
1210	hateful	10655	0.179	1	1	2.479
1211	University	21328	0.359	2	2	2.478
1212	damnation	32064	0.54	3	3	2.474
1213	wickedly	10690	0.18	1	1	2.474
1214	windows	10698	0.18	1	1	2.473
1215	gesture	10702	0.18	1	1	2.472
1216	lies	96467	1.624	9	7	2.47
1217	Guest	10781	0.182	1	1	2.462
1218	corporal	21569	0.363	2	2	2.462
1219	necks	10810	0.182	1	1	2.458
1220	leap	10856	0.183	1	1	2.452
1221	ten	130362	2.195	12	9	2.451
1222	Pox	10902	0.184	1	1	2.446
1223	bulls	10916	0.184	1	1	2.444
1224	placing	10949	0.184	1	1	2.44
1225	Inconsistent	10947	0.184	1	1	2.44
1226	absolution	10981	0.185	1	1	2.435
1227	serving	22001	0.37	2	1	2.433
1228	daring	11022	0.186	1	1	2.43
1229	inner	11029	0.186	1	1	2.429
1230	afternoon	11049	0.186	1	1	2.427
1231	theft	11086	0.187	1	1	2.422
1232	captives	11085	0.187	1	1	2.422
1233	extends	11103	0.187	1	1	2.42
1234	famous	88824	1.495	8	6	2.419
1235	virgins	22219	0.374	2	2	2.419
1236	warned	11120	0.187	1	1	2.417
1237	receiver	11131	0.187	1	1	2.416
1238	justifies	11209	0.189	1	1	2.406
1239	deaf	11246	0.189	1	1	2.401
1240	chambers	11262	0.19	1	1	2.399
1241	improved	11287	0.19	1	1	2.396
1242	she	1006738	16.949	89	50	2.393
1243	supported	11364	0.191	1	1	2.386
1244	Kings	363629	6.122	32	17	2.386
1245	Quorum	11386	0.192	1	1	2.383
1246	steel	11392	0.192	1	1	2.382
1247	picture	22820	0.384	2	1	2.38
1248	damned	34243	0.577	3	3	2.38
1249	harder	11424	0.192	1	1	2.379
1250	Levit.	11468	0.193	1	1	2.373
1251	shouldest	11494	0.194	1	1	2.37
1252	abominable	22990	0.387	2	2	2.369
1253	Box	11499	0.194	1	1	2.369
1254	forsook	11497	0.194	1	1	2.369
1255	committed	115180	1.939	10	7	2.367
1256	fitter	11535	0.194	1	1	2.364
1257	scorn	34703	0.584	3	3	2.36
1258	odious	23239	0.391	2	2	2.354
1259	fittest	11700	0.197	1	1	2.344
1260	professes	11732	0.198	1	1	2.34
1261	transgressions	11732	0.198	1	1	2.34
1262	call	328774	5.535	28	26	2.339
1263	discovers	11783	0.198	1	1	2.334
1264	wondered	11794	0.199	1	1	2.332
1265	rob	23959	0.403	2	2	2.31
1266	ago	23963	0.403	2	2	2.31
1267	loses	12006	0.202	1	1	2.307
1268	Ashamed	48199	0.812	4	4	2.301
1269	boast	24120	0.406	2	2	2.3
1270	describes	12069	0.203	1	1	2.299
1271	acknowledging	12094	0.204	1	1	2.296
1272	devoured	12112	0.204	1	1	2.294
1273	amorous	12171	0.205	1	1	2.287
1274	hasten	12208	0.206	1	1	2.283
1275	proclaim	12226	0.206	1	1	2.281
1276	seeks	24462	0.412	2	2	2.28
1277	drove	12259	0.206	1	1	2.276
1278	proud	73660	1.24	6	5	2.275
1279	pretence	49124	0.827	4	1	2.274
1280	questioned	12283	0.207	1	1	2.274
1281	submitted	12281	0.207	1	1	2.274
1282	Pilate	12289	0.207	1	1	2.273
1283	garment	24609	0.414	2	2	2.271
1284	fetch	24696	0.416	2	2	2.266
1285	delicate	12414	0.209	1	1	2.258
1286	mock	12430	0.209	1	1	2.256
1287	malignant	12436	0.209	1	1	2.256
1288	golden	49785	0.838	4	3	2.255
1289	worn	12479	0.21	1	1	2.251
1290	boldly	24995	0.421	2	2	2.249
1291	Amos	12559	0.211	1	1	2.242
1292	deep	75511	1.271	6	6	2.239
1293	backs	12586	0.212	1	1	2.239
1294	spiritual	239256	4.028	19	9	2.238
1295	celebrate	12665	0.213	1	1	2.23
1296	Friars	12673	0.213	1	1	2.228
1297	termed	25438	0.428	2	2	2.223
1298	hated	25471	0.429	2	2	2.222
1299	fowl	12776	0.215	1	1	2.217
1300	pressing	12851	0.216	1	1	2.208
1301	marry	38694	0.651	3	2	2.203
1302	excommunicated	12920	0.218	1	1	2.201
1303	morn	12933	0.218	1	1	2.2
1304	Agent	12951	0.218	1	1	2.198
1305	Hebrews	13073	0.22	1	1	2.184
1306	Spaniard	13093	0.22	1	1	2.182
1307	Champion	13133	0.221	1	1	2.177
1308	Territories	13207	0.222	1	1	2.169
1309	refuse	53146	0.895	4	3	2.161
1310	shop	13302	0.224	1	1	2.159
1311	hung	13299	0.224	1	1	2.159
1312	Rents	13329	0.224	1	1	2.156
1313	keeps	40024	0.674	3	3	2.155
1314	deadly	26719	0.45	2	2	2.153
1315	Egyptian	13367	0.225	1	1	2.152
1316	Revelations	13397	0.226	1	1	2.149
1317	Garments	26823	0.452	2	2	2.147
1318	stolen	13436	0.226	1	1	2.144
1319	differs	13533	0.228	1	1	2.134
1320	injurious	13570	0.229	1	1	2.13
1321	Anthony	13580	0.229	1	1	2.129
1322	notable	40823	0.687	3	3	2.126
1323	sealed	27229	0.458	2	2	2.125
1324	spoils	13640	0.23	1	1	2.123
1325	chase	13640	0.23	1	1	2.123
1326	lusts	54617	0.92	4	4	2.121
1327	dispatched	13809	0.233	1	1	2.105
1328	common	346098	5.827	25	18	2.101
1329	Relics	13846	0.233	1	1	2.101
1330	Hebrew	41553	0.7	3	2	2.1
1331	pluck	13862	0.233	1	1	2.099
1332	witnesses	69349	1.168	5	3	2.099
1333	waiting	13872	0.234	1	1	2.099
1334	destroying	13873	0.234	1	1	2.098
1335	Mrs.	13889	0.234	1	1	2.097
1336	teacher	13910	0.234	1	1	2.094
1337	hanged	27832	0.469	2	2	2.094
1338	lasting	13950	0.235	1	1	2.09
1339	subdue	13956	0.235	1	1	2.089
1340	forbids	13966	0.235	1	1	2.089
1341	inherit	13979	0.235	1	1	2.087
1342	becomes	41957	0.706	3	2	2.086
1343	accomplish	14009	0.236	1	1	2.084
1344	kills	14012	0.236	1	1	2.084
1345	hinders	14016	0.236	1	1	2.083
1346	slaves	28066	0.473	2	2	2.082
1347	beware	28157	0.474	2	1	2.077
1348	Pope	240165	4.043	17	11	2.072
1349	spleen	14135	0.238	1	1	2.071
1350	Martin	14281	0.24	1	1	2.056
1351	conform	14279	0.24	1	1	2.056
1352	ransom	14300	0.241	1	1	2.055
1353	description	42949	0.723	3	3	2.053
1354	gets	14332	0.241	1	1	2.051
1355	Wives	57399	0.966	4	4	2.049
1356	cleave	14386	0.242	1	1	2.046
1357	Tomb	14393	0.242	1	1	2.045
1358	'll	158479	2.668	11	11	2.044
1359	foul	43393	0.731	3	3	2.038
1360	o'er	14473	0.244	1	1	2.037
1361	Mohamed	14529	0.245	1	1	2.032
1362	dispatch	14533	0.245	1	1	2.031
1363	Ah	29075	0.49	2	2	2.031
1364	tarry	14543	0.245	1	1	2.03
1365	19.	72769	1.225	5	5	2.029
1366	Goddess	14576	0.245	1	1	2.027
1367	compared	43800	0.737	3	3	2.024
1368	sit	131502	2.214	9	8	2.023
1369	advocate	14648	0.247	1	1	2.02
1370	foregoing	14654	0.247	1	1	2.019
1371	active	29322	0.494	2	2	2.018
1372	threw	14718	0.248	1	1	2.013
1373	Bed	73593	1.239	5	5	2.013
1374	fairest	14727	0.248	1	1	2.012
1375	conquer	14739	0.248	1	1	2.011
1376	convey	14768	0.249	1	1	2.008
1377	pestilence	14770	0.249	1	1	2.008
1378	concealed	14831	0.25	1	1	2.002
1379	shun	14847	0.25	1	1	2
1380	17	133873	2.254	9	6	1.998
1381	Prophet	133904	2.254	9	8	1.997
1382	boat	14988	0.252	1	1	1.987
1383	Pater	14991	0.252	1	1	1.986
1384	funeral	15012	0.253	1	1	1.985
1385	bid	45051	0.759	3	3	1.984
1386	delighted	15059	0.254	1	1	1.98
1387	conception	15109	0.254	1	1	1.975
1388	blew	15173	0.255	1	1	1.969
1389	craft	15181	0.256	1	1	1.968
1390	loco	15190	0.256	1	1	1.967
1391	condemned	91164	1.535	6	6	1.967
1392	unnatural	15260	0.257	1	1	1.961
1393	grown	45966	0.774	3	3	1.955
1394	cried	45966	0.774	3	2	1.955
1395	wife	214853	3.617	14	12	1.952
1396	Luc.	15348	0.258	1	1	1.952
1397	tail	30912	0.52	2	2	1.942
1398	Idols	30951	0.521	2	2	1.94
1399	ruined	15482	0.261	1	1	1.94
1400	expose	15498	0.261	1	1	1.938
1401	brains	15509	0.261	1	1	1.937
1402	candle	15553	0.262	1	1	1.933
1403	mentions	15583	0.262	1	1	1.931
1404	Bath	15609	0.263	1	1	1.928
1405	expound	15629	0.263	1	1	1.926
1406	16.	93810	1.579	6	6	1.926
1407	stout	15643	0.263	1	1	1.925
1408	beautiful	31363	0.528	2	2	1.921
1409	mo	15704	0.264	1	1	1.919
1410	judgements	47124	0.793	3	3	1.919
1411	38.	15743	0.265	1	1	1.916
1412	bend	15749	0.265	1	1	1.915
1413	poured	15849	0.267	1	1	1.906
1414	penitent	15876	0.267	1	1	1.903
1415	later	31782	0.535	2	2	1.902
1416	hang	31830	0.536	2	2	1.9
1417	bondage	31829	0.536	2	1	1.9
1418	wretch	15921	0.268	1	1	1.9
1419	persecute	15918	0.268	1	1	1.9
1420	quench	15945	0.268	1	1	1.898
1421	saw	191431	3.223	12	11	1.897
1422	dost	31931	0.538	2	2	1.895
1423	pace	16017	0.27	1	1	1.891
1424	befall	16025	0.27	1	1	1.89
1425	imputation	16029	0.27	1	1	1.89
1426	Dogs	32101	0.54	2	2	1.888
1427	beg	32168	0.542	2	2	1.885
1428	fie	32306	0.544	2	2	1.879
1429	bosom	32336	0.544	2	2	1.877
1430	lastly	81334	1.369	5	5	1.868
1431	remaining	32552	0.548	2	2	1.868
1432	purse	16277	0.274	1	1	1.868
1433	judicious	16290	0.274	1	1	1.866
1434	fought	32796	0.552	2	2	1.857
1435	borrowed	16447	0.277	1	1	1.853
1436	acting	16489	0.278	1	1	1.849
1437	vices	33021	0.556	2	2	1.847
1438	executed	33017	0.556	2	1	1.847
1439	fits	16510	0.278	1	1	1.847
1440	torn	16521	0.278	1	1	1.846
1441	influence	33133	0.558	2	2	1.842
1442	Lamb	50063	0.843	3	2	1.832
1443	cousin	16703	0.281	1	1	1.83
1444	wandering	16735	0.282	1	1	1.828
1445	Crowns	33573	0.565	2	2	1.823
1446	treasure	50519	0.851	3	3	1.819
1447	foretold	16838	0.284	1	1	1.819
1448	reckoning	16862	0.284	1	1	1.817
1449	meek	16880	0.284	1	1	1.815
1450	caught	16892	0.284	1	1	1.814
1451	soldier	33917	0.571	2	2	1.808
1452	flee	16987	0.286	1	1	1.806
1453	shadows	17017	0.287	1	1	1.803
1454	Judgments	34069	0.574	2	2	1.802
1455	bred	34100	0.574	2	2	1.801
1456	worshipping	17064	0.287	1	1	1.799
1457	professed	34256	0.577	2	2	1.794
1458	G.	51419	0.866	3	1	1.793
1459	single	51634	0.869	3	3	1.787
1460	seventy	17231	0.29	1	1	1.785
1461	false	224466	3.779	13	11	1.782
1462	Hercules	17273	0.291	1	1	1.782
1463	admitted	51831	0.873	3	1	1.782
1464	yields	17327	0.292	1	1	1.777
1465	deceitful	17392	0.293	1	1	1.772
1466	damnable	17583	0.296	1	1	1.756
1467	Fight	105643	1.779	6	5	1.754
1468	sentences	17634	0.297	1	1	1.752
1469	betray	17683	0.298	1	1	1.748
1470	habit	35431	0.597	2	2	1.745
1471	Shortly	35459	0.597	2	2	1.744
1472	fate	35533	0.598	2	2	1.741
1473	usually	53352	0.898	3	2	1.74
1474	rejoicing	17783	0.299	1	1	1.74
1475	furnish	17840	0.3	1	1	1.736
1476	break	107397	1.808	6	6	1.73
1477	Sport	17952	0.302	1	1	1.726
1478	vanity	53871	0.907	3	2	1.726
1479	gallant	17961	0.302	1	1	1.725
1480	Furthermore	17989	0.303	1	1	1.723
1481	celebrated	18043	0.304	1	1	1.719
1482	corrupted	36122	0.608	2	2	1.718
1483	'd	144543	2.434	8	5	1.717
1484	afterward	72483	1.22	4	2	1.713
1485	Jer.	36352	0.612	2	2	1.708
1486	cheer	18188	0.306	1	1	1.707
1487	Papists	91413	1.539	5	5	1.7
1488	bids	18389	0.31	1	1	1.692
1489	subtle	36810	0.62	2	2	1.69
1490	Minor	18443	0.311	1	1	1.687
1491	modest	18444	0.311	1	1	1.687
1492	merchants	36943	0.622	2	2	1.685
1493	clothes	36950	0.622	2	2	1.685
1494	55	18593	0.313	1	1	1.676
1495	apprehended	18626	0.314	1	1	1.673
1496	lodging	18632	0.314	1	1	1.673
1497	sixth	55973	0.942	3	3	1.671
1498	fat	37322	0.628	2	2	1.67
1499	Angel	74694	1.258	4	4	1.669
1500	wilderness	37400	0.63	2	2	1.667
1501	plagues	18774	0.316	1	1	1.662
1502	traitor	18785	0.316	1	1	1.661
1503	blows	18837	0.317	1	1	1.657
1504	Press	37763	0.636	2	2	1.653
1505	54	18918	0.319	1	1	1.651
1506	partake	18988	0.32	1	1	1.645
1507	Italian	18997	0.32	1	1	1.645
1508	pair	19031	0.32	1	1	1.642
1509	lips	38066	0.641	2	2	1.642
1510	humbled	19062	0.321	1	1	1.64
1511	convert	19121	0.322	1	1	1.635
1512	intolerable	19128	0.322	1	1	1.635
1513	horrid	19167	0.323	1	1	1.632
1514	offer	96063	1.617	5	1	1.628
1515	fallen	57829	0.974	3	2	1.624
1516	consume	19326	0.325	1	1	1.62
1517	innumerable	19345	0.326	1	1	1.618
1518	blind	77737	1.309	4	3	1.612
1519	Shall	2624249	44.181	135	62	1.611
1520	afraid	58383	0.983	3	2	1.61
1521	battle	97585	1.643	5	5	1.606
1522	!	371996	6.263	19	10	1.601
1523	favourable	19618	0.33	1	1	1.598
1524	pomp	19649	0.331	1	1	1.596
1525	devour	19682	0.331	1	1	1.593
1526	Chastity	19740	0.332	1	1	1.589
1527	dwelt	19745	0.332	1	1	1.589
1528	Innocence	39519	0.665	2	2	1.588
1529	Risen	19790	0.333	1	1	1.586
1530	protection	39671	0.668	2	2	1.582
1531	nice	19841	0.334	1	1	1.582
1532	reputed	19893	0.335	1	1	1.578
1533	Beasts	99530	1.676	5	5	1.577
1534	linen	19930	0.336	1	1	1.576
1535	Plead	39869	0.671	2	2	1.575
1536	governed	39923	0.672	2	2	1.573
1537	practices	19984	0.336	1	1	1.572
1538	tongues	40030	0.674	2	2	1.569
1539	earnestly	40049	0.674	2	2	1.569
1540	looking	40123	0.676	2	2	1.566
1541	uncle	20076	0.338	1	1	1.565
1542	runs	40288	0.678	2	2	1.56
1543	Constable	20148	0.339	1	1	1.56
1544	counterfeit	20191	0.34	1	1	1.557
1545	make	1313915	22.121	65	48	1.555
1546	proceed	101566	1.71	5	3	1.548
1547	undone	20337	0.342	1	1	1.546
1548	dried	20343	0.343	1	1	1.546
1549	fore	20342	0.343	1	1	1.546
1550	nere	20350	0.343	1	1	1.545
1551	praised	20375	0.343	1	1	1.544
1552	join	61462	1.035	3	3	1.536
1553	Horn	20550	0.346	1	1	1.531
1554	endured	20662	0.348	1	1	1.523
1555	renowned	20682	0.348	1	1	1.522
1556	fond	20744	0.349	1	1	1.518
1557	pit	20801	0.35	1	1	1.514
1558	Chap	271060	4.564	13	9	1.51
1559	rewards	20903	0.352	1	1	1.507
1560	killing	20948	0.353	1	1	1.503
1561	ne'er	20984	0.353	1	1	1.501
1562	retire	21045	0.354	1	1	1.497
1563	superstitious	21092	0.355	1	1	1.494
1564	withdraw	21104	0.355	1	1	1.493
1565	Mistress	42310	0.712	2	2	1.489
1566	discovered	63467	1.069	3	3	1.489
1567	whither	42388	0.714	2	1	1.487
1568	event	21225	0.357	1	1	1.485
1569	Verse	254782	4.289	12	7	1.484
1570	market	21236	0.358	1	1	1.484
1571	carnal	63756	1.073	3	3	1.483
1572	precious	85205	1.435	4	4	1.479
1573	utter	42614	0.717	2	2	1.479
1574	&c.	299097	5.036	14	12	1.475
1575	distinction	42763	0.72	2	2	1.474
1576	center	21392	0.36	1	1	1.474
1577	final	21409	0.36	1	1	1.472
1578	flying	21405	0.36	1	1	1.472
1579	door	64326	1.083	3	2	1.47
1580	pence	21465	0.361	1	1	1.468
1581	laboured	21489	0.362	1	1	1.467
1582	consequently	64502	1.086	3	3	1.466
1583	encourage	21511	0.362	1	1	1.465
1584	presented	43069	0.725	2	2	1.464
1585	Lake	21647	0.364	1	1	1.456
1586	raising	21725	0.366	1	1	1.451
1587	swords	21748	0.366	1	1	1.45
1588	penance	21774	0.367	1	1	1.448
1589	dispensation	21919	0.369	1	1	1.438
1590	generous	21938	0.369	1	1	1.437
1591	chair	21959	0.37	1	1	1.436
1592	uses	66025	1.112	3	3	1.432
1593	bringing	44028	0.741	2	2	1.432
1594	nations	132713	2.234	6	5	1.425
1595	notes	44287	0.746	2	1	1.424
1596	Christendom	22143	0.373	1	1	1.424
1597	Mars	22203	0.374	1	1	1.42
1598	Creed	22209	0.374	1	1	1.419
1599	conjunction	22214	0.374	1	1	1.419
1600	eighth	22214	0.374	1	1	1.419
1601	Canterbury	22219	0.374	1	1	1.419
1602	Yes	44644	0.752	2	2	1.412
1603	secrets	22386	0.377	1	1	1.408
1604	drop	22395	0.377	1	1	1.407
1605	34.	22411	0.377	1	1	1.406
1606	opposition	44888	0.756	2	2	1.404
1607	depends	22451	0.378	1	1	1.404
1608	forced	89873	1.513	4	4	1.402
1609	company	157530	2.652	7	6	1.4
1610	ruled	22509	0.379	1	1	1.4
1611	retired	22517	0.379	1	1	1.399
1612	oppression	22522	0.379	1	1	1.399
1613	]	429805	7.236	19	10	1.393
1614	scandal	22639	0.381	1	1	1.392
1615	face	181454	3.055	8	8	1.389
1616	offered	113433	1.91	5	2	1.389
1617	begun	45469	0.766	2	2	1.386
1618	indignation	22811	0.384	1	1	1.381
1619	denying	22814	0.384	1	1	1.38
1620	relate	22973	0.387	1	1	1.37
1621	old	414305	6.975	18	11	1.368
1622	smoke	23076	0.389	1	1	1.364
1623	exalted	23088	0.389	1	1	1.363
1624	angry	46285	0.779	2	2	1.36
1625	Jer	23150	0.39	1	1	1.36
1626	Rex	23285	0.392	1	1	1.351
1627	bitter	46679	0.786	2	2	1.348
1628	brass	23353	0.393	1	1	1.347
1629	minded	23388	0.394	1	1	1.344
1630	length	117029	1.97	5	4	1.344
1631	beholding	23445	0.395	1	1	1.341
1632	46	23507	0.396	1	1	1.337
1633	stones	70601	1.189	3	2	1.336
1634	judgment	235552	3.966	10	6	1.334
1635	shame	94222	1.586	4	4	1.334
1636	newly	23582	0.397	1	1	1.333
1637	Nobles	23632	0.398	1	1	1.33
1638	Namely	94600	1.593	4	1	1.329
1639	bad	95210	1.603	4	4	1.319
1640	worms	23820	0.401	1	1	1.318
1641	acquaintance	23888	0.402	1	1	1.314
1642	breadth	23966	0.404	1	1	1.309
1643	names	120160	2.023	5	5	1.305
1644	Quid	48136	0.81	2	2	1.303
1645	quickly	48204	0.812	2	2	1.301
1646	carries	24147	0.407	1	1	1.299
1647	farewell	24180	0.407	1	1	1.297
1648	Met	72645	1.223	3	2	1.295
1649	decreed	24249	0.408	1	1	1.293
1650	Rites	24297	0.409	1	1	1.289
1651	distinguished	24314	0.409	1	1	1.289
1652	clock	24334	0.41	1	1	1.287
1653	pull	24362	0.41	1	1	1.286
1654	Defendant	24378	0.41	1	1	1.285
1655	coat	24384	0.411	1	1	1.285
1656	Purgatory	24530	0.413	1	1	1.276
1657	Deity	24584	0.414	1	1	1.273
1658	Sacrifices	49194	0.828	2	2	1.272
1659	remembered	24634	0.415	1	1	1.27
1660	become	172873	2.91	7	6	1.266
1661	faithfully	24842	0.418	1	1	1.258
1662	evermore	24903	0.419	1	1	1.254
1663	J	24919	0.42	1	1	1.253
1664	admiration	24957	0.42	1	1	1.251
1665	Thou	1398203	23.54	56	26	1.25
1666	carrying	25012	0.421	1	1	1.248
1667	dwells	25035	0.422	1	1	1.246
1668	goes	100413	1.691	4	3	1.243
1669	dealt	25109	0.423	1	1	1.242
1670	hypocrisy	25137	0.423	1	1	1.241
1671	Province	50494	0.85	2	2	1.234
1672	secretly	25285	0.426	1	1	1.232
1673	Christian	303553	5.111	12	7	1.231
1674	loves	76043	1.28	3	3	1.229
1675	smell	25352	0.427	1	1	1.228
1676	breed	25468	0.429	1	1	1.222
1677	f	50955	0.858	2	1	1.221
1678	punished	51064	0.86	2	2	1.218
1679	Popes	76677	1.291	3	3	1.217
1680	confusion	51173	0.862	2	1	1.215
1681	signification	25765	0.434	1	1	1.205
1682	carriage	25775	0.434	1	1	1.205
1683	mistaken	25785	0.434	1	1	1.204
1684	18.	77389	1.303	3	3	1.203
1685	Re	25840	0.435	1	1	1.201
1686	51	25891	0.436	1	1	1.198
1687	suspected	25911	0.436	1	1	1.197
1688	chamber	51849	0.873	2	2	1.196
1689	18	129797	2.185	5	3	1.194
1690	reject	25965	0.437	1	1	1.194
1691	opening	25968	0.437	1	1	1.194
1692	Bible	26071	0.439	1	1	1.188
1693	43	26174	0.441	1	1	1.182
1694	Egypt	78714	1.325	3	3	1.179
1695	instead	52525	0.884	2	2	1.177
1696	token	26266	0.442	1	1	1.177
1697	anon	26356	0.444	1	1	1.172
1698	ass	26382	0.444	1	1	1.171
1699	preparation	26478	0.446	1	1	1.166
1700	called	768363	12.936	29	20	1.165
1701	attended	26513	0.446	1	1	1.164
1702	suddenly	53066	0.893	2	2	1.163
1703	Chapter	132959	2.238	5	3	1.159
1704	President	26596	0.448	1	1	1.159
1705	wonders	26646	0.449	1	1	1.156
1706	please	133516	2.248	5	5	1.153
1707	falling	53567	0.902	2	2	1.149
1708	a	14471665	243.639	540	221	1.148
1709	mouth	161086	2.712	6	6	1.146
1710	viz.	161354	2.717	6	4	1.143
1711	obscure	27006	0.455	1	1	1.137
1712	courses	27018	0.455	1	1	1.136
1713	fellowship	27022	0.455	1	1	1.136
1714	bears	54088	0.911	2	2	1.135
1715	apparel	27082	0.456	1	1	1.133
1716	daughter	108707	1.83	4	4	1.128
1717	deceived	54539	0.918	2	2	1.123
1718	Plato	27283	0.459	1	1	1.122
1719	loath	27335	0.46	1	1	1.12
1720	indeed	301803	5.081	11	8	1.114
1721	Calvin	27459	0.462	1	1	1.113
1722	casting	27623	0.465	1	1	1.105
1723	boy	27639	0.465	1	1	1.104
1724	suitable	27681	0.466	1	1	1.102
1725	Dutch	27740	0.467	1	1	1.099
1726	stick	27742	0.467	1	1	1.098
1727	July	27779	0.468	1	1	1.096
1728	strange	139257	2.345	5	5	1.093
1729	making	195439	3.29	7	3	1.089
1730	bear	196568	3.309	7	4	1.081
1731	meant	112513	1.894	4	3	1.078
1732	iniquity	56296	0.948	2	2	1.077
1733	thirst	28225	0.475	1	1	1.073
1734	wholesome	28319	0.477	1	1	1.069
1735	stands	85073	1.432	3	3	1.067
1736	48	28384	0.478	1	1	1.065
1737	keep	313074	5.271	11	10	1.061
1738	deal	85541	1.44	3	3	1.059
1739	Idolatry	57073	0.961	2	2	1.058
1740	torment	28570	0.481	1	1	1.056
1741	touch	57247	0.964	2	2	1.053
1742	ha	28655	0.482	1	1	1.052
1743	hole	28915	0.487	1	1	1.039
1744	hath	1823449	30.699	63	45	1.037
1745	privy	28952	0.487	1	1	1.037
1746	Prelates	29014	0.489	1	1	1.034
1747	wont	58350	0.982	2	2	1.026
1748	Simon	29226	0.492	1	1	1.023
1749	brief	29240	0.492	1	1	1.022
1750	zealous	29282	0.493	1	1	1.02
1751	shown	29305	0.493	1	1	1.019
1752	paid	58812	0.99	2	2	1.014
1753	mutual	29521	0.497	1	1	1.009
1754	earthly	59075	0.995	2	2	1.008
1755	devils	59091	0.995	2	1	1.008
1756	Ceremonies	59141	0.996	2	2	1.006
1757	repentance	118567	1.996	4	3	1.003
1758	faces	29653	0.499	1	1	1.002
1759	banished	29658	0.499	1	1	1.002
1760	thank	29699	0.5	1	1	1
1761	Covetousness	29703	0.5	1	1	1
1762	Europe	29741	0.501	1	1	0.998
1763	reports	29748	0.501	1	1	0.998
1764	Walking	29776	0.501	1	1	0.996
1765	23.	59639	1.004	2	2	0.994
1766	loose	59737	1.006	2	2	0.992
1767	rank	29920	0.504	1	1	0.989
1768	signify	59908	1.009	2	2	0.988
1769	accompanied	30033	0.506	1	1	0.984
1770	Rebels	30162	0.508	1	1	0.978
1771	black	90820	1.529	3	3	0.972
1772	liquor	30328	0.511	1	1	0.97
1773	now	1519152	25.576	50	25	0.967
1774	although	212964	3.585	7	7	0.965
1775	blood	426566	7.182	14	12	0.963
1776	howsoever	30491	0.513	1	1	0.962
1777	mothers	30565	0.515	1	1	0.958
1778	women	152987	2.576	5	5	0.957
1779	ere	61209	1.031	2	2	0.957
1780	wretched	30683	0.517	1	1	0.953
1781	bought	30717	0.517	1	1	0.951
1782	opposed	30763	0.518	1	1	0.949
1783	takes	123079	2.072	4	3	0.949
1784	killed	61673	1.038	2	2	0.946
1785	dream	30913	0.52	1	1	0.942
1786	actual	30959	0.521	1	1	0.94
1787	15	154905	2.608	5	3	0.939
1788	dog	30988	0.522	1	1	0.939
1789	husbands	30992	0.522	1	1	0.938
1790	Curse	61992	1.044	2	2	0.938
1791	consumed	31042	0.523	1	1	0.936
1792	execute	31219	0.526	1	1	0.928
1793	endeavoured	31247	0.526	1	1	0.927
1794	whom	782727	13.178	25	20	0.924
1795	hidden	31326	0.527	1	1	0.923
1796	Poor	313465	5.277	10	10	0.922
1797	money	188212	3.169	6	5	0.921
1798	yearly	31375	0.528	1	1	0.921
1799	inhabitants	62803	1.057	2	1	0.92
1800	already	157133	2.645	5	5	0.918
1801	many	1356675	22.84	43	33	0.913
1802	Art	315875	5.318	10	7	0.911
1803	abused	31590	0.532	1	1	0.911
1804	flight	31730	0.534	1	1	0.905
1805	Desperate	31789	0.535	1	1	0.902
1806	wished	31831	0.536	1	1	0.9
1807	Application	31842	0.536	1	1	0.899
1808	oaths	31854	0.536	1	1	0.899
1809	conceit	31902	0.537	1	1	0.897
1810	delight	95852	1.614	3	3	0.895
1811	opposite	31956	0.538	1	1	0.894
1812	Temple	127888	2.153	4	3	0.894
1813	represented	31976	0.538	1	1	0.894
1814	John	415725	6.999	13	8	0.893
1815	Alexander	64017	1.078	2	2	0.892
1816	chiefly	64176	1.08	2	2	0.888
1817	interpretation	32092	0.54	1	1	0.888
1818	doubtless	32131	0.541	1	1	0.887
1819	treat	32126	0.541	1	1	0.887
1820	known	257669	4.338	8	8	0.883
1821	furnished	32325	0.544	1	1	0.878
1822	begin	97196	1.636	3	3	0.874
1823	like	1070087	18.016	33	31	0.873
1824	Avoid	65191	1.098	2	1	0.866
1825	week	32615	0.549	1	1	0.865
1826	Master	228418	3.846	7	7	0.864
1827	worshipped	32660	0.55	1	1	0.863
1828	holding	32663	0.55	1	1	0.863
1829	the	59190422	996.506	1812	401	0.863
1830	thus	788750	13.279	24	16	0.854
1831	torments	32888	0.554	1	1	0.853
1832	Common-wealth	32931	0.554	1	1	0.851
1833	quarrel	32992	0.555	1	1	0.848
1834	cattle	33009	0.556	1	1	0.848
1835	endure	66031	1.112	2	2	0.847
1836	believes	33035	0.556	1	1	0.846
1837	errors	66120	1.113	2	2	0.845
1838	who	2315377	38.981	70	55	0.845
1839	maid	33079	0.557	1	1	0.845
1840	ibid	66183	1.114	2	2	0.844
1841	Corruption	66477	1.119	2	2	0.838
1842	married	66560	1.121	2	2	0.836
1843	simple	66612	1.122	2	2	0.835
1844	entrance	33397	0.562	1	1	0.831
1845	various	33409	0.563	1	1	0.83
1846	bestow	33438	0.563	1	1	0.829
1847	ease	66998	1.128	2	2	0.826
1848	Shore	33521	0.564	1	1	0.825
1849	language	67133	1.13	2	2	0.823
1850	suit	33605	0.566	1	1	0.822
1851	Tithes	33619	0.566	1	1	0.821
1852	upon	2522161	42.462	75	52	0.821
1853	spoil	33637	0.566	1	1	0.82
1854	upright	33649	0.567	1	1	0.82
1855	fortune	101130	1.703	3	3	0.817
1856	shed	33752	0.568	1	1	0.816
1857	declares	33877	0.57	1	1	0.81
1858	with	6743369	113.529	199	114	0.81
1859	triumph	33934	0.571	1	1	0.808
1860	VII	34063	0.574	1	1	0.802
1861	thousands	34120	0.574	1	1	0.8
1862	support	34167	0.575	1	1	0.798
1863	Throne	68392	1.151	2	2	0.797
1864	contented	34235	0.576	1	1	0.795
1865	hearts	239757	4.037	7	5	0.794
1866	Item	34287	0.577	1	1	0.793
1867	young	171502	2.887	5	4	0.792
1868	consist	34538	0.582	1	1	0.782
1869	thee	728077	12.258	21	8	0.777
1870	an	2497908	42.054	72	51	0.776
1871	appear	209107	3.52	6	4	0.769
1872	affirms	34856	0.587	1	1	0.769
1873	sons	139530	2.349	4	4	0.768
1874	pieces	70256	1.183	2	2	0.758
1875	husband	105631	1.778	3	2	0.754
1876	questions	35216	0.593	1	1	0.754
1877	fools	35223	0.593	1	1	0.754
1878	Truths	35364	0.595	1	1	0.748
1879	Princess	35495	0.598	1	1	0.743
1880	thinks	71088	1.197	2	2	0.741
1881	Quick	35641	0.6	1	1	0.737
1882	stock	35766	0.602	1	1	0.732
1883	buy	35853	0.604	1	1	0.728
1884	Engaged	35885	0.604	1	1	0.727
1885	lift	35903	0.604	1	1	0.726
1886	amongst	251926	4.241	7	7	0.723
1887	carry	108052	1.819	3	2	0.722
1888	hither	36037	0.607	1	1	0.721
1889	double	72073	1.213	2	2	0.721
1890	whose	468798	7.893	13	12	0.72
1891	kept	180349	3.036	5	4	0.72
1892	Israelites	36257	0.61	1	1	0.712
1893	eat	145185	2.444	4	4	0.711
1894	thrust	36372	0.612	1	1	0.708
1895	Answ	36398	0.613	1	1	0.707
1896	notion	36409	0.613	1	1	0.706
1897	30.	36501	0.615	1	1	0.703
1898	Garden	36538	0.615	1	1	0.701
1899	possess	36617	0.617	1	1	0.698
1900	Quarter	36659	0.617	1	1	0.696
1901	fire	294315	4.955	8	7	0.691
1902	overthrow	36900	0.621	1	1	0.687
1903	mouths	36905	0.621	1	1	0.687
1904	bright	36946	0.622	1	1	0.685
1905	bearing	37031	0.623	1	1	0.682
1906	turning	37211	0.627	1	1	0.675
1907	temptation	37377	0.629	1	1	0.668
1908	Get	149760	2.521	4	3	0.666
1909	enough	225014	3.788	6	5	0.663
1910	sanctified	37545	0.632	1	1	0.662
1911	judge	262867	4.426	7	6	0.662
1912	succession	37662	0.634	1	1	0.657
1913	separate	37702	0.635	1	1	0.656
1914	agree	75479	1.271	2	2	0.654
1915	vengeance	37813	0.637	1	1	0.652
1916	merits	37829	0.637	1	1	0.651
1917	lived	113584	1.912	3	3	0.65
1918	Omnes	38114	0.642	1	1	0.64
1919	Devil	190658	3.21	5	4	0.639
1920	?	2527462	42.551	66	39	0.633
1921	Par	38300	0.645	1	1	0.633
1922	tyranny	38301	0.645	1	1	0.633
1923	Serpent	38298	0.645	1	1	0.633
1924	Parish	38388	0.646	1	1	0.63
1925	Maintained	38390	0.646	1	1	0.63
1926	touching	115302	1.941	3	1	0.628
1927	faults	38509	0.648	1	1	0.625
1928	doth	963309	16.218	25	17	0.624
1929	Specially	38732	0.652	1	1	0.617
1930	attempt	38794	0.653	1	1	0.615
1931	qualities	38805	0.653	1	1	0.614
1932	hide	38812	0.653	1	1	0.614
1933	misery	77670	1.308	2	2	0.613
1934	sweet	155475	2.618	4	4	0.612
1935	remember	116819	1.967	3	3	0.609
1936	27	77948	1.312	2	2	0.608
1937	loved	78391	1.32	2	2	0.6
1938	weary	39262	0.661	1	1	0.597
1939	follows	118360	1.993	3	3	0.59
1940	lively	39523	0.665	1	1	0.588
1941	mountain	39556	0.666	1	1	0.587
1942	certainly	118694	1.998	3	3	0.586
1943	valiant	39573	0.666	1	1	0.586
1944	Lo	39596	0.667	1	1	0.585
1945	few	199429	3.358	5	5	0.575
1946	nought	39966	0.673	1	1	0.572
1947	August	39992	0.673	1	1	0.571
1948	profane	40020	0.674	1	1	0.57
1949	[	280684	4.726	7	4	0.567
1950	cover	40190	0.677	1	1	0.564
1951	back	161359	2.717	4	4	0.558
1952	likely	40342	0.679	1	1	0.558
1953	fain	40564	0.683	1	1	0.55
1954	provide	40597	0.684	1	1	0.549
1955	Profession	81244	1.368	2	2	0.548
1956	Israel	162651	2.738	4	3	0.547
1957	This	6548918	110.255	161	59	0.546
1958	converted	40728	0.686	1	1	0.544
1959	sick	81507	1.372	2	2	0.544
1960	earth	451529	7.602	11	11	0.533
1961	Wine	164447	2.769	4	4	0.531
1962	religious	82272	1.385	2	2	0.53
1963	past	123448	2.078	3	3	0.53
1964	Ladies	41212	0.694	1	1	0.527
1965	Solomon	41245	0.694	1	1	0.526
1966	persecution	41265	0.695	1	1	0.526
1967	Fool	41266	0.695	1	1	0.526
1968	worship	206782	3.481	5	5	0.522
1969	grew	41417	0.697	1	1	0.52
1970	probable	41438	0.698	1	1	0.52
1971	proves	41434	0.698	1	1	0.52
1972	except	124877	2.102	3	3	0.513
1973	Germany	41636	0.701	1	1	0.513
1974	turn	167524	2.82	4	3	0.504
1975	Elders	41919	0.706	1	1	0.503
1976	policy	41924	0.706	1	1	0.503
1977	embrace	41941	0.706	1	1	0.502
1978	lie	168129	2.831	4	4	0.499
1979	running	42083	0.709	1	1	0.497
1980	Oh	126299	2.126	3	3	0.497
1981	wounded	42108	0.709	1	1	0.496
1982	confirm	42493	0.715	1	1	0.483
1983	Infants	42501	0.716	1	1	0.483
1984	cursed	42622	0.718	1	1	0.479
1985	found	426408	7.179	10	10	0.478
1986	Honoured	42718	0.719	1	1	0.476
1987	grand	42729	0.719	1	1	0.475
1988	yield	85483	1.439	2	2	0.475
1989	Sect	42803	0.721	1	1	0.473
1990	adds	42811	0.721	1	1	0.473
1991	inward	85678	1.442	2	2	0.472
1992	plague	42909	0.722	1	1	0.469
1993	described	42932	0.723	1	1	0.468
1994	glorious	128843	2.169	3	2	0.468
1995	children	387096	6.517	9	8	0.466
1996	idle	43098	0.726	1	1	0.463
1997	joined	86338	1.454	2	2	0.46
1998	Congregation	43238	0.728	1	1	0.458
1999	borne	86876	1.463	2	1	0.451
2000	named	86879	1.463	2	2	0.451
2001	Queen	174640	2.94	4	4	0.444
2002	Ergo	43824	0.738	1	1	0.439
2003	3	571164	9.616	13	12	0.435
2004	humbly	44038	0.741	1	1	0.432
2005	womb	44083	0.742	1	1	0.43
2006	fancy	44141	0.743	1	1	0.428
2007	especially	220705	3.716	5	5	0.428
2008	meet	132574	2.232	3	3	0.427
2009	stop	44208	0.744	1	1	0.426
2010	guilt	44211	0.744	1	1	0.426
2011	on	1948583	32.806	44	27	0.424
2012	punish	44349	0.747	1	1	0.422
2013	poison	44407	0.748	1	1	0.42
2014	il	44690	0.752	1	1	0.41
2015	Don	44710	0.753	1	1	0.41
2016	Winter	44720	0.753	1	1	0.409
2017	di	44811	0.754	1	1	0.407
2018	makes	359288	6.049	8	7	0.403
2019	Private	134915	2.271	3	2	0.401
2020	;	9536348	160.55	212	117	0.401
2021	th	180132	3.033	4	3	0.399
2022	thirdly	90751	1.528	2	2	0.389
2023	guard	45684	0.769	1	1	0.379
2024	see	961542	16.188	21	14	0.375
2025	judges	91633	1.543	2	2	0.375
2026	affliction	45899	0.773	1	1	0.372
2027	cast	229673	3.867	5	5	0.371
2028	fled	45957	0.774	1	1	0.37
2029	Stay	91988	1.549	2	2	0.369
2030	rage	46100	0.776	1	1	0.366
2031	article	46170	0.777	1	1	0.363
2032	once	277740	4.676	6	6	0.36
2033	conversion	46375	0.781	1	1	0.357
2034	friendship	46387	0.781	1	1	0.357
2035	of	39170514	659.459	844	302	0.356
2036	used	278736	4.693	6	5	0.355
2037	vice	46611	0.785	1	1	0.35
2038	showing	46685	0.786	1	1	0.347
2039	Even	607522	10.228	13	8	0.346
2040	riches	93796	1.579	2	2	0.341
2041	is	12301699	207.107	262	131	0.339
2042	Church	1175787	19.795	25	22	0.337
2043	marriage	94195	1.586	2	2	0.335
2044	inheritance	47112	0.793	1	1	0.334
2045	wall	47250	0.796	1	1	0.33
2046	advantage	94526	1.591	2	1	0.33
2047	till	379902	6.396	8	7	0.323
2048	friends	189996	3.199	4	4	0.323
2049	15.	95551	1.609	2	2	0.314
2050	Gentle	47820	0.805	1	1	0.313
2051	&c	479189	8.067	10	9	0.31
2052	and	37698224	634.672	786	318	0.309
2053	knows	144623	2.435	3	3	0.301
2054	earnest	48238	0.812	1	1	0.3
2055	fine	96522	1.625	2	2	0.3
2056	puts	48280	0.813	1	1	0.299
2057	:	8018849	135.002	166	94	0.298
2058	worst	48340	0.814	1	1	0.297
2059	dyed	48358	0.814	1	1	0.297
2060	worse	96916	1.632	2	2	0.294
2061	Saints	194939	3.282	4	4	0.285
2062	burden	48806	0.822	1	1	0.283
2063	commonly	97748	1.646	2	2	0.281
2064	noted	48905	0.823	1	1	0.281
2065	London	146866	2.473	3	3	0.279
2066	noble	146938	2.474	3	3	0.278
2067	spoken	147126	2.477	3	3	0.276
2068	States	49055	0.826	1	1	0.276
2069	Mischief	49083	0.826	1	1	0.275
2070	granted	98434	1.657	2	2	0.271
2071	O	541781	9.121	11	8	0.27
2072	wicked	246712	4.154	5	4	0.268
2073	4.	246979	4.158	5	5	0.266
2074	delivered	148308	2.497	3	3	0.265
2075	,	97296499	1638.045	1966	492	0.263
2076	14.	99060	1.668	2	2	0.262
2077	neighbour	49578	0.835	1	1	0.261
2078	against	1339213	22.547	27	20	0.26
2079	16	148850	2.506	3	3	0.26
2080	conditions	49776	0.838	1	1	0.255
2081	dying	49889	0.84	1	1	0.252
2082	self	948089	15.962	19	15	0.251
2083	perhaps	99958	1.683	2	1	0.249
2084	servants	149996	2.525	3	3	0.249
2085	last	450430	7.583	9	7	0.247
2086	admit	50054	0.843	1	1	0.247
2087	while	300747	5.063	6	5	0.245
2088	stood	100471	1.692	2	2	0.242
2089	declare	100528	1.692	2	1	0.241
2090	or	6140246	103.375	122	68	0.239
2091	hair	50335	0.847	1	1	0.239
2092	colour	100836	1.698	2	2	0.237
2093	dominion	50446	0.849	1	1	0.236
2094	24	100969	1.7	2	1	0.235
2095	7.	151741	2.555	3	3	0.232
2096	darkness	101306	1.706	2	2	0.23
2097	instruments	50653	0.853	1	1	0.23
2098	age	202681	3.412	4	4	0.229
2099	posterity	50699	0.854	1	1	0.229
2100	always	304181	5.121	6	6	0.229
2101	Behold	152112	2.561	3	3	0.228
2102	sacraments	50743	0.854	1	1	0.227
2103	revealed	50925	0.857	1	1	0.222
2104	arm	50968	0.858	1	1	0.221
2105	absolutely	51032	0.859	1	1	0.219
2106	suffering	51201	0.862	1	1	0.214
2107	prophecy	51210	0.862	1	1	0.214
2108	that	17465266	294.038	341	183	0.214
2109	Magistrate	51237	0.863	1	1	0.213
2110	remembrance	51396	0.865	1	1	0.209
2111	profess	51407	0.866	1	1	0.208
2112	fill	51476	0.867	1	1	0.207
2113	unless	154621	2.603	3	3	0.205
2114	Christianity	51706	0.871	1	1	0.2
2115	consider	208021	3.502	4	3	0.192
2116	sign	104160	1.754	2	2	0.19
2117	too	521045	8.772	10	10	0.189
2118	green	52193	0.879	1	1	0.187
2119	believing	52233	0.879	1	1	0.185
2120	Looks	52264	0.88	1	1	0.185
2121	did	1515759	25.519	29	22	0.184
2122	hand	471988	7.946	9	9	0.18
2123	yet	1835928	30.909	35	27	0.179
2124	hid	52578	0.885	1	1	0.176
2125	sinner	52649	0.886	1	1	0.174
2126	longer	105304	1.773	2	2	0.174
2127	pride	105444	1.775	2	2	0.172
2128	nay	158341	2.666	3	3	0.17
2129	leave	264688	4.456	5	5	0.166
2130	22	105972	1.784	2	2	0.165
2131	Princes	212093	3.571	4	2	0.164
2132	faithful	159195	2.68	3	2	0.163
2133	conceived	53148	0.895	1	1	0.16
2134	Secure	53168	0.895	1	1	0.16
2135	21	106558	1.794	2	2	0.157
2136	discipline	53324	0.898	1	1	0.156
2137	must	1333555	22.451	25	21	0.155
2138	whatever	53353	0.898	1	1	0.155
2139	down	533657	8.984	10	9	0.155
2140	add	106899	1.8	2	2	0.152
2141	spent	53460	0.9	1	1	0.152
2142	Richard	53481	0.9	1	1	0.151
2143	yea	321813	5.418	6	6	0.147
2144	conversation	53957	0.908	1	1	0.139
2145	somewhat	108061	1.819	2	2	0.137
2146	2	973176	16.384	18	13	0.136
2147	Virgin	54072	0.91	1	1	0.136
2148	14	162434	2.735	3	3	0.134
2149	drawn	108352	1.824	2	2	0.133
2150	late	162556	2.737	3	3	0.133
2151	abide	54229	0.913	1	1	0.131
2152	served	54417	0.916	1	1	0.126
2153	sheweth	54422	0.916	1	1	0.126
2154	two	926661	15.601	17	9	0.124
2155	nor	1146191	19.297	21	17	0.122
2156	sing	54605	0.919	1	1	0.121
2157	accordingly	54707	0.921	1	1	0.119
2158	brings	54834	0.923	1	1	0.115
2159	)	3126749	52.641	57	39	0.115
2160	far	439291	7.396	8	7	0.113
2161	turned	109846	1.849	2	2	0.113
2162	bold	54959	0.925	1	1	0.112
2163	Thereupon	55032	0.927	1	1	0.11
2164	mentioned	110171	1.855	2	2	0.109
2165	plainly	111081	1.87	2	2	0.097
2166	Leaving	55555	0.935	1	1	0.096
2167	sold	55694	0.938	1	1	0.093
2168	question	167153	2.814	3	3	0.092
2169	seventh	55727	0.938	1	1	0.092
2170	Court	223217	3.758	4	3	0.09
2171	high	281250	4.735	5	4	0.079
2172	brought	394377	6.64	7	7	0.076
2173	Mountains	56383	0.949	1	1	0.075
2174	hard	169293	2.85	3	3	0.074
2175	For	9369441	157.74	166	101	0.074
2176	escape	56596	0.953	1	1	0.07
2177	feast	56711	0.955	1	1	0.067
2178	brother	170744	2.875	3	3	0.062
2179	no	2739631	46.123	48	42	0.058
2180	Mat.	114281	1.924	2	2	0.056
2181	Where	1086411	18.29	19	16	0.055
2182	Dei	57220	0.963	1	1	0.054
2183	assistance	57244	0.964	1	1	0.053
2184	often	229358	3.861	4	4	0.051
2185	then	2700348	45.462	47	40	0.048
2186	will	2993503	50.397	52	34	0.045
2187	thereby	172833	2.91	3	3	0.044
2188	distance	57644	0.971	1	1	0.043
2189	finding	57977	0.976	1	1	0.035
2190	more	2262327	38.088	39	27	0.034
2191	sent	348162	5.862	6	5	0.034
2192	horses	58059	0.978	1	1	0.033
2193	house	407406	6.859	7	7	0.029
2194	keeping	58223	0.98	1	1	0.029
2195	believers	58227	0.98	1	1	0.029
2196	intent	58266	0.981	1	1	0.028
2197	season	58435	0.984	1	1	0.024
2198	view	58441	0.984	1	1	0.023
2199	first	1465032	24.665	25	19	0.019
2200	forth	410791	6.916	7	6	0.017
2201	Piety	58776	0.99	1	1	0.015
2202	stand	235721	3.969	4	4	0.011
2203	obtain	58968	0.993	1	1	0.01
2204	Gen.	118079	1.988	2	2	0.009
2205	wait	59233	0.997	1	1	0.004
2206	how	1244740	20.956	21	9	0.003
2207	enim	59285	0.998	1	1	0.003
2208	11	177974	2.996	3	3	0.002
2209	condemn	59378	1	1	1	0
2210	sect.	59519	1.002	1	1	-0.003
2211	daily	119047	2.004	2	1	-0.003
2212	19	119133	2.006	2	2	-0.004
2213	presently	119716	2.016	2	2	-0.011
2214	miracles	59991	1.01	1	1	-0.014
2215	height	59996	1.01	1	1	-0.014
2216	low	60030	1.011	1	1	-0.015
2217	these	1985969	33.435	33	26	-0.019
2218	reading	60184	1.013	1	1	-0.019
2219	revenge	60376	1.017	1	1	-0.024
2220	seven	120863	2.035	2	2	-0.025
2221	21.	60549	1.019	1	1	-0.028
2222	Sabbath	60668	1.021	1	1	-0.031
2223	breath	60807	1.024	1	1	-0.034
2224	war	243324	4.097	4	4	-0.034
2225	calls	121932	2.053	2	2	-0.038
2226	change	122021	2.054	2	2	-0.039
2227	thy	1346327	22.666	22	11	-0.043
2228	12.	122418	2.061	2	2	-0.043
2229	Arise	61558	1.036	1	1	-0.052
2230	laid	184949	3.114	3	3	-0.054
2231	wild	61696	1.039	1	1	-0.055
2232	along	61778	1.04	1	1	-0.057
2233	understand	185715	3.127	3	3	-0.06
2234	bring	310345	5.225	5	5	-0.063
2235	written	186305	3.137	3	3	-0.064
2236	still	373001	6.28	6	6	-0.066
2237	Joh	62182	1.047	1	1	-0.066
2238	pleasure	186565	3.141	3	3	-0.066
2239	However	62217	1.048	1	1	-0.067
2240	changed	62232	1.048	1	1	-0.067
2241	should	1871070	31.501	30	17	-0.07
2242	true	751380	12.65	12	11	-0.076
2243	prevent	62672	1.055	1	1	-0.077
2244	7	251211	4.229	4	4	-0.08
2245	City	377406	6.354	6	6	-0.083
2246	(	3147389	52.988	50	35	-0.084
2247	powers	63000	1.061	1	1	-0.085
2248	be	9896153	166.608	157	107	-0.086
2249	North	63334	1.066	1	1	-0.093
2250	better	443737	7.471	7	6	-0.094
2251	sooner	63462	1.068	1	1	-0.095
2252	youth	63555	1.07	1	1	-0.098
2253	man	1972758	33.213	31	22	-0.099
2254	look	255208	4.297	4	4	-0.103
2255	tell	255280	4.298	4	4	-0.104
2256	comes	255457	4.301	4	4	-0.105
2257	whilst	127767	2.151	2	2	-0.105
2258	clean	63893	1.076	1	1	-0.105
2259	confess	127821	2.152	2	2	-0.106
2260	led	64006	1.078	1	1	-0.108
2261	remains	64087	1.079	1	1	-0.11
2262	persons	384539	6.474	6	6	-0.11
2263	sword	128215	2.159	2	1	-0.11
2264	estates	64246	1.082	1	1	-0.113
2265	Deuteronomy	64271	1.082	1	1	-0.114
2266	taught	128541	2.164	2	2	-0.114
2267	west	64326	1.083	1	1	-0.115
2268	haste	258415	4.351	4	3	-0.121
2269	therefore	1231317	20.73	19	12	-0.126
2270	when	2343068	39.447	36	28	-0.132
2271	22.	65112	1.096	1	1	-0.133
2272	Gentiles	65128	1.097	1	1	-0.133
2273	also	1433690	24.137	22	20	-0.134
2274	sacrifice	130353	2.195	2	2	-0.134
2275	former	261116	4.396	4	3	-0.136
2276	rather	393402	6.623	6	6	-0.143
2277	innocent	65570	1.104	1	1	-0.143
2278	affirm	65605	1.105	1	1	-0.143
2279	Provided	65669	1.106	1	1	-0.145
2280	fit	197019	3.317	3	3	-0.145
2281	why	394748	6.646	6	6	-0.147
2282	sides	65850	1.109	1	1	-0.149
2283	state	329799	5.552	5	5	-0.151
2284	Gentleman	66021	1.112	1	1	-0.153
2285	higher	66116	1.113	1	1	-0.155
2286	set	595126	10.019	9	7	-0.155
2287	went	264770	4.458	4	4	-0.156
2288	serve	198842	3.348	3	3	-0.158
2289	their	5435041	91.502	82	53	-0.158
2290	wherein	332751	5.602	5	3	-0.164
2291	world	932868	15.705	14	12	-0.166
2292	go	533648	8.984	8	7	-0.167
2293	manner	467036	7.863	7	5	-0.168
2294	greatest	200955	3.383	3	3	-0.173
2295	.	39047260	657.384	582	200	-0.176
2296	fifth	67116	1.13	1	1	-0.176
2297	but	6983890	117.578	104	75	-0.177
2298	Clergy	67422	1.135	1	1	-0.183
2299	out	1686345	28.391	25	22	-0.183
2300	justification	67459	1.136	1	1	-0.184
2301	miserable	67471	1.136	1	1	-0.184
2302	name	607418	10.226	9	8	-0.184
2303	obliged	67494	1.136	1	1	-0.184
2304	put	607656	10.23	9	8	-0.185
2305	find	472931	7.962	7	7	-0.186
2306	head	338290	5.695	5	5	-0.188
2307	coming	203089	3.419	3	3	-0.189
2308	nevertheless	67735	1.14	1	1	-0.19
2309	dare	135920	2.288	2	2	-0.194
2310	fair	204535	3.444	3	3	-0.199
2311	may	2661871	44.814	39	30	-0.2
2312	what	2320680	39.07	34	20	-0.201
2313	made	1503973	25.32	22	18	-0.203
2314	malice	68470	1.153	1	1	-0.205
2315	full	343239	5.779	5	4	-0.209
2316	taken	481305	8.103	7	7	-0.211
2317	real	68772	1.158	1	1	-0.211
2318	esteem	68896	1.16	1	1	-0.214
2319	Mary	68927	1.16	1	1	-0.215
2320	themselves	761621	12.822	11	9	-0.221
2321	to	27864128	469.109	401	191	-0.226
2322	Caesar	69848	1.176	1	1	-0.234
2323	as	9292085	156.438	133	75	-0.234
2324	shows	70001	1.179	1	1	-0.237
2325	cut	140466	2.365	2	2	-0.242
2326	Hopes	70348	1.184	1	1	-0.244
2327	sayeth	633645	10.668	9	8	-0.245
2328	every	1057014	17.796	15	13	-0.247
2329	one	2538275	42.733	36	24	-0.247
2330	thine	141265	2.378	2	2	-0.25
2331	farther	70765	1.191	1	1	-0.253
2332	die	284558	4.791	4	4	-0.26
2333	innon-Latinalphabet	427513	7.197	6	3	-0.263
2334	wrong	71272	1.2	1	1	-0.263
2335	Parliament	214227	3.607	3	3	-0.266
2336	following	142882	2.406	2	2	-0.266
2337	d	143450	2.415	2	2	-0.272
2338	wickedness	71915	1.211	1	1	-0.276
2339	away	504942	8.501	7	6	-0.28
2340	toward	72140	1.215	1	1	-0.28
2341	Moreover	72198	1.216	1	1	-0.282
2342	having	579260	9.752	8	8	-0.286
2343	4	434750	7.319	6	6	-0.287
2344	ever	652700	10.989	9	8	-0.288
2345	Sure	217623	3.664	3	3	-0.288
2346	contained	72595	1.222	1	1	-0.289
2347	20	145215	2.445	2	2	-0.29
2348	pleasant	72707	1.224	1	1	-0.292
2349	Priests	145909	2.457	2	2	-0.297
2350	preached	73136	1.231	1	1	-0.3
2351	whereby	220196	3.707	3	3	-0.305
2352	afterwards	146805	2.472	2	2	-0.305
2353	So	5366625	90.35	73	56	-0.308
2354	became	73544	1.238	1	1	-0.308
2355	child	148012	2.492	2	2	-0.317
2356	Red	74028	1.246	1	1	-0.318
2357	they	6960305	117.181	94	67	-0.318
2358	notwithstanding	148685	2.503	2	2	-0.324
2359	performed	74489	1.254	1	1	-0.327
2360	kill	74750	1.259	1	1	-0.332
2361	universal	74773	1.259	1	1	-0.332
2362	whence	149816	2.522	2	2	-0.335
2363	by	7416468	124.861	99	58	-0.335
2364	commands	74993	1.263	1	1	-0.336
2365	multitude	75242	1.267	1	1	-0.341
2366	expressed	75252	1.267	1	1	-0.341
2367	Blessed	226222	3.809	3	3	-0.344
2368	government	226390	3.811	3	3	-0.345
2369	impossible	75536	1.272	1	1	-0.347
2370	take	907131	15.272	12	11	-0.348
2371	Edward	75687	1.274	1	1	-0.35
2372	zeal	75709	1.275	1	1	-0.35
2373	said	1514302	25.494	20	16	-0.35
2374	among	379416	6.388	5	5	-0.353
2375	20.	75893	1.278	1	1	-0.354
2376	seen	227877	3.836	3	3	-0.355
2377	are	5017099	84.466	66	56	-0.356
2378	gold	152169	2.562	2	2	-0.357
2379	not	8929558	150.334	117	75	-0.362
2380	speaks	153099	2.578	2	2	-0.366
2381	move	76878	1.294	1	1	-0.372
2382	glory	384462	6.473	5	5	-0.372
2383	herein	77012	1.297	1	1	-0.375
2384	only	1544540	26.003	20	18	-0.379
2385	plain	154580	2.602	2	2	-0.38
2386	ship	77589	1.306	1	1	-0.385
2387	ships	77763	1.309	1	1	-0.389
2388	credit	77984	1.313	1	1	-0.393
2389	which	6940930	116.855	89	61	-0.393
2390	do	2417629	40.702	31	26	-0.393
2391	gain	78199	1.317	1	1	-0.397
2392	had	2740575	46.139	35	30	-0.399
2393	was	5179337	87.197	66	50	-0.402
2394	cruel	78662	1.324	1	1	-0.405
2395	here	866663	14.591	11	10	-0.408
2396	works	315242	5.307	4	2	-0.408
2397	estate	157763	2.656	2	1	-0.409
2398	whereupon	78977	1.33	1	1	-0.411
2399	vain	158202	2.663	2	2	-0.413
2400	sleep	79160	1.333	1	1	-0.414
2401	Christs	158654	2.671	2	2	-0.417
2402	Grave	79381	1.336	1	1	-0.418
2403	soul	555660	9.355	7	4	-0.418
2404	signifies	79472	1.338	1	1	-0.42
2405	latter	79506	1.339	1	1	-0.421
2406	conscience	238823	4.021	3	3	-0.422
2407	least	319491	5.379	4	4	-0.427
2408	case	319514	5.379	4	3	-0.427
2409	up	1119358	18.845	14	13	-0.429
2410	Secondly	160056	2.695	2	1	-0.43
2411	ears	80061	1.348	1	1	-0.431
2412	abroad	80124	1.349	1	1	-0.432
2413	some	1845849	31.076	23	21	-0.434
2414	between	321208	5.408	4	4	-0.435
2415	defend	80482	1.355	1	1	-0.438
2416	live	322774	5.434	4	4	-0.442
2417	mere	80762	1.36	1	1	-0.443
2418	all	5908829	99.479	73	57	-0.446
2419	sin	729699	12.285	9	7	-0.449
2420	victory	81232	1.368	1	1	-0.452
2421	wonder	81268	1.368	1	1	-0.452
2422	endeavour	81395	1.37	1	1	-0.454
2423	conceive	81841	1.378	1	1	-0.462
2424	know	736780	12.404	9	9	-0.463
2425	thither	82005	1.381	1	1	-0.465
2426	Printed	82066	1.382	1	1	-0.466
2427	26	82160	1.383	1	1	-0.468
2428	told	164509	2.77	2	2	-0.47
2429	Since	412107	6.938	5	5	-0.473
2430	Pet	82435	1.388	1	1	-0.473
2431	Health	83023	1.398	1	1	-0.483
2432	his	9217642	155.185	111	70	-0.483
2433	come	1165618	19.624	14	12	-0.487
2434	altogether	83475	1.405	1	1	-0.491
2435	he	9215356	155.146	110	62	-0.496
2436	spake	83909	1.413	1	1	-0.498
2437	being	1764433	29.705	21	18	-0.5
2438	give	758276	12.766	9	9	-0.504
2439	5	338721	5.703	4	4	-0.512
2440	gifts	84700	1.426	1	1	-0.512
2441	fly	84799	1.428	1	1	-0.514
2442	Countries	84816	1.428	1	1	-0.514
2443	preaching	85136	1.433	1	1	-0.519
2444	another	682313	11.487	8	8	-0.522
2445	patience	85500	1.439	1	1	-0.525
2446	dangerous	85652	1.442	1	1	-0.528
2447	wit	172149	2.898	2	2	-0.535
2448	use	603174	10.155	7	5	-0.537
2449	you	3714542	62.537	43	38	-0.54
2450	arms	173309	2.918	2	2	-0.545
2451	would	1733888	29.191	20	17	-0.546
2452	under	696455	11.725	8	7	-0.552
2453	whether	435425	7.331	5	5	-0.552
2454	's	1833403	30.866	21	13	-0.556
2455	concerning	262903	4.426	3	3	-0.561
2456	holy	701649	11.813	8	8	-0.562
2457	English	176398	2.97	2	2	-0.57
2458	terms	88303	1.487	1	1	-0.572
2459	reward	88300	1.487	1	1	-0.572
2460	Luke	88853	1.496	1	1	-0.581
2461	before	1422340	23.946	16	10	-0.582
2462	got	88984	1.498	1	1	-0.583
2463	because	1157094	19.48	13	10	-0.584
2464	seems	178155	2.999	2	2	-0.585
2465	fall	267911	4.51	3	2	-0.588
2466	neither	537051	9.042	6	6	-0.592
2467	practice	89548	1.508	1	1	-0.592
2468	wrought	89617	1.509	1	1	-0.593
2469	were	2871299	48.34	32	28	-0.595
2470	willing	90371	1.521	1	1	-0.605
2471	affections	90463	1.523	1	1	-0.607
2472	Half	181109	3.049	2	2	-0.608
2473	tree	90586	1.525	1	1	-0.609
2474	deliver	90659	1.526	1	1	-0.61
2475	answer	362673	6.106	4	4	-0.61
2476	guilty	91473	1.54	1	1	-0.623
2477	Wherefore	183911	3.096	2	2	-0.631
2478	fully	92165	1.552	1	1	-0.634
2479	Surely	92689	1.561	1	1	-0.642
2480	learning	92794	1.562	1	1	-0.644
2481	heads	93035	1.566	1	1	-0.647
2482	Saint	186918	3.147	2	2	-0.654
2483	open	187653	3.159	2	2	-0.66
2484	If	3293480	55.448	35	28	-0.664
2485	sacred	94725	1.595	1	1	-0.673
2486	Line	95017	1.6	1	1	-0.678
2487	son	570683	9.608	6	6	-0.679
2488	long	571124	9.615	6	6	-0.68
2489	alone	190842	3.213	2	2	-0.684
2490	suffer	191145	3.218	2	2	-0.686
2491	happiness	95587	1.609	1	1	-0.686
2492	beauty	95667	1.611	1	1	-0.688
2493	pains	95716	1.611	1	1	-0.688
2494	none	383245	6.452	4	4	-0.69
2495	i.	191916	3.231	2	2	-0.692
2496	gives	192161	3.235	2	2	-0.694
2497	righteousness	192253	3.237	2	1	-0.695
2498	speaking	96859	1.631	1	1	-0.705
2499	ways	194504	3.275	2	2	-0.711
2500	Gospel	291769	4.912	3	3	-0.711
2501	never	778679	13.11	8	8	-0.713
2502	something	97686	1.645	1	1	-0.718
2503	died	97793	1.646	1	1	-0.719
2504	fast	97823	1.647	1	1	-0.72
2505	after	1272516	21.424	13	12	-0.721
2506	strength	196140	3.302	2	2	-0.723
2507	condition	196366	3.306	2	2	-0.725
2508	given	491070	8.268	5	4	-0.726
2509	withal	98276	1.655	1	1	-0.726
2510	Continued	98376	1.656	1	1	-0.728
2511	tells	98449	1.657	1	1	-0.729
2512	its	492268	8.288	5	4	-0.729
2513	times	394191	6.636	4	4	-0.73
2514	Jews	197436	3.324	2	2	-0.733
2515	unto	1880305	31.656	19	16	-0.736
2516	rest	396125	6.669	4	4	-0.737
2517	Image	99324	1.672	1	1	-0.742
2518	In	20011385	336.904	201	111	-0.745
2519	there	2595192	43.692	26	23	-0.749
2520	suffered	100182	1.687	1	1	-0.754
2521	raised	100276	1.688	1	1	-0.755
2522	James	100348	1.689	1	1	-0.757
2523	William	100370	1.69	1	1	-0.757
2524	royal	101049	1.701	1	1	-0.767
2525	v.	202373	3.407	2	2	-0.769
2526	23	101193	1.704	1	1	-0.769
2527	nature	607747	10.232	6	2	-0.77
2528	Churches	202693	3.413	2	2	-0.771
2529	6	304045	5.119	3	3	-0.771
2530	&	2737777	46.092	27	16	-0.772
2531	content	101607	1.711	1	1	-0.775
2532	me	1731164	29.145	17	16	-0.778
2533	Lest	101960	1.717	1	1	-0.78
2534	mind	407887	6.867	4	4	-0.78
2535	have	4691254	78.98	46	37	-0.78
2536	At	3182175	53.574	31	26	-0.789
2537	Oath	102906	1.733	1	1	-0.793
2538	holiness	103065	1.735	1	1	-0.795
2539	kind	310094	5.221	3	3	-0.799
2540	though	1040761	17.522	10	9	-0.809
2541	suppose	104105	1.753	1	1	-0.81
2542	learn	104113	1.753	1	1	-0.81
2543	truth	521766	8.784	5	5	-0.813
2544	charity	104646	1.762	1	1	-0.817
2545	I	6187300	104.167	59	46	-0.82
2546	custom	105184	1.771	1	1	-0.824
2547	divers	210634	3.546	2	2	-0.826
2548	promised	105333	1.773	1	1	-0.826
2549	going	105462	1.776	1	1	-0.828
2550	3.	318523	5.363	3	3	-0.838
2551	declared	106222	1.788	1	1	-0.839
2552	motion	106536	1.794	1	1	-0.843
2553	pay	106691	1.796	1	1	-0.845
2554	13.	106799	1.798	1	1	-0.846
2555	Gods	640962	10.791	6	6	-0.847
2556	pure	107081	1.803	1	1	-0.85
2557	has	321926	5.42	3	3	-0.853
2558	mighty	107406	1.808	1	1	-0.855
2559	let	968524	16.306	9	8	-0.857
2560	manifest	107661	1.813	1	1	-0.858
2561	likewise	215998	3.637	2	2	-0.863
2562	way	756236	12.732	7	7	-0.863
2563	free	216340	3.642	2	1	-0.865
2564	desired	108540	1.827	1	1	-0.87
2565	error	108610	1.829	1	1	-0.871
2566	night	217853	3.668	2	2	-0.875
2567	say	1089806	18.348	10	10	-0.876
2568	from	3924250	66.067	36	24	-0.876
2569	your	2073026	34.901	19	15	-0.877
2570	witness	109825	1.849	1	1	-0.887
2571	help	220081	3.705	2	2	-0.89
2572	prove	220093	3.705	2	2	-0.89
2573	meaning	110075	1.853	1	1	-0.89
2574	can	1982819	33.382	18	17	-0.891
2575	about	661900	11.144	6	6	-0.893
2576	design	110482	1.86	1	1	-0.895
2577	either	552589	9.303	5	5	-0.896
2578	together	444738	7.487	4	4	-0.904
2579	does	222564	3.747	2	2	-0.906
2580	otherwise	223302	3.759	2	2	-0.911
2581	Satan	111662	1.88	1	1	-0.911
2582	creature	112250	1.89	1	1	-0.918
2583	less	337828	5.688	3	3	-0.923
2584	ordinary	113361	1.909	1	1	-0.932
2585	sometimes	226924	3.82	2	2	-0.934
2586	fourth	113523	1.911	1	1	-0.934
2587	punishment	113533	1.911	1	1	-0.935
2588	Sacrament	113613	1.913	1	1	-0.936
2589	wrath	113648	1.913	1	1	-0.936
2590	end	571167	9.616	5	5	-0.943
2591	action	114368	1.926	1	1	-0.945
2592	him	4270811	71.902	37	27	-0.959
2593	river	115702	1.948	1	1	-0.962
2594	Reign	115734	1.949	1	1	-0.962
2595	besides	231481	3.897	2	2	-0.962
2596	near	232787	3.919	2	2	-0.971
2597	us	2216337	37.313	19	9	-0.974
2598	giving	117136	1.972	1	1	-0.98
2599	year	352165	5.929	3	2	-0.983
2600	proved	118293	1.992	1	1	-0.994
2601	my	2492426	41.962	21	15	-0.999
2602	such	2262212	38.086	19	18	-1.003
2603	lay	238823	4.021	2	2	-1.007
2604	love	838220	14.112	7	6	-1.011
2605	e.	119746	2.016	1	1	-1.011
2606	Wise	241600	4.068	2	2	-1.024
2607	Justice	242072	4.075	2	2	-1.027
2608	third	242706	4.086	2	1	-1.031
2609	further	242781	4.087	2	2	-1.031
2610	well	1096551	18.461	9	9	-1.036
2611	Civil	121918	2.053	1	1	-1.037
2612	mean	244094	4.11	2	2	-1.039
2613	substance	122160	2.057	1	1	-1.04
2614	men	1835942	30.909	15	14	-1.043
2615	Peace	369451	6.22	3	3	-1.052
2616	Reasons	123167	2.074	1	1	-1.052
2617	Priest	123560	2.08	1	1	-1.057
2618	Sir	371184	6.249	3	3	-1.059
2619	towards	247540	4.168	2	2	-1.059
2620	side	250068	4.21	2	2	-1.074
2621	word	751485	12.652	6	6	-1.076
2622	understood	125485	2.113	1	1	-1.079
2623	betwixt	127079	2.14	1	1	-1.097
2624	present	383135	6.45	3	3	-1.104
2625	carried	127788	2.151	1	1	-1.105
2626	business	128020	2.155	1	1	-1.108
2627	most	1280269	21.554	10	7	-1.108
2628	difference	128593	2.165	1	1	-1.114
2629	Grant	129668	2.183	1	1	-1.126
2630	time	1426900	24.023	11	7	-1.127
2631	French	130315	2.194	1	1	-1.133
2632	9.	131214	2.209	1	1	-1.143
2633	much	1448309	24.383	11	9	-1.148
2634	into	1727535	29.084	13	11	-1.162
2635	s	133183	2.242	1	1	-1.165
2636	10.	134546	2.265	1	1	-1.18
2637	S.	403850	6.799	3	2	-1.18
2638	Letter	134624	2.267	1	1	-1.18
2639	run	134767	2.269	1	1	-1.182
2640	draw	134904	2.271	1	1	-1.183
2641	white	134914	2.271	1	1	-1.184
2642	think	539870	9.089	4	4	-1.184
2643	outward	135202	2.276	1	1	-1.187
2644	godly	135636	2.284	1	1	-1.191
2645	any	2444028	41.147	18	15	-1.193
2646	Read	271950	4.578	2	2	-1.195
2647	Horse	136110	2.292	1	1	-1.196
2648	held	136444	2.297	1	1	-1.2
2649	e	136544	2.299	1	1	-1.201
2650	been	1095200	18.438	8	7	-1.205
2651	large	136943	2.306	1	1	-1.205
2652	mercy	275937	4.646	2	2	-1.216
2653	lawful	138238	2.327	1	1	-1.219
2654	friend	138523	2.332	1	1	-1.222
2655	appointed	138730	2.336	1	1	-1.224
2656	hence	139086	2.342	1	1	-1.227
2657	both	976138	16.434	7	6	-1.231
2658	whereof	279030	4.698	2	2	-1.232
2659	heart	559805	9.425	4	4	-1.236
2660	received	280865	4.729	2	2	-1.241
2661	Crown	140652	2.368	1	1	-1.244
2662	Death	707920	11.918	5	5	-1.253
2663	praise	141937	2.39	1	1	-1.257
2664	appears	142173	2.394	1	1	-1.259
2665	left	284479	4.789	2	2	-1.26
2666	rich	142318	2.396	1	1	-1.261
2667	sense	285637	4.809	2	2	-1.266
2668	eyes	285959	4.814	2	2	-1.267
2669	deny	143761	2.42	1	1	-1.275
2670	God	4174430	70.279	29	21	-1.277
2671	it	11231693	189.092	78	55	-1.278
2672	day	864384	14.552	6	4	-1.278
2673	home	144093	2.426	1	1	-1.279
2674	enter	145726	2.453	1	1	-1.295
2675	contrary	291963	4.915	2	1	-1.297
2676	c	292350	4.922	2	2	-1.299
2677	we	4105074	69.111	28	26	-1.303
2678	Foot	146629	2.469	1	1	-1.304
2679	very	1174247	19.769	8	7	-1.305
2680	c.	296045	4.984	2	2	-1.317
2681	eye	149187	2.512	1	1	-1.329
2682	hell	149518	2.517	1	1	-1.332
2683	other	2103223	35.409	14	14	-1.339
2684	needs	150472	2.533	1	1	-1.341
2685	shalt	151151	2.545	1	1	-1.347
2686	labour	151222	2.546	1	1	-1.348
2687	fell	151275	2.547	1	1	-1.349
2688	effect	151431	2.549	1	1	-1.35
2689	easily	151870	2.557	1	1	-1.354
2690	short	151930	2.558	1	1	-1.355
2691	desire	306364	5.158	2	2	-1.367
2692	England	309285	5.207	2	2	-1.38
2693	power	776557	13.074	5	5	-1.387
2694	little	624322	10.511	4	3	-1.394
2695	bread	156950	2.642	1	1	-1.402
2696	own	1256418	21.153	8	8	-1.403
2697	Subjects	157137	2.646	1	1	-1.404
2698	thoughts	158076	2.661	1	1	-1.412
2699	until	158797	2.673	1	1	-1.419
2700	came	478712	8.059	3	3	-1.426
2701	1	1451762	24.441	9	9	-1.441
2702	off	323311	5.443	2	2	-1.444
2703	could	808277	13.608	5	5	-1.444
2704	place	808630	13.614	5	5	-1.445
2705	Scripture	324647	5.466	2	2	-1.45
2706	proper	163180	2.747	1	1	-1.458
2707	spirit	654859	11.025	4	3	-1.463
2708	seek	163878	2.759	1	1	-1.464
2709	13	164052	2.762	1	1	-1.466
2710	lost	164242	2.765	1	1	-1.467
2711	due	164838	2.775	1	1	-1.473
2712	ye	825703	13.901	5	4	-1.475
2713	others	665440	11.203	4	4	-1.486
2714	living	166437	2.802	1	1	-1.487
2715	those	1667771	28.078	10	9	-1.489
2716	best	335557	5.649	2	2	-1.498
2717	worthy	168026	2.829	1	1	-1.5
2718	Scriptures	168254	2.833	1	1	-1.502
2719	bodies	169090	2.847	1	1	-1.509
2720	example	169196	2.849	1	1	-1.51
2721	things	1357990	22.863	8	6	-1.515
2722	whereas	170273	2.867	1	1	-1.519
2723	ministers	171247	2.883	1	1	-1.528
2724	them	4855982	81.753	28	26	-1.546
2725	sight	174034	2.93	1	1	-1.551
2726	show	349122	5.878	2	2	-1.555
2727	Rom.	175535	2.955	1	1	-1.563
2728	thought	352735	5.939	2	2	-1.57
2729	body	712249	11.991	4	3	-1.584
2730	charge	178431	3.004	1	1	-1.587
2731	therein	178975	3.013	1	1	-1.591
2732	Bishops	179221	3.017	1	1	-1.593
2733	same	1256120	21.148	7	4	-1.595
2734	acts	180390	3.037	1	1	-1.603
2735	sins	361871	6.092	2	2	-1.607
2736	qui	180997	3.047	1	1	-1.607
2737	mans	181090	3.049	1	1	-1.608
2738	without	1089706	18.346	6	6	-1.612
2739	believe	363239	6.115	2	2	-1.612
2740	mine	181777	3.06	1	1	-1.614
2741	strong	182777	3.077	1	1	-1.622
2742	person	366738	6.174	2	2	-1.626
2743	father	550491	9.268	3	3	-1.627
2744	began	184715	3.11	1	1	-1.637
2745	speak	374513	6.305	2	2	-1.657
2746	than	940786	15.839	5	5	-1.663
2747	Army	188187	3.168	1	1	-1.664
2748	second	377815	6.361	2	2	-1.669
2749	might	949632	15.988	5	4	-1.677
2750	6.	191822	3.229	1	1	-1.691
2751	occasion	193025	3.25	1	1	-1.7
2752	covenant	193716	3.261	1	1	-1.705
2753	truly	193999	3.266	1	1	-1.708
2754	12	195478	3.291	1	1	-1.719
2755	our	3333885	56.128	17	15	-1.723
2756	days	393520	6.625	2	2	-1.728
2757	means	397591	6.694	2	2	-1.743
2758	Jesus	399809	6.731	2	2	-1.751
2759	done	601055	10.119	3	3	-1.754
2760	force	202958	3.417	1	1	-1.773
2761	fear	406154	6.838	2	1	-1.774
2762	Religion	406309	6.841	2	2	-1.774
2763	Cor.	203716	3.43	1	1	-1.778
2764	La	204980	3.451	1	1	-1.787
2765	subject	206440	3.476	1	1	-1.797
2766	thousand	207672	3.496	1	1	-1.806
2767	9	208082	3.503	1	1	-1.809
2768	Lord	1459090	24.565	7	7	-1.811
2769	again	627628	10.567	3	3	-1.816
2770	5.	210462	3.543	1	1	-1.825
2771	cap	211323	3.558	1	1	-1.831
2772	need	211437	3.56	1	1	-1.832
2773	saying	211699	3.564	1	1	-1.834
2774	work	425644	7.166	2	2	-1.841
2775	salvation	213169	3.589	1	1	-1.844
2776	years	427133	7.191	2	2	-1.846
2777	matter	427808	7.202	2	2	-1.848
2778	point	214098	3.605	1	1	-1.85
2779	Prayer	214365	3.609	1	1	-1.852
2780	words	643917	10.841	3	3	-1.853
2781	p.	440626	7.418	2	2	-1.891
2782	Psal.	222362	3.744	1	1	-1.904
2783	new	447014	7.526	2	2	-1.912
2784	heard	225126	3.79	1	1	-1.922
2785	seeing	231216	3.893	1	1	-1.961
2786	10	233570	3.932	1	1	-1.975
2787	Sea	233892	3.938	1	1	-1.977
2788	life	948809	15.974	4	4	-1.998
2789	law	712338	11.993	3	3	-1.999
2790	ground	237796	4.003	1	1	-2.001
2791	Paul	240876	4.055	1	1	-2.02
2792	pray	242183	4.077	1	1	-2.028
2793	right	484646	8.159	2	2	-2.028
2794	hold	243646	4.102	1	1	-2.036
2795	natural	246892	4.157	1	1	-2.055
2796	Heaven	503504	8.477	2	2	-2.084
2797	Each	252025	4.243	1	1	-2.085
2798	page	252043	4.243	1	1	-2.085
2799	enemies	253975	4.276	1	1	-2.096
2800	receive	254239	4.28	1	1	-2.098
2801	am	509469	8.577	2	2	-2.101
2802	&#x101;	258515	4.352	1	1	-2.122
2803	Christ	1858951	31.297	7	5	-2.161
2804	whole	534092	8.992	2	2	-2.169
2805	number	269531	4.538	1	1	-2.182
2806	Mr.	271819	4.576	1	1	-2.194
2807	over	545201	9.179	2	2	-2.198
2808	part	827721	13.935	3	3	-2.216
2809	just	281045	4.732	1	1	-2.242
2810	greater	281340	4.737	1	1	-2.244
2811	else	281410	4.738	1	1	-2.244
2812	knowledge	282458	4.755	1	1	-2.25
2813	cause	585252	9.853	2	2	-2.301
2814	thing	892670	15.029	3	3	-2.325
2815	Authority	299886	5.049	1	1	-2.336
2816	says	304429	5.125	1	1	-2.358
2817	land	307074	5.17	1	1	-2.37
2818	act	322490	5.429	1	1	-2.441
2819	King	1308410	22.028	4	4	-2.461
2820	order	331304	5.578	1	1	-2.48
2821	general	331599	5.583	1	1	-2.481
2822	reason	664880	11.194	2	2	-2.485
2823	within	355110	5.979	1	1	-2.58
2824	water	355806	5.99	1	1	-2.583
2825	above	357391	6.017	1	1	-2.589
2826	evil	357919	6.026	1	1	-2.591
2827	non	359411	6.051	1	1	-2.597
2828	honour	374182	6.3	1	1	-2.655
2829	faith	762492	12.837	2	2	-2.682
2830	Kingdom	388117	6.534	1	1	-2.708
2831	good	1608969	27.088	4	4	-2.76
2832	people	885047	14.9	2	2	-2.897
2833	thereof	458302	7.716	1	1	-2.948
2834	three	474878	7.995	1	1	-2.999
2835	through	491298	8.271	1	1	-3.048
2836	&#x113;	491365	8.272	1	1	-3.048
2837	&#x14d;	499329	8.407	1	1	-3.072
2838	according	502781	8.465	1	1	-3.081
2839	nothing	640275	10.779	1	1	-3.43
2840	de	804522	13.545	1	1	-3.76
2841	himself	1068396	17.987	1	1	-4.169
2842	ricerco	1	0	1	1	n/a
2843	counselds	1	0	1	1	n/a
2844	Bibylon	2	0	1	1	n/a
2845	rdth	1	0	1	1	n/a
2846	Death-widdow	1	0	1	1	n/a
2847	cupat	2	0	1	1	n/a
2848	bestriden	1	0	1	1	n/a
2849	panderesse	1	0	1	1	n/a
2850	adusterous	1	0	1	1	n/a
2851	aftiness	1	0	1	1	n/a
2852	Rotton-arst	1	0	1	1	n/a
2853	apainted	2	0	1	1	n/a
2854	Cowsfeild	2	0	1	1	n/a
2855	Gristing	1	0	2	1	n/a
2856	18.4.5.6.9.	1	0	1	1	n/a
2857	adulierer	1	0	1	1	n/a
2858	Kevyll	1	0	1	1	n/a
2859	19.1.1.	1	0	1	1	n/a
2860	ov'io	1	0	1	1	n/a
2861	flagrancies	2	0	1	1	n/a
2862	Ierma	1	0	1	1	n/a
2863	phisiognome	2	0	1	1	n/a
2864	Faemellti	1	0	1	1	n/a
2865	rubrick't-badge	1	0	1	1	n/a
2866	Cattilinis	1	0	1	1	n/a
2867	confdracie	1	0	1	1	n/a
2868	averball	1	0	1	1	n/a
2869	Luscombs	1	0	1	1	n/a
2870	drinking-rooms	1	0	1	1	n/a
2871	worshipyers	1	0	1	1	n/a
2872	counter-greeting	1	0	1	1	n/a
2873	pockie-alehouse	1	0	1	1	n/a
2874	bald-pae	1	0	1	1	n/a
2875	Callirhee	1	0	1	1	n/a
2876	saltchin	1	0	1	1	n/a
2877	time-outlasting	2	0	1	1	n/a
2878	Shaenicolae	1	0	1	1	n/a
2879	Moselies	1	0	1	1	n/a
2880	wisdime	1	0	1	1	n/a
2881	Babyilon	1	0	1	1	n/a
2882	pssidebunt	1	0	1	1	n/a
2883	aduteresse	1	0	1	1	n/a
2884	bashfulr'st	1	0	1	1	n/a
2885	Merctrix	2	0	1	1	n/a
2886	17.6,7	2	0	1	1	n/a
2887	nthrone	1	0	1	1	n/a
2888	Keaton	1	0	1	1	n/a
