https://cqpweb.lancs.ac.uk/eebov3/concordance.php?pp=1&theData=%7Bwhore%2FN%7D&qmode=sq_nocase&del=begin%26t%3D-%7Cyear%7E1662%26t%3D-%7Cyear%7E1663%26t%3D-%7Cyear%7E1664%26t%3D-%7Cyear%7E1665%26t%3D-%7Cyear%7E1666%26t%3D-%7Cyear%7E1667%26t%3D-%7Cyear%7E1668%26t%3D-%7Cyear%7E1669%26t%3D-%7Cyear%7E1670%26t%3D-%7Cyear%7E1671&del=end&uT=yThere are 2,718 different words in your collocation database for "[lemma="(whore)_SUBST"%c]". (Your query "{whore/N}", restricted to texts meeting criteria "<em>year</em>: <em>1662</em> or <em>1663</em> or <em>1664</em> or <em>1665</em> or <em>1666</em> or <em>1667</em> or <em>1668</em> or <em>1669</em> or <em>1670</em> or <em>1671</em>",  returned 1,880 matches in 429 different texts)  
__________________

No.	Word	Total no. in whole corpus	Expected collocate frequency	Observed collocate frequency	In no. of texts	Mutual information value

1	ulgarly	6	0	1	1	13.288
2	Nepolitan	9	0	1	1	13.288
3	Theodata	7	0	1	1	13.288
4	Love-struck	7	0	1	1	13.288
5	Idolatrousness	5	0	1	1	13.288
6	twohorned	5	0	1	1	13.288
7	Joint-Exposition.	6	0	1	1	13.288
8	Chequer-wise	5	0	1	1	13.288
9	approueing	5	0	1	1	13.288
10	daughthers	6	0	1	1	13.288
11	Bastard-bearing	6	0	1	1	13.288
12	zong	7	0	1	1	13.288
13	affrontednesse	6	0	1	1	13.288
14	Cyrcaean	6	0	1	1	13.288
15	whore-like	5	0	1	1	13.288
16	bougra	6	0	1	1	13.288
17	Cacque	10	0	2	1	13.288
18	Antithrist	6	0	1	1	13.288
19	won'	5	0	1	1	13.288
20	Tanager	8	0	1	1	13.288
21	Inch-meal	7	0	1	1	13.288
22	Isochronal	5	0	1	1	13.288
23	discvered	4	0	1	1	13.288
24	T'imbrew	4	0	1	1	13.288
25	Dawbourne	6	0	1	1	13.288
26	Brigidaccia	5	0	1	1	13.288
27	Chatolins	4	0	1	1	13.288
28	Iuggles	6	0	1	1	13.288
29	presisely	6	0	1	1	13.288
30	forsibly	5	0	1	1	13.288
31	drugg	7	0	1	1	13.288
32	Romesh	5	0	1	1	13.288
33	Two-horned	340	0.005	50	2	13.204
34	ferk	19	0	2	2	12.703
35	aominable	12	0	1	1	12.288
36	Unton	25	0	2	1	12.288
37	Art-full	15	0	1	1	12.288
38	pemit	10	0	1	1	12.288
39	sorehead	11	0	1	1	12.288
40	Bbylon	27	0	2	2	12.288
41	dres't	10	0	1	1	12.288
42	North-windes	11	0	1	1	12.288
43	velcome	11	0	1	1	12.288
44	remorslessly	10	0	1	1	12.288
45	tatch	12	0	1	1	12.288
46	two-horn	15	0	1	1	12.288
47	nvail	12	0	1	1	12.288
48	Allegians	12	0	1	1	12.288
49	Claytons	34	0.001	2	1	11.966
50	Virgin-Company	34	0.001	2	1	11.966
51	Beedles	21	0	1	1	11.703
52	Apox	20	0	1	1	11.703
53	'im	20	0	1	1	11.703
54	Childerley	20	0	1	1	11.703
55	Seven-hill	17	0	1	1	11.703
56	pouted	18	0	1	1	11.703
57	Pursuvants	19	0	1	1	11.703
58	Rossana	19	0	1	1	11.703
59	Incontinency.	19	0	1	1	11.703
60	abominabel	19	0	1	1	11.703
61	Pru.	22	0	1	1	11.703
62	forchead	21	0	1	1	11.703
63	murderes	17	0	1	1	11.703
64	Poorman	16	0	1	1	11.703
65	Abrahall	21	0	1	1	11.703
66	Commedian	17	0	1	1	11.703
67	balena	43	0.001	2	1	11.48
68	odous	23	0	1	1	11.288
69	sectarius	27	0	1	1	11.288
70	Seven-Hilled	26	0	1	1	11.288
71	hansom	102	0.002	4	1	11.288
72	Bastard-children	26	0	1	1	11.288
73	Innuendo.	24	0	1	1	11.288
74	Frevill	23	0	1	1	11.288
75	Andrian	23	0	1	1	11.288
76	Joint-Exposition	28	0	1	1	11.288
77	Toldo	25	0	1	1	11.288
78	Kecka	25	0	1	1	11.288
79	Whoredom.	28	0	1	1	11.288
80	Whore-Monger	60	0.001	2	2	11.118
81	Mahoone	59	0.001	2	1	11.118
82	Calk	55	0.001	2	2	11.118
83	Bacchis	150	0.002	5	1	11.086
84	gaudery	31	0.001	1	1	10.966
85	Scarlet-coloured	125	0.002	4	4	10.966
86	spuriae	30	0.001	1	1	10.966
87	Cowherds	29	0.001	1	1	10.966
88	afair	34	0.001	1	1	10.966
89	Stoakes	32	0.001	1	1	10.966
90	Shroftide	30	0.001	1	1	10.966
91	ulled	30	0.001	1	1	10.966
92	Johan	33	0.001	1	1	10.966
93	Splendora	33	0.001	1	1	10.966
94	forcerers	35	0.001	1	1	10.966
95	Prue	67	0.001	2	1	10.966
96	Pocky	594	0.009	18	6	10.918
97	Decker	105	0.002	3	1	10.873
98	Synchronal	104	0.002	3	1	10.873
99	adonde	71	0.001	2	1	10.828
100	refusedst	68	0.001	2	2	10.828
101	Antiphila	70	0.001	2	1	10.828
102	broadness	36	0.001	1	1	10.703
103	Trimwel	41	0.001	1	1	10.703
104	Reveren	40	0.001	1	1	10.703
105	phansying	37	0.001	1	1	10.703
106	Quarante	82	0.001	2	1	10.587
107	Squirril	44	0.001	1	1	10.48
108	Capreas	47	0.001	1	1	10.48
109	itteth	46	0.001	1	1	10.48
110	Super-annuated	42	0.001	1	1	10.48
111	co-mixed	46	0.001	1	1	10.48
112	debaucher	47	0.001	1	1	10.48
113	Metres	97	0.002	2	1	10.381
114	whore-houses	54	0.001	1	1	10.288
115	mongers	208	0.003	4	4	10.243
116	pockey	59	0.001	1	1	10.118
117	stageplayes	60	0.001	1	1	10.118
118	brech	58	0.001	1	1	10.118
119	Bertol	60	0.001	1	1	10.118
120	Solomen	58	0.001	1	1	10.118
121	Pickpocket	59	0.001	1	1	10.118
122	Leiut	116	0.002	2	1	10.118
123	Tatlers	124	0.002	2	2	10.04
124	Pandors	62	0.001	1	1	9.966
125	Barnewall	62	0.001	1	1	9.966
126	profaneth	62	0.001	1	1	9.966
127	contemporize	62	0.001	1	1	9.966
128	Bestrides	64	0.001	1	1	9.966
129	Philotis	62	0.001	1	1	9.966
130	Drow	137	0.002	2	1	9.895
131	Landl	72	0.001	1	1	9.828
132	Lopus	68	0.001	1	1	9.828
133	Glycerie	72	0.001	1	1	9.828
134	scrat	72	0.001	1	1	9.828
135	bng	72	0.001	1	1	9.828
136	o'your	147	0.002	2	1	9.764
137	Ten-horned	225	0.004	3	2	9.743
138	wine-bibbers	76	0.001	1	1	9.703
139	Love-all	78	0.001	1	1	9.703
140	whordoms	78	0.001	1	1	9.703
141	Dowdall	74	0.001	1	1	9.703
142	devell	85	0.001	1	1	9.587
143	gits	81	0.001	1	1	9.587
144	Begar	680	0.011	8	2	9.56
145	23.18.	91	0.001	1	1	9.48
146	Serul	91	0.001	1	1	9.48
147	whored	180	0.003	2	2	9.48
148	Fornicating	88	0.001	1	1	9.48
149	commiteth	93	0.002	1	1	9.381
150	Man-slayers	98	0.002	1	1	9.381
151	Lucetta	97	0.002	1	1	9.381
152	fuddle	95	0.002	1	1	9.381
153	Bloomsbury	93	0.002	1	1	9.381
154	Pierian	94	0.002	1	1	9.381
155	Old-man	388	0.006	4	1	9.357
156	Isicles	103	0.002	1	1	9.288
157	t'enrich	102	0.002	1	1	9.288
158	arrantest	101	0.002	1	1	9.288
159	Clinia	104	0.002	1	1	9.288
160	Togata	104	0.002	1	1	9.288
161	frisks	103	0.002	1	1	9.288
162	wormeaten	102	0.002	1	1	9.288
163	Josephum	111	0.002	1	1	9.2
164	seteth	107	0.002	1	1	9.2
165	Clitipho	108	0.002	1	1	9.2
166	Spendall	111	0.002	1	1	9.2
167	good-wife	111	0.002	1	1	9.2
168	Pursivants	117	0.002	1	1	9.118
169	a-sleep	115	0.002	1	1	9.118
170	appe	115	0.002	1	1	9.118
171	cele	113	0.002	1	1	9.118
172	VVElsh	121	0.002	1	1	9.04
173	veryest	128	0.002	1	1	8.966
174	17.16.	255	0.004	2	1	8.966
175	Witching	131	0.002	1	1	8.966
176	synchronize	126	0.002	1	1	8.966
177	Boons	125	0.002	1	1	8.966
178	ugh	126	0.002	1	1	8.966
179	Babilons	136	0.002	1	1	8.895
180	flaps	135	0.002	1	1	8.895
181	Clerkenwell	136	0.002	1	1	8.895
182	Quean	412	0.006	3	2	8.873
183	12.17.	275	0.004	2	2	8.861
184	her-self	140	0.002	1	1	8.828
185	whore-mongers	142	0.002	1	1	8.828
186	Desdemona	147	0.002	1	1	8.764
187	Seae	149	0.002	1	1	8.764
188	Pick-pocket	147	0.002	1	1	8.764
189	Pursivant	146	0.002	1	1	8.764
190	Deutro.	150	0.002	1	1	8.764
191	countenanceth	145	0.002	1	1	8.764
192	Caca	149	0.002	1	1	8.764
193	chan	152	0.002	1	1	8.703
194	Courtisan	156	0.002	1	1	8.703
195	Sabbath-breaker	153	0.002	1	1	8.703
196	17.16	459	0.007	3	3	8.703
197	Carlet	152	0.002	1	1	8.703
198	Brownl	163	0.003	1	1	8.644
199	Zany	159	0.003	1	1	8.644
200	Whoremaster	337	0.005	2	1	8.56
201	bish	1207	0.019	7	1	8.533
202	Ieffery	179	0.003	1	1	8.48
203	spke	179	0.003	1	1	8.48
204	24.10.	181	0.003	1	1	8.48
205	hants	182	0.003	1	1	8.48
206	Franciscum	179	0.003	1	1	8.48
207	Synchronism	187	0.003	1	1	8.43
208	Rm	558	0.009	3	1	8.43
209	Dominatio	189	0.003	1	1	8.381
210	brazen-faced	190	0.003	1	1	8.381
211	Midianitish	194	0.003	1	1	8.381
212	Smectymnuus	194	0.003	1	1	8.381
213	Baud	767	0.012	4	2	8.381
214	mangy	395	0.006	2	1	8.334
215	Pander	805	0.013	4	4	8.31
216	Hous	202	0.003	1	1	8.288
217	Iambics	203	0.003	1	1	8.288
218	Vengence	202	0.003	1	1	8.288
219	UNVEILED	617	0.01	3	2	8.288
220	thieving	417	0.007	2	1	8.265
221	Babylon	38888	0.608	185	74	8.249
222	Georgium	212	0.003	1	1	8.243
223	practis	212	0.003	1	1	8.243
224	Sloven	214	0.003	1	1	8.243
225	Hoseah	213	0.003	1	1	8.243
226	arrant	1596	0.025	7	2	8.129
227	17.1.	463	0.007	2	2	8.118
228	16.33.	233	0.004	1	1	8.118
229	Ref	231	0.004	1	1	8.118
230	falfe	231	0.004	1	1	8.118
231	Unctious	233	0.004	1	1	8.118
232	14.7.	235	0.004	1	1	8.078
233	Amata	234	0.004	1	1	8.078
234	carted	237	0.004	1	1	8.078
235	22.5.	245	0.004	1	1	8.04
236	scarlet	9179	0.144	37	20	8.01
237	Splen	250	0.004	1	1	8.002
238	him-self	247	0.004	1	1	8.002
239	Pedr	256	0.004	1	1	7.966
240	Brats	1042	0.016	4	3	7.939
241	French-Pox	262	0.004	1	1	7.93
242	Slut	523	0.008	2	2	7.93
243	swill	522	0.008	2	2	7.93
244	Croo.	796	0.012	3	1	7.918
245	prostrates	269	0.004	1	1	7.895
246	Shelford	269	0.004	1	1	7.895
247	stiffe-necked	268	0.004	1	1	7.895
248	Babylon.	534	0.008	2	1	7.895
249	Chremes	542	0.009	2	1	7.878
250	16.5.	278	0.004	1	1	7.861
251	coozen	273	0.004	1	1	7.861
252	Craze	284	0.004	1	1	7.828
253	whordom	281	0.004	1	1	7.828
254	Clit	284	0.004	1	1	7.828
255	procedendo	287	0.005	1	1	7.796
256	tattling	581	0.009	2	2	7.78
257	greased	297	0.005	1	1	7.764
258	19.2.	299	0.005	1	1	7.733
259	Rogeri	301	0.005	1	1	7.733
260	scolds	299	0.005	1	1	7.733
261	Laches	299	0.005	1	1	7.733
262	Turd	301	0.005	1	1	7.733
263	Killigrew	309	0.005	1	1	7.703
264	cauterized	305	0.005	1	1	7.703
265	rides	4321	0.068	14	5	7.694
266	puta	937	0.015	3	1	7.673
267	vat	659	0.01	2	1	7.601
268	Bawdy-house	334	0.005	1	1	7.587
269	8.19.	333	0.005	1	1	7.587
270	Whoremonger	678	0.011	2	1	7.56
271	Monkery	339	0.005	1	1	7.56
272	Pimp	1027	0.016	3	3	7.542
273	Randle	350	0.006	1	1	7.506
274	Paramours	361	0.006	1	1	7.48
275	Inachus	365	0.006	1	1	7.455
276	Door-keeper	369	0.006	1	1	7.43
277	Meg	373	0.006	1	1	7.43
278	lude	368	0.006	1	1	7.43
279	Richardi	751	0.012	2	1	7.417
280	fighter	376	0.006	1	1	7.405
281	colorably	385	0.006	1	1	7.381
282	receu	383	0.006	1	1	7.381
283	gret	391	0.006	1	1	7.357
284	deifying	390	0.006	1	1	7.357
285	Viols	793	0.012	2	2	7.334
286	Characteristic	405	0.006	1	1	7.31
287	Pru	405	0.006	1	1	7.31
288	Slur	407	0.006	1	1	7.288
289	Petticoats	416	0.007	1	1	7.265
290	boll	415	0.007	1	1	7.265
291	Vise	419	0.007	1	1	7.243
292	Thraso	420	0.007	1	1	7.243
293	intoxicated	850	0.013	2	2	7.232
294	Ishmaelites	426	0.007	1	1	7.222
295	18.24	434	0.007	1	1	7.2
296	thievish	871	0.014	2	1	7.2
297	Scold	1303	0.02	3	3	7.2
298	Adviser	437	0.007	1	1	7.2
299	snapped	443	0.007	1	1	7.179
300	Tarantula	449	0.007	1	1	7.158
301	Smock	1342	0.021	3	3	7.158
302	Whore	20634	0.323	46	16	7.155
303	unhorsed	451	0.007	1	1	7.138
304	scurvey	454	0.007	1	1	7.138
305	Panders	464	0.007	1	1	7.098
306	Costa	466	0.007	1	1	7.098
307	Thais	936	0.015	2	1	7.098
308	well-ordered	470	0.007	1	1	7.098
309	starves	464	0.007	1	1	7.098
310	Meretrix	474	0.007	1	1	7.078
311	dam	5258	0.082	11	2	7.064
312	Pontifician	483	0.008	1	1	7.04
313	Apophthegms	488	0.008	1	1	7.04
314	play-houses	495	0.008	1	1	7.021
315	Babylons	987	0.015	2	2	7.021
316	Amet	490	0.008	1	1	7.021
317	Beast	81566	1.276	165	55	7.015
318	Shark	500	0.008	1	1	7.002
319	Haw	505	0.008	1	1	6.984
320	17.3.	508	0.008	1	1	6.984
321	Thomaso	513	0.008	1	1	6.966
322	sluggards	513	0.008	1	1	6.966
323	sems	517	0.008	1	1	6.948
324	Prelatists	523	0.008	1	1	6.93
325	sits	23190	0.363	44	22	6.923
326	conjecturing	533	0.008	1	1	6.913
327	House-keeper	532	0.008	1	1	6.913
328	Rut	528	0.008	1	1	6.913
329	Perez	1076	0.017	2	1	6.895
330	instigations	534	0.008	1	1	6.895
331	6.15.	540	0.008	1	1	6.895
332	shamelessly	543	0.009	1	1	6.878
333	Salad	546	0.009	1	1	6.878
334	ruffled	542	0.009	1	1	6.878
335	Strumpet	3285	0.051	6	5	6.867
336	Courtesan	1103	0.017	2	2	6.861
337	leaks	551	0.009	1	1	6.861
338	14.19	559	0.009	1	1	6.845
339	Sosia	564	0.009	1	1	6.828
340	Gilb	560	0.009	1	1	6.828
341	meth.	568	0.009	1	1	6.812
342	Amazon	568	0.009	1	1	6.812
343	bawd	2878	0.045	5	4	6.796
344	young-men	583	0.009	1	1	6.78
345	pollutes	588	0.009	1	1	6.764
346	adulterated	1175	0.018	2	2	6.764
347	Theife	587	0.009	1	1	6.764
348	greasy	1182	0.019	2	2	6.756
349	13.3	1183	0.019	2	2	6.756
350	514	604	0.009	1	1	6.733
351	Brothel	610	0.01	1	1	6.718
352	Swag	613	0.01	1	1	6.703
353	bawds	1844	0.029	3	3	6.703
354	Priscilla	1235	0.019	2	1	6.695
355	Ill-favoured	618	0.01	1	1	6.688
356	envenomed	621	0.01	1	1	6.688
357	grasped	628	0.01	1	1	6.673
358	unmask	629	0.01	1	1	6.673
359	adulteress	1919	0.03	3	2	6.644
360	Israelitish	644	0.01	1	1	6.63
361	pleasanter	646	0.01	1	1	6.63
362	Innuendo	643	0.01	1	1	6.63
363	fornication	14235	0.223	22	17	6.627
364	ridden	1300	0.02	2	2	6.622
365	Twisden	657	0.01	1	1	6.601
366	stillness	658	0.01	1	1	6.601
367	Bridget	667	0.01	1	1	6.587
368	22.14	668	0.01	1	1	6.587
369	Calvert	668	0.01	1	1	6.587
370	young-man	669	0.011	1	1	6.573
371	shade	9449	0.148	14	1	6.566
372	Brewer	1365	0.021	2	2	6.553
373	Pulchra	687	0.011	1	1	6.546
374	determinately	683	0.011	1	1	6.546
375	bracelet	697	0.011	1	1	6.52
376	Quack	696	0.011	1	1	6.52
377	augm	695	0.011	1	1	6.52
378	Rogue	6990	0.109	10	7	6.516
379	Iohannis	1401	0.022	2	1	6.513
380	Paral.	703	0.011	1	1	6.506
381	Sorceress	710	0.011	1	1	6.493
382	Ale-house	1435	0.022	2	2	6.48
383	skirts	2878	0.045	4	4	6.474
384	Jade	2169	0.034	3	3	6.468
385	detecting	720	0.011	1	1	6.468
386	swagger	729	0.011	1	1	6.455
387	Incontinency	1466	0.023	2	1	6.449
388	blood-thirsty	737	0.012	1	1	6.442
389	Johannis	2227	0.035	3	1	6.43
390	Maiden-head	739	0.012	1	1	6.43
391	Facetious	751	0.012	1	1	6.417
392	197.	755	0.012	1	1	6.405
393	desolate	12933	0.202	17	9	6.394
394	idolize	759	0.012	1	1	6.393
395	Fiddler	764	0.012	1	1	6.393
396	detains	789	0.012	1	1	6.345
397	16.3	787	0.012	1	1	6.345
398	pitt	793	0.012	1	1	6.334
399	Swaddling	793	0.012	1	1	6.334
400	purblind	793	0.012	1	1	6.334
401	Manent	802	0.013	1	1	6.322
402	Stanford	807	0.013	1	1	6.31
403	Doll	807	0.013	1	1	6.31
404	17.7	812	0.013	1	1	6.299
405	Split	3259	0.051	4	1	6.293
406	dirty	4102	0.064	5	3	6.285
407	Romantic	824	0.013	1	1	6.276
408	Coo.	833	0.013	1	1	6.265
409	loftiness	832	0.013	1	1	6.265
410	Looking-Glasses	833	0.013	1	1	6.265
411	Jezebel	835	0.013	1	1	6.254
412	Fornications	1721	0.027	2	2	6.216
413	sweet-heart	864	0.014	1	1	6.211
414	forehead	12159	0.19	14	12	6.203
415	Harlots	5276	0.083	6	4	6.184
416	recruited	889	0.014	1	1	6.169
417	Witchcrafts	901	0.014	1	1	6.148
418	Jester	911	0.014	1	1	6.138
419	Eug	911	0.014	1	1	6.138
420	Surry	923	0.014	1	1	6.118
421	Harry	2761	0.043	3	1	6.118
422	Huntsman	926	0.015	1	1	6.108
423	pish	927	0.015	1	1	6.108
424	tipped	934	0.015	1	1	6.098
425	Farce	935	0.015	1	1	6.098
426	Neapolitan	941	0.015	1	1	6.088
427	Comptroller	942	0.015	1	1	6.088
428	Talkers	951	0.015	1	1	6.069
429	betime	953	0.015	1	1	6.069
430	grea	958	0.015	1	1	6.059
431	prefigured	1929	0.03	2	1	6.049
432	erects	973	0.015	1	1	6.04
433	Welsh	5885	0.092	6	1	6.027
434	ritual	991	0.016	1	1	6.012
435	Bastards	3979	0.062	4	4	6.007
436	fore-head	2008	0.031	2	2	5.993
437	rescuing	1023	0.016	1	1	5.966
438	disperses	1034	0.016	1	1	5.948
439	Beata	1042	0.016	1	1	5.939
440	Adulterer	4237	0.066	4	4	5.915
441	1.23.	1061	0.017	1	1	5.913
442	brat	1070	0.017	1	1	5.904
443	suppliants	1073	0.017	1	1	5.895
444	lulled	1073	0.017	1	1	5.895
445	Babel	9790	0.153	9	7	5.877
446	Sain	1095	0.017	1	1	5.87
447	avenging	1095	0.017	1	1	5.87
448	1st.	1096	0.017	1	1	5.87
449	hire	8785	0.137	8	6	5.864
450	Knave	8870	0.139	8	8	5.85
451	Drawer	2220	0.035	2	1	5.849
452	revelling	1114	0.017	1	1	5.845
453	misguided	1125	0.018	1	1	5.828
454	Concubine	3397	0.053	3	3	5.82
455	French-man	1140	0.018	1	1	5.812
456	Fornicator	1143	0.018	1	1	5.804
457	discountenance	1153	0.018	1	1	5.796
458	Rags	5772	0.09	5	4	5.791
459	eschewing	1162	0.018	1	1	5.78
460	adulterous	3504	0.055	3	2	5.775
461	kick	3504	0.055	3	3	5.775
462	flagitious	1170	0.018	1	1	5.772
463	spie	1175	0.018	1	1	5.764
464	inveighed	1181	0.019	1	1	5.756
465	bea	1189	0.019	1	1	5.749
466	dotes	1209	0.019	1	1	5.725
467	varlet	1219	0.019	1	1	5.71
468	fretted	1229	0.019	1	1	5.703
469	hound	2485	0.039	2	2	5.684
470	thirsts	2496	0.039	2	2	5.68
471	Japan	2511	0.039	2	1	5.669
472	Apocal.	1266	0.02	1	1	5.658
473	converses	1275	0.02	1	1	5.651
474	Bethlem	1277	0.02	1	1	5.644
475	murderous	1283	0.02	1	1	5.637
476	Bridewell	1285	0.02	1	1	5.637
477	Bewitched	6431	0.101	5	3	5.635
478	Apocalypse	3947	0.062	3	3	5.604
479	Philippo	1323	0.021	1	1	5.594
480	Convent	3985	0.062	3	1	5.59
481	Carrion	2658	0.042	2	2	5.587
482	Babilon	5325	0.083	4	4	5.586
483	Cuckold	2667	0.042	2	1	5.584
484	Pietro	1334	0.021	1	1	5.58
485	climbed	1342	0.021	1	1	5.573
486	gorgeous	2688	0.042	2	2	5.573
487	sodomy	1349	0.021	1	1	5.567
488	mutter	1355	0.021	1	1	5.56
489	Pox	10902	0.171	8	5	5.552
490	Clout	1378	0.022	1	1	5.54
491	Bastard	12394	0.194	9	5	5.537
492	Joyce	1390	0.022	1	1	5.526
493	suspects	1386	0.022	1	1	5.526
494	Trine	1390	0.022	1	1	5.526
495	vaunting	1392	0.022	1	1	5.52
496	Adjective	1409	0.022	1	1	5.506
497	Riders	1415	0.022	1	1	5.5
498	displays	1417	0.022	1	1	5.493
499	Broker	1425	0.022	1	1	5.487
500	conducts	1431	0.022	1	1	5.48
501	spends	4330	0.068	3	3	5.47
502	Restorer	1451	0.023	1	1	5.461
503	adj.	1450	0.023	1	1	5.461
504	Martins	2908	0.046	2	1	5.458
505	Babylonish	2911	0.046	2	2	5.458
506	swearers	2927	0.046	2	2	5.449
507	Mathias	1469	0.023	1	1	5.442
508	likeliest	1475	0.023	1	1	5.436
509	insinuates	2964	0.046	2	1	5.43
510	Midian	1497	0.023	1	1	5.417
511	beastly	7495	0.117	5	4	5.415
512	unbeseeming	1501	0.024	1	1	5.411
513	dragon	18054	0.282	12	9	5.41
514	impudent	12093	0.189	8	7	5.403
515	329	1525	0.024	1	1	5.393
516	daunted	3057	0.048	2	2	5.387
517	fornicators	1538	0.024	1	1	5.375
518	Rev	1545	0.024	1	1	5.369
519	Lawn	1552	0.024	1	1	5.363
520	Dea	1579	0.025	1	1	5.339
521	doomed	1582	0.025	1	1	5.339
522	Chr	3187	0.05	2	1	5.328
523	brace	1591	0.025	1	1	5.328
524	Boaz	1591	0.025	1	1	5.328
525	pliant	1599	0.025	1	1	5.322
526	demonstrable	1607	0.025	1	1	5.316
527	Dick	1602	0.025	1	1	5.316
528	scurvy	4826	0.076	3	1	5.312
529	carries	24147	0.378	15	5	5.312
530	jeer	1609	0.025	1	1	5.31
531	attracted	1610	0.025	1	1	5.31
532	lecherous	1613	0.025	1	1	5.31
533	Josephs	1618	0.025	1	1	5.305
534	played	11334	0.177	7	4	5.304
535	Assumes	1624	0.025	1	1	5.299
536	downfall	3283	0.051	2	2	5.285
537	dome	3321	0.052	2	1	5.268
538	rogues	5001	0.078	3	3	5.262
539	strip	3365	0.053	2	1	5.249
540	circumstantial	1679	0.026	1	1	5.249
541	hastes	1697	0.027	1	1	5.238
542	Babble	1715	0.027	1	1	5.222
543	startle	1717	0.027	1	1	5.216
544	Grandmother	1722	0.027	1	1	5.216
545	Hellebore	1726	0.027	1	1	5.211
546	gear	3463	0.054	2	2	5.206
547	Rahab	1748	0.027	1	1	5.195
548	7.14	1746	0.027	1	1	5.195
549	upholds	1761	0.028	1	1	5.184
550	Exclamation	1758	0.028	1	1	5.184
551	actionable	1765	0.028	1	1	5.179
552	Deu.	3539	0.055	2	1	5.177
553	Bonner	1772	0.028	1	1	5.174
554	hate	65701	1.027	37	26	5.17
555	Iulia	1778	0.028	1	1	5.169
556	whoremongers	1796	0.028	1	1	5.153
557	banishing	1794	0.028	1	1	5.153
558	133.	1811	0.028	1	1	5.143
559	debauch	1818	0.028	1	1	5.138
560	Harlot	9167	0.143	5	4	5.124
561	whores	5508	0.086	3	3	5.123
562	insatiable	3697	0.058	2	2	5.113
563	keepers	7518	0.118	4	2	5.088
564	Flor	1884	0.03	1	1	5.083
565	misunderstanding	1892	0.03	1	1	5.078
566	brands	1898	0.03	1	1	5.073
567	arrayed	3816	0.06	2	2	5.066
568	flea	1913	0.03	1	1	5.064
569	unquenchable	1920	0.03	1	1	5.059
570	typified	1919	0.03	1	1	5.059
571	Hymen	1924	0.03	1	1	5.054
572	Wag	1933	0.03	1	1	5.049
573	solicitations	1942	0.03	1	1	5.04
574	Seventeenth	3885	0.061	2	1	5.04
575	forsworn	1950	0.031	1	1	5.035
576	Scorners	1948	0.031	1	1	5.035
577	sells	3915	0.061	2	2	5.03
578	publica	1963	0.031	1	1	5.026
579	drinks	15747	0.246	8	2	5.022
580	sojourn	1978	0.031	1	1	5.016
581	Breakfast	1998	0.031	1	1	5.002
582	plaid	4003	0.063	2	2	4.998
583	bewitching	2007	0.031	1	1	4.993
584	instigation	4033	0.063	2	2	4.986
585	Tyre	6083	0.095	3	1	4.979
586	Publicans	4075	0.064	2	2	4.973
587	Rustic	2041	0.032	1	1	4.97
588	wink	4136	0.065	2	1	4.95
589	Faggot	2069	0.032	1	1	4.948
590	heating	2074	0.032	1	1	4.948
591	leprous	2075	0.032	1	1	4.948
592	Flora	2078	0.033	1	1	4.943
593	Warren	2080	0.033	1	1	4.943
594	Dine	4169	0.065	2	2	4.939
595	alludes	2086	0.033	1	1	4.939
596	drunk	35533	0.556	17	13	4.935
597	Ninthly	2088	0.033	1	1	4.935
598	prating	2124	0.033	1	1	4.913
599	abominations	10678	0.167	5	5	4.904
600	crafty	12823	0.201	6	3	4.903
601	haunt	4285	0.067	2	2	4.9
602	fawning	2152	0.034	1	1	4.891
603	Rosa	2161	0.034	1	1	4.887
604	imprisoning	2170	0.034	1	1	4.883
605	Magog	2171	0.034	1	1	4.883
606	Miller	2166	0.034	1	1	4.883
607	cup	48330	0.756	22	17	4.863
608	resemblances	2199	0.034	1	1	4.861
609	prosperously	2208	0.035	1	1	4.857
610	Scenes	2217	0.035	1	1	4.849
611	lasciviousness	2218	0.035	1	1	4.849
612	warred	2228	0.035	1	1	4.845
613	wenches	2248	0.035	1	1	4.828
614	Mystery	54678	0.855	24	14	4.811
615	Dragons	6883	0.108	3	3	4.801
616	lied	2315	0.036	1	1	4.788
617	Rev.	51328	0.803	22	16	4.776
618	unfolded	2356	0.037	1	1	4.764
619	dissembling	7079	0.111	3	1	4.76
620	Contemners	2366	0.037	1	1	4.756
621	painted	23662	0.37	10	9	4.756
622	Derby	2363	0.037	1	1	4.756
623	racked	2371	0.037	1	1	4.752
624	Frenchman	2370	0.037	1	1	4.752
625	pockets	2410	0.038	1	1	4.729
626	wizard	2415	0.038	1	1	4.725
627	keen	2424	0.038	1	1	4.722
628	sot	2425	0.038	1	1	4.722
629	cools	2431	0.038	1	1	4.718
630	whale	4866	0.076	2	1	4.716
631	penetrate	4877	0.076	2	2	4.712
632	sleeves	2453	0.038	1	1	4.703
633	enslaved	2459	0.039	1	1	4.699
634	horns	22193	0.347	9	6	4.697
635	magnifying	2469	0.039	1	1	4.695
636	Admiralty	2491	0.039	1	1	4.68
637	Epithet	2497	0.039	1	1	4.68
638	Errand	4999	0.078	2	1	4.677
639	prostitute	2508	0.039	1	1	4.673
640	testicles	2507	0.039	1	1	4.673
641	Gog	2533	0.04	1	1	4.658
642	affixed	2551	0.04	1	1	4.647
643	thief	23047	0.36	9	9	4.642
644	playing	10275	0.161	4	4	4.638
645	Sorcery	2574	0.04	1	1	4.633
646	stews	2587	0.041	1	1	4.626
647	defiles	2607	0.041	1	1	4.615
648	inded	2630	0.041	1	1	4.605
649	Epigram	2632	0.041	1	1	4.601
650	Loaf	2634	0.041	1	1	4.601
651	inevitably	2642	0.041	1	1	4.598
652	envies	2650	0.041	1	1	4.594
653	hating	5297	0.083	2	2	4.594
654	Plaints	2663	0.042	1	1	4.587
655	Poll	2669	0.042	1	1	4.584
656	severest	2685	0.042	1	1	4.573
657	Taverns	2699	0.042	1	1	4.567
658	aggravate	5398	0.084	2	2	4.567
659	lain	8129	0.127	3	3	4.561
660	smiting	2710	0.042	1	1	4.56
661	Adulteries	2717	0.043	1	1	4.556
662	goddesses	2719	0.043	1	1	4.556
663	Retires	2716	0.043	1	1	4.556
664	Courtly	2761	0.043	1	1	4.533
665	Apoc.	11083	0.173	4	2	4.529
666	Niece	5575	0.087	2	2	4.52
667	pt	2801	0.044	1	1	4.513
668	2d.	2802	0.044	1	1	4.513
669	Midwife	2818	0.044	1	1	4.503
670	accompanies	2828	0.044	1	1	4.5
671	foretell	5652	0.088	2	2	4.5
672	hounds	5657	0.089	2	2	4.498
673	riding	11318	0.177	4	2	4.498
674	curled	2841	0.044	1	1	4.493
675	draughts	2837	0.044	1	1	4.493
676	industriously	2850	0.045	1	1	4.487
677	Vassals	5714	0.089	2	2	4.484
678	gon	5721	0.09	2	1	4.482
679	prate	2866	0.045	1	1	4.48
680	Manger	2870	0.045	1	1	4.477
681	Moth	2884	0.045	1	1	4.471
682	Vision	28960	0.453	10	4	4.465
683	Trembles	2900	0.045	1	1	4.464
684	howl	2919	0.046	1	1	4.455
685	manned	2929	0.046	1	1	4.449
686	Mulier	2936	0.046	1	1	4.445
687	Beelzebub	2959	0.046	1	1	4.433
688	cellar	2969	0.046	1	1	4.43
689	drunken	11882	0.186	4	4	4.428
690	paint	8989	0.141	3	3	4.415
691	Inhabitant	3014	0.047	1	1	4.408
692	gore	3029	0.047	1	1	4.399
693	Burton	3030	0.047	1	1	4.399
694	Purple	18224	0.285	6	4	4.396
695	engages	3046	0.048	1	1	4.393
696	unmerciful	3065	0.048	1	1	4.384
697	Collation	3063	0.048	1	1	4.384
698	howling	3066	0.048	1	1	4.384
699	Thom	3063	0.048	1	1	4.384
700	Witch	9245	0.145	3	2	4.375
701	Hierarchy	6183	0.097	2	1	4.37
702	desolation	12402	0.194	4	2	4.367
703	Demonstrative	3117	0.049	1	1	4.36
704	thorn	3129	0.049	1	1	4.354
705	pollute	3138	0.049	1	1	4.348
706	Antichrist	50530	0.79	16	12	4.34
707	admirably	3163	0.05	1	1	4.336
708	weeps	3186	0.05	1	1	4.328
709	lucky	3186	0.05	1	1	4.328
710	unchaste	3200	0.05	1	1	4.322
711	Comedy	6476	0.101	2	1	4.303
712	Papal	9725	0.152	3	2	4.302
713	Idolatries	3266	0.051	1	1	4.291
714	Leon	6552	0.103	2	1	4.286
715	Cavalier	3283	0.051	1	1	4.285
716	high-way	3304	0.052	1	1	4.274
717	Hemp	3310	0.052	1	1	4.271
718	Lass	3315	0.052	1	1	4.271
719	Madrid	3340	0.052	1	1	4.26
720	trick	10039	0.157	3	3	4.256
721	decently	3362	0.053	1	1	4.249
722	consonant	6747	0.106	2	1	4.245
723	Wench	6793	0.106	2	1	4.235
724	3ly	3428	0.054	1	1	4.222
725	Impudence	10304	0.161	3	3	4.219
726	uncircumcised	3439	0.054	1	1	4.216
727	enticed	3439	0.054	1	1	4.216
728	coloured	10332	0.162	3	3	4.214
729	Isral	3455	0.054	1	1	4.211
730	Proverbs	6913	0.108	2	2	4.21
731	Leper	3469	0.054	1	1	4.206
732	JOSIAH	3482	0.055	1	1	4.198
733	hurried	3494	0.055	1	1	4.195
734	Bias	3503	0.055	1	1	4.19
735	drunkards	7021	0.11	2	2	4.187
736	bewailed	3510	0.055	1	1	4.187
737	sorcerers	3509	0.055	1	1	4.187
738	fourscore	7031	0.11	2	2	4.186
739	Hawk	10622	0.166	3	2	4.175
740	Infectious	3571	0.056	1	1	4.164
741	Heretic	14330	0.224	4	2	4.158
742	clapped	3587	0.056	1	1	4.156
743	profanation	3603	0.056	1	1	4.151
744	Mistresses	3604	0.056	1	1	4.148
745	rail	7220	0.113	2	2	4.147
746	Giles	3615	0.057	1	1	4.146
747	jolly	3632	0.057	1	1	4.138
748	tolerate	3668	0.057	1	1	4.123
749	Paternal	3710	0.058	1	1	4.108
750	Rump	3723	0.058	1	1	4.103
751	notorious	22363	0.35	6	6	4.101
752	Lydia	3754	0.059	1	1	4.09
753	bundle	3754	0.059	1	1	4.09
754	costly	11277	0.176	3	3	4.089
755	Whoredom	7526	0.118	2	2	4.087
756	Hog	3772	0.059	1	1	4.083
757	Waters	83222	1.301	22	15	4.079
758	shirt	3819	0.06	1	1	4.066
759	bereft	3825	0.06	1	1	4.064
760	barred	3837	0.06	1	1	4.059
761	duration	7766	0.121	2	1	4.042
762	o'th	3892	0.061	1	1	4.037
763	copulation	3937	0.062	1	1	4.021
764	Curtain	3944	0.062	1	1	4.019
765	sureties	3956	0.062	1	1	4.014
766	astringent	3977	0.062	1	1	4.007
767	Regret	3999	0.063	1	1	4
768	Allen	3996	0.063	1	1	4
769	Beggars	8051	0.126	2	2	3.99
770	Window	12154	0.19	3	3	3.98
771	Marries	4061	0.064	1	1	3.977
772	concubines	4078	0.064	1	1	3.97
773	disagree	4083	0.064	1	1	3.97
774	consequents	4109	0.064	1	1	3.959
775	Hector	8263	0.129	2	2	3.952
776	03	4147	0.065	1	1	3.948
777	unseemly	4145	0.065	1	1	3.948
778	Theseus	4151	0.065	1	1	3.946
779	Thomae	4163	0.065	1	1	3.941
780	Vials	4175	0.065	1	1	3.937
781	frowns	4203	0.066	1	1	3.928
782	headed	4206	0.066	1	1	3.926
783	sis	4229	0.066	1	1	3.919
784	imperious	4278	0.067	1	1	3.902
785	thrive	8582	0.134	2	2	3.898
786	foil	4299	0.067	1	1	3.895
787	Blaspheme	8684	0.136	2	2	3.88
788	gilt	4343	0.068	1	1	3.88
789	lamentation	8729	0.137	2	2	3.873
790	Ros	4368	0.068	1	1	3.872
791	sp	4383	0.069	1	1	3.868
792	bane	4390	0.069	1	1	3.866
793	starved	4391	0.069	1	1	3.864
794	condemns	13190	0.206	3	3	3.862
795	Apparelled	4398	0.069	1	1	3.861
796	gay	8805	0.138	2	2	3.86
797	persecuting	8817	0.138	2	1	3.858
798	brisk	4421	0.069	1	1	3.855
799	Bordeaux	4435	0.069	1	1	3.849
800	Anna	4436	0.069	1	1	3.849
801	Stations	4457	0.07	1	1	3.843
802	've	8950	0.14	2	2	3.837
803	Capt	8989	0.141	2	1	3.83
804	artificially	4494	0.07	1	1	3.83
805	decked	4505	0.07	1	1	3.828
806	slippery	4506	0.071	1	1	3.826
807	Nun	4515	0.071	1	1	3.824
808	Iuno	4530	0.071	1	1	3.82
809	Sr	4563	0.071	1	1	3.808
810	Antichristian	13777	0.215	3	3	3.8
811	exalted	23088	0.361	5	1	3.792
812	lamenting	4634	0.073	1	1	3.786
813	unbelieving	4661	0.073	1	1	3.778
814	false	224466	3.51	48	36	3.773
815	dat	9363	0.146	2	2	3.772
816	exempt	9368	0.147	2	1	3.771
817	Cupid	9383	0.147	2	2	3.769
818	play	61168	0.957	13	13	3.765
819	picked	4724	0.074	1	1	3.758
820	plainness	4823	0.075	1	1	3.729
821	Plunder	4837	0.076	1	1	3.725
822	interprets	4849	0.076	1	1	3.722
823	lamentations	4872	0.076	1	1	3.714
824	benevolence	4882	0.076	1	1	3.712
825	largeness	4922	0.077	1	1	3.699
826	oppressors	4931	0.077	1	1	3.697
827	surer	4963	0.078	1	1	3.688
828	Mate	4966	0.078	1	1	3.686
829	perjured	4993	0.078	1	1	3.679
830	appropriate	5014	0.078	1	1	3.673
831	dis	5030	0.079	1	1	3.667
832	brood	5051	0.079	1	1	3.662
833	ride	20257	0.317	4	3	3.658
834	embraces	10141	0.159	2	2	3.657
835	extraordinarily	5090	0.08	1	1	3.651
836	Itch	5094	0.08	1	1	3.649
837	prudently	5115	0.08	1	1	3.644
838	Adulterers	5137	0.08	1	1	3.638
839	Horn	20550	0.321	4	2	3.638
840	ignorantly	5139	0.08	1	1	3.637
841	Assyrians	5157	0.081	1	1	3.633
842	boasted	5195	0.081	1	1	3.622
843	defy	5226	0.082	1	1	3.614
844	ditch	10469	0.164	2	2	3.611
845	Knaves	5254	0.082	1	1	3.605
846	Potion	5269	0.082	1	1	3.601
847	Presbyterian	10547	0.165	2	2	3.6
848	gilded	5276	0.083	1	1	3.599
849	poured	15849	0.248	3	3	3.598
850	mystical	21135	0.331	4	4	3.597
851	forsakes	5303	0.083	1	1	3.592
852	yonder	5327	0.083	1	1	3.586
853	lewd	15983	0.25	3	3	3.586
854	procures	5338	0.084	1	1	3.582
855	Brows	5343	0.084	1	1	3.58
856	Tavern	5354	0.084	1	1	3.579
857	Series	5355	0.084	1	1	3.579
858	kitchen	5357	0.084	1	1	3.577
859	clap	5368	0.084	1	1	3.575
860	tolerated	5375	0.084	1	1	3.572
861	hawks	5379	0.084	1	1	3.572
862	Widow	21540	0.337	4	4	3.57
863	glittering	5418	0.085	1	1	3.561
864	Amsterdam	5414	0.085	1	1	3.561
865	locks	5427	0.085	1	1	3.558
866	lip	5428	0.085	1	1	3.558
867	Paraphrase	5460	0.085	1	1	3.55
868	registered	5476	0.086	1	1	3.546
869	pawn	5492	0.086	1	1	3.541
870	Gallows	5501	0.086	1	1	3.54
871	peoples	33008	0.516	6	5	3.539
872	happening	5514	0.086	1	1	3.536
873	Maid	33079	0.517	6	3	3.536
874	COAL	5526	0.086	1	1	3.533
875	Helmet	5523	0.086	1	1	3.533
876	sheets	5556	0.087	1	1	3.525
877	beats	5554	0.087	1	1	3.525
878	judged	56237	0.879	10	9	3.507
879	Esquire	11359	0.178	2	1	3.493
880	supported	11364	0.178	2	1	3.492
881	Seat	51212	0.801	9	2	3.49
882	rid	17118	0.268	3	2	3.486
883	prius	11417	0.179	2	1	3.486
884	vigilant	5765	0.09	1	1	3.471
885	Mother	150593	2.355	26	21	3.465
886	lazy	5811	0.091	1	1	3.46
887	resembled	5836	0.091	1	1	3.453
888	proudly	5842	0.091	1	1	3.452
889	Abomination	11757	0.184	2	2	3.443
890	licentious	5899	0.092	1	1	3.439
891	Pars	11826	0.185	2	1	3.435
892	uphold	11837	0.185	2	2	3.434
893	Frogs	5922	0.093	1	1	3.433
894	steal	17906	0.28	3	3	3.421
895	Type	17907	0.28	3	2	3.421
896	bloody	53730	0.84	9	4	3.421
897	beholds	5976	0.094	1	1	3.419
898	Appropriated	5982	0.094	1	1	3.419
899	Arabic	5985	0.094	1	1	3.417
900	hunt	12065	0.189	2	2	3.406
901	brand	6073	0.095	1	1	3.396
902	burning	48634	0.761	8	4	3.395
903	Prophet	133904	2.094	22	21	3.393
904	Painter	6102	0.095	1	1	3.39
905	infect	6100	0.095	1	1	3.39
906	proclaim	12226	0.191	2	2	3.387
907	plague	42909	0.671	7	4	3.383
908	Pagan	12292	0.192	2	1	3.379
909	Geneva	6209	0.097	1	1	3.364
910	Judgement	111780	1.748	18	11	3.364
911	habits	12432	0.194	2	2	3.363
912	Dice	6226	0.097	1	1	3.36
913	44.	12470	0.195	2	1	3.358
914	murderer	12581	0.197	2	2	3.346
915	purify	6291	0.098	1	1	3.345
916	adorned	18908	0.296	3	2	3.343
917	Regent	6308	0.099	1	1	3.342
918	Dregs	6317	0.099	1	1	3.339
919	marrying	6327	0.099	1	1	3.338
920	wave	6344	0.099	1	1	3.334
921	Ch	19095	0.299	3	1	3.329
922	assail	6445	0.101	1	1	3.31
923	certified	6444	0.101	1	1	3.31
924	marry	38694	0.605	6	6	3.31
925	110	6465	0.101	1	1	3.306
926	Abhor	19419	0.304	3	3	3.304
927	allows	12955	0.203	2	1	3.303
928	drunkard	6511	0.102	1	1	3.296
929	peremptory	6538	0.102	1	1	3.291
930	naughty	6533	0.102	1	1	3.291
931	Tacit	6596	0.103	1	1	3.278
932	preferring	6653	0.104	1	1	3.265
933	whipped	6660	0.104	1	1	3.264
934	daughters	40010	0.626	6	6	3.261
935	Medicaments	6671	0.104	1	1	3.261
936	palpable	6673	0.104	1	1	3.26
937	brow	6696	0.105	1	1	3.256
938	Revelations	13397	0.21	2	2	3.255
939	shameless	6711	0.105	1	1	3.253
940	wears	6709	0.105	1	1	3.253
941	allure	6732	0.105	1	1	3.247
942	Pedro	6737	0.105	1	1	3.246
943	spy	6749	0.106	1	1	3.245
944	Thereafter	6755	0.106	1	1	3.243
945	undone	20337	0.318	3	3	3.238
946	burn	40670	0.636	6	6	3.238
947	traitorous	6790	0.106	1	1	3.235
948	penal	6800	0.106	1	1	3.234
949	vail	6807	0.106	1	1	3.232
950	kindred	20409	0.319	3	3	3.232
951	Indicted	6808	0.107	1	1	3.231
952	Gravity	13675	0.214	2	2	3.226
953	damned	34243	0.536	5	5	3.223
954	cups	6881	0.108	1	1	3.216
955	commonwealths	6886	0.108	1	1	3.215
956	locked	6933	0.108	1	1	3.206
957	Rack	6929	0.108	1	1	3.206
958	swearing	20821	0.326	3	2	3.204
959	Cyprus	6981	0.109	1	1	3.195
960	roar	6989	0.109	1	1	3.194
961	quando	14007	0.219	2	1	3.191
962	sued	7001	0.11	1	1	3.191
963	Rival	7012	0.11	1	1	3.188
964	persecuted	21044	0.329	3	3	3.188
965	Revel	21061	0.329	3	3	3.187
966	Mountains	56383	0.882	8	3	3.182
967	Mistress	42310	0.662	6	5	3.181
968	sitting	35270	0.552	5	5	3.18
969	lane	7088	0.111	1	1	3.174
970	High-priest	7087	0.111	1	1	3.174
971	Fortress	7099	0.111	1	1	3.171
972	included	14204	0.222	2	2	3.171
973	minding	7108	0.111	1	1	3.169
974	proverb	21331	0.334	3	3	3.169
975	intimate	14255	0.223	2	2	3.166
976	parallel	21491	0.336	3	1	3.158
977	cunning	28670	0.448	4	4	3.157
978	plane	7185	0.112	1	1	3.153
979	execrable	7210	0.113	1	1	3.149
980	Idolatrous	14523	0.227	2	2	3.139
981	wipe	7298	0.114	1	1	3.132
982	Ruth	7305	0.114	1	1	3.13
983	rotten	14651	0.229	2	2	3.126
984	foregoing	14654	0.229	2	1	3.125
985	4th	7348	0.115	1	1	3.122
986	Rep.	7367	0.115	1	1	3.118
987	lap	7378	0.115	1	1	3.115
988	bestows	7419	0.116	1	1	3.108
989	shun	14847	0.232	2	2	3.107
990	Yes	44644	0.698	6	3	3.103
991	Exaltation	7482	0.117	1	1	3.095
992	pursuing	7485	0.117	1	1	3.095
993	Lance	7498	0.117	1	1	3.092
994	beat	45020	0.704	6	4	3.091
995	weights	7530	0.118	1	1	3.086
996	commits	7541	0.118	1	1	3.084
997	lodgings	7603	0.119	1	1	3.072
998	soit	7606	0.119	1	1	3.072
999	Bacon	7727	0.121	1	1	3.049
1000	tear	15500	0.242	2	2	3.045
1001	reigned	31015	0.485	4	4	3.044
1002	recreation	7766	0.121	1	1	3.042
1003	rode	15543	0.243	2	2	3.04
1004	laughing	7845	0.123	1	1	3.027
1005	Band	15714	0.246	2	2	3.025
1006	intimated	7877	0.123	1	1	3.021
1007	successful	7887	0.123	1	1	3.02
1008	Slanders	7889	0.123	1	1	3.019
1009	penitent	15876	0.248	2	1	3.01
1010	hang	31830	0.498	4	4	3.006
1011	slay	15920	0.249	2	2	3.006
1012	woman	183598	2.871	23	17	3.002
1013	Park	8005	0.125	1	1	2.998
1014	Raiment	8017	0.125	1	1	2.995
1015	pick	8026	0.126	1	1	2.994
1016	Lady	112639	1.761	14	7	2.991
1017	Engines	8106	0.127	1	1	2.979
1018	attire	8194	0.128	1	1	2.965
1019	Sc	8206	0.128	1	1	2.962
1020	Inscription	8206	0.128	1	1	2.962
1021	Rome	271183	4.241	33	20	2.96
1022	Adultery	24714	0.387	3	3	2.956
1023	fits	16510	0.258	2	1	2.953
1024	Convocation	8315	0.13	1	1	2.943
1025	ugly	8331	0.13	1	1	2.94
1026	carrying	25012	0.391	3	1	2.939
1027	Follies	8349	0.131	1	1	2.937
1028	hates	16898	0.264	2	2	2.92
1029	undo	8485	0.133	1	1	2.914
1030	deals	8489	0.133	1	1	2.914
1031	multitudes	17103	0.268	2	2	2.902
1032	Description	42949	0.672	5	3	2.896
1033	Hospital	8600	0.135	1	1	2.894
1034	suspected	25911	0.405	3	3	2.888
1035	patent	8637	0.135	1	1	2.888
1036	Prescription	8639	0.135	1	1	2.888
1037	Maria	8668	0.136	1	1	2.884
1038	yields	17327	0.271	2	2	2.884
1039	sup	8677	0.136	1	1	2.882
1040	confounded	17397	0.272	2	2	2.878
1041	luxury	8713	0.136	1	1	2.875
1042	Kiss	26340	0.412	3	3	2.865
1043	vapour	8780	0.137	1	1	2.865
1044	Gall	17567	0.275	2	2	2.864
1045	conveniently	8789	0.137	1	1	2.864
1046	conquerors	8794	0.138	1	1	2.862
1047	curse	61992	0.969	7	6	2.852
1048	Cat	8876	0.139	1	1	2.849
1049	bowed	8908	0.139	1	1	2.844
1050	Garments	26823	0.42	3	3	2.838
1051	Lambs	8945	0.14	1	1	2.838
1052	deformed	8948	0.14	1	1	2.838
1053	wife	214853	3.36	24	16	2.837
1054	damages	8968	0.14	1	1	2.834
1055	quart	8964	0.14	1	1	2.834
1056	lovers	26913	0.421	3	3	2.833
1057	Venus	26929	0.421	3	3	2.833
1058	Gallant	17961	0.281	2	2	2.832
1059	stocks	8993	0.141	1	1	2.83
1060	betrayed	18001	0.282	2	2	2.829
1061	Fashions	9013	0.141	1	1	2.827
1062	she	1006738	15.743	111	61	2.818
1063	Drunkenness	18268	0.286	2	2	2.807
1064	misfortunes	9138	0.143	1	1	2.807
1065	venerable	9145	0.143	1	1	2.806
1066	quenched	9163	0.143	1	1	2.803
1067	Lucius	9168	0.143	1	1	2.802
1068	enquired	9225	0.144	1	1	2.793
1069	relish	9293	0.145	1	1	2.783
1070	honest	83801	1.311	9	8	2.78
1071	inconstant	9357	0.146	1	1	2.773
1072	tricks	9354	0.146	1	1	2.773
1073	extract	9355	0.146	1	1	2.773
1074	Grotius	9364	0.146	1	1	2.772
1075	hellish	9373	0.147	1	1	2.77
1076	judging	18760	0.293	2	2	2.769
1077	drink	140890	2.203	15	15	2.767
1078	embracing	9401	0.147	1	1	2.766
1079	swear	56939	0.89	6	6	2.752
1080	Empress	9499	0.149	1	1	2.751
1081	deluded	9504	0.149	1	1	2.75
1082	Indictment	9527	0.149	1	1	2.747
1083	dissemble	9543	0.149	1	1	2.745
1084	refined	9570	0.15	1	1	2.74
1085	nakedness	9651	0.151	1	1	2.728
1086	j.	48447	0.758	5	3	2.722
1087	sunk	9707	0.152	1	1	2.72
1088	Jeremy	9705	0.152	1	1	2.72
1089	Hills	29127	0.456	3	3	2.719
1090	destiny	9734	0.152	1	1	2.716
1091	denies	19481	0.305	2	2	2.715
1092	flattering	9757	0.153	1	1	2.712
1093	Hierom	9779	0.153	1	1	2.709
1094	devilish	9817	0.154	1	1	2.704
1095	abhorred	9825	0.154	1	1	2.703
1096	christen	9827	0.154	1	1	2.702
1097	Tribunal	9847	0.154	1	1	2.699
1098	amidst	9881	0.155	1	1	2.694
1099	injured	9883	0.155	1	1	2.694
1100	jealous	19806	0.31	2	2	2.691
1101	Nice	19841	0.31	2	1	2.688
1102	Begat	9977	0.156	1	1	2.68
1103	influences	10069	0.158	1	1	2.667
1104	filthy	30299	0.474	3	3	2.663
1105	Roman	141472	2.212	14	9	2.662
1106	wanton	20242	0.317	2	2	2.66
1107	Boats	10128	0.158	1	1	2.658
1108	Sack	10141	0.159	1	1	2.657
1109	subsist	10162	0.159	1	1	2.654
1110	obvious	10202	0.16	1	1	2.648
1111	double	72073	1.127	7	5	2.635
1112	discovering	10322	0.161	1	1	2.631
1113	chaste	20646	0.323	2	2	2.631
1114	consumed	31042	0.485	3	3	2.628
1115	lusty	10354	0.162	1	1	2.627
1116	Synagogue	10391	0.163	1	1	2.621
1117	Orator	10410	0.163	1	1	2.619
1118	herself	10419	0.163	1	1	2.618
1119	quantum	10429	0.163	1	1	2.616
1120	liar	10452	0.163	1	1	2.614
1121	wares	10458	0.164	1	1	2.613
1122	Parson	10471	0.164	1	1	2.611
1123	loathsome	10486	0.164	1	1	2.608
1124	Endures	10498	0.164	1	1	2.606
1125	filthiness	10515	0.164	1	1	2.605
1126	Margaret	10516	0.164	1	1	2.605
1127	Proud	73660	1.152	7	5	2.603
1128	implies	10523	0.165	1	1	2.603
1129	treated	21086	0.33	2	2	2.601
1130	68	10551	0.165	1	1	2.599
1131	discovered	63467	0.993	6	5	2.596
1132	Cheat	10600	0.166	1	1	2.592
1133	hateful	10655	0.167	1	1	2.586
1134	beheld	21385	0.334	2	2	2.58
1135	Windows	10698	0.167	1	1	2.579
1136	described	42932	0.671	4	4	2.575
1137	indifferently	10753	0.168	1	1	2.572
1138	Concupiscence	10773	0.169	1	1	2.569
1139	Guest	10781	0.169	1	1	2.568
1140	bears	54088	0.846	5	4	2.564
1141	Thin	32659	0.511	3	3	2.554
1142	Stretch	10952	0.171	1	1	2.545
1143	lust	54865	0.858	5	4	2.543
1144	venom	11000	0.172	1	1	2.54
1145	executed	33017	0.516	3	3	2.539
1146	infamous	11020	0.172	1	1	2.537
1147	vex	11042	0.173	1	1	2.534
1148	afternoon	11049	0.173	1	1	2.533
1149	Cock	11063	0.173	1	1	2.531
1150	Calf	11111	0.174	1	1	2.525
1151	't	11120	0.174	1	1	2.524
1152	got	88984	1.392	8	6	2.523
1153	Standard	11129	0.174	1	1	2.523
1154	thieves	22285	0.349	2	2	2.521
1155	Ephraim	11202	0.175	1	1	2.513
1156	ho	11205	0.175	1	1	2.513
1157	lie	168129	2.629	15	15	2.512
1158	imaginable	11234	0.176	1	1	2.509
1159	fortune	101130	1.582	9	8	2.509
1160	harmless	11253	0.176	1	1	2.506
1161	Beer	11280	0.176	1	1	2.503
1162	idol	22562	0.353	2	2	2.503
1163	Spouse	22595	0.353	2	2	2.501
1164	murderers	11345	0.177	1	1	2.495
1165	Quorum	11386	0.178	1	1	2.489
1166	professed	34256	0.536	3	3	2.485
1167	prodigal	11427	0.179	1	1	2.484
1168	drank	11443	0.179	1	1	2.483
1169	vowed	11454	0.179	1	1	2.481
1170	handsome	11498	0.18	1	1	2.476
1171	Cave	11519	0.18	1	1	2.473
1172	Legate	11580	0.181	1	1	2.465
1173	lofty	11582	0.181	1	1	2.465
1174	imply	11589	0.181	1	1	2.464
1175	committing	11606	0.182	1	1	2.462
1176	Confederates	11609	0.182	1	1	2.462
1177	punishing	11649	0.182	1	1	2.456
1178	tame	11664	0.182	1	1	2.455
1179	Ferdinand	11682	0.183	1	1	2.452
1180	wondrous	11702	0.183	1	1	2.45
1181	Madam	46920	0.734	4	3	2.447
1182	dispositions	11773	0.184	1	1	2.441
1183	fa	11810	0.185	1	1	2.437
1184	veil	11849	0.185	1	1	2.432
1185	ten	130362	2.039	11	8	2.432
1186	17.	83120	1.3	7	6	2.429
1187	maids	11895	0.186	1	1	2.427
1188	breathing	11927	0.187	1	1	2.423
1189	preferment	11954	0.187	1	1	2.42
1190	stinking	11949	0.187	1	1	2.42
1191	contrived	11992	0.188	1	1	2.415
1192	shake	24043	0.376	2	2	2.411
1193	corrupted	36122	0.565	3	3	2.409
1194	acknowledging	12094	0.189	1	1	2.403
1195	imputed	24284	0.38	2	2	2.397
1196	pull	24362	0.381	2	2	2.392
1197	polluted	12233	0.191	1	1	2.386
1198	drove	12259	0.192	1	1	2.383
1199	Splendour	12274	0.192	1	1	2.382
1200	great	1790493	27.999	145	57	2.373
1201	delicate	12414	0.194	1	1	2.365
1202	Malignant	12436	0.195	1	1	2.362
1203	worn	12479	0.195	1	1	2.358
1204	envious	12527	0.196	1	1	2.352
1205	cry	87922	1.375	7	7	2.348
1206	dread	25184	0.394	2	2	2.344
1207	vile	37856	0.592	3	1	2.341
1208	assigns	12648	0.198	1	1	2.338
1209	pitiful	12709	0.199	1	1	2.331
1210	blinded	12718	0.199	1	1	2.33
1211	destruction	89423	1.398	7	5	2.324
1212	commit	51155	0.8	4	3	2.322
1213	Friar	12819	0.201	1	1	2.318
1214	Sister	51618	0.807	4	4	2.309
1215	Pas	12920	0.202	1	1	2.308
1216	old	414305	6.479	32	14	2.304
1217	Agent	12951	0.203	1	1	2.304
1218	blind	77737	1.216	6	2	2.303
1219	decline	12957	0.203	1	1	2.303
1220	Gent	12956	0.203	1	1	2.303
1221	forsooth	12960	0.203	1	1	2.303
1222	wo	26036	0.407	2	2	2.297
1223	raging	13043	0.204	1	1	2.293
1224	Wolf	13047	0.204	1	1	2.293
1225	blush	13133	0.205	1	1	2.283
1226	Martyrdom	13134	0.205	1	1	2.283
1227	permission	13164	0.206	1	1	2.28
1228	Lev	13206	0.207	1	1	2.276
1229	her	1811491	28.328	137	81	2.274
1230	attended	26513	0.415	2	2	2.27
1231	Tenor	13282	0.208	1	1	2.267
1232	Common	346098	5.412	26	20	2.264
1233	Rents	13329	0.208	1	1	2.263
1234	keeps	40024	0.626	3	3	2.261
1235	Purge	26806	0.419	2	1	2.254
1236	inflicted	13403	0.21	1	1	2.254
1237	regular	13469	0.211	1	1	2.247
1238	Reads	13498	0.211	1	1	2.244
1239	obscure	27006	0.422	2	2	2.244
1240	Poets	27112	0.424	2	2	2.238
1241	flatter	13665	0.214	1	1	2.226
1242	robbed	13664	0.214	1	1	2.226
1243	School	27359	0.428	2	2	2.225
1244	interpreted	13690	0.214	1	1	2.224
1245	protect	13727	0.215	1	1	2.22
1246	path	13728	0.215	1	1	2.22
1247	art	315875	4.94	23	6	2.219
1248	Solomon	41245	0.645	3	3	2.218
1249	henceforth	13747	0.215	1	1	2.218
1250	idolaters	13822	0.216	1	1	2.21
1251	manage	13853	0.217	1	1	2.207
1252	waiting	13872	0.217	1	1	2.205
1253	destroying	13873	0.217	1	1	2.205
1254	Mrs.	13889	0.217	1	1	2.203
1255	adjudged	14004	0.219	1	1	2.191
1256	rewarded	14017	0.219	1	1	2.19
1257	conferred	14170	0.222	1	1	2.174
1258	39.	14194	0.222	1	1	2.171
1259	pretends	14230	0.223	1	1	2.168
1260	Battles	14268	0.223	1	1	2.164
1261	Son	570683	8.924	40	21	2.164
1262	call	328774	5.141	23	18	2.161
1263	Sue	14301	0.224	1	1	2.161
1264	surprise	14398	0.225	1	1	2.151
1265	'd	144543	2.26	10	8	2.145
1266	reprobate	14526	0.227	1	1	2.138
1267	dispatch	14533	0.227	1	1	2.137
1268	drinking	29093	0.455	2	2	2.136
1269	swallow	14554	0.228	1	1	2.135
1270	wrongs	14585	0.228	1	1	2.132
1271	Ant	14620	0.229	1	1	2.129
1272	repented	14668	0.229	1	1	2.124
1273	demonstrate	14730	0.23	1	1	2.118
1274	fairest	14727	0.23	1	1	2.118
1275	shameful	14747	0.231	1	1	2.117
1276	silk	14806	0.232	1	1	2.111
1277	Mar	14814	0.232	1	1	2.11
1278	thank	29699	0.464	2	2	2.107
1279	hunting	14846	0.232	1	1	2.107
1280	dearly	14865	0.233	1	1	2.105
1281	wilt	74391	1.163	5	5	2.104
1282	pretty	29773	0.466	2	2	2.103
1283	Jove	14895	0.233	1	1	2.102
1284	publicly	29824	0.466	2	2	2.1
1285	flourishing	14970	0.234	1	1	2.095
1286	fight	105643	1.652	7	7	2.083
1287	45	30198	0.472	2	1	2.083
1288	game	15105	0.236	1	1	2.082
1289	seven	120863	1.89	8	5	2.082
1290	privately	15154	0.237	1	1	2.077
1291	effected	15220	0.238	1	1	2.071
1292	disciple	15273	0.239	1	1	2.066
1293	Muse	15327	0.24	1	1	2.061
1294	Arise	61558	0.963	4	4	2.055
1295	70	15439	0.241	1	1	2.051
1296	Merchandise	15488	0.242	1	1	2.046
1297	Husbands	30992	0.485	2	1	2.045
1298	dog	30988	0.485	2	2	2.045
1299	!	371996	5.817	24	20	2.045
1300	expose	15498	0.242	1	1	2.045
1301	enjoyment	15508	0.243	1	1	2.044
1302	dress	15539	0.243	1	1	2.041
1303	cool	15557	0.243	1	1	2.039
1304	bitter	46679	0.73	3	3	2.039
1305	mentions	15583	0.244	1	1	2.037
1306	bath	15609	0.244	1	1	2.034
1307	Mo	15704	0.246	1	1	2.026
1308	Period	15792	0.247	1	1	2.017
1309	Idleness	15825	0.248	1	1	2.014
1310	devotion	47524	0.743	3	2	2.013
1311	rebuke	15877	0.248	1	1	2.01
1312	desperate	31789	0.497	2	2	2.008
1313	signifies	79472	1.243	5	5	2.008
1314	sat	47715	0.746	3	3	2.007
1315	wretch	15921	0.249	1	1	2.006
1316	restored	47801	0.748	3	1	2.005
1317	Illustrious	15935	0.249	1	1	2.005
1318	Carnal	63756	0.997	4	4	2.004
1319	Essex	15981	0.25	1	1	2.001
1320	pace	16017	0.251	1	1	1.997
1321	fine	96522	1.509	6	2	1.991
1322	Portion	48529	0.759	3	3	1.983
1323	insomuch	32477	0.508	2	2	1.977
1324	Purse	16277	0.255	1	1	1.974
1325	00	32578	0.509	2	1	1.973
1326	crooked	16446	0.257	1	1	1.959
1327	poor	313465	4.902	19	14	1.955
1328	torn	16521	0.258	1	1	1.952
1329	destroyed	66138	1.034	4	4	1.951
1330	Joan	16538	0.259	1	1	1.951
1331	Scene	16553	0.259	1	1	1.95
1332	iniquities	16575	0.259	1	1	1.948
1333	Ch.	33232	0.52	2	2	1.944
1334	causing	16632	0.26	1	1	1.943
1335	married	66560	1.041	4	4	1.942
1336	Lamb	50063	0.783	3	3	1.938
1337	stories	16705	0.261	1	1	1.937
1338	Cousin	16703	0.261	1	1	1.937
1339	wandering	16735	0.262	1	1	1.934
1340	Col	16743	0.262	1	1	1.933
1341	Hair	50335	0.787	3	2	1.93
1342	guided	16830	0.263	1	1	1.926
1343	foretold	16838	0.263	1	1	1.925
1344	Rom	16837	0.263	1	1	1.925
1345	tread	16838	0.263	1	1	1.925
1346	shed	33752	0.528	2	2	1.922
1347	parted	16901	0.264	1	1	1.92
1348	Charitable	16906	0.264	1	1	1.919
1349	Constantinople	33964	0.531	2	1	1.913
1350	admired	17008	0.266	1	1	1.911
1351	judgments	34069	0.533	2	2	1.908
1352	Socrates	17043	0.267	1	1	1.908
1353	Prophecy	51210	0.801	3	3	1.905
1354	spiritual	239256	3.741	14	6	1.904
1355	young	171502	2.682	10	9	1.899
1356	receiving	51659	0.808	3	3	1.893
1357	n't	34507	0.54	2	2	1.89
1358	destitute	17265	0.27	1	1	1.889
1359	sisters	17302	0.271	1	1	1.886
1360	infected	17325	0.271	1	1	1.884
1361	bless	52076	0.814	3	2	1.881
1362	Deceitful	17392	0.272	1	1	1.878
1363	trusted	17518	0.274	1	1	1.868
1364	plays	17593	0.275	1	1	1.862
1365	calling	105619	1.652	6	6	1.861
1366	husband	105631	1.652	6	6	1.861
1367	'll	158479	2.478	9	7	1.861
1368	seeking	35296	0.552	2	2	1.857
1369	betray	17683	0.277	1	1	1.855
1370	O.	17703	0.277	1	1	1.853
1371	urge	17702	0.277	1	1	1.853
1372	National	17726	0.277	1	1	1.851
1373	heathen	53596	0.838	3	2	1.84
1374	Captains	35824	0.56	2	1	1.836
1375	sport	17952	0.281	1	1	1.833
1376	hither	36037	0.564	2	2	1.828
1377	dumb	36044	0.564	2	2	1.827
1378	Predecessors	18045	0.282	1	1	1.825
1379	defiled	18090	0.283	1	1	1.822
1380	stately	18235	0.285	1	1	1.81
1381	heretofore	36652	0.573	2	2	1.803
1382	practised	36690	0.574	2	2	1.801
1383	largely	18351	0.287	1	1	1.801
1384	quit	18392	0.288	1	1	1.798
1385	bids	18389	0.288	1	1	1.798
1386	subtle	36810	0.576	2	2	1.797
1387	heap	18409	0.288	1	1	1.796
1388	helped	18413	0.288	1	1	1.796
1389	Monarch	18420	0.288	1	1	1.796
1390	quoth	36867	0.577	2	2	1.795
1391	overthrow	36900	0.577	2	2	1.793
1392	Courtesy	18515	0.29	1	1	1.788
1393	seventh	55727	0.871	3	2	1.784
1394	Cardinals	18647	0.292	1	1	1.778
1395	ruin	74606	1.167	4	3	1.778
1396	universal	74773	1.169	4	2	1.774
1397	wilderness	37400	0.585	2	1	1.774
1398	meant	112513	1.76	6	6	1.77
1399	Plagues	18774	0.294	1	1	1.768
1400	sit	131502	2.056	7	6	1.767
1401	attribute	18881	0.295	1	1	1.76
1402	Nations	132713	2.075	7	6	1.754
1403	lips	38066	0.595	2	2	1.748
1404	continues	19061	0.298	1	1	1.746
1405	immortality	19100	0.299	1	1	1.743
1406	companion	19107	0.299	1	1	1.743
1407	horrid	19167	0.3	1	1	1.738
1408	committed	115180	1.801	6	6	1.736
1409	encouraged	19234	0.301	1	1	1.733
1410	fitted	19318	0.302	1	1	1.727
1411	18.	77389	1.21	4	4	1.725
1412	Res	19373	0.303	1	1	1.723
1413	Bell	19417	0.304	1	1	1.72
1414	Exit	19436	0.304	1	1	1.718
1415	Fourthly	38947	0.609	2	2	1.715
1416	horror	19604	0.307	1	1	1.706
1417	practises	19615	0.307	1	1	1.705
1418	restrained	19614	0.307	1	1	1.705
1419	Pomp	19649	0.307	1	1	1.702
1420	correct	19705	0.308	1	1	1.699
1421	Lyon	19709	0.308	1	1	1.698
1422	tremble	19753	0.309	1	1	1.695
1423	reputed	19893	0.311	1	1	1.685
1424	Fashion	39934	0.625	2	1	1.679
1425	heavy	59956	0.938	3	2	1.678
1426	defect	20015	0.313	1	1	1.676
1427	de	804522	12.581	40	4	1.669
1428	replied	40276	0.63	2	2	1.667
1429	runs	40288	0.63	2	2	1.667
1430	Privilege	40519	0.634	2	2	1.658
1431	thou	1398203	21.865	69	29	1.658
1432	Severity	20285	0.317	1	1	1.657
1433	Lastly	81334	1.272	4	2	1.653
1434	arose	20382	0.319	1	1	1.65
1435	adore	20395	0.319	1	1	1.649
1436	conceive	81841	1.28	4	2	1.644
1437	takes	123079	1.925	6	5	1.64
1438	base	61654	0.964	3	3	1.638
1439	wear	20558	0.322	1	1	1.637
1440	along	61778	0.966	3	2	1.635
1441	vine	20598	0.322	1	1	1.634
1442	Fool	41266	0.645	2	2	1.632
1443	Bonds	20748	0.325	1	1	1.624
1444	ne'er	20984	0.328	1	1	1.608
1445	step	20981	0.328	1	1	1.608
1446	Revelation	41988	0.657	2	2	1.607
1447	es	21017	0.329	1	1	1.605
1448	seated	21058	0.329	1	1	1.603
1449	corrupt	63197	0.988	3	3	1.602
1450	barren	21073	0.33	1	1	1.602
1451	ambitious	21078	0.33	1	1	1.601
1452	fighting	21135	0.331	1	1	1.597
1453	slave	21201	0.332	1	1	1.593
1454	Milk	42416	0.663	2	2	1.592
1455	fee	21237	0.332	1	1	1.59
1456	Extent	21261	0.333	1	1	1.589
1457	cursed	42622	0.667	2	2	1.585
1458	flying	21405	0.335	1	1	1.579
1459	final	21409	0.335	1	1	1.579
1460	house	407406	6.371	19	14	1.576
1461	Constantine	21588	0.338	1	1	1.567
1462	Confesses	21697	0.339	1	1	1.559
1463	lying	65748	1.028	3	3	1.545
1464	laugh	21938	0.343	1	1	1.543
1465	stile	21951	0.343	1	1	1.542
1466	Jealousy	21960	0.343	1	1	1.542
1467	prove	220093	3.442	10	7	1.539
1468	womb	44083	0.689	2	2	1.537
1469	compelled	22115	0.346	1	1	1.532
1470	knees	22165	0.347	1	1	1.529
1471	punish	44349	0.694	2	2	1.528
1472	Eighth	22214	0.347	1	1	1.525
1473	Virgins	22219	0.348	1	1	1.525
1474	Original	88923	1.391	4	1	1.524
1475	17	133873	2.094	6	6	1.519
1476	secrets	22386	0.35	1	1	1.514
1477	A	14471665	226.305	646	207	1.513
1478	conclude	89613	1.401	4	4	1.513
1479	34.	22411	0.351	1	1	1.513
1480	Eggs	22433	0.351	1	1	1.511
1481	usual	44893	0.702	2	2	1.51
1482	Blood	426566	6.671	19	11	1.51
1483	sweat	22452	0.351	1	1	1.51
1484	bid	45051	0.705	2	2	1.505
1485	Church	1175787	18.387	52	22	1.5
1486	Plaintiff	22631	0.354	1	1	1.499
1487	Hill	45286	0.708	2	2	1.498
1488	boldness	22766	0.356	1	1	1.49
1489	Picture	22820	0.357	1	1	1.486
1490	fulfil	22851	0.357	1	1	1.485
1491	admire	22861	0.358	1	1	1.484
1492	Jurisdiction	45854	0.717	2	2	1.48
1493	abominable	22990	0.36	1	1	1.476
1494	W	23074	0.361	1	1	1.471
1495	Jer	23150	0.362	1	1	1.466
1496	naked	46459	0.727	2	2	1.461
1497	wisely	23259	0.364	1	1	1.459
1498	struck	23297	0.364	1	1	1.457
1499	returns	23425	0.366	1	1	1.449
1500	16.	93810	1.467	4	4	1.447
1501	Corruptions	23463	0.367	1	1	1.447
1502	Haste	258415	4.041	11	9	1.445
1503	Judgements	47124	0.737	2	2	1.44
1504	City	377406	5.902	16	10	1.439
1505	Nobles	23632	0.37	1	1	1.436
1506	thinks	71088	1.112	3	3	1.432
1507	dance	23697	0.371	1	1	1.432
1508	Jew	23762	0.372	1	1	1.428
1509	accounts	23870	0.373	1	1	1.422
1510	Rob	23959	0.375	1	1	1.416
1511	sorry	23995	0.375	1	1	1.414
1512	seriously	24000	0.375	1	1	1.414
1513	called	768363	12.016	32	23	1.413
1514	troubled	72125	1.128	3	1	1.411
1515	49	24226	0.379	1	1	1.4
1516	Kings	363629	5.686	15	12	1.399
1517	prey	24332	0.381	1	1	1.394
1518	steps	24371	0.381	1	1	1.392
1519	Defendant	24378	0.381	1	1	1.391
1520	Prerogative	24389	0.381	1	1	1.391
1521	apprehend	24467	0.383	1	1	1.386
1522	assigned	24587	0.385	1	1	1.379
1523	hatred	49444	0.773	2	2	1.371
1524	Cruelty	49468	0.774	2	2	1.37
1525	plea	24751	0.387	1	1	1.369
1526	lights	24751	0.387	1	1	1.369
1527	manifested	24803	0.388	1	1	1.366
1528	golden	49785	0.779	2	2	1.361
1529	evermore	24903	0.389	1	1	1.361
1530	kill	74750	1.169	3	3	1.36
1531	prevailed	25057	0.392	1	1	1.352
1532	burnt	50113	0.784	2	2	1.352
1533	dealt	25109	0.393	1	1	1.349
1534	Coast	25174	0.394	1	1	1.345
1535	oh	126299	1.975	5	4	1.34
1536	exercises	25294	0.396	1	1	1.338
1537	flames	25292	0.396	1	1	1.338
1538	excess	25352	0.396	1	1	1.335
1539	Dull	25362	0.397	1	1	1.334
1540	termed	25438	0.398	1	1	1.33
1541	hated	25471	0.398	1	1	1.328
1542	women	152987	2.392	6	6	1.327
1543	sorts	102012	1.595	4	1	1.326
1544	covetous	25513	0.399	1	1	1.326
1545	punished	51064	0.799	2	2	1.325
1546	fellow	51208	0.801	2	2	1.32
1547	profess	51407	0.804	2	2	1.315
1548	fill	51476	0.805	2	2	1.313
1549	signification	25765	0.403	1	1	1.312
1550	Salomon	25808	0.404	1	1	1.309
1551	crying	25811	0.404	1	1	1.309
1552	single	51634	0.807	2	2	1.309
1553	Imperial	25835	0.404	1	1	1.308
1554	top	52060	0.814	2	1	1.297
1555	Gain	78199	1.223	3	3	1.295
1556	Green	52193	0.816	2	1	1.293
1557	Lover	26112	0.408	1	1	1.292
1558	Judgment	235552	3.684	9	8	1.289
1559	43	26174	0.409	1	1	1.289
1560	esteemed	52613	0.823	2	2	1.281
1561	wanted	26501	0.414	1	1	1.271
1562	Flood	26569	0.416	1	1	1.267
1563	list	26655	0.417	1	1	1.263
1564	behaviour	26702	0.418	1	1	1.26
1565	spent	53460	0.836	2	2	1.258
1566	modesty	26836	0.42	1	1	1.253
1567	setting	53750	0.841	2	2	1.251
1568	leads	26956	0.422	1	1	1.246
1569	Virgin	54072	0.846	2	2	1.242
1570	apparel	27082	0.424	1	1	1.24
1571	sorrows	27191	0.425	1	1	1.234
1572	lusts	54617	0.854	2	1	1.228
1573	dear	109293	1.709	4	3	1.227
1574	saw	191431	2.994	7	5	1.225
1575	remarkable	27396	0.428	1	1	1.223
1576	brings	54834	0.858	2	2	1.222
1577	dishonour	27449	0.429	1	1	1.22
1578	mentioned	110171	1.723	4	4	1.215
1579	boy	27639	0.432	1	1	1.21
1580	weep	27707	0.433	1	1	1.207
1581	stick	27742	0.434	1	1	1.205
1582	plainly	111081	1.737	4	3	1.203
1583	turn	167524	2.62	6	6	1.196
1584	Melancholy	27965	0.437	1	1	1.193
1585	barbarous	28021	0.438	1	1	1.19
1586	Woe	28149	0.44	1	1	1.184
1587	beware	28157	0.44	1	1	1.183
1588	Followers	28164	0.44	1	1	1.183
1589	caused	113016	1.767	4	4	1.178
1590	torment	28570	0.447	1	1	1.162
1591	Ha	28655	0.448	1	1	1.158
1592	folly	57369	0.897	2	2	1.157
1593	destroy	86113	1.347	3	3	1.156
1594	touching	115302	1.803	4	4	1.15
1595	IX	28939	0.453	1	1	1.144
1596	upon	2522161	39.441	87	49	1.141
1597	Members	116122	1.816	4	3	1.139
1598	20	145215	2.271	5	5	1.139
1599	Ah	29075	0.455	1	1	1.137
1600	Believers	58227	0.911	2	2	1.135
1601	weather	29174	0.456	1	1	1.132
1602	wont	58350	0.913	2	2	1.132
1603	begotten	29211	0.457	1	1	1.13
1604	Westminster	29288	0.458	1	1	1.127
1605	shown	29305	0.458	1	1	1.126
1606	Ezek.	29318	0.459	1	1	1.125
1607	slew	29392	0.46	1	1	1.122
1608	paid	58812	0.92	2	1	1.121
1609	famous	88824	1.389	3	3	1.111
1610	wait	59233	0.926	2	2	1.11
1611	ou	29737	0.465	1	1	1.105
1612	31.	29803	0.466	1	1	1.101
1613	claim	29873	0.467	1	1	1.098
1614	permit	29877	0.467	1	1	1.098
1615	fellows	29880	0.467	1	1	1.098
1616	rank	29920	0.468	1	1	1.096
1617	&c	479189	7.494	16	12	1.094
1618	doors	29993	0.469	1	1	1.092
1619	Empire	90491	1.415	3	2	1.084
1620	revenge	60376	0.944	2	2	1.083
1621	saying	211699	3.311	7	6	1.08
1622	finished	30271	0.473	1	1	1.079
1623	mine	181777	2.843	6	3	1.078
1624	ordinarily	30303	0.474	1	1	1.077
1625	veins	30344	0.475	1	1	1.076
1626	figures	30387	0.475	1	1	1.073
1627	calls	121932	1.907	4	4	1.069
1628	permitted	30542	0.478	1	1	1.066
1629	Mothers	30565	0.478	1	1	1.065
1630	commend	30571	0.478	1	1	1.065
1631	wretched	30683	0.48	1	1	1.059
1632	harm	30750	0.481	1	1	1.056
1633	Tail	30912	0.483	1	1	1.049
1634	Idols	30951	0.484	1	1	1.047
1635	represent	31012	0.485	1	1	1.044
1636	Italy	62147	0.972	2	2	1.041
1637	Joh	62182	0.972	2	1	1.04
1638	cares	31089	0.486	1	1	1.04
1639	Condemnation	31282	0.489	1	1	1.032
1640	keep	313074	4.896	10	8	1.03
1641	inhabitants	62803	0.982	2	2	1.026
1642	shame	94222	1.473	3	3	1.026
1643	pity	62915	0.984	2	2	1.023
1644	abused	31590	0.494	1	1	1.017
1645	draws	31643	0.495	1	1	1.015
1646	servant	127075	1.987	4	4	1.009
1647	youth	63555	0.994	2	2	1.009
1648	oppressed	31823	0.498	1	1	1.007
1649	wished	31831	0.498	1	1	1.006
1650	vow	31839	0.498	1	1	1.006
1651	Oaths	31854	0.498	1	1	1.005
1652	opposite	31956	0.5	1	1	1.001
1653	cries	32046	0.501	1	1	0.997
1654	VIII	32081	0.502	1	1	0.995
1655	interpretation	32092	0.502	1	1	0.995
1656	dogs	32101	0.502	1	1	0.994
1657	treat	32126	0.502	1	1	0.993
1658	Doubtless	32131	0.503	1	1	0.993
1659	enough	225014	3.519	7	7	0.992
1660	door	64326	1.006	2	2	0.992
1661	consequently	64502	1.009	2	1	0.988
1662	conquest	32321	0.505	1	1	0.985
1663	purchase	32356	0.506	1	1	0.983
1664	Saints	194939	3.048	6	6	0.977
1665	Israel	162651	2.544	5	4	0.975
1666	remaining	32552	0.509	1	1	0.974
1667	accused	32564	0.509	1	1	0.974
1668	commonly	97748	1.529	3	3	0.973
1669	Fuit	32677	0.511	1	1	0.969
1670	tells	98449	1.54	3	3	0.963
1671	torments	32888	0.514	1	1	0.959
1672	Common-wealth	32931	0.515	1	1	0.957
1673	serves	32991	0.516	1	1	0.955
1674	endure	66031	1.033	2	2	0.954
1675	vices	33021	0.516	1	1	0.953
1676	Record	33094	0.518	1	1	0.95
1677	Beasts	99530	1.556	3	3	0.947
1678	Chapter	132959	2.079	4	2	0.944
1679	beloved	66576	1.041	2	2	0.942
1680	while	300747	4.703	9	8	0.936
1681	bestow	33438	0.523	1	1	0.935
1682	goes	100413	1.57	3	3	0.934
1683	concerns	33496	0.524	1	1	0.933
1684	using	33508	0.524	1	1	0.932
1685	Agreement	33513	0.524	1	1	0.932
1686	wax	33550	0.525	1	1	0.931
1687	crowns	33573	0.525	1	1	0.93
1688	make	1313915	20.547	39	29	0.925
1689	run	134767	2.108	4	3	0.924
1690	Declares	33877	0.53	1	1	0.916
1691	Hen	33893	0.53	1	1	0.916
1692	Soldier	33917	0.53	1	1	0.915
1693	's	1833403	28.67	54	28	0.913
1694	horse	136110	2.129	4	3	0.91
1695	passes	34125	0.534	1	1	0.906
1696	support	34167	0.534	1	1	0.904
1697	Throne	68392	1.07	2	2	0.903
1698	looked	68727	1.075	2	1	0.896
1699	hath	1823449	28.515	53	35	0.894
1700	certainty	34519	0.54	1	1	0.89
1701	become	172873	2.703	5	5	0.887
1702	dreadful	34583	0.541	1	1	0.887
1703	beaten	34661	0.542	1	1	0.884
1704	scorn	34703	0.543	1	1	0.882
1705	forbid	34724	0.543	1	1	0.881
1706	Winds	34784	0.544	1	1	0.879
1707	flesh	279311	4.368	8	7	0.873
1708	Queen	174640	2.731	5	5	0.872
1709	broad	35012	0.548	1	1	0.869
1710	pieces	70256	1.099	2	2	0.864
1711	prevail	35221	0.551	1	1	0.86
1712	sends	35230	0.551	1	1	0.86
1713	stones	70601	1.104	2	2	0.857
1714	Monsieur	35326	0.552	1	1	0.856
1715	aforesaid	106004	1.658	3	1	0.856
1716	farther	70765	1.107	2	2	0.854
1717	habit	35431	0.554	1	1	0.852
1718	drive	35452	0.554	1	1	0.851
1719	shall	2624249	41.038	74	43	0.851
1720	Princess	35495	0.555	1	1	0.849
1721	disease	71132	1.112	2	2	0.846
1722	Poverty	35712	0.559	1	1	0.84
1723	Song	35727	0.559	1	1	0.84
1724	has	321926	5.034	9	7	0.838
1725	break	107397	1.68	3	3	0.837
1726	Doctor	71600	1.12	2	1	0.837
1727	manifest	107661	1.684	3	1	0.833
1728	trade	71989	1.126	2	2	0.829
1729	carry	108052	1.69	3	3	0.828
1730	?	2527462	39.524	70	39	0.825
1731	Daughter	108707	1.7	3	3	0.82
1732	mistake	36342	0.568	1	1	0.815
1733	complain	36342	0.568	1	1	0.815
1734	c	292350	4.572	8	2	0.807
1735	possess	36617	0.573	1	1	0.804
1736	London	146866	2.297	4	3	0.8
1737	an	2497908	39.062	68	34	0.8
1738	spoken	147126	2.301	4	4	0.798
1739	Mysteries	36792	0.575	1	1	0.798
1740	Bed	73593	1.151	2	2	0.797
1741	like	1070087	16.734	29	25	0.793
1742	flower	36901	0.577	1	1	0.793
1743	Merchants	36943	0.578	1	1	0.792
1744	Town	184940	2.892	5	5	0.79
1745	Palace	37162	0.581	1	1	0.783
1746	valour	37184	0.582	1	1	0.782
1747	turning	37211	0.582	1	1	0.781
1748	too	521045	8.148	14	9	0.781
1749	Jesuits	37256	0.583	1	1	0.779
1750	whom	782727	12.24	21	18	0.779
1751	the	59190422	925.609	1588	282	0.779
1752	league	37496	0.586	1	1	0.77
1753	fifty	37601	0.588	1	1	0.766
1754	Isa.	75282	1.177	2	2	0.765
1755	Money	188212	2.943	5	4	0.765
1756	succession	37662	0.589	1	1	0.764
1757	indeed	301803	4.72	8	6	0.761
1758	agree	75479	1.18	2	2	0.761
1759	deep	75511	1.181	2	2	0.76
1760	press	37763	0.591	1	1	0.76
1761	Masters	75576	1.182	2	2	0.759
1762	Vengeance	37813	0.591	1	1	0.758
1763	went	264770	4.14	7	7	0.758
1764	punishment	113533	1.775	3	3	0.757
1765	separated	37858	0.592	1	1	0.756
1766	lived	113584	1.776	3	3	0.756
1767	loves	76043	1.189	2	2	0.75
1768	Dan	38042	0.595	1	1	0.749
1769	debt	38106	0.596	1	1	0.747
1770	Omnes	38114	0.596	1	1	0.747
1771	Action	114368	1.789	3	1	0.746
1772	devil	190658	2.982	5	5	0.746
1773	conduct	38180	0.597	1	1	0.744
1774	offend	38245	0.598	1	1	0.742
1775	FINIS	38468	0.602	1	1	0.733
1776	Character	38558	0.603	1	1	0.73
1777	Title	115960	1.813	3	3	0.726
1778	unless	154621	2.418	4	4	0.726
1779	deserved	38662	0.605	1	1	0.726
1780	where	1086411	16.989	28	18	0.721
1781	Senate	38824	0.607	1	1	0.72
1782	spare	38949	0.609	1	1	0.715
1783	28	77934	1.219	2	2	0.715
1784	whose	468798	7.331	12	10	0.711
1785	loved	78391	1.226	2	2	0.706
1786	who	2315377	36.207	59	42	0.704
1787	maintain	78757	1.232	2	2	0.699
1788	Company	157530	2.463	4	4	0.699
1789	acquainted	39406	0.616	1	1	0.699
1790	Why	394748	6.173	10	10	0.696
1791	certainly	118694	1.856	3	3	0.693
1792	latter	79506	1.243	2	1	0.686
1793	cold	119553	1.87	3	1	0.682
1794	presently	119716	1.872	3	3	0.68
1795	terrible	39921	0.624	1	1	0.68
1796	governed	39923	0.624	1	1	0.68
1797	necessarily	39984	0.625	1	1	0.677
1798	profane	40020	0.626	1	1	0.676
1799	intended	80059	1.252	2	2	0.676
1800	though	1040761	16.275	26	21	0.676
1801	Tongues	40030	0.626	1	1	0.676
1802	abroad	80124	1.253	2	2	0.675
1803	[	280684	4.389	7	5	0.673
1804	viz.	161354	2.523	4	4	0.665
1805	comparison	40468	0.633	1	1	0.66
1806	name	607418	9.499	15	11	0.659
1807	notable	40823	0.638	1	1	0.647
1808	doctrines	40858	0.639	1	1	0.646
1809	fair	204535	3.199	5	5	0.645
1810	Lines	40967	0.641	1	1	0.643
1811	wine	164447	2.572	4	4	0.637
1812	Ladies	41212	0.645	1	1	0.634
1813	sir	371184	5.805	9	6	0.633
1814	persecution	41265	0.645	1	1	0.632
1815	Bill	41380	0.647	1	1	0.628
1816	"	41388	0.647	1	1	0.628
1817	proves	41434	0.648	1	1	0.626
1818	un	83123	1.3	2	2	0.622
1819	true	751380	11.75	18	8	0.615
1820	Honey	41845	0.654	1	1	0.612
1821	offering	41936	0.656	1	1	0.609
1822	manners	41947	0.656	1	1	0.608
1823	spake	83909	1.312	2	2	0.608
1824	away	504942	7.896	12	12	0.604
1825	Honours	42207	0.66	1	1	0.599
1826	you	3714542	58.087	88	41	0.599
1827	;	9536348	149.128	225	106	0.593
1828	am	509469	7.967	12	7	0.591
1829	whilst	127767	1.998	3	3	0.586
1830	utter	42614	0.666	1	1	0.586
1831	virtuous	42661	0.667	1	1	0.584
1832	brother	170744	2.67	4	4	0.583
1833	grand	42729	0.668	1	1	0.582
1834	distinction	42763	0.669	1	1	0.581
1835	Rent	42785	0.669	1	1	0.58
1836	Sect	42803	0.669	1	1	0.579
1837	known	257669	4.029	6	6	0.574
1838	fearful	43090	0.674	1	1	0.57
1839	with	6743369	105.452	156	93	0.565
1840	Doctors	43227	0.676	1	1	0.565
1841	said	1514302	23.68	35	20	0.564
1842	meeting	43320	0.677	1	1	0.562
1843	foul	43393	0.679	1	1	0.559
1844	sacrifice	130353	2.038	3	3	0.558
1845	night	217853	3.407	5	5	0.554
1846	built	87141	1.363	2	2	0.554
1847	spread	43759	0.684	1	1	0.547
1848	Camp	43972	0.688	1	1	0.54
1849	bringing	44028	0.689	1	1	0.538
1850	yours	44031	0.689	1	1	0.538
1851	beside	44252	0.692	1	1	0.531
1852	on	1948583	30.472	44	33	0.53
1853	go	533648	8.345	12	11	0.524
1854	satisfaction	89126	1.394	2	2	0.521
1855	prayed	44591	0.697	1	1	0.52
1856	neither	537051	8.398	12	11	0.515
1857	refused	44792	0.7	1	1	0.514
1858	This	6548918	102.411	146	53	0.512
1859	private	134915	2.11	3	2	0.508
1860	Profit	90042	1.408	2	1	0.506
1861	kindness	45136	0.706	1	1	0.503
1862	chap	271060	4.239	6	5	0.501
1863	abuse	45195	0.707	1	1	0.501
1864	stead	45532	0.712	1	1	0.49
1865	Patient	45655	0.714	1	1	0.486
1866	judges	91633	1.433	2	2	0.481
1867	doth	963309	15.064	21	17	0.479
1868	cried	45966	0.719	1	1	0.476
1869	rage	46100	0.721	1	1	0.472
1870	How	1244740	19.465	27	22	0.472
1871	off	323311	5.056	7	7	0.469
1872	hitherto	46245	0.723	1	1	0.468
1873	merciful	46370	0.725	1	1	0.464
1874	Friendship	46387	0.725	1	1	0.463
1875	understand	185715	2.904	4	2	0.462
1876	sons	139530	2.182	3	3	0.459
1877	vice	46611	0.729	1	1	0.456
1878	many	1356675	21.215	29	25	0.451
1879	eminent	46828	0.732	1	1	0.449
1880	stir	46896	0.733	1	1	0.447
1881	W.	47212	0.738	1	1	0.438
1882	History	94546	1.479	2	2	0.436
1883	namely	94600	1.479	2	2	0.435
1884	build	47348	0.74	1	1	0.434
1885	rich	142318	2.226	3	2	0.431
1886	showed	142959	2.236	3	3	0.424
1887	suffer	191145	2.989	4	4	0.42
1888	seldom	47805	0.748	1	1	0.42
1889	thick	47822	0.748	1	1	0.419
1890	beauty	95667	1.496	2	2	0.419
1891	post	47961	0.75	1	1	0.415
1892	thereto	48070	0.752	1	1	0.412
1893	ashamed	48199	0.754	1	1	0.408
1894	Philip	48328	0.756	1	1	0.404
1895	Knights	48428	0.757	1	1	0.401
1896	worse	96916	1.516	2	2	0.4
1897	or	6140246	96.02	126	60	0.392
1898	wh	48807	0.763	1	1	0.39
1899	something	97686	1.528	2	2	0.389
1900	25.	48971	0.766	1	1	0.385
1901	mischief	49083	0.768	1	1	0.382
1902	sacrifices	49194	0.769	1	1	0.378
1903	O	541781	8.472	11	8	0.377
1904	wicked	246712	3.858	5	3	0.374
1905	feared	49375	0.772	1	1	0.373
1906	alive	49526	0.775	1	1	0.369
1907	16	148850	2.328	3	3	0.366
1908	Image	99324	1.553	2	2	0.365
1909	conditions	49776	0.778	1	1	0.361
1910	get	149760	2.342	3	3	0.357
1911	Whence	149816	2.343	3	3	0.357
1912	belly	50036	0.783	1	1	0.354
1913	last	450430	7.044	9	7	0.354
1914	suffered	100182	1.567	2	2	0.352
1915	needs	150472	2.353	3	3	0.35
1916	Prov.	50161	0.784	1	1	0.35
1917	James	100348	1.569	2	2	0.35
1918	7	251211	3.928	5	3	0.348
1919	shalt	151151	2.364	3	3	0.344
1920	amongst	251926	3.94	5	5	0.344
1921	23	101193	1.582	2	2	0.338
1922	instruments	50653	0.792	1	1	0.336
1923	Sacraments	50743	0.794	1	1	0.334
1924	revealed	50925	0.796	1	1	0.328
1925	,	97296499	1521.504	1910	367	0.328
1926	tell	255280	3.992	5	4	0.325
1927	comes	255457	3.995	5	3	0.324
1928	danger	153644	2.403	3	3	0.32
1929	la	204980	3.205	4	2	0.319
1930	Commandments	51345	0.803	1	1	0.317
1931	g.	51419	0.804	1	1	0.315
1932	plain	154580	2.417	3	2	0.312
1933	Murder	51605	0.807	1	1	0.309
1934	Aside	51692	0.808	1	1	0.307
1935	one	2538275	39.693	49	23	0.304
1936	Chamber	51849	0.811	1	1	0.303
1937	thousand	207672	3.248	4	4	0.301
1938	peculiar	51984	0.813	1	1	0.299
1939	9	208082	3.254	4	2	0.298
1940	that	17465266	273.119	335	133	0.295
1941	of	39170514	612.541	748	220	0.288
1942	already	157133	2.457	3	3	0.288
1943	instead	52525	0.821	1	1	0.284
1944	excuse	52632	0.823	1	1	0.281
1945	Sinner	52649	0.823	1	1	0.281
1946	pride	105444	1.649	2	2	0.278
1947	going	105462	1.649	2	2	0.278
1948	loving	52941	0.828	1	1	0.272
1949	suddenly	53066	0.83	1	1	0.269
1950	conceived	53148	0.831	1	1	0.267
1951	Secure	53168	0.831	1	1	0.266
1952	still	373001	5.833	7	7	0.263
1953	pay	106691	1.668	2	1	0.262
1954	(	3147389	49.218	59	36	0.262
1955	usually	53352	0.834	1	1	0.261
1956	will	2993503	46.812	56	32	0.259
1957	is	12301699	192.372	230	85	0.258
1958	removed	53515	0.837	1	1	0.257
1959	wound	53525	0.837	1	1	0.257
1960	falling	53567	0.838	1	1	0.255
1961	special	107206	1.677	2	2	0.255
1962	and	37698224	589.518	703	235	0.254
1963	]	429805	6.721	8	4	0.251
1964	saving	53781	0.841	1	1	0.25
1965	back	161359	2.523	3	3	0.25
1966	gross	53803	0.841	1	1	0.249
1967	thy	1346327	21.054	25	15	0.248
1968	think	539870	8.442	10	8	0.244
1969	Heir	53990	0.844	1	1	0.244
1970	drawn	108352	1.694	2	2	0.239
1971	Images	54257	0.849	1	1	0.237
1972	till	379902	5.941	7	6	0.237
1973	consequence	54571	0.853	1	1	0.229
1974	Nor	1146191	17.924	21	19	0.229
1975	accordingly	54707	0.856	1	1	0.225
1976	willingly	54908	0.859	1	1	0.22
1977	witness	109825	1.717	2	2	0.22
1978	turned	109846	1.718	2	2	0.219
1979	pound	54933	0.859	1	1	0.219
1980	bold	54959	0.859	1	1	0.219
1981	talk	54978	0.86	1	1	0.218
1982	Countenance	55145	0.862	1	1	0.214
1983	discover	55186	0.863	1	1	0.213
1984	even	607522	9.5	11	11	0.211
1985	children	387096	6.053	7	7	0.21
1986	Heb.	110708	1.731	2	2	0.208
1987	wherein	332751	5.204	6	5	0.205
1988	Powder	55485	0.868	1	1	0.205
1989	leaving	55555	0.869	1	1	0.203
1990	room	55576	0.869	1	1	0.202
1991	seem	166761	2.608	3	3	0.202
1992	does	222564	3.48	4	4	0.201
1993	sore	55646	0.87	1	1	0.201
1994	sold	55694	0.871	1	1	0.199
1995	Satan	111662	1.746	2	2	0.196
1996	Prophets	111696	1.747	2	2	0.195
1997	ear	55855	0.873	1	1	0.195
1998	rather	393402	6.152	7	6	0.186
1999	Consciences	56276	0.88	1	1	0.184
2000	iniquity	56296	0.88	1	1	0.184
2001	accounted	56307	0.881	1	1	0.184
2002	thus	788750	12.334	14	12	0.183
2003	doubt	169037	2.643	3	3	0.183
2004	try	56352	0.881	1	1	0.182
2005	Head	338290	5.29	6	4	0.182
2006	Mass	56555	0.884	1	1	0.177
2007	feast	56711	0.887	1	1	0.173
2008	society	56880	0.89	1	1	0.169
2009	which	6940930	108.541	122	64	0.169
2010	happened	56956	0.891	1	1	0.167
2011	clearly	57009	0.892	1	1	0.166
2012	again	627628	9.815	11	9	0.164
2013	employed	57347	0.897	1	1	0.157
2014	wit	172149	2.692	3	3	0.156
2015	price	57392	0.898	1	1	0.156
2016	wives	57399	0.898	1	1	0.156
2017	cast	229673	3.592	4	2	0.155
2018	thereby	172833	2.703	3	3	0.151
2019	I	6187300	96.756	107	59	0.145
2020	pretend	57850	0.905	1	1	0.145
2021	reign	115734	1.81	2	1	0.144
2022	overcome	57959	0.906	1	1	0.142
2023	my	2492426	38.976	43	24	0.142
2024	finding	57977	0.907	1	1	0.141
2025	keeping	58223	0.911	1	1	0.135
2026	give	758276	11.858	13	8	0.133
2027	perish	58343	0.912	1	1	0.132
2028	Tongue	116704	1.825	2	2	0.132
2029	10	233570	3.653	4	4	0.131
2030	diseases	58776	0.919	1	1	0.122
2031	fire	294315	4.602	5	4	0.12
2032	since	412107	6.445	7	6	0.119
2033	hand	471988	7.381	8	6	0.116
2034	proved	118293	1.85	2	2	0.113
2035	command	177468	2.775	3	3	0.112
2036	condemn	59378	0.929	1	1	0.107
2037	Charge	178431	2.79	3	2	0.105
2038	sect.	59519	0.931	1	1	0.104
2039	19	119133	1.863	2	2	0.102
2040	23.	59639	0.933	1	1	0.101
2041	allowed	59743	0.934	1	1	0.098
2042	loose	59737	0.934	1	1	0.098
2043	&c.	299097	4.677	5	5	0.096
2044	signify	59908	0.937	1	1	0.094
2045	Miracles	59991	0.938	1	1	0.092
2046	Supper	60000	0.938	1	1	0.092
2047	Pope	240165	3.756	4	3	0.091
2048	wrote	60122	0.94	1	1	0.089
2049	Gentlemen	60495	0.946	1	1	0.08
2050	your	2073026	32.418	34	22	0.069
2051	ere	61209	0.957	1	1	0.063
2052	Come	1165618	18.228	19	15	0.06
2053	join	61462	0.961	1	1	0.057
2054	Wood	61724	0.965	1	1	0.051
2055	past	123448	1.931	2	2	0.051
2056	Priest	123560	1.932	2	2	0.05
2057	en	61856	0.967	1	1	0.048
2058	perceive	62013	0.97	1	1	0.044
2059	4	434750	6.799	7	6	0.042
2060	pleasure	186565	2.918	3	3	0.04
2061	scarce	62192	0.973	1	1	0.04
2062	T	186780	2.921	3	2	0.039
2063	no	2739631	42.842	44	34	0.038
2064	out	1686345	26.371	27	22	0.034
2065	understood	125485	1.962	2	1	0.027
2066	Powers	63000	0.985	1	1	0.022
2067	.	39047260	610.614	619	165	0.02
2068	Trust	126242	1.974	2	2	0.019
2069	supposed	63181	0.988	1	1	0.017
2070	h	63235	0.989	1	1	0.016
2071	have	4691254	73.361	74	50	0.013
2072	long	571124	8.931	9	8	0.011
2073	betwixt	127079	1.987	2	2	0.009
2074	ours	63665	0.996	1	1	0.006
2075	Verse	254782	3.984	4	3	0.006
2076	be	9896153	154.754	155	81	0.002
2077	none	383245	5.993	6	6	0.002
2078	carried	127788	1.998	2	2	0.001
2079	Case	319514	4.997	5	5	0.001
2080	Temple	127888	2	2	2	0
2081	nothing	640275	10.013	10	8	-0.002
2082	remains	64087	1.002	1	1	-0.003
2083	me	1731164	27.072	27	17	-0.004
2084	taught	128541	2.01	2	2	-0.007
2085	Deuteronomy	64271	1.005	1	1	-0.007
2086	words	643917	10.07	10	4	-0.01
2087	glorious	128843	2.015	2	2	-0.011
2088	absolute	64604	1.01	1	1	-0.015
2089	for	9369441	146.518	145	82	-0.015
2090	Power	776557	12.144	12	8	-0.017
2091	constant	64819	1.014	1	1	-0.019
2092	grant	129668	2.028	2	2	-0.02
2093	ways	194504	3.042	3	2	-0.02
2094	safe	64842	1.014	1	1	-0.02
2095	Scripture	324647	5.077	5	3	-0.022
2096	sundry	65069	1.018	1	1	-0.025
2097	)	3126749	48.896	48	37	-0.027
2098	very	1174247	18.363	18	9	-0.029
2099	standing	65368	1.022	1	1	-0.032
2100	yet	1835928	28.71	28	20	-0.036
2101	innocent	65570	1.025	1	1	-0.036
2102	mark	131282	2.053	2	2	-0.038
2103	fit	197019	3.081	3	3	-0.038
2104	judge	262867	4.111	4	3	-0.039
2105	greatly	65797	1.029	1	1	-0.041
2106	higher	66116	1.034	1	1	-0.048
2107	set	595126	9.307	9	7	-0.048
2108	soon	198528	3.105	3	3	-0.049
2109	Two	926661	14.491	14	8	-0.05
2110	these	1985969	31.056	30	16	-0.05
2111	light	399350	6.245	6	6	-0.058
2112	s	133183	2.083	2	2	-0.058
2113	regard	133813	2.093	2	1	-0.065
2114	against	1339213	20.942	20	14	-0.066
2115	greatest	200955	3.143	3	3	-0.067
2116	Evidence	67123	1.05	1	1	-0.07
2117	draw	134904	2.11	2	2	-0.077
2118	v.	202373	3.165	3	1	-0.077
2119	Jacob	67737	1.059	1	1	-0.083
2120	being	1764433	27.592	26	11	-0.086
2121	satisfied	67883	1.062	1	1	-0.086
2122	Alas	67915	1.062	1	1	-0.087
2123	Soldiers	136167	2.129	2	2	-0.09
2124	e	136544	2.135	2	2	-0.094
2125	also	1433690	22.42	21	11	-0.094
2126	full	343239	5.368	5	5	-0.102
2127	but	6983890	109.213	101	50	-0.113
2128	n	69208	1.082	1	1	-0.114
2129	Witnesses	69349	1.085	1	1	-0.117
2130	little	624322	9.763	9	8	-0.117
2131	once	277740	4.343	4	4	-0.119
2132	bare	69451	1.086	1	1	-0.119
2133	strange	139257	2.178	2	2	-0.123
2134	both	976138	15.265	14	11	-0.125
2135	denied	69953	1.094	1	1	-0.129
2136	up	1119358	17.504	16	13	-0.13
2137	shows	70001	1.095	1	1	-0.131
2138	cut	140466	2.197	2	2	-0.135
2139	crown	140652	2.2	2	2	-0.137
2140	hopes	70348	1.1	1	1	-0.138
2141	Although	212964	3.33	3	3	-0.151
2142	Dwell	70987	1.11	1	1	-0.151
2143	found	426408	6.668	6	6	-0.152
2144	wrong	71272	1.115	1	1	-0.156
2145	following	142882	2.234	2	2	-0.16
2146	Almighty	71617	1.12	1	1	-0.163
2147	signs	71737	1.122	1	1	-0.166
2148	makes	359288	5.619	5	4	-0.168
2149	there	2595192	40.583	36	29	-0.173
2150	had	2740575	42.857	38	30	-0.174
2151	raise	72133	1.128	1	1	-0.174
2152	Moreover	72198	1.129	1	1	-0.175
2153	knows	144623	2.262	2	2	-0.177
2154	now	1519152	23.756	21	19	-0.178
2155	having	579260	9.058	8	8	-0.179
2156	forward	72541	1.134	1	1	-0.182
2157	met	72645	1.136	1	1	-0.184
2158	gave	290757	4.547	4	4	-0.185
2159	pleasant	72707	1.137	1	1	-0.185
2160	are	5017099	78.456	69	44	-0.185
2161	19.	72769	1.138	1	1	-0.186
2162	thee	728077	11.386	10	8	-0.187
2163	Enter	145726	2.279	2	2	-0.188
2164	Priests	145909	2.282	2	2	-0.19
2165	Sin	729699	11.411	10	9	-0.19
2166	When	2343068	36.64	32	26	-0.195
2167	kingdoms	73313	1.147	1	1	-0.197
2168	help	220081	3.442	3	3	-0.198
2169	noble	146938	2.298	2	2	-0.2
2170	became	73544	1.15	1	1	-0.202
2171	Wealth	73703	1.153	1	1	-0.205
2172	Albeit	73943	1.156	1	1	-0.21
2173	see	961542	15.036	13	13	-0.21
2174	during	74035	1.158	1	1	-0.211
2175	court	223217	3.491	3	3	-0.219
2176	let	968524	15.146	13	9	-0.22
2177	quite	74671	1.168	1	1	-0.224
2178	honour	374182	5.851	5	5	-0.227
2179	Servants	149996	2.346	2	2	-0.23
2180	placed	75106	1.175	1	1	-0.232
2181	Multitude	75242	1.177	1	1	-0.235
2182	expressed	75252	1.177	1	1	-0.235
2183	quality	75538	1.181	1	1	-0.24
2184	Ages	75749	1.185	1	1	-0.244
2185	another	682313	10.67	9	8	-0.246
2186	7.	151741	2.373	2	2	-0.247
2187	20.	75893	1.187	1	1	-0.247
2188	short	151930	2.376	2	2	-0.248
2189	wisdom	228022	3.566	3	1	-0.249
2190	always	304181	4.757	4	4	-0.25
2191	behold	152112	2.379	2	2	-0.25
2192	says	304429	4.761	4	4	-0.251
2193	figure	76261	1.193	1	1	-0.254
2194	often	229358	3.587	3	3	-0.258
2195	Prince	306162	4.788	4	3	-0.259
2196	speaks	153099	2.394	2	2	-0.259
2197	formerly	76730	1.2	1	1	-0.263
2198	wish	76763	1.2	1	1	-0.264
2199	relation	77150	1.207	1	1	-0.271
2200	besides	231481	3.62	3	3	-0.271
2201	five	154870	2.422	2	2	-0.276
2202	15	154905	2.422	2	2	-0.276
2203	justly	77751	1.216	1	1	-0.282
2204	prepared	77762	1.216	1	1	-0.282
2205	sea	233892	3.658	3	3	-0.286
2206	more	2262327	35.378	29	23	-0.287
2207	Root	78309	1.225	1	1	-0.292
2208	Well	1096551	17.148	14	9	-0.293
2209	Peter	156920	2.454	2	2	-0.295
2210	cruel	78662	1.23	1	1	-0.299
2211	self	948089	14.826	12	8	-0.305
2212	Vain	158202	2.474	2	2	-0.307
2213	sleep	79160	1.238	1	1	-0.308
2214	dry	79186	1.238	1	1	-0.308
2215	Christs	158654	2.481	2	2	-0.311
2216	then	2700348	42.228	34	25	-0.313
2217	was	5179337	80.994	65	46	-0.317
2218	followed	79683	1.246	1	1	-0.317
2219	what	2320680	36.29	29	20	-0.324
2220	Yea	321813	5.032	4	4	-0.331
2221	do	2417629	37.806	30	26	-0.334
2222	sinners	80649	1.261	1	1	-0.335
2223	live	322774	5.048	4	3	-0.336
2224	generally	80754	1.263	1	1	-0.337
2225	Mere	80762	1.263	1	1	-0.337
2226	wonder	81268	1.271	1	1	-0.346
2227	at	3182175	49.762	39	31	-0.352
2228	added	81800	1.279	1	1	-0.355
2229	told	164509	2.573	2	2	-0.363
2230	Religious	82272	1.287	1	1	-0.364
2231	if	3293480	51.503	40	33	-0.365
2232	particular	248725	3.89	3	3	-0.375
2233	different	82962	1.297	1	1	-0.376
2234	must	1333555	20.854	16	15	-0.382
2235	lead	83367	1.304	1	1	-0.383
2236	acknowledge	83501	1.306	1	1	-0.385
2237	as	9292085	145.308	111	53	-0.389
2238	same	1256120	19.643	15	8	-0.389
2239	divided	84122	1.316	1	1	-0.396
2240	ordained	84488	1.321	1	1	-0.402
2241	chosen	84591	1.323	1	1	-0.404
2242	5	338721	5.297	4	3	-0.405
2243	gifts	84700	1.325	1	1	-0.405
2244	precious	85205	1.332	1	1	-0.414
2245	yield	85483	1.337	1	1	-0.419
2246	deal	85541	1.338	1	1	-0.42
2247	all	5908829	92.401	69	46	-0.421
2248	Officers	85656	1.34	1	1	-0.422
2249	obey	85680	1.34	1	1	-0.422
2250	Parents	86126	1.347	1	1	-0.43
2251	enjoy	86143	1.347	1	1	-0.43
2252	close	86281	1.349	1	1	-0.432
2253	Family	86324	1.35	1	1	-0.433
2254	might	949632	14.85	11	11	-0.433
2255	never	778679	12.177	9	8	-0.436
2256	Fault	86579	1.354	1	1	-0.437
2257	Righteous	86685	1.356	1	1	-0.439
2258	table	86761	1.357	1	1	-0.44
2259	named	86879	1.359	1	1	-0.442
2260	sight	174034	2.722	2	2	-0.444
2261	former	261116	4.083	3	3	-0.445
2262	to	27864128	435.734	320	137	-0.445
2263	ready	174387	2.727	2	2	-0.447
2264	Show	349122	5.46	4	4	-0.449
2265	hour	87383	1.367	1	1	-0.45
2266	believed	87994	1.376	1	1	-0.46
2267	every	1057014	16.529	12	8	-0.462
2268	Thought	352735	5.516	4	4	-0.464
2269	terms	88303	1.381	1	1	-0.466
2270	2	973176	15.218	11	8	-0.468
2271	may	2661871	41.626	30	25	-0.473
2272	Captain	88772	1.388	1	1	-0.473
2273	ill	177562	2.777	2	2	-0.473
2274	because	1157094	18.094	13	12	-0.477
2275	fall	267911	4.19	3	3	-0.482
2276	therein	178975	2.799	2	2	-0.485
2277	practice	89548	1.4	1	1	-0.486
2278	wrought	89617	1.401	1	1	-0.487
2279	man	1972758	30.85	22	19	-0.488
2280	forced	89873	1.405	1	1	-0.491
2281	can	1982819	31.007	22	21	-0.495
2282	sayeth	633645	9.909	7	7	-0.501
2283	face	181454	2.838	2	2	-0.505
2284	remain	90767	1.419	1	1	-0.505
2285	Over	545201	8.526	6	6	-0.507
2286	beginning	182083	2.847	2	2	-0.51
2287	hear	273421	4.276	3	3	-0.511
2288	easy	91240	1.427	1	1	-0.513
2289	Guilty	91473	1.43	1	1	-0.516
2290	honourable	91740	1.435	1	1	-0.521
2291	stay	91988	1.439	1	1	-0.525
2292	know	736780	11.522	8	8	-0.526
2293	began	184715	2.889	2	2	-0.53
2294	those	1667771	26.08	18	16	-0.535
2295	Want	185706	2.904	2	1	-0.538
2296	not	8929558	139.639	96	61	-0.541
2297	heads	93035	1.455	1	1	-0.541
2298	written	186305	2.913	2	2	-0.543
2299	sentence	93324	1.459	1	1	-0.545
2300	Reader	93498	1.462	1	1	-0.548
2301	Spirit	654859	10.241	7	2	-0.549
2302	riches	93796	1.467	1	1	-0.553
2303	than	940786	14.712	10	8	-0.557
2304	so	5366625	83.922	57	39	-0.558
2305	ones	94155	1.472	1	1	-0.558
2306	marriage	94195	1.473	1	1	-0.559
2307	advantage	94526	1.478	1	1	-0.564
2308	find	472931	7.396	5	5	-0.565
2309	Sacred	94725	1.481	1	1	-0.567
2310	Did	1515759	23.703	16	14	-0.567
2311	eyes	285959	4.472	3	2	-0.576
2312	came	478712	7.486	5	5	-0.582
2313	delight	95852	1.499	1	1	-0.584
2314	I.	191916	3.001	2	1	-0.585
2315	gives	192161	3.005	2	2	-0.587
2316	Righteousness	192253	3.006	2	2	-0.588
2317	here	866663	13.553	9	9	-0.591
2318	:	8018849	125.397	83	66	-0.595
2319	M.	193517	3.026	2	1	-0.598
2320	speaking	96859	1.515	1	1	-0.599
2321	liberty	193859	3.032	2	2	-0.6
2322	resolved	96934	1.516	1	1	-0.6
2323	begin	97196	1.52	1	1	-0.604
2324	making	195439	3.056	2	2	-0.612
2325	withal	98276	1.537	1	1	-0.62
2326	should	1871070	29.259	19	16	-0.623
2327	affairs	98583	1.542	1	1	-0.624
2328	brought	394377	6.167	4	4	-0.625
2329	C.	296045	4.63	3	3	-0.626
2330	by	7416468	115.977	75	40	-0.629
2331	14.	99060	1.549	1	1	-0.631
2332	been	1095200	17.127	11	10	-0.639
2333	few	199429	3.119	2	2	-0.641
2334	perhaps	99958	1.563	1	1	-0.644
2335	raised	100276	1.568	1	1	-0.649
2336	William	100370	1.57	1	1	-0.65
2337	stood	100471	1.571	1	1	-0.652
2338	Thomas	100867	1.577	1	1	-0.657
2339	they	6960305	108.844	69	42	-0.658
2340	S.	403850	6.315	4	4	-0.659
2341	darkness	101306	1.584	1	1	-0.664
2342	Churches	202693	3.17	2	2	-0.664
2343	&	2737777	42.813	27	15	-0.665
2344	catholic	101512	1.587	1	1	-0.667
2345	content	101607	1.589	1	1	-0.668
2346	lest	101960	1.594	1	1	-0.673
2347	would	1733888	27.114	17	17	-0.674
2348	exercise	102303	1.6	1	1	-0.678
2349	testimony	102732	1.607	1	1	-0.684
2350	worship	206782	3.234	2	2	-0.693
2351	bring	310345	4.853	3	3	-0.694
2352	John	415725	6.501	4	4	-0.701
2353	Consider	208021	3.253	2	2	-0.702
2354	learn	104113	1.628	1	1	-0.703
2355	immediately	104214	1.63	1	1	-0.705
2356	h.	104565	1.635	1	1	-0.709
2357	longer	105304	1.647	1	1	-0.72
2358	account	211262	3.304	2	2	-0.724
2359	follow	211834	3.313	2	2	-0.728
2360	22	105972	1.657	1	1	-0.729
2361	from	3924250	61.367	37	28	-0.73
2362	3.	318523	4.981	3	2	-0.731
2363	declared	106222	1.661	1	1	-0.732
2364	21	106558	1.666	1	1	-0.737
2365	down	533657	8.345	5	5	-0.739
2366	13.	106799	1.67	1	1	-0.74
2367	mighty	107406	1.68	1	1	-0.748
2368	act	322490	5.043	3	3	-0.749
2369	Sound	107925	1.688	1	1	-0.755
2370	public	215912	3.376	2	2	-0.755
2371	in	20011385	312.934	185	90	-0.758
2372	secret	108173	1.692	1	1	-0.758
2373	Jerusalem	108264	1.693	1	1	-0.76
2374	sure	217623	3.403	2	2	-0.767
2375	especially	220705	3.451	2	2	-0.787
2376	Henry	110662	1.731	1	1	-0.791
2377	le	110821	1.733	1	1	-0.793
2378	walk	111166	1.738	1	1	-0.798
2379	ut	222815	3.484	2	1	-0.801
2380	heart	559805	8.754	5	3	-0.808
2381	equal	111972	1.751	1	1	-0.808
2382	note	111981	1.751	1	1	-0.808
2383	he	9215356	144.108	82	58	-0.813
2384	earth	451529	7.061	4	4	-0.82
2385	such	2262212	35.376	20	19	-0.823
2386	take	907131	14.186	8	8	-0.826
2387	offered	113433	1.774	1	1	-0.827
2388	sometimes	226924	3.549	2	2	-0.827
2389	Fourth	113523	1.775	1	1	-0.828
2390	wrath	113648	1.777	1	1	-0.83
2391	Letters	113754	1.779	1	1	-0.831
2392	houses	114523	1.791	1	1	-0.841
2393	made	1503973	23.519	13	9	-0.855
2394	River	115702	1.809	1	1	-0.855
2395	parts	350458	5.48	3	3	-0.869
2396	length	117029	1.83	1	1	-0.872
2397	year	352165	5.507	3	3	-0.876
2398	stand	235721	3.686	2	2	-0.882
2399	ye	825703	12.912	7	6	-0.883
2400	Gen.	118079	1.847	1	1	-0.885
2401	follows	118360	1.851	1	1	-0.888
2402	repentance	118567	1.854	1	1	-0.891
2403	love	838220	13.108	7	7	-0.905
2404	Names	120160	1.879	1	1	-0.91
2405	send	120341	1.882	1	1	-0.912
2406	wise	241600	3.778	2	2	-0.918
2407	1	1451762	22.702	12	8	-0.92
2408	believe	363239	5.68	3	3	-0.921
2409	Pray	242183	3.787	2	2	-0.921
2410	right	484646	7.579	4	4	-0.922
2411	his	9217642	144.144	76	56	-0.923
2412	took	243304	3.805	2	2	-0.928
2413	Civil	121918	1.907	1	1	-0.931
2414	through	491298	7.683	4	4	-0.942
2415	peace	369451	5.777	3	3	-0.945
2416	reasons	123167	1.926	1	1	-0.946
2417	4.	246979	3.862	2	2	-0.949
2418	text	124188	1.942	1	1	-0.958
2419	Except	124877	1.953	1	1	-0.966
2420	according	502781	7.862	4	2	-0.975
2421	second	377815	5.908	3	3	-0.978
2422	their	5435041	84.992	43	32	-0.983
2423	four	252980	3.956	2	2	-0.984
2424	confess	127821	1.999	1	1	-0.999
2425	B.	127907	2	1	1	-1
2426	business	128020	2.002	1	1	-1.001
2427	doing	129395	2.024	1	1	-1.017
2428	pleased	129448	2.024	1	1	-1.017
2429	dead	259219	4.054	2	2	-1.019
2430	18	129797	2.03	1	1	-1.021
2431	ever	652700	10.207	5	5	-1.03
2432	seed	130549	2.042	1	1	-1.03
2433	laws	264682	4.139	2	2	-1.049
2434	leave	264688	4.139	2	2	-1.049
2435	first	1465032	22.91	11	10	-1.058
2436	world	932868	14.588	7	5	-1.059
2437	please	133516	2.088	1	1	-1.062
2438	save	133689	2.091	1	1	-1.064
2439	Discourse	134050	2.096	1	1	-1.068
2440	10.	134546	2.104	1	1	-1.073
2441	Letter	134624	2.105	1	1	-1.074
2442	could	808277	12.64	6	6	-1.075
2443	White	134914	2.11	1	1	-1.077
2444	Fear	406154	6.351	3	3	-1.082
2445	Cross	135455	2.118	1	1	-1.083
2446	dare	135920	2.126	1	1	-1.088
2447	mind	407887	6.379	3	3	-1.088
2448	read	271950	4.253	2	2	-1.088
2449	Argument	136912	2.141	1	1	-1.098
2450	forth	410791	6.424	3	3	-1.098
2451	Large	136943	2.142	1	1	-1.099
2452	part	827721	12.944	6	5	-1.109
2453	six	138046	2.159	1	1	-1.11
2454	lawful	138238	2.162	1	1	-1.112
2455	Friend	138523	2.166	1	1	-1.115
2456	used	278736	4.359	2	2	-1.124
2457	high	281250	4.398	2	1	-1.137
2458	clear	141407	2.211	1	1	-1.145
2459	Angels	142073	2.222	1	1	-1.152
2460	appears	142173	2.223	1	1	-1.153
2461	left	284479	4.449	2	2	-1.153
2462	die	284558	4.45	2	2	-1.154
2463	3	571164	8.932	4	4	-1.159
2464	sense	285637	4.467	2	2	-1.159
2465	were	2871299	44.901	20	17	-1.167
2466	Air	144042	2.253	1	1	-1.172
2467	home	144093	2.253	1	1	-1.172
2468	much	1448309	22.648	10	9	-1.179
2469	whether	435425	6.809	3	3	-1.183
2470	eat	145185	2.27	1	1	-1.183
2471	foot	146629	2.293	1	1	-1.197
2472	Afterwards	146805	2.296	1	1	-1.199
2473	P.	440626	6.89	3	3	-1.2
2474	Spirits	147223	2.302	1	1	-1.203
2475	Child	148012	2.315	1	1	-1.211
2476	together	444738	6.955	3	3	-1.213
2477	notwithstanding	148685	2.325	1	1	-1.217
2478	D.	149564	2.339	1	1	-1.226
2479	labour	151222	2.365	1	1	-1.242
2480	way	756236	11.826	5	5	-1.242
2481	Christian	303553	4.747	2	2	-1.247
2482	easily	151870	2.375	1	1	-1.248
2483	put	607656	9.502	4	4	-1.248
2484	gold	152169	2.38	1	1	-1.251
2485	themselves	761621	11.91	5	5	-1.252
2486	Moses	152440	2.384	1	1	-1.253
2487	A.	153020	2.393	1	1	-1.259
2488	it	11231693	175.639	73	39	-1.267
2489	kind	310094	4.849	2	2	-1.278
2490	sweet	155475	2.431	1	1	-1.282
2491	sufficient	156507	2.447	1	1	-1.291
2492	into	1727535	27.015	11	11	-1.296
2493	Office	157520	2.463	1	1	-1.301
2494	Nay	158341	2.476	1	1	-1.308
2495	faithful	159195	2.49	1	1	-1.316
2496	most	1280269	20.021	8	8	-1.323
2497	Secondly	160056	2.503	1	1	-1.324
2498	enemy	162072	2.535	1	1	-1.342
2499	14	162434	2.54	1	1	-1.345
2500	proper	163180	2.552	1	1	-1.352
2501	se	163405	2.555	1	1	-1.353
2502	seek	163878	2.563	1	1	-1.358
2503	its	492268	7.698	3	3	-1.36
2504	due	164838	2.578	1	1	-1.366
2505	question	167153	2.614	1	1	-1.386
2506	comfort	167468	2.619	1	1	-1.389
2507	best	335557	5.247	2	2	-1.392
2508	example	169196	2.646	1	1	-1.404
2509	whatsoever	170245	2.662	1	1	-1.413
2510	Ministers	171247	2.678	1	1	-1.421
2511	form	173701	2.716	1	1	-1.442
2512	sent	348162	5.445	2	2	-1.445
2513	any	2444028	38.219	14	14	-1.449
2514	therefore	1231317	19.255	7	5	-1.46
2515	English	176398	2.759	1	1	-1.464
2516	11	177974	2.783	1	1	-1.477
2517	whole	534092	8.352	3	1	-1.477
2518	seems	178155	2.786	1	1	-1.478
2519	joy	178769	2.796	1	1	-1.483
2520	evil	357919	5.597	2	2	-1.485
2521	2.	358494	5.606	2	1	-1.487
2522	own	1256418	19.648	7	6	-1.489
2523	th	180132	2.817	1	1	-1.494
2524	kept	180349	2.82	1	1	-1.496
2525	Acts	180390	2.821	1	1	-1.496
2526	half	181109	2.832	1	1	-1.502
2527	say	1089806	17.042	6	6	-1.506
2528	after	1272516	19.899	7	7	-1.507
2529	strong	182777	2.858	1	1	-1.515
2530	Wherefore	183911	2.876	1	1	-1.524
2531	some	1845849	28.865	10	9	-1.529
2532	soul	555660	8.689	3	3	-1.534
2533	certain	370843	5.799	2	2	-1.536
2534	him	4270811	66.786	23	15	-1.538
2535	Duke	187759	2.936	1	1	-1.554
2536	friends	189996	2.971	1	1	-1.571
2537	end	571167	8.932	3	3	-1.574
2538	alone	190842	2.984	1	1	-1.577
2539	learned	191725	2.998	1	1	-1.584
2540	6.	191822	3	1	1	-1.585
2541	Only	1544540	24.153	8	8	-1.594
2542	eternal	195016	3.05	1	1	-1.609
2543	cause	585252	9.152	3	3	-1.609
2544	12	195478	3.057	1	1	-1.612
2545	St.	195546	3.058	1	1	-1.613
2546	bear	196568	3.074	1	1	-1.62
2547	Jews	197436	3.088	1	1	-1.626
2548	means	397591	6.218	2	2	-1.636
2549	done	601055	9.399	3	3	-1.648
2550	age	202681	3.17	1	1	-1.664
2551	Cor.	203716	3.186	1	1	-1.672
2552	men	1835942	28.71	9	9	-1.674
2553	subject	206440	3.228	1	1	-1.691
2554	Lord	1459090	22.817	7	7	-1.705
2555	God	4174430	65.279	20	16	-1.707
2556	appear	209107	3.27	1	1	-1.709
2557	divers	210634	3.294	1	1	-1.72
2558	hundred	212307	3.32	1	1	-1.731
2559	work	425644	6.656	2	2	-1.735
2560	Gods	640962	10.023	3	2	-1.74
2561	himself	1068396	16.707	5	5	-1.74
2562	fathers	213875	3.345	1	1	-1.742
2563	prayer	214365	3.352	1	1	-1.745
2564	day	864384	13.517	4	4	-1.757
2565	Apostles	218745	3.421	1	1	-1.774
2566	Christians	219658	3.435	1	1	-1.78
2567	about	661900	10.351	3	3	-1.787
2568	people	885047	13.84	4	4	-1.791
2569	reason	664880	10.397	3	3	-1.793
2570	others	665440	10.406	3	3	-1.794
2571	better	443737	6.939	2	2	-1.795
2572	service	222275	3.476	1	1	-1.797
2573	otherwise	223302	3.492	1	1	-1.804
2574	care	224334	3.508	1	1	-1.811
2575	heard	225126	3.521	1	1	-1.816
2576	Government	226390	3.54	1	1	-1.824
2577	Council	228985	3.581	1	1	-1.84
2578	good	1608969	25.161	7	6	-1.846
2579	seeing	231216	3.616	1	1	-1.854
2580	them	4855982	75.937	21	19	-1.854
2581	holy	701649	10.972	3	3	-1.871
2582	pass	235903	3.689	1	1	-1.883
2583	death	707920	11.07	3	2	-1.884
2584	before	1422340	22.242	6	6	-1.89
2585	body	712249	11.138	3	3	-1.892
2586	conscience	238823	3.735	1	1	-1.901
2587	lay	238823	3.735	1	1	-1.901
2588	Virtue	240899	3.767	1	1	-1.913
2589	Justice	242072	3.786	1	1	-1.92
2590	souls	242572	3.793	1	1	-1.923
2591	War	243324	3.805	1	1	-1.928
2592	hold	243646	3.81	1	1	-1.93
2593	mean	244094	3.817	1	1	-1.932
2594	given	491070	7.679	2	2	-1.941
2595	natural	246892	3.861	1	1	-1.949
2596	towards	247540	3.871	1	1	-1.953
2597	Heaven	503504	7.874	2	2	-1.977
2598	each	252025	3.941	1	1	-1.979
2599	enemies	253975	3.972	1	1	-1.99
2600	receive	254239	3.976	1	1	-1.991
2601	our	3333885	52.135	13	9	-2.004
2602	we	4105074	64.194	16	14	-2.004
2603	truth	521766	8.159	2	2	-2.028
2604	other	2103223	32.89	8	7	-2.04
2605	next	271507	4.246	1	1	-2.086
2606	things	1357990	21.236	5	5	-2.087
2607	Mr.	271819	4.251	1	1	-2.088
2608	Able	271961	4.253	1	1	-2.088
2609	father	550491	8.609	2	2	-2.106
2610	either	552589	8.641	2	2	-2.111
2611	us	2216337	34.659	8	7	-2.115
2612	just	281045	4.395	1	1	-2.136
2613	greater	281340	4.4	1	1	-2.137
2614	else	281410	4.401	1	1	-2.138
2615	time	1426900	22.314	5	5	-2.158
2616	Gospel	291769	4.563	1	1	-2.19
2617	contrary	291963	4.566	1	1	-2.191
2618	hope	292642	4.576	1	1	-2.194
2619	use	603174	9.432	2	1	-2.238
2620	nature	607747	9.504	2	2	-2.249
2621	6	304045	4.755	1	1	-2.249
2622	several	304872	4.768	1	1	-2.253
2623	places	305157	4.772	1	1	-2.255
2624	desire	306364	4.791	1	1	-2.26
2625	land	307074	4.802	1	1	-2.264
2626	L.	308378	4.822	1	1	-2.27
2627	England	309285	4.837	1	1	-2.274
2628	Christ	1858951	29.07	6	6	-2.276
2629	unto	1880305	29.404	6	6	-2.293
2630	works	315242	4.93	1	1	-2.301
2631	least	319491	4.996	1	1	-2.321
2632	hands	327530	5.122	1	1	-2.357
2633	state	329799	5.157	1	1	-2.367
2634	general	331599	5.186	1	1	-2.374
2635	ad	336628	5.264	1	1	-2.396
2636	less	337828	5.283	1	1	-2.401
2637	under	696455	10.891	2	2	-2.445
2638	within	355110	5.553	1	1	-2.473
2639	Law	712338	11.139	2	2	-2.478
2640	sins	361871	5.659	1	1	-2.501
2641	Answer	362673	5.671	1	1	-2.504
2642	without	1089706	17.041	3	3	-2.506
2643	person	366738	5.735	1	1	-2.52
2644	glory	384462	6.012	1	1	-2.588
2645	persons	384539	6.013	1	1	-2.588
2646	Kingdom	388117	6.069	1	1	-2.602
2647	days	393520	6.154	1	1	-2.621
2648	times	394191	6.164	1	1	-2.624
2649	rest	396125	6.195	1	1	-2.631
2650	Jesus	399809	6.252	1	1	-2.644
2651	Religion	406309	6.354	1	1	-2.668
2652	innon-Latinalphabet	427513	6.685	1	1	-2.741
2653	new	447014	6.99	1	1	-2.805
2654	thereof	458302	7.167	1	1	-2.841
2655	Life	948809	14.837	2	2	-2.891
2656	three	474878	7.426	1	1	-2.893
2657	taken	481305	7.527	1	1	-2.912
2658	Faith	762492	11.924	1	1	-3.576
2659	place	808630	12.645	1	1	-3.661
2660	thing	892670	13.959	1	1	-3.803
2661	King	1308410	20.461	1	1	-4.355
2662	Slyvebley	1	0	1	1	n/a
2663	with-Babels	1	0	1	1	n/a
2664	HouseCome	2	0	1	1	n/a
2665	Gameing-house	3	0	1	1	n/a
2666	Sdomits.	1	0	1	1	n/a
2667	AhAaGood	1	0	1	1	n/a
2668	Alpasia	3	0	1	1	n/a
2669	Shiftwels	3	0	3	1	n/a
2670	Quaerante	1	0	1	1	n/a
2671	Errant-ys	1	0	1	1	n/a
2672	Fuister	3	0	1	1	n/a
2673	Neaplan	1	0	1	1	n/a
2674	Sebathis	1	0	1	1	n/a
2675	upsey	1	0	1	1	n/a
2676	Presidentess	3	0	1	1	n/a
2677	Bawde	2	0	1	1	n/a
2678	mongens	1	0	1	1	n/a
2679	13e	1	0	1	1	n/a
2680	husbend	2	0	1	1	n/a
2681	ulcering	3	0	1	1	n/a
2682	whoremaster.	1	0	1	1	n/a
2683	Squab-skipper	1	0	1	1	n/a
2684	Gospetto	1	0	1	1	n/a
2685	Dischalers	2	0	1	1	n/a
2686	Neplitan	1	0	1	1	n/a
2687	Tangraean	1	0	1	1	n/a
2688	instead-Wife	1	0	1	1	n/a
2689	blessns	1	0	1	1	n/a
2690	Suttling	1	0	1	1	n/a
2691	inhatitant	1	0	1	1	n/a
2692	Athlumny	1	0	1	1	n/a
2693	slattries	1	0	1	1	n/a
2694	brothero're-came	1	0	1	1	n/a
2695	Madiction	1	0	1	1	n/a
2696	Lay-Lecher	1	0	1	1	n/a
2697	spokes-woman	3	0	1	1	n/a
2698	Nnrse	1	0	1	1	n/a
2699	fardal	2	0	1	1	n/a
2700	avanut	1	0	1	1	n/a
2701	Squab-skipers	1	0	1	1	n/a
2702	Childerle	1	0	1	1	n/a
2703	plangy	1	0	1	1	n/a
2704	Gerariae.	1	0	1	1	n/a
2705	Whoremonger.	3	0	1	1	n/a
2706	handsommess	1	0	1	1	n/a
2707	riand	2	0	1	1	n/a
2708	perephan	3	0	1	1	n/a
2709	Similc	1	0	1	1	n/a
2710	garden-groves	1	0	1	1	n/a
2711	Killsalghan	1	0	1	1	n/a
2712	Wicleffus	3	0	1	1	n/a
2713	mnmers	1	0	1	1	n/a
2714	BothHui	1	0	1	1	n/a
2715	Scatlet	3	0	1	1	n/a
2716	Neaplin	1	0	1	1	n/a
2717	Bryanum	1	0	1	1	n/a
2718	bragmardising	3	0	1	1	n/a
