https://cqpweb.lancs.ac.uk/eebov3/concordance.php?pp=1&theData=%7Bwhore%2FN%7D&qmode=sq_nocase&del=begin%26t%3D-%7Cyear%7E1663%26t%3D-%7Cyear%7E1664%26t%3D-%7Cyear%7E1665%26t%3D-%7Cyear%7E1666%26t%3D-%7Cyear%7E1667%26t%3D-%7Cyear%7E1668%26t%3D-%7Cyear%7E1669%26t%3D-%7Cyear%7E1670%26t%3D-%7Cyear%7E1671%26t%3D-%7Cyear%7E1672&del=end&uT=yThere are 2,607 different words in your collocation database for "[lemma="(whore)_SUBST"%c]". (Your query "{whore/N}", restricted to texts meeting criteria "<em>year</em>: <em>1663</em> or <em>1664</em> or <em>1665</em> or <em>1666</em> or <em>1667</em> or <em>1668</em> or <em>1669</em> or <em>1670</em> or <em>1671</em> or <em>1672</em>",  returned 1,872 matches in 396 different texts)  
__________________

No.	Word	Total no. in whole corpus	Expected collocate frequency	Observed collocate frequency	In no. of texts	Mutual information value

1	plundra	9	0	2	1	14.288
2	Nepolitan	9	0	1	1	13.288
3	Oppressious	4	0	1	1	13.288
4	scariet	7	0	1	1	13.288
5	Idoltries	4	0	1	1	13.288
6	Romesh	5	0	1	1	13.288
7	Zoun	9	0	1	1	13.288
8	Theodata	7	0	1	1	13.288
9	Chatolins	4	0	1	1	13.288
10	approueing	5	0	1	1	13.288
11	Menetus	9	0	1	1	13.288
12	Cyrcaean	6	0	1	1	13.288
13	zong	7	0	1	1	13.288
14	bougra	6	0	1	1	13.288
15	Joint-Exposition.	6	0	1	1	13.288
16	Brigidaccia	5	0	1	1	13.288
17	Inch-meal	7	0	1	1	13.288
18	Chequer-wise	5	0	1	1	13.288
19	Love-struck	7	0	1	1	13.288
20	Glucupicron	4	0	1	1	13.288
21	twohorned	5	0	1	1	13.288
22	Dawbourne	6	0	1	1	13.288
23	Iuggles	6	0	1	1	13.288
24	forsibly	5	0	1	1	13.288
25	Cacque	10	0	2	1	13.288
26	affrontednesse	6	0	1	1	13.288
27	ulgarly	6	0	1	1	13.288
28	drugg	7	0	1	1	13.288
29	won'	5	0	1	1	13.288
30	whore-like	5	0	1	1	13.288
31	Isochronal	5	0	1	1	13.288
32	Tanager	8	0	1	1	13.288
33	cross-bit	8	0	1	1	13.288
34	Idolatrousness	5	0	1	1	13.288
35	discvered	4	0	1	1	13.288
36	Two-horned	340	0.005	50	2	13.204
37	ferk	19	0	2	2	12.703
38	Srumpet	12	0	1	1	12.288
39	Art-full	15	0	1	1	12.288
40	nvail	12	0	1	1	12.288
41	fair-tongu	14	0	1	1	12.288
42	remorslessly	10	0	1	1	12.288
43	aominable	12	0	1	1	12.288
44	two-horn	15	0	1	1	12.288
45	dres't	10	0	1	1	12.288
46	pemit	10	0	1	1	12.288
47	Poorman	16	0	1	1	12.288
48	velcome	11	0	1	1	12.288
49	Cloantus	15	0	1	1	12.288
50	Unton	25	0	2	1	12.288
51	Bbylon	27	0	2	2	12.288
52	North-windes	11	0	1	1	12.288
53	sorehead	11	0	1	1	12.288
54	Allegians	12	0	1	1	12.288
55	Virgin-Company	34	0.001	2	1	11.966
56	abominabel	19	0	1	1	11.703
57	forchead	21	0	1	1	11.703
58	Pru.	22	0	1	1	11.703
59	'im	20	0	1	1	11.703
60	Commedian	17	0	1	1	11.703
61	Rossana	19	0	1	1	11.703
62	pouted	18	0	1	1	11.703
63	murderes	17	0	1	1	11.703
64	Whurl	22	0	1	1	11.703
65	Pursuvants	19	0	1	1	11.703
66	Abrahall	21	0	1	1	11.703
67	Seven-hill	17	0	1	1	11.703
68	refusedst	68	0.001	3	3	11.413
69	Bastard-children	26	0	1	1	11.288
70	Toldo	25	0	1	1	11.288
71	sectarius	27	0	1	1	11.288
72	Kecka	25	0	1	1	11.288
73	Whoredom.	28	0	1	1	11.288
74	Andrian	23	0	1	1	11.288
75	Seven-Hilled	26	0	1	1	11.288
76	Sheese	25	0	1	1	11.288
77	betra	23	0	1	1	11.288
78	Joint-Exposition	28	0	1	1	11.288
79	Calk	55	0.001	2	2	11.118
80	Mahoone	59	0.001	2	1	11.118
81	whore-monger	60	0.001	2	2	11.118
82	Bacchis	150	0.002	5	1	11.086
83	Splendora	33	0.001	1	1	10.966
84	gaudery	31	0.001	1	1	10.966
85	backslided	30	0.001	1	1	10.966
86	forcerers	35	0.001	1	1	10.966
87	Shroftide	30	0.001	1	1	10.966
88	Prue	67	0.001	2	1	10.966
89	ulled	30	0.001	1	1	10.966
90	afair	34	0.001	1	1	10.966
91	Cowherds	29	0.001	1	1	10.966
92	latry	29	0.001	1	1	10.966
93	Mps	35	0.001	1	1	10.966
94	Stoakes	32	0.001	1	1	10.966
95	Decker	105	0.002	3	1	10.873
96	Synchronal	104	0.002	3	1	10.873
97	Antiphila	70	0.001	2	1	10.828
98	phansying	37	0.001	1	1	10.703
99	Reveren	40	0.001	1	1	10.703
100	56.9	39	0.001	1	1	10.703
101	Trimwel	41	0.001	1	1	10.703
102	Scre	40	0.001	1	1	10.703
103	broadness	36	0.001	1	1	10.703
104	Scarlet-coloured	125	0.002	3	3	10.625
105	Quarante	82	0.001	2	1	10.587
106	co-mixed	46	0.001	1	1	10.48
107	fornicating	88	0.001	2	2	10.48
108	Capreas	47	0.001	1	1	10.48
109	Squirril	44	0.001	1	1	10.48
110	Super-annuated	42	0.001	1	1	10.48
111	debaucher	47	0.001	1	1	10.48
112	itteth	46	0.001	1	1	10.48
113	Metres	97	0.002	2	1	10.381
114	whore-houses	54	0.001	1	1	10.288
115	Idolatress	51	0.001	1	1	10.288
116	Whetston	58	0.001	1	1	10.118
117	stageplayes	60	0.001	1	1	10.118
118	Solomen	58	0.001	1	1	10.118
119	Bertol	60	0.001	1	1	10.118
120	Tatlers	124	0.002	2	2	10.04
121	Erycine	63	0.001	1	1	9.966
122	Philotis	62	0.001	1	1	9.966
123	Barnewall	62	0.001	1	1	9.966
124	Butes	63	0.001	1	1	9.966
125	Bestrides	64	0.001	1	1	9.966
126	profaneth	62	0.001	1	1	9.966
127	Pandors	62	0.001	1	1	9.966
128	Clerkenwell	136	0.002	2	2	9.895
129	Drow	137	0.002	2	1	9.895
130	Begar	680	0.011	10	3	9.882
131	mongers	208	0.003	3	3	9.873
132	Glycerie	72	0.001	1	1	9.828
133	bng	72	0.001	1	1	9.828
134	Lopus	68	0.001	1	1	9.828
135	scrat	72	0.001	1	1	9.828
136	Ten-horned	225	0.004	3	2	9.743
137	wine-bibbers	76	0.001	1	1	9.703
138	Dowdall	74	0.001	1	1	9.703
139	whordoms	78	0.001	1	1	9.703
140	Love-all	78	0.001	1	1	9.703
141	Polices	84	0.001	1	1	9.587
142	onother	85	0.001	1	1	9.587
143	gits	81	0.001	1	1	9.587
144	devell	85	0.001	1	1	9.587
145	commiteth	93	0.001	1	1	9.48
146	23.18.	91	0.001	1	1	9.48
147	Serul	91	0.001	1	1	9.48
148	Bloomsbury	93	0.001	1	1	9.48
149	whored	180	0.003	2	2	9.48
150	fuddle	95	0.002	1	1	9.381
151	Man-slayers	98	0.002	1	1	9.381
152	Old-man	388	0.006	4	1	9.381
153	Pierian	94	0.002	1	1	9.381
154	Lucetta	97	0.002	1	1	9.381
155	arrantest	101	0.002	1	1	9.288
156	frisks	103	0.002	1	1	9.288
157	Togata	104	0.002	1	1	9.288
158	Isicles	103	0.002	1	1	9.288
159	Clinia	104	0.002	1	1	9.288
160	shild	103	0.002	1	1	9.288
161	t'enrich	102	0.002	1	1	9.288
162	good-wife	111	0.002	1	1	9.2
163	Josephum	111	0.002	1	1	9.2
164	Clitipho	108	0.002	1	1	9.2
165	seteth	107	0.002	1	1	9.2
166	cele	113	0.002	1	1	9.118
167	Pursivants	117	0.002	1	1	9.118
168	appe	115	0.002	1	1	9.118
169	Boons	125	0.002	1	1	9.04
170	synchronize	126	0.002	1	1	8.966
171	veryest	128	0.002	1	1	8.966
172	17.16.	255	0.004	2	1	8.966
173	Babilons	136	0.002	1	1	8.895
174	flaps	135	0.002	1	1	8.895
175	12.17.	275	0.004	2	2	8.861
176	643.	143	0.002	1	1	8.828
177	whore-mongers	142	0.002	1	1	8.828
178	her-self	140	0.002	1	1	8.828
179	Caca	149	0.002	1	1	8.764
180	countenanceth	145	0.002	1	1	8.764
181	Pursivant	146	0.002	1	1	8.764
182	Seae	149	0.002	1	1	8.764
183	Pocky	594	0.009	4	4	8.764
184	Desdemona	147	0.002	1	1	8.764
185	17.16	459	0.007	3	3	8.723
186	chan	152	0.002	1	1	8.703
187	Carlet	152	0.002	1	1	8.703
188	Sabbath-breaker	153	0.002	1	1	8.703
189	912.	155	0.002	1	1	8.703
190	Courtisan	156	0.002	1	1	8.703
191	Zany	159	0.003	1	1	8.644
192	vat	659	0.01	4	2	8.601
193	bish	1207	0.019	7	1	8.54
194	Dol	1048	0.016	6	1	8.524
195	spke	179	0.003	1	1	8.48
196	24.10.	181	0.003	1	1	8.48
197	Franciscum	179	0.003	1	1	8.48
198	hants	182	0.003	1	1	8.48
199	Ieffery	179	0.003	1	1	8.48
200	hide-bound	188	0.003	1	1	8.43
201	Rm	558	0.009	3	1	8.43
202	Synchronism	187	0.003	1	1	8.43
203	Dominatio	189	0.003	1	1	8.43
204	Midianitish	194	0.003	1	1	8.381
205	brazen-faced	190	0.003	1	1	8.381
206	909	191	0.003	1	1	8.381
207	mangy	395	0.006	2	1	8.334
208	Hous	202	0.003	1	1	8.334
209	Vengence	202	0.003	1	1	8.334
210	UNVEILED	617	0.01	3	2	8.288
211	Iambics	203	0.003	1	1	8.288
212	practis	212	0.003	1	1	8.243
213	Georgium	212	0.003	1	1	8.243
214	roundhead	209	0.003	1	1	8.243
215	Sloven	214	0.003	1	1	8.243
216	Hoseah	213	0.003	1	1	8.243
217	Babylon	38888	0.606	179	70	8.208
218	ustice	217	0.003	1	1	8.2
219	Whoremonger	678	0.011	3	2	8.145
220	Ref	231	0.004	1	1	8.118
221	Amata	234	0.004	1	1	8.118
222	17.1.	463	0.007	2	2	8.118
223	16.33.	233	0.004	1	1	8.118
224	Unctious	233	0.004	1	1	8.118
225	falfe	231	0.004	1	1	8.118
226	carted	237	0.004	1	1	8.078
227	14.7.	235	0.004	1	1	8.078
228	dam	5258	0.082	22	3	8.069
229	him-self	247	0.004	1	1	8.04
230	22.5.	245	0.004	1	1	8.04
231	Terret	245	0.004	1	1	8.04
232	Scarlet	9179	0.143	37	21	8.016
233	Splen	250	0.004	1	1	8.002
234	rides	4321	0.067	17	6	7.981
235	Baud	767	0.012	3	2	7.978
236	Pedr	256	0.004	1	1	7.966
237	Slut	523	0.008	2	2	7.948
238	swill	522	0.008	2	2	7.948
239	Babylon.	534	0.008	2	1	7.913
240	Chremes	542	0.008	2	1	7.895
241	prostrates	269	0.004	1	1	7.895
242	stiffe-necked	268	0.004	1	1	7.895
243	coozen	273	0.004	1	1	7.861
244	16.5.	278	0.004	1	1	7.861
245	Clit	284	0.004	1	1	7.828
246	whordom	281	0.004	1	1	7.828
247	Craze	284	0.004	1	1	7.828
248	tattling	581	0.009	2	2	7.796
249	greased	297	0.005	1	1	7.764
250	19.2.	299	0.005	1	1	7.733
251	cauterized	305	0.005	1	1	7.733
252	Laches	299	0.005	1	1	7.733
253	Turd	301	0.005	1	1	7.733
254	scolds	299	0.005	1	1	7.733
255	Killigrew	309	0.005	1	1	7.703
256	8.19.	333	0.005	1	1	7.587
257	Bumpkin	343	0.005	1	1	7.56
258	Monkery	339	0.005	1	1	7.56
259	Fornications	1721	0.027	5	3	7.544
260	Diable	350	0.005	1	1	7.533
261	Randle	350	0.005	1	1	7.533
262	round-head	349	0.005	1	1	7.533
263	Brats	1042	0.016	3	2	7.533
264	Paramours	361	0.006	1	1	7.48
265	Inachus	365	0.006	1	1	7.455
266	Door-keeper	369	0.006	1	1	7.455
267	superlatively	368	0.006	1	1	7.455
268	lude	368	0.006	1	1	7.455
269	Meg	373	0.006	1	1	7.43
270	fighter	376	0.006	1	1	7.405
271	colorably	385	0.006	1	1	7.381
272	receu	383	0.006	1	1	7.381
273	gret	391	0.006	1	1	7.357
274	deifying	390	0.006	1	1	7.357
275	Viols	793	0.012	2	2	7.345
276	jades	397	0.006	1	1	7.334
277	Pru	405	0.006	1	1	7.31
278	Characteristic	405	0.006	1	1	7.31
279	Quean	412	0.006	1	1	7.288
280	plentious	420	0.007	1	1	7.265
281	Vise	419	0.007	1	1	7.265
282	Thraso	420	0.007	1	1	7.265
283	boll	415	0.007	1	1	7.265
284	intoxicated	850	0.013	2	2	7.243
285	Ishmaelites	426	0.007	1	1	7.243
286	Scold	1303	0.02	3	3	7.207
287	18.24	434	0.007	1	1	7.2
288	Smock	1342	0.021	3	3	7.165
289	Tarantula	449	0.007	1	1	7.158
290	prostituting	452	0.007	1	1	7.158
291	Beast	81566	1.27	181	50	7.155
292	Moll	454	0.007	1	1	7.138
293	scurvey	454	0.007	1	1	7.138
294	starves	464	0.007	1	1	7.118
295	Panders	464	0.007	1	1	7.118
296	Thais	936	0.015	2	1	7.098
297	well-ordered	470	0.007	1	1	7.098
298	Meretrix	474	0.007	1	1	7.078
299	Amet	490	0.008	1	1	7.04
300	Apophthegms	488	0.008	1	1	7.04
301	Babylons	987	0.015	2	2	7.021
302	play-houses	495	0.008	1	1	7.021
303	Haw	505	0.008	1	1	6.984
304	17.3.	508	0.008	1	1	6.984
305	sluggards	513	0.008	1	1	6.966
306	Pimp	1027	0.016	2	2	6.966
307	Thomaso	513	0.008	1	1	6.966
308	523	519	0.008	1	1	6.948
309	Prelatists	523	0.008	1	1	6.948
310	Rut	528	0.008	1	1	6.93
311	sits	23190	0.361	44	20	6.929
312	House-keeper	532	0.008	1	1	6.913
313	instigations	534	0.008	1	1	6.913
314	Brat	1070	0.017	2	2	6.904
315	ruffled	542	0.008	1	1	6.895
316	6.15.	540	0.008	1	1	6.895
317	Relicts	539	0.008	1	1	6.895
318	Salad	546	0.009	1	1	6.878
319	shamelessly	543	0.009	1	1	6.878
320	Strumpet	3285	0.051	6	5	6.873
321	leaks	551	0.009	1	1	6.861
322	Courtesan	1103	0.017	2	2	6.861
323	14.19	559	0.009	1	1	6.845
324	dairy	561	0.009	1	1	6.845
325	meth.	568	0.009	1	1	6.828
326	Sosia	564	0.009	1	1	6.828
327	Amazon	568	0.009	1	1	6.828
328	young-men	583	0.009	1	1	6.78
329	harlots	5276	0.082	9	7	6.775
330	pollutes	588	0.009	1	1	6.764
331	greasy	1182	0.018	2	2	6.764
332	13.3	1183	0.018	2	2	6.764
333	Caterpillar	600	0.009	1	1	6.749
334	Swag	613	0.01	1	1	6.718
335	Brothel	610	0.01	1	1	6.718
336	Ill-favoured	618	0.01	1	1	6.703
337	Priscilla	1235	0.019	2	1	6.703
338	envenomed	621	0.01	1	1	6.688
339	unmask	629	0.01	1	1	6.673
340	grasped	628	0.01	1	1	6.673
341	Israelitish	644	0.01	1	1	6.644
342	fornication	14235	0.222	22	15	6.633
343	Lieut	1999	0.031	3	1	6.592
344	young-man	669	0.01	1	1	6.587
345	Calvert	668	0.01	1	1	6.587
346	Bridget	667	0.01	1	1	6.587
347	22.14	668	0.01	1	1	6.587
348	shade	9449	0.147	14	1	6.572
349	determinately	683	0.011	1	1	6.56
350	leavened	1362	0.021	2	1	6.56
351	Pulchra	687	0.011	1	1	6.546
352	augm	695	0.011	1	1	6.533
353	Quack	696	0.011	1	1	6.533
354	bracelet	697	0.011	1	1	6.52
355	Paral.	703	0.011	1	1	6.52
356	Whore	20634	0.321	29	12	6.496
357	Sorceress	710	0.011	1	1	6.493
358	detecting	720	0.011	1	1	6.48
359	Bawd	2878	0.045	4	3	6.48
360	skirts	2878	0.045	4	4	6.48
361	Babylonish	2911	0.045	4	3	6.464
362	swagger	729	0.011	1	1	6.455
363	blood-thirsty	737	0.012	1	1	6.442
364	Maiden-head	739	0.012	1	1	6.442
365	Facetious	751	0.012	1	1	6.417
366	idolize	759	0.012	1	1	6.405
367	197.	755	0.012	1	1	6.405
368	Fiddler	764	0.012	1	1	6.393
369	16.3	787	0.012	1	1	6.345
370	purblind	793	0.012	1	1	6.345
371	detains	789	0.012	1	1	6.345
372	pitt	793	0.012	1	1	6.345
373	Swaddling	793	0.012	1	1	6.345
374	arrant	1596	0.025	2	2	6.328
375	Pander	805	0.013	1	1	6.322
376	Manent	802	0.013	1	1	6.322
377	gi	801	0.013	1	1	6.322
378	desolate	12933	0.201	16	9	6.312
379	Doll	807	0.013	1	1	6.31
380	Stanford	807	0.013	1	1	6.31
381	Split	3259	0.051	4	1	6.302
382	stares	818	0.013	1	1	6.299
383	Romantic	824	0.013	1	1	6.288
384	hound	2485	0.039	3	3	6.276
385	Looking-Glasses	833	0.013	1	1	6.265
386	loftiness	832	0.013	1	1	6.265
387	Jezebel	835	0.013	1	1	6.265
388	Prostitute	2508	0.039	3	2	6.262
389	wager	2578	0.04	3	1	6.225
390	sweet-heart	864	0.014	1	1	6.211
391	forehead	12159	0.189	14	12	6.209
392	Rogue	6990	0.109	8	6	6.2
393	recruited	889	0.014	1	1	6.179
394	Witchcrafts	901	0.014	1	1	6.158
395	sneaking	900	0.014	1	1	6.158
396	Jester	911	0.014	1	1	6.138
397	bawds	1844	0.029	2	2	6.123
398	Surry	923	0.014	1	1	6.118
399	pish	927	0.014	1	1	6.118
400	tipped	934	0.015	1	1	6.108
401	Farce	935	0.015	1	1	6.098
402	Comptroller	942	0.015	1	1	6.088
403	Neapolitan	941	0.015	1	1	6.088
404	Talkers	951	0.015	1	1	6.078
405	betime	953	0.015	1	1	6.078
406	Flea	1913	0.03	2	2	6.069
407	Adulteress	1919	0.03	2	2	6.064
408	prefigured	1929	0.03	2	1	6.059
409	erects	973	0.015	1	1	6.04
410	Apocalypse	3947	0.062	4	4	6.023
411	ritual	991	0.015	1	1	6.021
412	fore-head	2008	0.031	2	2	5.998
413	rescuing	1023	0.016	1	1	5.975
414	dirty	4102	0.064	4	2	5.968
415	disperses	1034	0.016	1	1	5.957
416	Beata	1042	0.016	1	1	5.948
417	1.23.	1061	0.017	1	1	5.921
418	adulterer	4237	0.066	4	4	5.921
419	suppliants	1073	0.017	1	1	5.904
420	journeyed	1070	0.017	1	1	5.904
421	oppressive	1079	0.017	1	1	5.895
422	incommodities	1081	0.017	1	1	5.895
423	Jade	2169	0.034	2	2	5.887
424	downfall	3283	0.051	3	3	5.875
425	Sain	1095	0.017	1	1	5.87
426	1st.	1096	0.017	1	1	5.87
427	avenging	1095	0.017	1	1	5.87
428	Drawer	2220	0.035	2	1	5.853
429	revelling	1114	0.017	1	1	5.853
430	Promotes	1115	0.017	1	1	5.845
431	misguided	1125	0.018	1	1	5.837
432	concubine	3397	0.053	3	3	5.826
433	French-man	1140	0.018	1	1	5.812
434	Fornicator	1143	0.018	1	1	5.812
435	discountenance	1153	0.018	1	1	5.796
436	kick	3504	0.055	3	3	5.78
437	flagitious	1170	0.018	1	1	5.78
438	spie	1175	0.018	1	1	5.772
439	adulterated	1175	0.018	1	1	5.772
440	unfolded	2356	0.037	2	2	5.768
441	inveighed	1181	0.018	1	1	5.764
442	bea	1189	0.019	1	1	5.756
443	shuns	1200	0.019	1	1	5.741
444	dotes	1209	0.019	1	1	5.733
445	Babel	9790	0.152	8	6	5.714
446	fretted	1229	0.019	1	1	5.71
447	Rotterdam	1248	0.019	1	1	5.688
448	Bitch	1244	0.019	1	1	5.688
449	thirsts	2496	0.039	2	2	5.684
450	Whoredom	7526	0.117	6	5	5.678
451	Japan	2511	0.039	2	1	5.677
452	Apocal.	1266	0.02	1	1	5.666
453	Bethlem	1277	0.02	1	1	5.651
454	converses	1275	0.02	1	1	5.651
455	murderous	1283	0.02	1	1	5.644
456	Bridewell	1285	0.02	1	1	5.644
457	Bewitched	6431	0.1	5	3	5.642
458	ridden	1300	0.02	1	1	5.63
459	Heraldry	1307	0.02	1	1	5.615
460	Philippo	1323	0.021	1	1	5.601
461	Convent	3985	0.062	3	1	5.594
462	Carrion	2658	0.041	2	2	5.594
463	Babilon	5325	0.083	4	4	5.592
464	Pietro	1334	0.021	1	1	5.587
465	climbed	1342	0.021	1	1	5.58
466	gorgeous	2688	0.042	2	2	5.577
467	sodomy	1349	0.021	1	1	5.573
468	mutter	1355	0.021	1	1	5.567
469	Brewer	1365	0.021	1	1	5.553
470	Clout	1378	0.022	1	1	5.54
471	Rag	2762	0.043	2	1	5.54
472	Trine	1390	0.022	1	1	5.533
473	suspects	1386	0.022	1	1	5.533
474	Joyce	1390	0.022	1	1	5.533
475	vaunting	1392	0.022	1	1	5.526
476	Riders	1415	0.022	1	1	5.506
477	displays	1417	0.022	1	1	5.5
478	attainments	1434	0.022	1	1	5.487
479	conducts	1431	0.022	1	1	5.487
480	Ale-house	1435	0.022	1	1	5.487
481	spends	4330	0.067	3	3	5.476
482	adj.	1450	0.023	1	1	5.468
483	Restorer	1451	0.023	1	1	5.468
484	swearers	2927	0.046	2	2	5.455
485	Hire	8785	0.137	6	4	5.455
486	Mathias	1469	0.023	1	1	5.449
487	likeliest	1475	0.023	1	1	5.442
488	insinuates	2964	0.046	2	1	5.436
489	Midian	1497	0.023	1	1	5.424
490	beastly	7495	0.117	5	4	5.421
491	decked	4505	0.07	3	2	5.419
492	unbeseeming	1501	0.023	1	1	5.417
493	daunted	3057	0.048	2	2	5.393
494	Rev	1545	0.024	1	1	5.375
495	Lawn	1552	0.024	1	1	5.369
496	Dea	1579	0.025	1	1	5.345
497	doomed	1582	0.025	1	1	5.345
498	Chr	3187	0.05	2	1	5.334
499	brace	1591	0.025	1	1	5.334
500	pliant	1599	0.025	1	1	5.328
501	demonstrable	1607	0.025	1	1	5.322
502	attracted	1610	0.025	1	1	5.316
503	jeer	1609	0.025	1	1	5.316
504	Josephs	1618	0.025	1	1	5.31
505	Assumes	1624	0.025	1	1	5.305
506	Idolatries	3266	0.051	2	2	5.296
507	Dragon	18054	0.281	11	8	5.29
508	hate	65701	1.023	40	29	5.289
509	Rogues	5001	0.078	3	3	5.267
510	halter	3343	0.052	2	1	5.263
511	circumstantial	1679	0.026	1	1	5.26
512	strip	3365	0.052	2	1	5.254
513	hastes	1697	0.026	1	1	5.243
514	Babble	1715	0.027	1	1	5.227
515	startle	1717	0.027	1	1	5.227
516	Grandmother	1722	0.027	1	1	5.222
517	carries	24147	0.376	14	4	5.219
518	impudent	12093	0.188	7	6	5.216
519	Hellebore	1726	0.027	1	1	5.216
520	gear	3463	0.054	2	2	5.214
521	adulterous	3504	0.055	2	1	5.195
522	upholds	1761	0.027	1	1	5.19
523	Exclamation	1758	0.027	1	1	5.19
524	Deu.	3539	0.055	2	1	5.182
525	Bonner	1772	0.028	1	1	5.179
526	Knave	8870	0.138	5	5	5.178
527	Iulia	1778	0.028	1	1	5.174
528	Abominations	10678	0.166	6	6	5.173
529	banishing	1794	0.028	1	1	5.164
530	whoremongers	1796	0.028	1	1	5.158
531	debauch	1818	0.028	1	1	5.143
532	pox	10902	0.17	6	4	5.143
533	Hallelujah	1833	0.029	1	1	5.133
534	insatiable	3697	0.058	2	2	5.118
535	befitting	1857	0.029	1	1	5.113
536	Drunk	35533	0.553	19	13	5.102
537	Flor	1884	0.029	1	1	5.093
538	played	11334	0.177	6	4	5.087
539	misunderstanding	1892	0.03	1	1	5.083
540	brands	1898	0.03	1	1	5.078
541	typified	1919	0.03	1	1	5.064
542	unquenchable	1920	0.03	1	1	5.064
543	Rags	5772	0.09	3	3	5.06
544	Hymen	1924	0.03	1	1	5.059
545	Wag	1933	0.03	1	1	5.054
546	solicitations	1942	0.03	1	1	5.049
547	Seventeenth	3885	0.061	2	1	5.047
548	Scorners	1948	0.03	1	1	5.045
549	Sells	3915	0.061	2	2	5.035
550	drinks	15747	0.245	8	2	5.028
551	sojourn	1978	0.031	1	1	5.021
552	Bastards	3979	0.062	2	2	5.012
553	Epicurus	3980	0.062	2	1	5.012
554	Superscription	2000	0.031	1	1	5.007
555	Breakfast	1998	0.031	1	1	5.007
556	plaid	4003	0.062	2	2	5.005
557	bewitching	2007	0.031	1	1	4.998
558	instigation	4033	0.063	2	2	4.993
559	ride	20257	0.315	10	3	4.987
560	Tyre	6083	0.095	3	1	4.985
561	Publicans	4075	0.064	2	2	4.977
562	Rustic	2041	0.032	1	1	4.975
563	wink	4136	0.064	2	1	4.957
564	Faggot	2069	0.032	1	1	4.957
565	leprous	2075	0.032	1	1	4.952
566	heating	2074	0.032	1	1	4.952
567	Flora	2078	0.032	1	1	4.948
568	Warren	2080	0.032	1	1	4.948
569	dine	4169	0.065	2	2	4.946
570	alludes	2086	0.033	1	1	4.943
571	Ninthly	2088	0.033	1	1	4.943
572	Cup	48330	0.753	23	15	4.934
573	prating	2124	0.033	1	1	4.917
574	haunt	4285	0.067	2	2	4.906
575	fawning	2152	0.034	1	1	4.9
576	Magog	2171	0.034	1	1	4.887
577	imprisoning	2170	0.034	1	1	4.887
578	Mystery	54678	0.851	25	15	4.876
579	prosperously	2208	0.034	1	1	4.861
580	straightway	2206	0.034	1	1	4.861
581	lasciviousness	2218	0.035	1	1	4.857
582	Scenes	2217	0.035	1	1	4.857
583	warred	2228	0.035	1	1	4.849
584	Rampant	2244	0.035	1	1	4.841
585	wenches	2248	0.035	1	1	4.837
586	Dragons	6883	0.107	3	3	4.807
587	Proverbs	6913	0.108	3	3	4.801
588	Thief	23047	0.359	10	8	4.8
589	lied	2315	0.036	1	1	4.796
590	dissembling	7079	0.11	3	1	4.767
591	Contemners	2366	0.037	1	1	4.764
592	Frenchman	2370	0.037	1	1	4.76
593	racked	2371	0.037	1	1	4.76
594	Antichrist	50530	0.787	21	12	4.738
595	pockets	2410	0.038	1	1	4.737
596	keen	2424	0.038	1	1	4.729
597	sot	2425	0.038	1	1	4.725
598	cools	2431	0.038	1	1	4.722
599	penetrate	4877	0.076	2	2	4.72
600	Rev.	51328	0.799	21	15	4.716
601	sleeves	2453	0.038	1	1	4.71
602	magnifying	2469	0.038	1	1	4.703
603	Admiralty	2491	0.039	1	1	4.688
604	Perjured	4993	0.078	2	2	4.686
605	Epithet	2497	0.039	1	1	4.684
606	Errand	4999	0.078	2	1	4.684
607	testicles	2507	0.039	1	1	4.68
608	Gog	2533	0.039	1	1	4.666
609	affixed	2551	0.04	1	1	4.655
610	crafty	12823	0.2	5	2	4.646
611	Sorcery	2574	0.04	1	1	4.64
612	stews	2587	0.04	1	1	4.633
613	roughly	2586	0.04	1	1	4.633
614	defiles	2607	0.041	1	1	4.622
615	painted	23662	0.368	9	8	4.611
616	Potion	5269	0.082	2	2	4.608
617	Epigram	2632	0.041	1	1	4.608
618	Loaf	2634	0.041	1	1	4.608
619	inded	2630	0.041	1	1	4.608
620	inevitably	2642	0.041	1	1	4.605
621	hating	5297	0.083	2	2	4.599
622	envies	2650	0.041	1	1	4.598
623	severest	2685	0.042	1	1	4.58
624	aggravate	5398	0.084	2	2	4.572
625	smiting	2710	0.042	1	1	4.567
626	goddesses	2719	0.042	1	1	4.563
627	Retires	2716	0.042	1	1	4.563
628	Apoc.	11083	0.173	4	2	4.534
629	Horns	22193	0.346	8	5	4.533
630	Niece	5575	0.087	2	2	4.526
631	pt	2801	0.044	1	1	4.52
632	2d.	2802	0.044	1	1	4.52
633	Midwife	2818	0.044	1	1	4.51
634	accompanies	2828	0.044	1	1	4.506
635	foretell	5652	0.088	2	2	4.506
636	riding	11318	0.176	4	2	4.505
637	curled	2841	0.044	1	1	4.5
638	industriously	2850	0.044	1	1	4.493
639	vassals	5714	0.089	2	2	4.49
640	gon	5721	0.089	2	1	4.488
641	prate	2866	0.045	1	1	4.487
642	pillage	2862	0.045	1	1	4.487
643	Manger	2870	0.045	1	1	4.484
644	Moth	2884	0.045	1	1	4.477
645	Trembles	2900	0.045	1	1	4.468
646	howl	2919	0.046	1	1	4.458
647	manned	2929	0.046	1	1	4.455
648	Mulier	2936	0.046	1	1	4.452
649	Beelzebub	2959	0.046	1	1	4.439
650	cellar	2969	0.046	1	1	4.436
651	paint	8989	0.14	3	3	4.421
652	Inhabitant	3014	0.047	1	1	4.414
653	gore	3029	0.047	1	1	4.405
654	engages	3046	0.047	1	1	4.399
655	Collation	3063	0.048	1	1	4.39
656	howling	3066	0.048	1	1	4.39
657	Thom	3063	0.048	1	1	4.39
658	unmerciful	3065	0.048	1	1	4.39
659	lash	3070	0.048	1	1	4.387
660	Hierarchy	6183	0.096	2	1	4.376
661	desolation	12402	0.193	4	2	4.373
662	Demonstrative	3117	0.049	1	1	4.366
663	thorn	3129	0.049	1	1	4.36
664	pollute	3138	0.049	1	1	4.354
665	admirably	3163	0.049	1	1	4.342
666	lucky	3186	0.05	1	1	4.334
667	weeps	3186	0.05	1	1	4.334
668	Comedy	6476	0.101	2	1	4.31
669	closer	3235	0.05	1	1	4.31
670	Papal	9725	0.151	3	2	4.309
671	Cavalier	3283	0.051	1	1	4.291
672	high-way	3304	0.051	1	1	4.282
673	Hemp	3310	0.052	1	1	4.279
674	Lass	3315	0.052	1	1	4.276
675	Madrid	3340	0.052	1	1	4.265
676	trick	10039	0.156	3	3	4.263
677	decently	3362	0.052	1	1	4.254
678	consonant	6747	0.105	2	1	4.25
679	Cozen	3380	0.053	1	1	4.249
680	wench	6793	0.106	2	1	4.241
681	3ly	3428	0.053	1	1	4.227
682	impudence	10304	0.16	3	3	4.225
683	uncircumcised	3439	0.054	1	1	4.224
684	enticed	3439	0.054	1	1	4.224
685	cups	6881	0.107	2	2	4.223
686	Antichristian	13777	0.215	4	4	4.221
687	false	224466	3.495	65	34	4.217
688	Leper	3469	0.054	1	1	4.211
689	JOSIAH	3482	0.054	1	1	4.206
690	ditch	10469	0.163	3	3	4.202
691	hurried	3494	0.054	1	1	4.2
692	Bias	3503	0.055	1	1	4.198
693	drunkards	7021	0.109	2	2	4.194
694	bewailed	3510	0.055	1	1	4.192
695	fourscore	7031	0.11	2	2	4.191
696	Hawk	10622	0.165	3	2	4.181
697	clapped	3587	0.056	1	1	4.161
698	profanation	3603	0.056	1	1	4.156
699	Mistresses	3604	0.056	1	1	4.156
700	Giles	3615	0.056	1	1	4.151
701	Vision	28960	0.451	8	3	4.149
702	jolly	3632	0.057	1	1	4.143
703	Paternal	3710	0.058	1	1	4.113
704	Splendid	3733	0.058	1	1	4.105
705	costly	11277	0.176	3	3	4.095
706	Rascal	3785	0.059	1	1	4.086
707	arrayed	3816	0.059	1	1	4.073
708	shirt	3819	0.06	1	1	4.071
709	bereft	3825	0.06	1	1	4.069
710	duration	7766	0.121	2	1	4.048
711	Curtain	3944	0.061	1	1	4.026
712	sureties	3956	0.062	1	1	4.021
713	drunken	11882	0.185	3	3	4.019
714	waters	83222	1.296	21	14	4.018
715	astringent	3977	0.062	1	1	4.014
716	corrupts	3974	0.062	1	1	4.014
717	Allen	3996	0.062	1	1	4.007
718	Regret	3999	0.062	1	1	4.005
719	Beggars	8051	0.125	2	2	3.995
720	window	12154	0.189	3	3	3.986
721	Marries	4061	0.063	1	1	3.984
722	lain	8129	0.127	2	2	3.982
723	concubines	4078	0.064	1	1	3.977
724	disagree	4083	0.064	1	1	3.975
725	consequents	4109	0.064	1	1	3.966
726	Bastard	12394	0.193	3	3	3.958
727	Hector	8263	0.129	2	2	3.958
728	unseemly	4145	0.065	1	1	3.955
729	Theseus	4151	0.065	1	1	3.952
730	03	4147	0.065	1	1	3.952
731	sis	4229	0.066	1	1	3.924
732	Seat	51212	0.797	12	4	3.912
733	Multitudes	17103	0.266	4	3	3.909
734	imperious	4278	0.067	1	1	3.908
735	trembled	4278	0.067	1	1	3.908
736	thrive	8582	0.134	2	2	3.904
737	sat	47715	0.743	11	5	3.888
738	gilt	4343	0.068	1	1	3.887
739	Blaspheme	8684	0.135	2	2	3.887
740	Query	4359	0.068	1	1	3.88
741	lamentation	8729	0.136	2	2	3.879
742	sp	4383	0.068	1	1	3.874
743	bane	4390	0.068	1	1	3.87
744	starved	4391	0.068	1	1	3.87
745	condemns	13190	0.205	3	3	3.868
746	Apparelled	4398	0.069	1	1	3.868
747	gay	8805	0.137	2	2	3.867
748	persecuting	8817	0.137	2	1	3.865
749	brisk	4421	0.069	1	1	3.861
750	Anna	4436	0.069	1	1	3.855
751	Stations	4457	0.069	1	1	3.849
752	notorious	22363	0.348	5	5	3.844
753	've	8950	0.139	2	2	3.843
754	artificially	4494	0.07	1	1	3.837
755	Capt	8989	0.14	2	1	3.837
756	slippery	4506	0.07	1	1	3.832
757	Nun	4515	0.07	1	1	3.83
758	Iuno	4530	0.071	1	1	3.826
759	Purple	18224	0.284	4	2	3.817
760	Sr	4563	0.071	1	1	3.814
761	Harlot	9167	0.143	2	2	3.809
762	exalted	23088	0.36	5	1	3.798
763	Witch	9245	0.144	2	2	3.796
764	lamenting	4634	0.072	1	1	3.792
765	Unbelieving	4661	0.073	1	1	3.784
766	rewarded	14017	0.218	3	2	3.781
767	dat	9363	0.146	2	2	3.778
768	judged	56237	0.876	12	10	3.776
769	Cupid	9383	0.146	2	2	3.775
770	picked	4724	0.074	1	1	3.764
771	reclaim	4736	0.074	1	1	3.762
772	plainness	4823	0.075	1	1	3.735
773	marry	38694	0.603	8	8	3.731
774	Idolatrous	14523	0.226	3	3	3.73
775	interprets	4849	0.076	1	1	3.727
776	lamentations	4872	0.076	1	1	3.72
777	benevolence	4882	0.076	1	1	3.718
778	damned	34243	0.533	7	6	3.715
779	largeness	4922	0.077	1	1	3.707
780	oppressors	4931	0.077	1	1	3.703
781	Mate	4966	0.077	1	1	3.693
782	surer	4963	0.077	1	1	3.693
783	appropriate	5014	0.078	1	1	3.679
784	dis	5030	0.078	1	1	3.675
785	brood	5051	0.079	1	1	3.667
786	embraces	10141	0.158	2	2	3.663
787	extraordinarily	5090	0.079	1	1	3.657
788	play	61168	0.953	12	12	3.655
789	Transgressors	5101	0.079	1	1	3.655
790	prudently	5115	0.08	1	1	3.651
791	Adulterers	5137	0.08	1	1	3.644
792	Horn	20550	0.32	4	2	3.644
793	ignorantly	5139	0.08	1	1	3.644
794	playing	10275	0.16	2	2	3.644
795	lock	5149	0.08	1	1	3.64
796	Assyrians	5157	0.08	1	1	3.638
797	coloured	10332	0.161	2	2	3.636
798	reigned	31015	0.483	6	5	3.635
799	moveable	5188	0.081	1	1	3.63
800	Mother	150593	2.345	29	21	3.628
801	boasted	5195	0.081	1	1	3.628
802	defy	5226	0.081	1	1	3.619
803	Knaves	5254	0.082	1	1	3.612
804	Bibles	5262	0.082	1	1	3.61
805	gilded	5276	0.082	1	1	3.605
806	forsakes	5303	0.083	1	1	3.598
807	lewd	15983	0.249	3	3	3.591
808	Brows	5343	0.083	1	1	3.587
809	Series	5355	0.083	1	1	3.584
810	kitchen	5357	0.083	1	1	3.584
811	Tavern	5354	0.083	1	1	3.584
812	clap	5368	0.084	1	1	3.58
813	tolerated	5375	0.084	1	1	3.579
814	Widow	21540	0.335	4	4	3.576
815	Amsterdam	5414	0.084	1	1	3.568
816	glittering	5418	0.084	1	1	3.567
817	lip	5428	0.085	1	1	3.565
818	Paraphrase	5460	0.085	1	1	3.556
819	registered	5476	0.085	1	1	3.551
820	pawn	5492	0.086	1	1	3.548
821	Gallows	5501	0.086	1	1	3.545
822	happening	5514	0.086	1	1	3.541
823	Helmet	5523	0.086	1	1	3.54
824	COAL	5526	0.086	1	1	3.54
825	fiercely	5527	0.086	1	1	3.538
826	beats	5554	0.087	1	1	3.531
827	sheets	5556	0.087	1	1	3.531
828	hounds	5657	0.088	1	1	3.505
829	Esquire	11359	0.177	2	1	3.499
830	supported	11364	0.177	2	1	3.498
831	rid	17118	0.267	3	2	3.493
832	Incarnate	5722	0.089	1	1	3.488
833	vigilant	5765	0.09	1	1	3.477
834	committing	11606	0.181	2	2	3.468
835	burn	40670	0.633	7	7	3.466
836	Prophet	133904	2.085	23	22	3.463
837	resembled	5836	0.091	1	1	3.46
838	licentious	5899	0.092	1	1	3.444
839	Pars	11826	0.184	2	1	3.441
840	Frogs	5922	0.092	1	1	3.439
841	Type	17907	0.279	3	2	3.428
842	bloody	53730	0.837	9	4	3.427
843	Appropriated	5982	0.093	1	1	3.425
844	beholds	5976	0.093	1	1	3.425
845	Arabic	5985	0.093	1	1	3.424
846	defiled	18090	0.282	3	2	3.413
847	hunt	12065	0.188	2	2	3.412
848	brand	6073	0.095	1	1	3.402
849	burning	48634	0.757	8	4	3.401
850	infect	6100	0.095	1	1	3.396
851	Painter	6102	0.095	1	1	3.396
852	proclaim	12226	0.19	2	2	3.393
853	polluted	12233	0.191	2	2	3.392
854	Squire	6126	0.095	1	1	3.39
855	Pagan	12292	0.191	2	1	3.385
856	Dice	6226	0.097	1	1	3.367
857	Mountains	56383	0.878	9	4	3.358
858	purify	6291	0.098	1	1	3.351
859	adorned	18908	0.294	3	2	3.349
860	Dregs	6317	0.098	1	1	3.345
861	marrying	6327	0.099	1	1	3.344
862	wave	6344	0.099	1	1	3.339
863	Ch	19095	0.297	3	1	3.335
864	whip	6373	0.099	1	1	3.334
865	certified	6444	0.1	1	1	3.318
866	assail	6445	0.1	1	1	3.316
867	110	6465	0.101	1	1	3.312
868	Abhor	19419	0.302	3	3	3.31
869	allows	12955	0.202	2	1	3.31
870	drunkard	6511	0.101	1	1	3.302
871	raging	13043	0.203	2	2	3.3
872	naughty	6533	0.102	1	1	3.298
873	peremptory	6538	0.102	1	1	3.296
874	Tacit	6596	0.103	1	1	3.283
875	Maid	33079	0.515	5	2	3.279
876	preferring	6653	0.104	1	1	3.271
877	whipped	6660	0.104	1	1	3.27
878	palpable	6673	0.104	1	1	3.267
879	Medicaments	6671	0.104	1	1	3.267
880	Revelations	13397	0.209	2	2	3.261
881	brow	6696	0.104	1	1	3.261
882	Garments	26823	0.418	4	3	3.259
883	wears	6709	0.105	1	1	3.258
884	shameless	6711	0.105	1	1	3.258
885	involved	6720	0.105	1	1	3.257
886	allure	6732	0.105	1	1	3.254
887	Venus	26929	0.419	4	4	3.254
888	Pedro	6737	0.105	1	1	3.253
889	spy	6749	0.105	1	1	3.25
890	Thereafter	6755	0.105	1	1	3.249
891	undone	20337	0.317	3	3	3.244
892	traitorous	6790	0.106	1	1	3.242
893	kindred	20409	0.318	3	3	3.239
894	vail	6807	0.106	1	1	3.238
895	Indicted	6808	0.106	1	1	3.238
896	Rack	6929	0.108	1	1	3.212
897	swearing	20821	0.324	3	2	3.21
898	Cyprus	6981	0.109	1	1	3.202
899	sued	7001	0.109	1	1	3.198
900	Rival	7012	0.109	1	1	3.195
901	Revel	21061	0.328	3	3	3.194
902	treated	21086	0.328	3	3	3.192
903	Begot	7053	0.11	1	1	3.187
904	kisses	7051	0.11	1	1	3.187
905	sitting	35270	0.549	5	5	3.187
906	lane	7088	0.11	1	1	3.179
907	High-priest	7087	0.11	1	1	3.179
908	Fortress	7099	0.111	1	1	3.178
909	included	14204	0.221	2	2	3.177
910	minding	7108	0.111	1	1	3.175
911	plague	42909	0.668	6	4	3.167
912	parallel	21491	0.335	3	1	3.164
913	cunning	28670	0.446	4	4	3.164
914	plane	7185	0.112	1	1	3.16
915	execrable	7210	0.112	1	1	3.155
916	rail	7220	0.112	1	1	3.153
917	corrupted	36122	0.563	5	5	3.152
918	wipe	7298	0.114	1	1	3.138
919	rotten	14651	0.228	2	2	3.132
920	foregoing	14654	0.228	2	1	3.132
921	Rome	271183	4.223	37	19	3.131
922	4th	7348	0.114	1	1	3.128
923	lap	7378	0.115	1	1	3.122
924	bestows	7419	0.116	1	1	3.114
925	shun	14847	0.231	2	2	3.113
926	Papacy	7431	0.116	1	1	3.112
927	judgement	111780	1.741	15	9	3.107
928	Exaltation	7482	0.117	1	1	3.102
929	pursuing	7485	0.117	1	1	3.1
930	Beat	45020	0.701	6	4	3.097
931	ruled	22509	0.351	3	1	3.097
932	keepers	7518	0.117	1	1	3.094
933	weights	7530	0.117	1	1	3.092
934	commits	7541	0.117	1	1	3.09
935	filthy	30299	0.472	4	4	3.084
936	soit	7606	0.118	1	1	3.078
937	lodgings	7603	0.118	1	1	3.078
938	Bacon	7727	0.12	1	1	3.055
939	tear	15500	0.241	2	2	3.051
940	rode	15543	0.242	2	2	3.047
941	dress	15539	0.242	2	2	3.047
942	establishing	7797	0.121	1	1	3.042
943	drink	140890	2.194	18	14	3.036
944	laughing	7845	0.122	1	1	3.033
945	Band	15714	0.245	2	2	3.031
946	intimated	7877	0.123	1	1	3.027
947	poured	15849	0.247	2	2	3.019
948	Penitent	15876	0.247	2	1	3.016
949	hang	31830	0.496	4	4	3.013
950	slay	15920	0.248	2	2	3.012
951	Park	8005	0.125	1	1	3.005
952	double	72073	1.122	9	6	3.003
953	Raiment	8017	0.125	1	1	3.002
954	pick	8026	0.125	1	1	3
955	Engines	8106	0.126	1	1	2.986
956	lists	8183	0.127	1	1	2.973
957	attire	8194	0.128	1	1	2.97
958	Inscription	8206	0.128	1	1	2.968
959	Sc	8206	0.128	1	1	2.968
960	Adultery	24714	0.385	3	3	2.963
961	peoples	33008	0.514	4	3	2.96
962	fits	16510	0.257	2	1	2.96
963	Convocation	8315	0.13	1	1	2.949
964	ugly	8331	0.13	1	1	2.947
965	woman	183598	2.859	22	16	2.944
966	wandering	16735	0.261	2	2	2.94
967	hates	16898	0.263	2	2	2.926
968	crew	8469	0.132	1	1	2.922
969	undo	8485	0.132	1	1	2.92
970	deals	8489	0.132	1	1	2.919
971	hated	25471	0.397	3	2	2.919
972	Description	42949	0.669	5	3	2.902
973	Hospital	8600	0.134	1	1	2.901
974	patent	8637	0.135	1	1	2.894
975	Prescription	8639	0.135	1	1	2.894
976	suspected	25911	0.404	3	3	2.894
977	yields	17327	0.27	2	2	2.89
978	Maria	8668	0.135	1	1	2.889
979	Deceitful	17392	0.271	2	2	2.885
980	luxury	8713	0.136	1	1	2.882
981	vapour	8780	0.137	1	1	2.871
982	Gall	17567	0.274	2	2	2.87
983	conveniently	8789	0.137	1	1	2.869
984	conquerors	8794	0.137	1	1	2.869
985	Cat	8876	0.138	1	1	2.855
986	bowed	8908	0.139	1	1	2.85
987	deformed	8948	0.139	1	1	2.844
988	Lambs	8945	0.139	1	1	2.844
989	steal	17906	0.279	2	2	2.843
990	Villain	8957	0.14	1	1	2.842
991	damages	8968	0.14	1	1	2.841
992	quart	8964	0.14	1	1	2.841
993	Gallant	17961	0.28	2	2	2.838
994	product	8997	0.14	1	1	2.835
995	betrayed	18001	0.28	2	2	2.835
996	Fashions	9013	0.14	1	1	2.833
997	Prick	9007	0.14	1	1	2.833
998	misfortunes	9138	0.142	1	1	2.813
999	venerable	9145	0.142	1	1	2.812
1000	quenched	9163	0.143	1	1	2.809
1001	Lucius	9168	0.143	1	1	2.808
1002	enquired	9225	0.144	1	1	2.8
1003	defeat	9235	0.144	1	1	2.798
1004	relish	9293	0.145	1	1	2.789
1005	honest	83801	1.305	9	8	2.786
1006	wife	214853	3.346	23	15	2.781
1007	inconstant	9357	0.146	1	1	2.779
1008	tricks	9354	0.146	1	1	2.779
1009	extract	9355	0.146	1	1	2.779
1010	Grotius	9364	0.146	1	1	2.778
1011	hellish	9373	0.146	1	1	2.777
1012	judging	18760	0.292	2	2	2.775
1013	Madam	46920	0.731	5	3	2.775
1014	Plagues	18774	0.292	2	2	2.774
1015	Lady	112639	1.754	12	6	2.774
1016	perplexed	9395	0.146	1	1	2.773
1017	embracing	9401	0.146	1	1	2.772
1018	she	1006738	15.676	107	59	2.771
1019	Roman	141472	2.203	15	10	2.767
1020	Asses	9467	0.147	1	1	2.762
1021	Empress	9499	0.148	1	1	2.757
1022	deluded	9504	0.148	1	1	2.756
1023	Indictment	9527	0.148	1	1	2.753
1024	dissemble	9543	0.149	1	1	2.75
1025	refined	9570	0.149	1	1	2.747
1026	increases	9612	0.15	1	1	2.74
1027	nakedness	9651	0.15	1	1	2.734
1028	Great	1790493	27.88	185	58	2.73
1029	drinking	29093	0.453	3	3	2.727
1030	Bell	19417	0.302	2	2	2.726
1031	Hills	29127	0.454	3	3	2.726
1032	Exit	19436	0.303	2	2	2.725
1033	destiny	9734	0.152	1	1	2.722
1034	denies	19481	0.303	2	2	2.721
1035	flattering	9757	0.152	1	1	2.719
1036	devilish	9817	0.153	1	1	2.709
1037	abhorred	9825	0.153	1	1	2.708
1038	Tribunal	9847	0.153	1	1	2.706
1039	injured	9883	0.154	1	1	2.7
1040	amidst	9881	0.154	1	1	2.7
1041	jealous	19806	0.308	2	2	2.697
1042	Nice	19841	0.309	2	1	2.695
1043	positively	9945	0.155	1	1	2.691
1044	Begat	9977	0.155	1	1	2.686
1045	daughters	40010	0.623	4	4	2.683
1046	influences	10069	0.157	1	1	2.673
1047	Boats	10128	0.158	1	1	2.665
1048	Sack	10141	0.158	1	1	2.663
1049	subsist	10162	0.158	1	1	2.66
1050	adore	20395	0.318	2	2	2.655
1051	obvious	10202	0.159	1	1	2.654
1052	discovering	10322	0.161	1	1	2.638
1053	Dog	30988	0.483	3	3	2.636
1054	consumed	31042	0.483	3	3	2.634
1055	lusty	10354	0.161	1	1	2.633
1056	17.	83120	1.294	8	7	2.628
1057	Synagogue	10391	0.162	1	1	2.628
1058	Orator	10410	0.162	1	1	2.625
1059	herself	10419	0.162	1	1	2.624
1060	quantum	10429	0.162	1	1	2.622
1061	wares	10458	0.163	1	1	2.619
1062	liar	10452	0.163	1	1	2.619
1063	Parson	10471	0.163	1	1	2.617
1064	loathsome	10486	0.163	1	1	2.614
1065	ne'er	20984	0.327	2	2	2.614
1066	Margaret	10516	0.164	1	1	2.611
1067	filthiness	10515	0.164	1	1	2.611
1068	implies	10523	0.164	1	1	2.609
1069	Presbyterian	10547	0.164	1	1	2.606
1070	68	10551	0.164	1	1	2.606
1071	Mystical	21135	0.329	2	2	2.603
1072	Mistress	42310	0.659	4	3	2.602
1073	discovered	63467	0.988	6	5	2.602
1074	Cheat	10600	0.165	1	1	2.599
1075	hateful	10655	0.166	1	1	2.592
1076	Proverb	21331	0.332	2	2	2.59
1077	beheld	21385	0.333	2	2	2.586
1078	indifferently	10753	0.167	1	1	2.579
1079	Concupiscence	10773	0.168	1	1	2.576
1080	Guest	10781	0.168	1	1	2.574
1081	Thin	32659	0.509	3	3	2.561
1082	Stretch	10952	0.171	1	1	2.552
1083	venom	11000	0.171	1	1	2.545
1084	infamous	11020	0.172	1	1	2.543
1085	vex	11042	0.172	1	1	2.54
1086	afternoon	11049	0.172	1	1	2.54
1087	compelled	22115	0.344	2	2	2.538
1088	Cock	11063	0.172	1	1	2.537
1089	Calf	11111	0.173	1	1	2.531
1090	warned	11120	0.173	1	1	2.529
1091	't	11120	0.173	1	1	2.529
1092	Standard	11129	0.173	1	1	2.529
1093	thieves	22285	0.347	2	2	2.527
1094	Cor	22308	0.347	2	1	2.525
1095	Yes	44644	0.695	4	3	2.525
1096	Ephraim	11202	0.174	1	1	2.52
1097	Den	11211	0.175	1	1	2.518
1098	imaginable	11234	0.175	1	1	2.515
1099	Beer	11280	0.176	1	1	2.51
1100	idol	22562	0.351	2	2	2.509
1101	murderers	11345	0.177	1	1	2.501
1102	Symptoms	11363	0.177	1	1	2.499
1103	Quorum	11386	0.177	1	1	2.496
1104	swear	56939	0.887	5	5	2.496
1105	prodigal	11427	0.178	1	1	2.491
1106	drank	11443	0.178	1	1	2.488
1107	vowed	11454	0.178	1	1	2.487
1108	handsome	11498	0.179	1	1	2.482
1109	revived	11511	0.179	1	1	2.48
1110	Cave	11519	0.179	1	1	2.479
1111	lofty	11582	0.18	1	1	2.472
1112	Legate	11580	0.18	1	1	2.472
1113	imply	11589	0.181	1	1	2.47
1114	Confederates	11609	0.181	1	1	2.468
1115	Son	570683	8.886	49	25	2.463
1116	punishing	11649	0.181	1	1	2.463
1117	tame	11664	0.182	1	1	2.461
1118	Ferdinand	11682	0.182	1	1	2.459
1119	Abomination	11757	0.183	1	1	2.449
1120	dispositions	11773	0.183	1	1	2.448
1121	wondered	11794	0.184	1	1	2.445
1122	uphold	11837	0.184	1	1	2.44
1123	veil	11849	0.185	1	1	2.438
1124	breathing	11927	0.186	1	1	2.429
1125	stinking	11949	0.186	1	1	2.426
1126	preferment	11954	0.186	1	1	2.426
1127	pr	11953	0.186	1	1	2.426
1128	contrived	11992	0.187	1	1	2.421
1129	her	1811491	28.207	151	84	2.42
1130	seven	120863	1.882	10	7	2.41
1131	j.	48447	0.754	4	2	2.407
1132	imputed	24284	0.378	2	2	2.403
1133	Exeunt	12174	0.19	1	1	2.399
1134	'll	158479	2.468	13	9	2.397
1135	drove	12259	0.191	1	1	2.389
1136	Splendour	12274	0.191	1	1	2.388
1137	proud	73660	1.147	6	4	2.387
1138	curse	61992	0.965	5	4	2.373
1139	habits	12432	0.194	1	1	2.369
1140	Malignant	12436	0.194	1	1	2.369
1141	ded	12467	0.194	1	1	2.365
1142	wilderness	37400	0.582	3	2	2.365
1143	prevailed	25057	0.39	2	2	2.358
1144	envious	12527	0.195	1	1	2.358
1145	cry	87922	1.369	7	7	2.354
1146	murderer	12581	0.196	1	1	2.352
1147	dread	25184	0.392	2	2	2.351
1148	vile	37856	0.59	3	1	2.347
1149	Heresies	25260	0.393	2	1	2.346
1150	fortune	101130	1.575	8	7	2.345
1151	assigns	12648	0.197	1	1	2.344
1152	got	88984	1.386	7	5	2.337
1153	blinded	12718	0.198	1	1	2.336
1154	termed	25438	0.396	2	2	2.336
1155	destruction	89423	1.392	7	5	2.33
1156	Friar	12819	0.2	1	1	2.325
1157	crying	25811	0.402	2	2	2.315
1158	Pas	12920	0.201	1	1	2.313
1159	lie	168129	2.618	13	13	2.312
1160	Agent	12951	0.202	1	1	2.31
1161	road	12952	0.202	1	1	2.31
1162	blind	77737	1.211	6	2	2.309
1163	decline	12957	0.202	1	1	2.309
1164	forsooth	12960	0.202	1	1	2.309
1165	approaching	12995	0.202	1	1	2.305
1166	Wolf	13047	0.203	1	1	2.299
1167	Martyrdom	13134	0.205	1	1	2.29
1168	permission	13164	0.205	1	1	2.286
1169	kiss	26340	0.41	2	2	2.286
1170	Lev	13206	0.206	1	1	2.282
1171	!	371996	5.792	28	20	2.273
1172	spiritual	239256	3.726	18	6	2.272
1173	Rents	13329	0.208	1	1	2.269
1174	disturb	13350	0.208	1	1	2.266
1175	inflicted	13403	0.209	1	1	2.26
1176	Purge	26806	0.417	2	1	2.26
1177	runs	40288	0.627	3	3	2.258
1178	lovers	26913	0.419	2	2	2.255
1179	regular	13469	0.21	1	1	2.254
1180	Western	13537	0.211	1	1	2.246
1181	Poets	27112	0.422	2	2	2.244
1182	Coals	13558	0.211	1	1	2.244
1183	flatter	13665	0.213	1	1	2.232
1184	robbed	13664	0.213	1	1	2.232
1185	Gravity	13675	0.213	1	1	2.232
1186	lust	54865	0.854	4	3	2.227
1187	protect	13727	0.214	1	1	2.226
1188	path	13728	0.214	1	1	2.226
1189	Solomon	41245	0.642	3	3	2.224
1190	manage	13853	0.216	1	1	2.213
1191	destroying	13873	0.216	1	1	2.211
1192	Revelation	41988	0.654	3	3	2.198
1193	conferred	14170	0.221	1	1	2.18
1194	39.	14194	0.221	1	1	2.178
1195	carried	127788	1.99	9	2	2.177
1196	pretends	14230	0.222	1	1	2.174
1197	intimate	14255	0.222	1	1	2.171
1198	Battles	14268	0.222	1	1	2.17
1199	described	42932	0.669	3	3	2.166
1200	Heretic	14330	0.223	1	1	2.164
1201	tasted	14389	0.224	1	1	2.158
1202	surprise	14398	0.224	1	1	2.157
1203	'd	144543	2.251	10	8	2.152
1204	Ten	130362	2.03	9	6	2.149
1205	reprobate	14526	0.226	1	1	2.144
1206	dispatch	14533	0.226	1	1	2.144
1207	swallow	14554	0.227	1	1	2.142
1208	wrongs	14585	0.227	1	1	2.139
1209	Ant	14620	0.228	1	1	2.135
1210	repented	14668	0.228	1	1	2.13
1211	fairest	14727	0.229	1	1	2.125
1212	demonstrate	14730	0.229	1	1	2.124
1213	shameful	14747	0.23	1	1	2.123
1214	Nations	132713	2.067	9	6	2.123
1215	silk	14806	0.231	1	1	2.117
1216	Mar	14814	0.231	1	1	2.116
1217	hunting	14846	0.231	1	1	2.113
1218	dearly	14865	0.232	1	1	2.111
1219	wilt	74391	1.158	5	5	2.11
1220	pretty	29773	0.464	2	2	2.109
1221	Jove	14895	0.232	1	1	2.108
1222	flourishing	14970	0.233	1	1	2.101
1223	fight	105643	1.645	7	7	2.089
1224	game	15105	0.235	1	1	2.088
1225	privately	15154	0.236	1	1	2.083
1226	effected	15220	0.237	1	1	2.077
1227	disciple	15273	0.238	1	1	2.072
1228	Arise	61558	0.959	4	4	2.061
1229	70	15439	0.24	1	1	2.056
1230	naked	46459	0.723	3	3	2.052
1231	Husbands	30992	0.483	2	1	2.051
1232	expose	15498	0.241	1	1	2.051
1233	enjoyment	15508	0.242	1	1	2.05
1234	Generations	15518	0.242	1	1	2.049
1235	bitter	46679	0.727	3	3	2.045
1236	mentions	15583	0.243	1	1	2.043
1237	bath	15609	0.243	1	1	2.04
1238	call	328774	5.119	21	19	2.036
1239	Mo	15704	0.245	1	1	2.032
1240	Idleness	15825	0.246	1	1	2.021
1241	devotion	47524	0.74	3	2	2.019
1242	confound	15864	0.247	1	1	2.017
1243	rebuke	15877	0.247	1	1	2.016
1244	desperate	31789	0.495	2	2	2.014
1245	vow	31839	0.496	2	2	2.012
1246	Oaths	31854	0.496	2	2	2.012
1247	restored	47801	0.744	3	1	2.011
1248	Illustrious	15935	0.248	1	1	2.011
1249	prophets	111696	1.739	7	4	2.009
1250	Essex	15981	0.249	1	1	2.007
1251	pace	16017	0.249	1	1	2.003
1252	're	16048	0.25	1	1	2.001
1253	fine	96522	1.503	6	2	1.997
1254	Portion	48529	0.756	3	3	1.989
1255	insomuch	32477	0.506	2	2	1.984
1256	Purse	16277	0.254	1	1	1.98
1257	00	32578	0.507	2	1	1.979
1258	strongest	16405	0.255	1	1	1.969
1259	crooked	16446	0.256	1	1	1.965
1260	committed	115180	1.794	7	6	1.965
1261	executed	33017	0.514	2	2	1.96
1262	destroyed	66138	1.03	4	4	1.957
1263	iniquities	16575	0.258	1	1	1.954
1264	Ch.	33232	0.518	2	2	1.95
1265	causing	16632	0.259	1	1	1.949
1266	Pulled	16685	0.26	1	1	1.945
1267	burnt	50113	0.78	3	3	1.943
1268	Cousin	16703	0.26	1	1	1.943
1269	Col	16743	0.261	1	1	1.94
1270	turn	167524	2.609	10	7	1.939
1271	Hair	50335	0.784	3	2	1.936
1272	guided	16830	0.262	1	1	1.932
1273	tread	16838	0.262	1	1	1.931
1274	extant	16836	0.262	1	1	1.931
1275	Rom	16837	0.262	1	1	1.931
1276	foretold	16838	0.262	1	1	1.931
1277	shed	33752	0.526	2	2	1.928
1278	parted	16901	0.263	1	1	1.926
1279	Charitable	16906	0.263	1	1	1.926
1280	Constantinople	33964	0.529	2	1	1.919
1281	admired	17008	0.265	1	1	1.917
1282	judgments	34069	0.531	2	2	1.915
1283	Socrates	17043	0.265	1	1	1.914
1284	commit	51155	0.797	3	3	1.913
1285	Prophecy	51210	0.797	3	3	1.912
1286	professed	34256	0.533	2	2	1.907
1287	sister	51618	0.804	3	3	1.9
1288	n't	34507	0.537	2	2	1.896
1289	destitute	17265	0.269	1	1	1.895
1290	sisters	17302	0.269	1	1	1.892
1291	infected	17325	0.27	1	1	1.89
1292	confounded	17397	0.271	1	1	1.884
1293	trusted	17518	0.273	1	1	1.874
1294	Apostasy	17588	0.274	1	1	1.868
1295	plays	17593	0.274	1	1	1.868
1296	seeking	35296	0.55	2	2	1.864
1297	betray	17683	0.275	1	1	1.861
1298	urge	17702	0.276	1	1	1.859
1299	O.	17703	0.276	1	1	1.859
1300	National	17726	0.276	1	1	1.857
1301	heathen	53596	0.835	3	2	1.846
1302	de	804522	12.527	45	4	1.845
1303	Captains	35824	0.558	2	1	1.842
1304	sport	17952	0.28	1	1	1.839
1305	carry	108052	1.683	6	3	1.834
1306	hither	36037	0.561	2	2	1.834
1307	dumb	36044	0.561	2	2	1.833
1308	Predecessors	18045	0.281	1	1	1.831
1309	Dear	109293	1.702	6	4	1.818
1310	common	346098	5.389	19	15	1.818
1311	stately	18235	0.284	1	1	1.817
1312	Drunkenness	18268	0.285	1	1	1.813
1313	heretofore	36652	0.571	2	2	1.809
1314	practised	36690	0.571	2	2	1.808
1315	largely	18351	0.286	1	1	1.807
1316	Church	1175787	18.309	64	21	1.806
1317	bids	18389	0.286	1	1	1.804
1318	quit	18392	0.286	1	1	1.804
1319	subtle	36810	0.573	2	2	1.803
1320	heap	18409	0.287	1	1	1.802
1321	Monarch	18420	0.287	1	1	1.802
1322	quoth	36867	0.574	2	2	1.801
1323	overthrow	36900	0.575	2	2	1.799
1324	Courtesy	18515	0.288	1	1	1.794
1325	Cardinals	18647	0.29	1	1	1.784
1326	ruin	74606	1.162	4	3	1.784
1327	Universal	74773	1.164	4	2	1.781
1328	meant	112513	1.752	6	6	1.776
1329	sit	131502	2.048	7	6	1.773
1330	attribute	18881	0.294	1	1	1.766
1331	partake	18988	0.296	1	1	1.758
1332	Dan	38042	0.592	2	2	1.755
1333	Young	171502	2.671	9	8	1.753
1334	immortality	19100	0.297	1	1	1.75
1335	companion	19107	0.298	1	1	1.749
1336	horrid	19167	0.299	1	1	1.744
1337	Chains	19298	0.301	1	1	1.735
1338	fitted	19318	0.301	1	1	1.733
1339	18.	77389	1.205	4	4	1.731
1340	Fourthly	38947	0.607	2	2	1.721
1341	paid	58812	0.916	3	2	1.712
1342	horror	19604	0.305	1	1	1.712
1343	practises	19615	0.305	1	1	1.711
1344	restrained	19614	0.305	1	1	1.711
1345	Pomp	19649	0.306	1	1	1.708
1346	correct	19705	0.307	1	1	1.705
1347	Lyon	19709	0.307	1	1	1.704
1348	tremble	19753	0.308	1	1	1.701
1349	risen	19790	0.308	1	1	1.698
1350	signifies	79472	1.238	4	4	1.693
1351	reputed	19893	0.31	1	1	1.691
1352	fashion	39934	0.622	2	1	1.685
1353	probably	19999	0.311	1	1	1.683
1354	keeps	40024	0.623	2	2	1.682
1355	defect	20015	0.312	1	1	1.682
1356	replied	40276	0.627	2	2	1.673
1357	Privilege	40519	0.631	2	2	1.665
1358	Severity	20285	0.316	1	1	1.662
1359	lastly	81334	1.267	4	2	1.659
1360	arose	20382	0.317	1	1	1.656
1361	tie	20437	0.318	1	1	1.652
1362	conceive	81841	1.274	4	2	1.65
1363	takes	123079	1.917	6	5	1.646
1364	wear	20558	0.32	1	1	1.643
1365	along	61778	0.962	3	2	1.641
1366	vine	20598	0.321	1	1	1.641
1367	chaste	20646	0.322	1	1	1.637
1368	Bonds	20748	0.323	1	1	1.63
1369	habet	20783	0.324	1	1	1.628
1370	step	20981	0.327	1	1	1.614
1371	es	21017	0.327	1	1	1.611
1372	persecuted	21044	0.328	1	1	1.61
1373	seated	21058	0.328	1	1	1.609
1374	barren	21073	0.328	1	1	1.608
1375	ambitious	21078	0.328	1	1	1.607
1376	Calling	105619	1.645	5	5	1.604
1377	Husband	105631	1.645	5	5	1.604
1378	fighting	21135	0.329	1	1	1.603
1379	Milk	42416	0.661	2	2	1.598
1380	fee	21237	0.331	1	1	1.596
1381	Extent	21261	0.331	1	1	1.595
1382	cursed	42622	0.664	2	2	1.591
1383	flying	21405	0.333	1	1	1.585
1384	final	21409	0.333	1	1	1.585
1385	Troops	21505	0.335	1	1	1.578
1386	Sovereignty	21633	0.337	1	1	1.57
1387	Confesses	21697	0.338	1	1	1.566
1388	lying	65748	1.024	3	3	1.551
1389	laugh	21938	0.342	1	1	1.55
1390	stile	21951	0.342	1	1	1.549
1391	womb	44083	0.686	2	2	1.543
1392	knees	22165	0.345	1	1	1.535
1393	punish	44349	0.691	2	2	1.534
1394	Eighth	22214	0.346	1	1	1.532
1395	plainly	111081	1.73	5	4	1.531
1396	Virgins	22219	0.346	1	1	1.531
1397	Original	88923	1.385	4	1	1.531
1398	secrets	22386	0.349	1	1	1.52
1399	34.	22411	0.349	1	1	1.519
1400	Eggs	22433	0.349	1	1	1.517
1401	blood	426566	6.642	19	11	1.516
1402	sweat	22452	0.35	1	1	1.516
1403	oppression	22522	0.351	1	1	1.512
1404	bid	45051	0.702	2	2	1.511
1405	abuse	45195	0.704	2	2	1.507
1406	caused	113016	1.76	5	4	1.507
1407	weeping	22605	0.352	1	1	1.506
1408	boldness	22766	0.355	1	1	1.496
1409	indignation	22811	0.355	1	1	1.493
1410	Picture	22820	0.355	1	1	1.493
1411	fulfil	22851	0.356	1	1	1.491
1412	admire	22861	0.356	1	1	1.49
1413	looked	68727	1.07	3	2	1.487
1414	Jurisdiction	45854	0.714	2	2	1.486
1415	Traditions	22980	0.358	1	1	1.483
1416	hath	1823449	28.393	79	33	1.476
1417	Jer	23150	0.361	1	1	1.472
1418	Members	116122	1.808	5	4	1.467
1419	struck	23297	0.363	1	1	1.463
1420	returns	23425	0.365	1	1	1.455
1421	Corruptions	23463	0.365	1	1	1.453
1422	judgment	235552	3.668	10	8	1.447
1423	Judgements	47124	0.734	2	2	1.447
1424	Nobles	23632	0.368	1	1	1.442
1425	thinks	71088	1.107	3	3	1.438
1426	dance	23697	0.369	1	1	1.438
1427	Jew	23762	0.37	1	1	1.434
1428	accounts	23870	0.372	1	1	1.428
1429	a	14471665	225.342	606	194	1.427
1430	saw	191431	2.981	8	5	1.424
1431	Rob	23959	0.373	1	1	1.422
1432	sorry	23995	0.374	1	1	1.42
1433	seriously	24000	0.374	1	1	1.42
1434	called	768363	11.964	32	22	1.419
1435	troubled	72125	1.123	3	1	1.417
1436	shake	24043	0.374	1	1	1.417
1437	poor	313465	4.881	13	9	1.413
1438	redeemed	24139	0.376	1	1	1.412
1439	49	24226	0.377	1	1	1.407
1440	prey	24332	0.379	1	1	1.4
1441	Pull	24362	0.379	1	1	1.399
1442	Saints	194939	3.035	8	8	1.398
1443	steps	24371	0.38	1	1	1.398
1444	Prerogative	24389	0.38	1	1	1.397
1445	apprehend	24467	0.381	1	1	1.392
1446	Fortunes	24537	0.382	1	1	1.388
1447	assigned	24587	0.383	1	1	1.385
1448	Cruelty	49468	0.77	2	2	1.377
1449	lights	24751	0.385	1	1	1.376
1450	manifested	24803	0.386	1	1	1.373
1451	golden	49785	0.775	2	2	1.367
1452	evermore	24903	0.388	1	1	1.367
1453	kill	74750	1.164	3	3	1.366
1454	Lamb	50063	0.78	2	2	1.359
1455	Isa.	75282	1.172	3	3	1.356
1456	goes	100413	1.564	4	4	1.355
1457	Coast	25174	0.392	1	1	1.351
1458	Oh	126299	1.967	5	4	1.346
1459	exercises	25294	0.394	1	1	1.344
1460	loves	76043	1.184	3	3	1.341
1461	excess	25352	0.395	1	1	1.341
1462	Dull	25362	0.395	1	1	1.34
1463	Celestial	25497	0.397	1	1	1.333
1464	women	152987	2.382	6	6	1.333
1465	sorts	102012	1.589	4	1	1.332
1466	covetous	25513	0.397	1	1	1.332
1467	punished	51064	0.795	2	2	1.331
1468	fellow	51208	0.797	2	2	1.327
1469	profess	51407	0.801	2	2	1.321
1470	fill	51476	0.802	2	2	1.319
1471	signification	25765	0.401	1	1	1.318
1472	Imperial	25835	0.402	1	1	1.314
1473	Re	25840	0.402	1	1	1.313
1474	Kings	363629	5.662	14	12	1.306
1475	top	52060	0.811	2	1	1.303
1476	wo	26036	0.405	1	1	1.303
1477	bless	52076	0.811	2	1	1.302
1478	Gain	78199	1.218	3	3	1.301
1479	seed	130549	2.033	5	2	1.298
1480	Lover	26112	0.407	1	1	1.298
1481	43	26174	0.408	1	1	1.295
1482	esteemed	52613	0.819	2	2	1.288
1483	attended	26513	0.413	1	1	1.276
1484	suddenly	53066	0.826	2	2	1.275
1485	Flood	26569	0.414	1	1	1.273
1486	lays	26622	0.415	1	1	1.271
1487	list	26655	0.415	1	1	1.268
1488	behaviour	26702	0.416	1	1	1.266
1489	spent	53460	0.832	2	2	1.265
1490	has	321926	5.013	12	9	1.259
1491	modesty	26836	0.418	1	1	1.259
1492	setting	53750	0.837	2	2	1.257
1493	gross	53803	0.838	2	2	1.255
1494	manifest	107661	1.676	4	2	1.255
1495	mere	80762	1.258	3	3	1.254
1496	leads	26956	0.42	1	1	1.253
1497	City	377406	5.877	14	8	1.252
1498	Heir	53990	0.841	2	2	1.25
1499	obscure	27006	0.421	1	1	1.25
1500	Virgin	54072	0.842	2	2	1.248
1501	apparel	27082	0.422	1	1	1.246
1502	House	407406	6.344	15	12	1.242
1503	sorrows	27191	0.423	1	1	1.24
1504	School	27359	0.426	1	1	1.231
1505	defended	27388	0.427	1	1	1.229
1506	remarkable	27396	0.427	1	1	1.229
1507	brings	54834	0.854	2	2	1.228
1508	dishonour	27449	0.427	1	1	1.226
1509	pound	54933	0.855	2	2	1.225
1510	temples	27639	0.43	1	1	1.216
1511	weep	27707	0.431	1	1	1.213
1512	stick	27742	0.432	1	1	1.211
1513	beware	28157	0.438	1	1	1.19
1514	Followers	28164	0.439	1	1	1.189
1515	provoke	28409	0.442	1	1	1.177
1516	st	28567	0.445	1	1	1.169
1517	torment	28570	0.445	1	1	1.168
1518	's	1833403	28.548	64	31	1.165
1519	Ha	28655	0.446	1	1	1.164
1520	upon	2522161	39.273	88	46	1.164
1521	folly	57369	0.893	2	2	1.163
1522	haste	258415	4.024	9	7	1.161
1523	IX	28939	0.451	1	1	1.15
1524	Ah	29075	0.453	1	1	1.143
1525	Believers	58227	0.907	2	2	1.141
1526	weather	29174	0.454	1	1	1.138
1527	wont	58350	0.909	2	2	1.138
1528	begotten	29211	0.455	1	1	1.136
1529	Westminster	29288	0.456	1	1	1.133
1530	shown	29305	0.456	1	1	1.132
1531	Ezek.	29318	0.457	1	1	1.131
1532	slew	29392	0.458	1	1	1.128
1533	Thank	29699	0.463	1	1	1.112
1534	ou	29737	0.463	1	1	1.111
1535	31.	29803	0.464	1	1	1.107
1536	publicly	29824	0.464	1	1	1.107
1537	permit	29877	0.465	1	1	1.104
1538	claim	29873	0.465	1	1	1.104
1539	fellows	29880	0.465	1	1	1.104
1540	rank	29920	0.466	1	1	1.102
1541	while	300747	4.683	10	9	1.094
1542	displeasure	30153	0.47	1	1	1.091
1543	saying	211699	3.296	7	6	1.086
1544	Gentlemen	60495	0.942	2	2	1.086
1545	finished	30271	0.471	1	1	1.085
1546	mine	181777	2.831	6	3	1.084
1547	ordinarily	30303	0.472	1	1	1.083
1548	veins	30344	0.473	1	1	1.082
1549	figures	30387	0.473	1	1	1.079
1550	calls	121932	1.899	4	4	1.075
1551	permitted	30542	0.476	1	1	1.072
1552	Mothers	30565	0.476	1	1	1.071
1553	commend	30571	0.476	1	1	1.071
1554	wretched	30683	0.478	1	1	1.066
1555	harm	30750	0.479	1	1	1.063
1556	Idols	30951	0.482	1	1	1.053
1557	represent	31012	0.483	1	1	1.05
1558	Flesh	279311	4.349	9	7	1.049
1559	cares	31089	0.484	1	1	1.047
1560	16.	93810	1.461	3	3	1.038
1561	Condemnation	31282	0.487	1	1	1.038
1562	whom	782727	12.188	25	19	1.036
1563	Money	188212	2.931	6	5	1.034
1564	Inhabitants	62803	0.978	2	2	1.032
1565	shame	94222	1.467	3	3	1.032
1566	prove	220093	3.427	7	6	1.03
1567	pity	62915	0.98	2	2	1.03
1568	abused	31590	0.492	1	1	1.024
1569	corrupt	63197	0.984	2	2	1.023
1570	draws	31643	0.493	1	1	1.021
1571	youth	63555	0.99	2	2	1.015
1572	later	31782	0.495	1	1	1.015
1573	oppressed	31823	0.496	1	1	1.013
1574	old	414305	6.451	13	9	1.011
1575	Carnal	63756	0.993	2	2	1.01
1576	beauty	95667	1.49	3	3	1.01
1577	opposite	31956	0.498	1	1	1.007
1578	cries	32046	0.499	1	1	1.003
1579	VIII	32081	0.5	1	1	1.001
1580	dogs	32101	0.5	1	1	1
1581	treat	32126	0.5	1	1	0.999
1582	Doubtless	32131	0.5	1	1	0.999
1583	Deuteronomy	64271	1.001	2	2	0.999
1584	enough	225014	3.504	7	7	0.998
1585	yea	321813	5.011	10	7	0.997
1586	consequently	64502	1.004	2	1	0.994
1587	viz.	161354	2.513	5	5	0.993
1588	conquest	32321	0.503	1	1	0.991
1589	bosom	32336	0.504	1	1	0.99
1590	purchase	32356	0.504	1	1	0.989
1591	Maintenance	32482	0.506	1	1	0.983
1592	remaining	32552	0.507	1	1	0.98
1593	accused	32564	0.507	1	1	0.98
1594	commonly	97748	1.522	3	3	0.979
1595	Fuit	32677	0.509	1	1	0.975
1596	Praises	32770	0.51	1	1	0.971
1597	tells	98449	1.533	3	3	0.969
1598	You	3714542	57.84	113	42	0.966
1599	torments	32888	0.512	1	1	0.966
1600	Common-wealth	32931	0.513	1	1	0.964
1601	serves	32991	0.514	1	1	0.961
1602	vices	33021	0.514	1	1	0.96
1603	Record	33094	0.515	1	1	0.957
1604	Chapter	132959	2.07	4	2	0.95
1605	?	2527462	39.356	76	42	0.949
1606	wherein	332751	5.181	10	7	0.949
1607	married	66560	1.036	2	2	0.948
1608	beloved	66576	1.037	2	2	0.948
1609	bestow	33438	0.521	1	1	0.941
1610	James	100348	1.563	3	3	0.941
1611	17	133873	2.085	4	4	0.94
1612	whose	468798	7.3	14	12	0.939
1613	concerns	33496	0.522	1	1	0.939
1614	Agreement	33513	0.522	1	1	0.938
1615	using	33508	0.522	1	1	0.938
1616	wax	33550	0.522	1	1	0.937
1617	who	2315377	36.053	69	40	0.936
1618	crowns	33573	0.523	1	1	0.936
1619	Sir	371184	5.78	11	6	0.928
1620	fulfilled	33876	0.528	1	1	0.923
1621	Declares	33877	0.528	1	1	0.923
1622	Soldier	33917	0.528	1	1	0.921
1623	advanced	34128	0.531	1	1	0.912
1624	passes	34125	0.531	1	1	0.912
1625	support	34167	0.532	1	1	0.911
1626	throne	68392	1.065	2	2	0.909
1627	relief	34491	0.537	1	1	0.897
1628	certainty	34519	0.538	1	1	0.896
1629	dreadful	34583	0.539	1	1	0.893
1630	beaten	34661	0.54	1	1	0.89
1631	scorn	34703	0.54	1	1	0.888
1632	forbid	34724	0.541	1	1	0.887
1633	Winds	34784	0.542	1	1	0.885
1634	sons	139530	2.173	4	4	0.881
1635	broad	35012	0.545	1	1	0.875
1636	the	59190422	921.67	1687	265	0.872
1637	prevail	35221	0.548	1	1	0.867
1638	sends	35230	0.549	1	1	0.866
1639	aforesaid	106004	1.651	3	1	0.862
1640	farther	70765	1.102	2	2	0.86
1641	drive	35452	0.552	1	1	0.857
1642	Princess	35495	0.553	1	1	0.855
1643	make	1313915	20.459	37	26	0.855
1644	like	1070087	16.663	30	25	0.848
1645	Song	35727	0.556	1	1	0.846
1646	thou	1398203	21.772	39	21	0.841
1647	why	394748	6.147	11	11	0.84
1648	trade	71989	1.121	2	2	0.835
1649	moreover	72198	1.124	2	2	0.831
1650	Daughter	108707	1.693	3	3	0.826
1651	20	145215	2.261	4	4	0.823
1652	complain	36342	0.566	1	1	0.821
1653	tell	255280	3.975	7	6	0.816
1654	c	292350	4.552	8	2	0.813
1655	possess	36617	0.57	1	1	0.81
1656	mentioned	110171	1.716	3	3	0.806
1657	spoken	147126	2.291	4	4	0.804
1658	Mysteries	36792	0.573	1	1	0.804
1659	bed	73593	1.146	2	2	0.804
1660	flower	36901	0.575	1	1	0.799
1661	Town	184940	2.88	5	5	0.796
1662	Palace	37162	0.579	1	1	0.789
1663	valour	37184	0.579	1	1	0.788
1664	Jesuits	37256	0.58	1	1	0.786
1665	league	37496	0.584	1	1	0.776
1666	fifty	37601	0.586	1	1	0.772
1667	needs	150472	2.343	4	4	0.772
1668	succession	37662	0.586	1	1	0.77
1669	deep	75511	1.176	2	2	0.766
1670	press	37763	0.588	1	1	0.766
1671	quality	75538	1.176	2	2	0.766
1672	Masters	75576	1.177	2	2	0.765
1673	Vengeance	37813	0.589	1	1	0.764
1674	punishment	113533	1.768	3	3	0.763
1675	separated	37858	0.59	1	1	0.762
1676	lived	113584	1.769	3	3	0.762
1677	shall	2624249	40.863	69	37	0.756
1678	lips	38066	0.593	1	1	0.755
1679	debt	38106	0.593	1	1	0.753
1680	Omnes	38114	0.594	1	1	0.753
1681	devil	190658	2.969	5	5	0.752
1682	conduct	38180	0.595	1	1	0.75
1683	FINIS	38468	0.599	1	1	0.739
1684	Character	38558	0.6	1	1	0.736
1685	title	115960	1.806	3	3	0.732
1686	M.	193517	3.013	5	2	0.731
1687	Chap	271060	4.221	7	5	0.73
1688	Senate	38824	0.605	1	1	0.726
1689	spare	38949	0.607	1	1	0.721
1690	28	77934	1.214	2	2	0.721
1691	keep	313074	4.875	8	7	0.715
1692	am	509469	7.933	13	8	0.713
1693	loved	78391	1.221	2	2	0.712
1694	;	9536348	148.493	242	105	0.705
1695	follows	118360	1.843	3	2	0.703
1696	mountain	39556	0.616	1	1	0.699
1697	certainly	118694	1.848	3	3	0.699
1698	cold	119553	1.862	3	1	0.688
1699	necessarily	39984	0.623	1	1	0.684
1700	profane	40020	0.623	1	1	0.682
1701	Tongues	40030	0.623	1	1	0.682
1702	comparison	40468	0.63	1	1	0.666
1703	Arts	40476	0.63	1	1	0.666
1704	notable	40823	0.636	1	1	0.654
1705	doctrines	40858	0.636	1	1	0.652
1706	Lines	40967	0.638	1	1	0.649
1707	wine	164447	2.561	4	4	0.644
1708	past	123448	1.922	3	3	0.642
1709	Ladies	41212	0.642	1	1	0.64
1710	persecution	41265	0.643	1	1	0.638
1711	Fool	41266	0.643	1	1	0.638
1712	worship	206782	3.22	5	4	0.635
1713	Bill	41380	0.644	1	1	0.634
1714	"	41388	0.645	1	1	0.634
1715	proves	41434	0.645	1	1	0.632
1716	How	1244740	19.382	30	24	0.63
1717	though	1040761	16.206	25	17	0.625
1718	O	541781	8.436	13	10	0.624
1719	Honey	41845	0.652	1	1	0.618
1720	offering	41936	0.653	1	1	0.615
1721	manners	41947	0.653	1	1	0.614
1722	spake	83909	1.307	2	2	0.614
1723	Honours	42207	0.657	1	1	0.606
1724	mad	42332	0.659	1	1	0.601
1725	servant	127075	1.979	3	3	0.6
1726	whilst	127767	1.99	3	3	0.593
1727	utter	42614	0.664	1	1	0.592
1728	Brother	170744	2.659	4	4	0.589
1729	distinction	42763	0.666	1	1	0.587
1730	Rent	42785	0.666	1	1	0.586
1731	Sect	42803	0.667	1	1	0.585
1732	known	257669	4.012	6	6	0.581
1733	destroy	86113	1.341	2	2	0.577
1734	an	2497908	38.896	58	32	0.576
1735	become	172873	2.692	4	4	0.571
1736	Doctors	43227	0.673	1	1	0.571
1737	on	1948583	30.342	45	34	0.569
1738	meeting	43320	0.675	1	1	0.568
1739	foul	43393	0.676	1	1	0.566
1740	resist	43474	0.677	1	1	0.563
1741	&c	479189	7.462	11	10	0.56
1742	built	87141	1.357	2	2	0.56
1743	spread	43759	0.681	1	1	0.553
1744	Mark	131282	2.044	3	3	0.553
1745	Camp	43972	0.685	1	1	0.546
1746	bringing	44028	0.686	1	1	0.545
1747	went	264770	4.123	6	6	0.541
1748	true	751380	11.7	17	7	0.539
1749	beside	44252	0.689	1	1	0.537
1750	famous	88824	1.383	2	2	0.532
1751	dust	44440	0.692	1	1	0.531
1752	go	533648	8.31	12	11	0.53
1753	appearance	44583	0.694	1	1	0.527
1754	neither	537051	8.363	12	11	0.521
1755	refused	44792	0.698	1	1	0.52
1756	conclude	89613	1.395	2	2	0.519
1757	usual	44893	0.699	1	1	0.517
1758	Run	134767	2.099	3	2	0.516
1759	private	134915	2.101	3	2	0.514
1760	profit	90042	1.402	2	1	0.512
1761	Institution	45069	0.702	1	1	0.511
1762	kindness	45136	0.703	1	1	0.509
1763	Empire	90491	1.409	2	1	0.505
1764	Hill	45286	0.705	1	1	0.504
1765	face	181454	2.826	4	3	0.501
1766	Horse	136110	2.119	3	2	0.501
1767	begun	45469	0.708	1	1	0.498
1768	stead	45532	0.709	1	1	0.496
1769	Patient	45655	0.711	1	1	0.492
1770	judges	91633	1.427	2	2	0.487
1771	said	1514302	23.58	33	19	0.485
1772	fled	45957	0.716	1	1	0.483
1773	cried	45966	0.716	1	1	0.483
1774	rage	46100	0.718	1	1	0.478
1775	off	323311	5.034	7	7	0.476
1776	hitherto	46245	0.72	1	1	0.474
1777	merciful	46370	0.722	1	1	0.47
1778	Friendship	46387	0.722	1	1	0.469
1779	understand	185715	2.892	4	2	0.468
1780	vice	46611	0.726	1	1	0.462
1781	t	186780	2.908	4	3	0.46
1782	name	607418	9.458	13	9	0.459
1783	stir	46896	0.73	1	1	0.454
1784	(	3147389	49.009	67	34	0.451
1785	hand	471988	7.349	10	7	0.444
1786	W.	47212	0.735	1	1	0.444
1787	History	94546	1.472	2	2	0.442
1788	rightly	47299	0.737	1	1	0.441
1789	build	47348	0.737	1	1	0.44
1790	following	142882	2.225	3	3	0.431
1791	showed	142959	2.226	3	3	0.43
1792	seldom	47805	0.744	1	1	0.426
1793	thick	47822	0.745	1	1	0.425
1794	with	6743369	105.003	141	75	0.425
1795	Fury	47909	0.746	1	1	0.423
1796	post	47961	0.747	1	1	0.421
1797	thereto	48070	0.749	1	1	0.418
1798	me	1731164	26.956	36	18	0.417
1799	doth	963309	15	20	16	0.415
1800	ashamed	48199	0.751	1	1	0.414
1801	Philip	48328	0.753	1	1	0.41
1802	Knights	48428	0.754	1	1	0.407
1803	many	1356675	21.125	28	22	0.406
1804	worse	96916	1.509	2	2	0.406
1805	enter	145726	2.269	3	3	0.403
1806	wh	48807	0.76	1	1	0.396
1807	something	97686	1.521	2	2	0.395
1808	25.	48971	0.763	1	1	0.391
1809	mischief	49083	0.764	1	1	0.388
1810	withal	98276	1.53	2	2	0.386
1811	wicked	246712	3.842	5	3	0.38
1812	Over	545201	8.49	11	8	0.374
1813	Image	99324	1.547	2	2	0.371
1814	Beasts	99530	1.55	2	2	0.368
1815	conditions	49776	0.775	1	1	0.368
1816	And	37698224	587.009	755	231	0.363
1817	Whence	149816	2.333	3	3	0.363
1818	belly	50036	0.779	1	1	0.36
1819	suffered	100182	1.56	2	2	0.358
1820	that	17465266	271.956	348	131	0.356
1821	greatest	200955	3.129	4	4	0.354
1822	7	251211	3.912	5	3	0.354
1823	indeed	301803	4.7	6	5	0.352
1824	shalt	151151	2.354	3	2	0.35
1825	Dominion	50446	0.786	1	1	0.348
1826	away	504942	7.863	10	10	0.347
1827	instruments	50653	0.789	1	1	0.342
1828	always	304181	4.737	6	5	0.341
1829	behold	152112	2.369	3	3	0.341
1830	Sacraments	50743	0.79	1	1	0.34
1831	revealed	50925	0.793	1	1	0.335
1832	is	12301699	191.553	241	86	0.331
1833	fair	204535	3.185	4	4	0.329
1834	this	6548918	101.975	128	49	0.328
1835	danger	153644	2.392	3	3	0.327
1836	Commandments	51345	0.8	1	1	0.323
1837	g.	51419	0.801	1	1	0.321
1838	of	39170514	609.934	761	208	0.319
1839	plain	154580	2.407	3	2	0.318
1840	single	51634	0.804	1	1	0.315
1841	receiving	51659	0.804	1	1	0.314
1842	Aside	51692	0.805	1	1	0.313
1843	where	1086411	16.917	21	14	0.312
1844	,	97296499	1515.03	1879	346	0.311
1845	thousand	207672	3.234	4	4	0.307
1846	peculiar	51984	0.81	1	1	0.305
1847	too	521045	8.113	10	6	0.302
1848	already	157133	2.447	3	3	0.294
1849	Company	157530	2.453	3	3	0.29
1850	instead	52525	0.818	1	1	0.29
1851	excuse	52632	0.82	1	1	0.287
1852	Sinner	52649	0.82	1	1	0.287
1853	pride	105444	1.642	2	2	0.285
1854	going	105462	1.642	2	2	0.284
1855	loving	52941	0.824	1	1	0.279
1856	conceived	53148	0.828	1	1	0.273
1857	still	373001	5.808	7	7	0.269
1858	pay	106691	1.661	2	1	0.268
1859	usually	53352	0.831	1	1	0.267
1860	removed	53515	0.833	1	1	0.263
1861	falling	53567	0.834	1	1	0.262
1862	against	1339213	20.853	25	16	0.262
1863	Break	107397	1.672	2	2	0.258
1864	saving	53781	0.837	1	1	0.256
1865	back	161359	2.513	3	3	0.256
1866	bears	54088	0.842	1	1	0.248
1867	drawn	108352	1.687	2	2	0.245
1868	Israel	162651	2.533	3	2	0.244
1869	Images	54257	0.845	1	1	0.243
1870	night	217853	3.392	4	4	0.238
1871	deceived	54539	0.849	1	1	0.236
1872	Decree	54592	0.85	1	1	0.234
1873	accordingly	54707	0.852	1	1	0.231
1874	or	6140246	95.611	112	59	0.228
1875	willingly	54908	0.855	1	1	0.226
1876	Witness	109825	1.71	2	2	0.226
1877	turned	109846	1.71	2	2	0.226
1878	talk	54978	0.856	1	1	0.224
1879	hereby	55021	0.857	1	1	0.223
1880	Countenance	55145	0.859	1	1	0.22
1881	discover	55186	0.859	1	1	0.219
1882	even	607522	9.46	11	11	0.218
1883	Heb.	110708	1.724	2	2	0.214
1884	power	776557	12.092	14	8	0.211
1885	Powder	55485	0.864	1	1	0.211
1886	leaving	55555	0.865	1	1	0.209
1887	room	55576	0.865	1	1	0.209
1888	published	55591	0.866	1	1	0.208
1889	yet	1835928	28.588	33	23	0.207
1890	sore	55646	0.867	1	1	0.207
1891	sold	55694	0.867	1	1	0.206
1892	question	167153	2.603	3	3	0.205
1893	seventh	55727	0.868	1	1	0.205
1894	Satan	111662	1.739	2	2	0.202
1895	ear	55855	0.87	1	1	0.201
1896	[	280684	4.371	5	4	0.194
1897	rather	393402	6.126	7	6	0.192
1898	Principle	56247	0.876	1	1	0.191
1899	Consciences	56276	0.876	1	1	0.191
1900	last	450430	7.014	8	6	0.19
1901	accounted	56307	0.877	1	1	0.19
1902	brought	394377	6.141	7	5	0.189
1903	doubt	169037	2.632	3	3	0.189
1904	try	56352	0.878	1	1	0.189
1905	which	6940930	108.079	123	58	0.187
1906	Mass	56555	0.881	1	1	0.183
1907	society	56880	0.886	1	1	0.175
1908	happened	56956	0.887	1	1	0.173
1909	clearly	57009	0.888	1	1	0.172
1910	often	229358	3.571	4	4	0.164
1911	employed	57347	0.893	1	1	0.163
1912	price	57392	0.894	1	1	0.162
1913	wives	57399	0.894	1	1	0.162
1914	cast	229673	3.576	4	2	0.162
1915	touching	115302	1.795	2	2	0.156
1916	seeing	231216	3.6	4	4	0.152
1917	pretend	57850	0.901	1	1	0.151
1918	reign	115734	1.802	2	1	0.15
1919	overcome	57959	0.903	1	1	0.148
1920	finding	57977	0.903	1	1	0.148
1921	sight	174034	2.71	3	2	0.147
1922	give	758276	11.807	13	6	0.139
1923	perish	58343	0.909	1	1	0.138
1924	10	233570	3.637	4	4	0.137
1925	very	1174247	18.285	20	10	0.129
1926	diseases	58776	0.915	1	1	0.128
1927	fire	294315	4.583	5	4	0.126
1928	since	412107	6.417	7	6	0.125
1929	Devils	59091	0.92	1	1	0.12
1930	command	177468	2.763	3	3	0.119
1931	condemn	59378	0.925	1	1	0.113
1932	I	6187300	96.344	104	58	0.11
1933	set	595126	9.267	10	8	0.11
1934	19	119133	1.855	2	2	0.109
1935	23.	59639	0.929	1	1	0.107
1936	allowed	59743	0.93	1	1	0.104
1937	will	2993503	46.613	50	30	0.101
1938	makes	359288	5.595	6	5	0.101
1939	signify	59908	0.933	1	1	0.1
1940	heavy	59956	0.934	1	1	0.099
1941	Miracles	59991	0.934	1	1	0.098
1942	Pope	240165	3.74	4	3	0.097
1943	See	961542	14.972	16	16	0.096
1944	wrote	60122	0.936	1	1	0.095
1945	nor	1146191	17.848	19	17	0.09
1946	revenge	60376	0.94	1	1	0.089
1947	found	426408	6.64	7	7	0.076
1948	civil	121918	1.898	2	2	0.075
1949	asked	61036	0.95	1	1	0.073
1950	what	2320680	36.136	38	26	0.073
1951	ere	61209	0.953	1	1	0.069
1952	)	3126749	48.687	51	32	0.067
1953	join	61462	0.957	1	1	0.063
1954	base	61654	0.96	1	1	0.059
1955	Priest	123560	1.924	2	2	0.056
1956	en	61856	0.963	1	1	0.054
1957	one	2538275	39.524	41	22	0.053
1958	perceive	62013	0.966	1	1	0.051
1959	Italy	62147	0.968	1	1	0.047
1960	scarce	62192	0.968	1	1	0.046
1961	changed	62232	0.969	1	1	0.045
1962	My	2492426	38.81	40	24	0.044
1963	also	1433690	22.324	23	12	0.043
1964	little	624322	9.722	10	9	0.041
1965	understood	125485	1.954	2	1	0.034
1966	your	2073026	32.28	33	20	0.032
1967	amongst	251926	3.923	4	4	0.028
1968	Powers	63000	0.981	1	1	0.028
1969	rejoice	63078	0.982	1	1	0.026
1970	trust	126242	1.966	2	2	0.025
1971	art	315875	4.919	5	4	0.024
1972	supposed	63181	0.984	1	1	0.024
1973	h	63235	0.985	1	1	0.022
1974	have	4691254	73.049	74	47	0.019
1975	betwixt	127079	1.979	2	2	0.015
1976	ours	63665	0.991	1	1	0.013
1977	verse	254782	3.967	4	3	0.012
1978	suffer	191145	2.976	3	2	0.011
1979	comes	255457	3.978	4	2	0.008
1980	none	383245	5.968	6	6	0.008
1981	case	319514	4.975	5	5	0.007
1982	Temple	127888	1.991	2	2	0.006
1983	nothing	640275	9.97	10	8	0.004
1984	gives	192161	2.992	3	3	0.004
1985	remains	64087	0.998	1	1	0.003
1986	be	9896153	154.096	154	72	-0.001
1987	taught	128541	2.002	2	2	-0.001
1988	door	64326	1.002	1	1	-0.002
1989	glorious	128843	2.006	2	2	-0.004
1990	been	1095200	17.054	17	10	-0.005
1991	earth	451529	7.031	7	7	-0.006
1992	children	387096	6.028	6	6	-0.007
1993	absolute	64604	1.006	1	1	-0.009
1994	come	1165618	18.15	18	14	-0.012
1995	constant	64819	1.009	1	1	-0.013
1996	grant	129668	2.019	2	2	-0.014
1997	ways	194504	3.029	3	2	-0.014
1998	safe	64842	1.01	1	1	-0.014
1999	Scripture	324647	5.055	5	3	-0.016
2000	sundry	65069	1.013	1	1	-0.019
2001	sacrifice	130353	2.03	2	2	-0.021
2002	standing	65368	1.018	1	1	-0.026
2003	innocent	65570	1.021	1	1	-0.03
2004	judge	262867	4.093	4	3	-0.033
2005	thus	788750	12.282	12	10	-0.033
2006	greatly	65797	1.025	1	1	-0.035
2007	endure	66031	1.028	1	1	-0.04
2008	every	1057014	16.459	16	11	-0.041
2009	higher	66116	1.03	1	1	-0.042
2010	thee	728077	11.337	11	8	-0.044
2011	s	133183	2.074	2	2	-0.052
2012	simple	66612	1.037	1	1	-0.053
2013	Evidence	67123	1.045	1	1	-0.064
2014	Letter	134624	2.096	2	2	-0.068
2015	Clergy	67422	1.05	1	1	-0.07
2016	draw	134904	2.101	2	2	-0.071
2017	v.	202373	3.151	3	1	-0.071
2018	Churches	202693	3.156	3	3	-0.073
2019	Jacob	67737	1.055	1	1	-0.077
2020	being	1764433	27.475	26	11	-0.08
2021	next	271507	4.228	4	3	-0.08
2022	satisfied	67883	1.057	1	1	-0.08
2023	Alas	67915	1.058	1	1	-0.081
2024	Soldiers	136167	2.12	2	2	-0.084
2025	e	136544	2.126	2	2	-0.088
2026	forth	410791	6.397	6	4	-0.092
2027	these	1985969	30.924	29	16	-0.093
2028	Full	343239	5.345	5	5	-0.096
2029	for	9369441	145.894	136	78	-0.101
2030	now	1519152	23.655	22	17	-0.105
2031	do	2417629	37.646	35	26	-0.105
2032	n	69208	1.078	1	1	-0.108
2033	should	1871070	29.135	27	13	-0.11
2034	Witnesses	69349	1.08	1	1	-0.111
2035	9	208082	3.24	3	1	-0.111
2036	bare	69451	1.081	1	1	-0.113
2037	again	627628	9.773	9	8	-0.119
2038	Show	349122	5.436	5	5	-0.121
2039	but	6983890	108.748	100	44	-0.121
2040	pieces	70256	1.094	1	1	-0.13
2041	out	1686345	26.259	24	20	-0.13
2042	crown	140652	2.19	2	2	-0.131
2043	hopes	70348	1.095	1	1	-0.131
2044	Stones	70601	1.099	1	1	-0.137
2045	although	212964	3.316	3	3	-0.145
2046	Dwell	70987	1.105	1	1	-0.145
2047	When	2343068	36.485	33	26	-0.145
2048	appears	142173	2.214	2	2	-0.147
2049	disease	71132	1.108	1	1	-0.147
2050	wrong	71272	1.11	1	1	-0.15
2051	long	571124	8.893	8	7	-0.153
2052	made	1503973	23.419	21	11	-0.157
2053	Almighty	71617	1.115	1	1	-0.157
2054	]	429805	6.693	6	2	-0.158
2055	signs	71737	1.117	1	1	-0.16
2056	public	215912	3.362	3	3	-0.164
2057	No	2739631	42.66	38	29	-0.167
2058	having	579260	9.02	8	8	-0.173
2059	.	39047260	608.015	539	156	-0.174
2060	forward	72541	1.13	1	1	-0.176
2061	met	72645	1.131	1	1	-0.178
2062	gave	290757	4.528	4	4	-0.179
2063	pleasant	72707	1.132	1	1	-0.179
2064	are	5017099	78.123	69	41	-0.179
2065	19.	72769	1.133	1	1	-0.18
2066	self	948089	14.763	13	9	-0.183
2067	Priests	145909	2.272	2	2	-0.184
2068	kingdoms	73313	1.142	1	1	-0.191
2069	help	220081	3.427	3	3	-0.192
2070	London	146866	2.287	2	2	-0.193
2071	noble	146938	2.288	2	2	-0.194
2072	became	73544	1.145	1	1	-0.196
2073	know	736780	11.473	10	10	-0.198
2074	Wealth	73703	1.148	1	1	-0.199
2075	during	74035	1.153	1	1	-0.205
2076	must	1333555	20.765	18	15	-0.206
2077	does	222564	3.466	3	3	-0.208
2078	wherewith	74362	1.158	1	1	-0.212
2079	Court	223217	3.476	3	3	-0.212
2080	16	148850	2.318	2	2	-0.213
2081	quite	74671	1.163	1	1	-0.217
2082	&c.	299097	4.657	4	4	-0.219
2083	thy	1346327	20.964	18	13	-0.22
2084	honour	374182	5.827	5	5	-0.221
2085	get	149760	2.332	2	2	-0.222
2086	servants	149996	2.336	2	2	-0.224
2087	placed	75106	1.17	1	1	-0.226
2088	Multitude	75242	1.172	1	1	-0.228
2089	expressed	75252	1.172	1	1	-0.229
2090	agree	75479	1.175	1	1	-0.233
2091	Ages	75749	1.18	1	1	-0.238
2092	7.	151741	2.363	2	2	-0.24
2093	20.	75893	1.182	1	1	-0.241
2094	easily	151870	2.365	2	2	-0.242
2095	short	151930	2.366	2	2	-0.242
2096	wisdom	228022	3.551	3	1	-0.243
2097	gold	152169	2.37	2	2	-0.245
2098	says	304429	4.74	4	4	-0.245
2099	had	2740575	42.674	36	31	-0.245
2100	figure	76261	1.188	1	1	-0.248
2101	formerly	76730	1.195	1	1	-0.257
2102	wish	76763	1.195	1	1	-0.257
2103	ignorance	77023	1.199	1	1	-0.262
2104	relation	77150	1.201	1	1	-0.265
2105	Then	2700348	42.048	35	26	-0.265
2106	besides	231481	3.605	3	3	-0.265
2107	two	926661	14.429	12	7	-0.266
2108	unless	154621	2.408	2	2	-0.268
2109	15	154905	2.412	2	2	-0.27
2110	Sea	233892	3.642	3	3	-0.28
2111	Root	78309	1.219	1	1	-0.286
2112	Well	1096551	17.075	14	9	-0.286
2113	Stand	235721	3.671	3	3	-0.291
2114	There	2595192	40.41	33	27	-0.292
2115	cruel	78662	1.225	1	1	-0.293
2116	maintain	78757	1.226	1	1	-0.294
2117	all	5908829	92.008	75	44	-0.295
2118	Vain	158202	2.463	2	2	-0.301
2119	sleep	79160	1.233	1	1	-0.302
2120	dry	79186	1.233	1	1	-0.302
2121	sayeth	633645	9.867	8	8	-0.303
2122	was	5179337	80.649	65	46	-0.311
2123	followed	79683	1.241	1	1	-0.311
2124	light	399350	6.218	5	5	-0.315
2125	intended	80059	1.247	1	1	-0.318
2126	ears	80061	1.247	1	1	-0.318
2127	sinners	80649	1.256	1	1	-0.329
2128	live	322774	5.026	4	3	-0.329
2129	let	968524	15.081	12	8	-0.33
2130	generally	80754	1.257	1	1	-0.33
2131	enemy	162072	2.524	2	2	-0.336
2132	wonder	81268	1.265	1	1	-0.34
2133	at	3182175	49.551	39	31	-0.345
2134	added	81800	1.274	1	1	-0.349
2135	told	164509	2.562	2	2	-0.357
2136	particular	248725	3.873	3	3	-0.368
2137	different	82962	1.292	1	1	-0.369
2138	un	83123	1.294	1	1	-0.372
2139	John	415725	6.473	5	5	-0.373
2140	lead	83367	1.298	1	1	-0.376
2141	seem	166761	2.597	2	2	-0.377
2142	acknowledge	83501	1.3	1	1	-0.379
2143	more	2262327	35.227	27	21	-0.384
2144	according	502781	7.829	6	4	-0.384
2145	cure	84022	1.308	1	1	-0.388
2146	divided	84122	1.31	1	1	-0.389
2147	ordained	84488	1.316	1	1	-0.396
2148	Head	338290	5.268	4	3	-0.397
2149	chosen	84591	1.317	1	1	-0.397
2150	gifts	84700	1.319	1	1	-0.399
2151	whatsoever	170245	2.651	2	2	-0.406
2152	precious	85205	1.327	1	1	-0.408
2153	another	682313	10.625	8	7	-0.409
2154	yield	85483	1.331	1	1	-0.413
2155	deal	85541	1.332	1	1	-0.414
2156	Ministers	171247	2.667	2	2	-0.415
2157	obey	85680	1.334	1	1	-0.416
2158	wit	172149	2.681	2	2	-0.423
2159	up	1119358	17.43	13	11	-0.423
2160	Parents	86126	1.341	1	1	-0.423
2161	enjoy	86143	1.341	1	1	-0.424
2162	close	86281	1.344	1	1	-0.426
2163	Tim	86301	1.344	1	1	-0.426
2164	dead	259219	4.036	3	3	-0.428
2165	thereby	172833	2.691	2	2	-0.428
2166	Fault	86579	1.348	1	1	-0.431
2167	Righteous	86685	1.35	1	1	-0.433
2168	table	86761	1.351	1	1	-0.434
2169	named	86879	1.353	1	1	-0.436
2170	4	434750	6.77	5	4	-0.437
2171	former	261116	4.066	3	3	-0.439
2172	under	696455	10.845	8	4	-0.439
2173	Queen	174640	2.719	2	2	-0.443
2174	hour	87383	1.361	1	1	-0.444
2175	parts	350458	5.457	4	4	-0.448
2176	as	9292085	144.69	106	49	-0.449
2177	so	5366625	83.565	61	39	-0.454
2178	believed	87994	1.37	1	1	-0.454
2179	english	176398	2.747	2	2	-0.458
2180	reward	88300	1.375	1	1	-0.459
2181	both	976138	15.2	11	9	-0.467
2182	Captain	88772	1.382	1	1	-0.467
2183	ill	177562	2.765	2	2	-0.467
2184	down	533657	8.31	6	6	-0.47
2185	satisfaction	89126	1.388	1	1	-0.473
2186	charge	178431	2.778	2	2	-0.474
2187	fall	267911	4.172	3	3	-0.476
2188	therein	178975	2.787	2	2	-0.479
2189	practice	89548	1.394	1	1	-0.48
2190	same	1256120	19.559	14	7	-0.482
2191	forced	89873	1.399	1	1	-0.485
2192	think	539870	8.407	6	5	-0.487
2193	half	181109	2.82	2	2	-0.496
2194	to	27864128	433.88	307	126	-0.499
2195	remain	90767	1.413	1	1	-0.499
2196	beginning	182083	2.835	2	2	-0.504
2197	:	8018849	124.864	88	67	-0.505
2198	hear	273421	4.258	3	3	-0.505
2199	sin	729699	11.362	8	7	-0.506
2200	easy	91240	1.421	1	1	-0.507
2201	possible	91250	1.421	1	1	-0.507
2202	Guilty	91473	1.424	1	1	-0.51
2203	honourable	91740	1.429	1	1	-0.515
2204	Wherefore	183911	2.864	2	2	-0.518
2205	stay	91988	1.432	1	1	-0.518
2206	fully	92165	1.435	1	1	-0.521
2207	began	184715	2.876	2	2	-0.524
2208	once	277740	4.325	3	3	-0.528
2209	want	185706	2.892	2	1	-0.532
2210	heads	93035	1.449	1	1	-0.535
2211	written	186305	2.901	2	2	-0.537
2212	pleasure	186565	2.905	2	2	-0.539
2213	sentence	93324	1.453	1	1	-0.539
2214	Spirit	654859	10.197	7	2	-0.543
2215	high	281250	4.379	3	2	-0.546
2216	riches	93796	1.461	1	1	-0.546
2217	if	3293480	51.284	35	28	-0.551
2218	ones	94155	1.466	1	1	-0.552
2219	namely	94600	1.473	1	1	-0.559
2220	Sacred	94725	1.475	1	1	-0.561
2221	might	949632	14.787	10	10	-0.564
2222	till	379902	5.916	4	3	-0.565
2223	friends	189996	2.959	2	2	-0.565
2224	eyes	285959	4.453	3	2	-0.57
2225	they	6960305	108.381	73	42	-0.57
2226	delight	95852	1.493	1	1	-0.578
2227	I.	191916	2.988	2	1	-0.579
2228	Righteousness	192253	2.994	2	2	-0.582
2229	here	866663	13.495	9	8	-0.584
2230	because	1157094	18.017	12	11	-0.586
2231	speaking	96859	1.508	1	1	-0.593
2232	resolved	96934	1.509	1	1	-0.594
2233	begin	97196	1.514	1	1	-0.598
2234	Degree	97277	1.515	1	1	-0.599
2235	making	195439	3.043	2	2	-0.606
2236	those	1667771	25.969	17	15	-0.611
2237	through	491298	7.65	5	5	-0.614
2238	fit	197019	3.068	2	2	-0.617
2239	affairs	98583	1.535	1	1	-0.618
2240	may	2661871	41.449	27	21	-0.618
2241	14.	99060	1.543	1	1	-0.625
2242	few	199429	3.105	2	2	-0.635
2243	perhaps	99958	1.557	1	1	-0.638
2244	William	100370	1.563	1	1	-0.644
2245	stood	100471	1.565	1	1	-0.646
2246	Thomas	100867	1.571	1	1	-0.651
2247	S.	403850	6.289	4	4	-0.653
2248	did	1515759	23.602	15	13	-0.654
2249	23	101193	1.576	1	1	-0.656
2250	darkness	101306	1.578	1	1	-0.658
2251	&	2737777	42.631	27	15	-0.659
2252	catholic	101512	1.581	1	1	-0.661
2253	fear	406154	6.324	4	4	-0.661
2254	content	101607	1.582	1	1	-0.662
2255	lest	101960	1.588	1	1	-0.667
2256	Prince	306162	4.767	3	2	-0.668
2257	exercise	102303	1.593	1	1	-0.672
2258	La	204980	3.192	2	1	-0.674
2259	not	8929558	139.045	87	51	-0.676
2260	testimony	102732	1.6	1	1	-0.678
2261	bring	310345	4.833	3	3	-0.688
2262	world	932868	14.526	9	7	-0.691
2263	Consider	208021	3.239	2	2	-0.696
2264	immediately	104214	1.623	1	1	-0.698
2265	can	1982819	30.875	19	18	-0.7
2266	h.	104565	1.628	1	1	-0.703
2267	born	104623	1.629	1	1	-0.704
2268	longer	105304	1.64	1	1	-0.713
2269	follow	211834	3.299	2	2	-0.722
2270	22	105972	1.65	1	1	-0.723
2271	3.	318523	4.96	3	2	-0.725
2272	declared	106222	1.654	1	1	-0.726
2273	in	20011385	311.603	188	88	-0.729
2274	13.	106799	1.663	1	1	-0.734
2275	special	107206	1.669	1	1	-0.739
2276	mighty	107406	1.672	1	1	-0.742
2277	act	322490	5.022	3	3	-0.743
2278	Jerusalem	108264	1.686	1	1	-0.753
2279	Error	108610	1.691	1	1	-0.758
2280	ever	652700	10.163	6	6	-0.76
2281	whether	435425	6.78	4	4	-0.761
2282	man	1972758	30.718	18	15	-0.771
2283	especially	220705	3.437	2	2	-0.781
2284	Henry	110662	1.723	1	1	-0.785
2285	by	7416468	115.484	67	35	-0.785
2286	le	110821	1.726	1	1	-0.787
2287	never	778679	12.125	7	7	-0.793
2288	therefore	1231317	19.173	11	9	-0.802
2289	heart	559805	8.717	5	3	-0.802
2290	equal	111972	1.744	1	1	-0.802
2291	gone	112323	1.749	1	1	-0.807
2292	5	338721	5.274	3	2	-0.814
2293	take	907131	14.125	8	8	-0.82
2294	offered	113433	1.766	1	1	-0.821
2295	sometimes	226924	3.534	2	2	-0.821
2296	Fourth	113523	1.768	1	1	-0.822
2297	wrath	113648	1.77	1	1	-0.823
2298	Letters	113754	1.771	1	1	-0.825
2299	3	571164	8.894	5	5	-0.831
2300	houses	114523	1.783	1	1	-0.835
2301	River	115702	1.802	1	1	-0.849
2302	sent	348162	5.421	3	3	-0.854
2303	he	9215356	143.495	79	57	-0.861
2304	his	9217642	143.53	79	56	-0.861
2305	tongue	116704	1.817	1	1	-0.862
2306	length	117029	1.822	1	1	-0.866
2307	year	352165	5.484	3	3	-0.87
2308	thought	352735	5.493	3	3	-0.873
2309	than	940786	14.649	8	7	-0.873
2310	Ye	825703	12.857	7	6	-0.877
2311	Gen.	118079	1.839	1	1	-0.879
2312	find	472931	7.364	4	4	-0.881
2313	part	827721	12.889	7	6	-0.881
2314	proved	118293	1.842	1	1	-0.881
2315	repentance	118567	1.846	1	1	-0.885
2316	from	3924250	61.106	33	26	-0.889
2317	came	478712	7.454	4	4	-0.898
2318	presently	119716	1.864	1	1	-0.898
2319	Names	120160	1.871	1	1	-0.904
2320	send	120341	1.874	1	1	-0.906
2321	wise	241600	3.762	2	2	-0.911
2322	pray	242183	3.771	2	2	-0.915
2323	right	484646	7.547	4	4	-0.916
2324	took	243304	3.789	2	2	-0.922
2325	War	243324	3.789	2	1	-0.922
2326	reasons	123167	1.918	1	1	-0.94
2327	would	1733888	26.999	14	14	-0.947
2328	text	124188	1.934	1	1	-0.951
2329	Except	124877	1.945	1	1	-0.959
2330	such	2262212	35.226	18	17	-0.969
2331	way	756236	11.776	6	6	-0.973
2332	four	252980	3.939	2	2	-0.978
2333	receive	254239	3.959	2	2	-0.985
2334	confess	127821	1.99	1	1	-0.993
2335	business	128020	1.993	1	1	-0.995
2336	only	1544540	24.05	12	12	-1.003
2337	Kingdom	388117	6.044	3	3	-1.01
2338	doing	129395	2.015	1	1	-1.011
2339	pleased	129448	2.016	1	1	-1.011
2340	Prayers	131302	2.045	1	1	-1.032
2341	Laws	264682	4.121	2	2	-1.043
2342	means	397591	6.191	3	3	-1.045
2343	him	4270811	66.502	32	17	-1.055
2344	please	133516	2.079	1	1	-1.056
2345	10.	134546	2.095	1	1	-1.067
2346	could	808277	12.586	6	6	-1.069
2347	White	134914	2.101	1	1	-1.071
2348	Cross	135455	2.109	1	1	-1.077
2349	their	5435041	84.631	40	29	-1.081
2350	dare	135920	2.116	1	1	-1.082
2351	mind	407887	6.351	3	3	-1.082
2352	read	271950	4.235	2	2	-1.082
2353	say	1089806	16.97	8	8	-1.085
2354	Argument	136912	2.132	1	1	-1.092
2355	goodness	137312	2.138	1	1	-1.096
2356	six	138046	2.15	1	1	-1.104
2357	Friend	138523	2.157	1	1	-1.109
2358	soul	555660	8.652	4	4	-1.113
2359	2	973176	15.154	7	5	-1.114
2360	strange	139257	2.168	1	1	-1.117
2361	cut	140466	2.187	1	1	-1.129
2362	after	1272516	19.815	9	8	-1.139
2363	clear	141407	2.202	1	1	-1.139
2364	Angels	142073	2.212	1	1	-1.146
2365	left	284479	4.43	2	2	-1.147
2366	most	1280269	19.935	9	9	-1.147
2367	rich	142318	2.216	1	1	-1.148
2368	Were	2871299	44.71	20	17	-1.161
2369	deny	143761	2.239	1	1	-1.163
2370	any	2444028	38.057	17	15	-1.163
2371	Air	144042	2.243	1	1	-1.165
2372	home	144093	2.244	1	1	-1.166
2373	knows	144623	2.252	1	1	-1.171
2374	eat	145185	2.261	1	1	-1.177
2375	cause	585252	9.113	4	4	-1.188
2376	first	1465032	22.812	10	9	-1.19
2377	foot	146629	2.283	1	1	-1.191
2378	Afterwards	146805	2.286	1	1	-1.193
2379	P.	440626	6.861	3	3	-1.193
2380	Child	148012	2.305	1	1	-1.205
2381	C.	296045	4.61	2	2	-1.205
2382	together	444738	6.925	3	3	-1.207
2383	notwithstanding	148685	2.315	1	1	-1.211
2384	Hell	149518	2.328	1	1	-1.219
2385	D.	149564	2.329	1	1	-1.22
2386	labour	151222	2.355	1	1	-1.236
2387	put	607656	9.462	4	4	-1.242
2388	Moses	152440	2.374	1	1	-1.247
2389	speaks	153099	2.384	1	1	-1.253
2390	Five	154870	2.412	1	1	-1.27
2391	kind	310094	4.829	2	2	-1.272
2392	sweet	155475	2.421	1	1	-1.276
2393	Peter	156920	2.443	1	1	-1.289
2394	into	1727535	26.9	11	10	-1.29
2395	own	1256418	19.564	8	7	-1.29
2396	Office	157520	2.453	1	1	-1.294
2397	before	1422340	22.148	9	9	-1.299
2398	Nay	158341	2.466	1	1	-1.302
2399	Christs	158654	2.47	1	1	-1.305
2400	causes	158986	2.476	1	1	-1.308
2401	faithful	159195	2.479	1	1	-1.31
2402	Secondly	160056	2.492	1	1	-1.317
2403	taken	481305	7.495	3	2	-1.321
2404	it	11231693	174.892	70	36	-1.321
2405	much	1448309	22.552	9	8	-1.325
2406	14	162434	2.529	1	1	-1.339
2407	se	163405	2.544	1	1	-1.347
2408	given	491070	7.647	3	3	-1.35
2409	its	492268	7.665	3	3	-1.353
2410	due	164838	2.567	1	1	-1.36
2411	State	329799	5.135	2	1	-1.36
2412	about	661900	10.307	4	4	-1.365
2413	general	331599	5.163	2	2	-1.368
2414	comfort	167468	2.608	1	1	-1.383
2415	love	838220	13.052	5	5	-1.384
2416	best	335557	5.225	2	2	-1.385
2417	some	1845849	28.742	11	8	-1.386
2418	worthy	168026	2.616	1	1	-1.388
2419	favour	168241	2.62	1	1	-1.389
2420	less	337828	5.26	2	2	-1.395
2421	day	864384	13.46	5	5	-1.429
2422	form	173701	2.705	1	1	-1.435
2423	truth	521766	8.125	3	3	-1.437
2424	ready	174387	2.715	1	1	-1.441
2425	people	885047	13.781	5	3	-1.463
2426	return	177443	2.763	1	1	-1.466
2427	11	177974	2.771	1	1	-1.471
2428	whole	534092	8.317	3	1	-1.471
2429	Body	712249	11.091	4	4	-1.471
2430	seems	178155	2.774	1	1	-1.472
2431	joy	178769	2.784	1	1	-1.477
2432	evil	357919	5.573	2	2	-1.479
2433	th	180132	2.805	1	1	-1.488
2434	kept	180349	2.808	1	1	-1.49
2435	sins	361871	5.635	2	2	-1.494
2436	believe	363239	5.656	2	2	-1.5
2437	father	550491	8.572	3	3	-1.515
2438	certain	370843	5.775	2	2	-1.53
2439	Duke	187759	2.924	1	1	-1.548
2440	end	571167	8.894	3	3	-1.568
2441	themselves	761621	11.859	4	4	-1.568
2442	alone	190842	2.972	1	1	-1.571
2443	other	2103223	32.75	11	8	-1.574
2444	learned	191725	2.985	1	1	-1.578
2445	6.	191822	2.987	1	1	-1.579
2446	liberty	193859	3.019	1	1	-1.594
2447	eternal	195016	3.037	1	1	-1.602
2448	12	195478	3.044	1	1	-1.606
2449	we	4105074	63.921	21	16	-1.606
2450	bear	196568	3.061	1	1	-1.614
2451	times	394191	6.138	2	2	-1.618
2452	Jews	197436	3.074	1	1	-1.62
2453	rest	396125	6.168	2	2	-1.625
2454	soon	198528	3.091	1	1	-1.628
2455	Jesus	399809	6.226	2	2	-1.638
2456	done	601055	9.359	3	3	-1.641
2457	age	202681	3.156	1	1	-1.658
2458	Cor.	203716	3.172	1	1	-1.665
2459	subject	206440	3.215	1	1	-1.685
2460	1	1451762	22.606	7	5	-1.691
2461	God	4174430	65.001	20	16	-1.7
2462	appear	209107	3.256	1	1	-1.703
2463	divers	210634	3.28	1	1	-1.714
2464	account	211262	3.29	1	1	-1.718
2465	hundred	212307	3.306	1	1	-1.725
2466	Gods	640962	9.981	3	2	-1.734
2467	fathers	213875	3.33	1	1	-1.736
2468	prayer	214365	3.338	1	1	-1.739
2469	sure	217623	3.389	1	1	-1.761
2470	Christians	219658	3.42	1	1	-1.774
2471	them	4855982	75.614	22	17	-1.781
2472	reason	664880	10.353	3	3	-1.787
2473	others	665440	10.362	3	3	-1.788
2474	better	443737	6.91	2	2	-1.789
2475	service	222275	3.461	1	1	-1.791
2476	otherwise	223302	3.477	1	1	-1.798
2477	care	224334	3.493	1	1	-1.805
2478	heard	225126	3.506	1	1	-1.81
2479	things	1357990	21.146	6	6	-1.817
2480	seen	227877	3.548	1	1	-1.827
2481	Council	228985	3.566	1	1	-1.834
2482	thereof	458302	7.136	2	2	-1.835
2483	holy	701649	10.926	3	3	-1.865
2484	unto	1880305	29.279	8	7	-1.872
2485	pass	235903	3.673	1	1	-1.877
2486	death	707920	11.023	3	2	-1.878
2487	Law	712338	11.092	3	3	-1.886
2488	Virtue	240899	3.751	1	1	-1.907
2489	Justice	242072	3.769	1	1	-1.914
2490	souls	242572	3.777	1	1	-1.917
2491	hold	243646	3.794	1	1	-1.924
2492	mean	244094	3.801	1	1	-1.926
2493	natural	246892	3.844	1	1	-1.943
2494	towards	247540	3.855	1	1	-1.947
2495	enemies	253975	3.955	1	1	-1.984
2496	Look	255208	3.974	1	1	-1.991
2497	concerning	262903	4.094	1	1	-2.033
2498	leave	264688	4.122	1	1	-2.043
2499	Christ	1858951	28.946	7	7	-2.048
2500	himself	1068396	16.636	4	4	-2.056
2501	good	1608969	25.054	6	5	-2.062
2502	Mr.	271819	4.233	1	1	-2.082
2503	Able	271961	4.235	1	1	-2.082
2504	either	552589	8.605	2	2	-2.105
2505	our	3333885	51.913	12	9	-2.113
2506	used	278736	4.34	1	1	-2.118
2507	just	281045	4.376	1	1	-2.13
2508	else	281410	4.382	1	1	-2.132
2509	die	284558	4.431	1	1	-2.148
2510	time	1426900	22.219	5	5	-2.152
2511	sense	285637	4.448	1	1	-2.153
2512	Gospel	291769	4.543	1	1	-2.184
2513	Lord	1459090	22.72	5	5	-2.184
2514	contrary	291963	4.546	1	1	-2.185
2515	use	603174	9.392	2	1	-2.231
2516	Christian	303553	4.727	1	1	-2.241
2517	nature	607747	9.463	2	2	-2.242
2518	6	304045	4.734	1	1	-2.243
2519	several	304872	4.747	1	1	-2.247
2520	places	305157	4.752	1	1	-2.248
2521	men	1835942	28.588	6	6	-2.252
2522	desire	306364	4.771	1	1	-2.254
2523	land	307074	4.782	1	1	-2.257
2524	L.	308378	4.802	1	1	-2.264
2525	England	309285	4.816	1	1	-2.268
2526	Country	310285	4.832	1	1	-2.272
2527	works	315242	4.909	1	1	-2.295
2528	us	2216337	34.511	7	7	-2.302
2529	least	319491	4.975	1	1	-2.315
2530	words	643917	10.027	2	2	-2.326
2531	hands	327530	5.1	1	1	-2.351
2532	ad	336628	5.242	1	1	-2.39
2533	selves	358503	5.582	1	1	-2.481
2534	Answer	362673	5.647	1	1	-2.498
2535	Without	1089706	16.968	3	3	-2.5
2536	person	366738	5.711	1	1	-2.514
2537	peace	369451	5.753	1	1	-2.524
2538	second	377815	5.883	1	1	-2.557
2539	glory	384462	5.987	1	1	-2.582
2540	persons	384539	5.988	1	1	-2.582
2541	days	393520	6.128	1	1	-2.615
2542	Religion	406309	6.327	1	1	-2.661
2543	Work	425644	6.628	1	1	-2.729
2544	innon-Latinalphabet	427513	6.657	1	1	-2.735
2545	far	439291	6.84	1	1	-2.774
2546	thing	892670	13.9	2	2	-2.797
2547	new	447014	6.961	1	1	-2.799
2548	Life	948809	14.774	2	2	-2.885
2549	three	474878	7.395	1	1	-2.886
2550	heaven	503504	7.84	1	1	-2.971
2551	Faith	762492	11.873	1	1	-3.57
2552	place	808630	12.591	1	1	-3.654
2553	Lay-Lecher	1	0	1	1	n/a
2554	Alpasia	3	0	1	1	n/a
2555	Mantoplicee	1	0	1	1	n/a
2556	Gameing-house	3	0	1	1	n/a
2557	ulcering	3	0	1	1	n/a
2558	husbend	2	0	1	1	n/a
2559	Scatlet	3	0	1	1	n/a
2560	Bryanum	1	0	1	1	n/a
2561	Presidentess	3	0	1	1	n/a
2562	Bawde	2	0	1	1	n/a
2563	instead-Wife	1	0	1	1	n/a
2564	Yardfish	1	0	1	1	n/a
2565	Neaplan	1	0	1	1	n/a
2566	avanut	1	0	1	1	n/a
2567	Bedlam-men	2	0	1	1	n/a
2568	plangy	1	0	1	1	n/a
2569	bragmardising	3	0	1	1	n/a
2570	Squab-skipper	1	0	1	1	n/a
2571	inhatitant	1	0	1	1	n/a
2572	Suttling	1	0	1	1	n/a
2573	slattries	1	0	1	1	n/a
2574	handsommess	1	0	1	1	n/a
2575	Neplitan	1	0	1	1	n/a
2576	Whoremonger.	3	0	1	1	n/a
2577	brothero're-came	1	0	1	1	n/a
2578	AhAaGood	1	0	1	1	n/a
2579	Athlumny	1	0	1	1	n/a
2580	Killsalghan	1	0	1	1	n/a
2581	Gilflurt	3	0	1	1	n/a
2582	Weerlings	1	0	1	1	n/a
2583	Wicleffus	3	0	1	1	n/a
2584	Nnrse	1	0	1	1	n/a
2585	Tangraean	1	0	1	1	n/a
2586	Squab-skipers	1	0	1	1	n/a
2587	Similc	1	0	1	1	n/a
2588	Quaerante	1	0	1	1	n/a
2589	Mineral-race	1	0	1	1	n/a
2590	Madiction	1	0	1	1	n/a
2591	upsey	1	0	1	1	n/a
2592	Sdomits.	1	0	1	1	n/a
2593	Errant-ys	1	0	1	1	n/a
2594	Gospetto	1	0	1	1	n/a
2595	blessns	1	0	1	1	n/a
2596	garden-groves	1	0	1	1	n/a
2597	Sebathis	1	0	1	1	n/a
2598	BothHui	1	0	1	1	n/a
2599	mnmers	1	0	1	1	n/a
2600	spokes-woman	3	0	1	1	n/a
2601	Neaplin	1	0	1	1	n/a
2602	riand	2	0	1	1	n/a
2603	rot'em	1	0	1	1	n/a
2604	Shiftwels	3	0	3	1	n/a
2605	prevish	2	0	1	1	n/a
2606	mongens	1	0	1	1	n/a
2607	whoremaster.	1	0	1	1	n/a
