https://cqpweb.lancs.ac.uk/eebov3/concordance.php?pp=1&theData=%7Bwhore%2FN%7D&qmode=sq_nocase&del=begin%26t%3D-%7Cyear%7E1664%26t%3D-%7Cyear%7E1665%26t%3D-%7Cyear%7E1666%26t%3D-%7Cyear%7E1667%26t%3D-%7Cyear%7E1668%26t%3D-%7Cyear%7E1669%26t%3D-%7Cyear%7E1670%26t%3D-%7Cyear%7E1671%26t%3D-%7Cyear%7E1672%26t%3D-%7Cyear%7E1673&del=end&uT=yThere are 2,575 different words in your collocation database for "[lemma="(whore)_SUBST"%c]". (Your query "{whore/N}", restricted to texts meeting criteria "<em>year</em>: <em>1664</em> or <em>1665</em> or <em>1666</em> or <em>1667</em> or <em>1668</em> or <em>1669</em> or <em>1670</em> or <em>1671</em> or <em>1672</em> or <em>1673</em>",  returned 1,842 matches in 398 different texts)  
__________________

No.	Word	Total no. in whole corpus	Expected collocate frequency	Observed collocate frequency	In no. of texts	Mutual information value

1	plundra	9	0	2	1	14.288
2	Cacque	10	0	2	1	13.288
3	Oppressious	4	0	1	1	13.288
4	Zoun	9	0	1	1	13.288
5	Tanager	8	0	1	1	13.288
6	Brigidaccia	5	0	1	1	13.288
7	Inch-meal	7	0	1	1	13.288
8	cross-bit	8	0	1	1	13.288
9	Dawbourne	6	0	1	1	13.288
10	bougra	6	0	1	1	13.288
11	Menetus	9	0	1	1	13.288
12	scariet	7	0	1	1	13.288
13	Glucupicron	4	0	1	1	13.288
14	won'	5	0	1	1	13.288
15	approueing	5	0	1	1	13.288
16	discvered	4	0	1	1	13.288
17	Cyrcaean	6	0	1	1	13.288
18	Love-struck	7	0	1	1	13.288
19	Chatolins	4	0	1	1	13.288
20	Idolatrousness	5	0	1	1	13.288
21	Idoltries	4	0	1	1	13.288
22	Iuggles	6	0	1	1	13.288
23	affrontednesse	6	0	1	1	13.288
24	Nepolitan	9	0	1	1	13.288
25	Theodata	7	0	1	1	13.288
26	Joint-Exposition.	6	0	1	1	13.288
27	Isochronal	5	0	1	1	13.288
28	Romesh	5	0	1	1	13.288
29	twohorned	5	0	1	1	13.288
30	Herace	8	0	1	1	13.288
31	drugg	7	0	1	1	13.288
32	ulgarly	6	0	1	1	13.288
33	Two-horned	340	0.005	50	2	13.231
34	North-windes	11	0	1	1	12.288
35	Poorman	16	0	1	1	12.288
36	dres't	10	0	1	1	12.288
37	Allegians	12	0	1	1	12.288
38	Suburrana	16	0	1	1	12.288
39	remorslessly	10	0	1	1	12.288
40	velcome	11	0	1	1	12.288
41	whomsoe	15	0	1	1	12.288
42	Art-full	15	0	1	1	12.288
43	two-horn	15	0	1	1	12.288
44	sorehead	11	0	1	1	12.288
45	Srumpet	12	0	1	1	12.288
46	Cloantus	15	0	1	1	12.288
47	aominable	12	0	1	1	12.288
48	Bbylon	27	0	2	2	12.288
49	nvail	12	0	1	1	12.288
50	fair-tongu	14	0	1	1	12.288
51	Virgin-Company	34	0.001	2	1	11.966
52	Abrahall	21	0	1	1	11.703
53	'im	20	0	1	1	11.703
54	Rossana	19	0	1	1	11.703
55	abominabel	19	0	1	1	11.703
56	forchead	21	0	1	1	11.703
57	BabylonA	22	0	1	1	11.703
58	Pru.	22	0	1	1	11.703
59	Whurl	22	0	1	1	11.703
60	Commedian	17	0	1	1	11.703
61	peregrinarum	19	0	1	1	11.703
62	pouted	18	0	1	1	11.703
63	Seven-hill	17	0	1	1	11.703
64	refusedst	68	0.001	3	3	11.551
65	Joint-Exposition	28	0	1	1	11.288
66	Toldo	25	0	1	1	11.288
67	Kecka	25	0	1	1	11.288
68	Sheese	25	0	1	1	11.288
69	Seven-Hilled	26	0	1	1	11.288
70	Cowherds	29	0	1	1	11.288
71	Whoredom.	28	0	1	1	11.288
72	betra	23	0	1	1	11.288
73	latry	29	0	1	1	11.288
74	Stroller	25	0	1	1	11.288
75	Mahoone	59	0.001	2	1	11.118
76	Whore-Monger	60	0.001	2	2	11.118
77	Prue	67	0.001	2	1	10.966
78	backslided	30	0.001	1	1	10.966
79	gaudery	31	0.001	1	1	10.966
80	ulled	30	0.001	1	1	10.966
81	Mps	35	0.001	1	1	10.966
82	forcerers	35	0.001	1	1	10.966
83	MDCLXXIII	30	0.001	1	1	10.966
84	Shroftide	30	0.001	1	1	10.966
85	afair	34	0.001	1	1	10.966
86	Synchronal	104	0.002	3	1	10.873
87	Decker	105	0.002	3	1	10.873
88	56.9	39	0.001	1	1	10.703
89	Scre	40	0.001	1	1	10.703
90	Reveren	40	0.001	1	1	10.703
91	Super-annuated	42	0.001	1	1	10.703
92	phansying	37	0.001	1	1	10.703
93	Quarante	82	0.001	2	1	10.587
94	fornicating	88	0.001	2	2	10.587
95	Conchylia	43	0.001	1	1	10.48
96	Squirril	44	0.001	1	1	10.48
97	debaucher	47	0.001	1	1	10.48
98	co-mixed	46	0.001	1	1	10.48
99	Capreas	47	0.001	1	1	10.48
100	itteth	46	0.001	1	1	10.48
101	Metres	97	0.002	2	1	10.381
102	whore-houses	54	0.001	1	1	10.288
103	Calk	55	0.001	1	1	10.288
104	Idolatress	51	0.001	1	1	10.288
105	Barnewall	62	0.001	1	1	10.118
106	Solomen	58	0.001	1	1	10.118
107	Whetston	58	0.001	1	1	10.118
108	profaneth	62	0.001	1	1	10.118
109	Bertol	60	0.001	1	1	10.118
110	stageplayes	60	0.001	1	1	10.118
111	Pandors	62	0.001	1	1	10.118
112	whored	180	0.003	3	3	10.065
113	scarlet-coloured	125	0.002	2	2	10.04
114	Tatlers	124	0.002	2	2	10.04
115	Lopus	68	0.001	1	1	9.966
116	Butes	63	0.001	1	1	9.966
117	Erycine	63	0.001	1	1	9.966
118	Bestrides	64	0.001	1	1	9.966
119	Clerkenwell	136	0.002	2	2	9.895
120	mongers	208	0.003	3	3	9.873
121	scrat	72	0.001	1	1	9.828
122	Dowdall	74	0.001	1	1	9.828
123	Ten-horned	225	0.003	3	2	9.785
124	begar	680	0.01	9	2	9.757
125	gits	81	0.001	1	1	9.703
126	wine-bibbers	76	0.001	1	1	9.703
127	whordoms	78	0.001	1	1	9.703
128	Papals	76	0.001	1	1	9.703
129	Love-all	78	0.001	1	1	9.703
130	Iilt	163	0.003	2	1	9.644
131	Polices	84	0.001	1	1	9.587
132	devell	85	0.001	1	1	9.587
133	onother	85	0.001	1	1	9.587
134	politely	85	0.001	1	1	9.587
135	Serul	91	0.001	1	1	9.48
136	23.18.	91	0.001	1	1	9.48
137	commiteth	93	0.001	1	1	9.48
138	Pierian	94	0.001	1	1	9.48
139	Baber	95	0.002	1	1	9.381
140	arrantest	101	0.002	1	1	9.381
141	Man-slayers	98	0.002	1	1	9.381
142	Lucetta	97	0.002	1	1	9.381
143	Togata	104	0.002	1	1	9.288
144	Isicles	103	0.002	1	1	9.288
145	frisks	103	0.002	1	1	9.288
146	shild	103	0.002	1	1	9.288
147	seteth	107	0.002	1	1	9.288
148	t'enrich	102	0.002	1	1	9.288
149	punks	109	0.002	1	1	9.2
150	cele	113	0.002	1	1	9.2
151	Josephum	111	0.002	1	1	9.2
152	appe	115	0.002	1	1	9.118
153	widdow	120	0.002	1	1	9.118
154	Pursivants	117	0.002	1	1	9.118
155	synchronize	126	0.002	1	1	9.04
156	17.16.	255	0.004	2	1	9.002
157	whosoe	130	0.002	1	1	8.966
158	veryest	128	0.002	1	1	8.966
159	her-self	140	0.002	1	1	8.895
160	Willie	136	0.002	1	1	8.895
161	Babilons	136	0.002	1	1	8.895
162	12.17.	275	0.004	2	2	8.895
163	Pursivant	146	0.002	1	1	8.828
164	643.	143	0.002	1	1	8.828
165	countenanceth	145	0.002	1	1	8.828
166	Pocky	594	0.009	4	4	8.78
167	Seae	149	0.002	1	1	8.764
168	Caca	149	0.002	1	1	8.764
169	Succubus	148	0.002	1	1	8.764
170	Sabbath-breaker	153	0.002	1	1	8.764
171	Courtisan	156	0.002	1	1	8.703
172	912.	155	0.002	1	1	8.703
173	Zany	159	0.002	1	1	8.703
174	Euphranor	161	0.003	1	1	8.644
175	vat	659	0.01	4	2	8.63
176	Bish	1207	0.019	7	1	8.564
177	Dol	1048	0.016	6	1	8.542
178	spke	179	0.003	1	1	8.533
179	Franciscum	179	0.003	1	1	8.533
180	24.10.	181	0.003	1	1	8.48
181	Rm	558	0.009	3	1	8.463
182	Dominatio	189	0.003	1	1	8.43
183	Synchronism	187	0.003	1	1	8.43
184	hide-bound	188	0.003	1	1	8.43
185	909	191	0.003	1	1	8.43
186	Midianitish	194	0.003	1	1	8.381
187	mangy	395	0.006	2	1	8.357
188	Vengence	202	0.003	1	1	8.334
189	Hous	202	0.003	1	1	8.334
190	Iambics	203	0.003	1	1	8.334
191	Unveiled	617	0.01	3	2	8.303
192	Georgium	212	0.003	1	1	8.288
193	roundhead	209	0.003	1	1	8.288
194	practis	212	0.003	1	1	8.288
195	Hoseah	213	0.003	1	1	8.243
196	ustice	217	0.003	1	1	8.243
197	Sloven	214	0.003	1	1	8.243
198	Babylon	38888	0.596	177	68	8.215
199	Whoremonger	678	0.01	3	2	8.172
200	falfe	231	0.004	1	1	8.158
201	Phancie	227	0.004	1	1	8.158
202	17.16	459	0.007	2	2	8.158
203	Ref	231	0.004	1	1	8.158
204	17.1.	463	0.007	2	2	8.138
205	Amata	234	0.004	1	1	8.118
206	16.33.	233	0.004	1	1	8.118
207	carted	237	0.004	1	1	8.118
208	Unctious	233	0.004	1	1	8.118
209	14.7.	235	0.004	1	1	8.118
210	dam	5258	0.081	22	3	8.093
211	Stage-play	251	0.004	1	1	8.04
212	him-self	247	0.004	1	1	8.04
213	22.5.	245	0.004	1	1	8.04
214	Terret	245	0.004	1	1	8.04
215	rides	4321	0.066	17	6	8.004
216	Pedr	256	0.004	1	1	8.002
217	imperiousness	253	0.004	1	1	8.002
218	Baud	767	0.012	3	2	7.99
219	Slut	523	0.008	2	2	7.966
220	swill	522	0.008	2	2	7.966
221	Bawd	2878	0.044	11	7	7.963
222	stiffe-necked	268	0.004	1	1	7.93
223	prostrates	269	0.004	1	1	7.93
224	Babylon.	534	0.008	2	1	7.93
225	coozen	273	0.004	1	1	7.895
226	whordom	281	0.004	1	1	7.861
227	16.5.	278	0.004	1	1	7.861
228	Craze	284	0.004	1	1	7.828
229	tattling	581	0.009	2	2	7.812
230	19.2.	299	0.005	1	1	7.764
231	scolds	299	0.005	1	1	7.764
232	Turd	301	0.005	1	1	7.764
233	greased	297	0.005	1	1	7.764
234	cauterized	305	0.005	1	1	7.733
235	Killigrew	309	0.005	1	1	7.733
236	scarlet	9179	0.141	28	20	7.638
237	Babylons	987	0.015	3	3	7.634
238	8.19.	333	0.005	1	1	7.615
239	t'	331	0.005	1	1	7.615
240	Monkery	339	0.005	1	1	7.587
241	fornications	1721	0.026	5	3	7.565
242	Bumpkin	343	0.005	1	1	7.56
243	round-head	349	0.005	1	1	7.56
244	Brats	1042	0.016	3	2	7.551
245	Diable	350	0.005	1	1	7.533
246	Randle	350	0.005	1	1	7.533
247	Paramours	361	0.006	1	1	7.506
248	Inachus	365	0.006	1	1	7.48
249	superlatively	368	0.006	1	1	7.48
250	lude	368	0.006	1	1	7.48
251	Meg	373	0.006	1	1	7.455
252	fighter	376	0.006	1	1	7.43
253	receu	383	0.006	1	1	7.405
254	colorably	385	0.006	1	1	7.405
255	gret	391	0.006	1	1	7.381
256	deifying	390	0.006	1	1	7.381
257	jades	397	0.006	1	1	7.357
258	Pru	405	0.006	1	1	7.334
259	Characteristic	405	0.006	1	1	7.334
260	Quean	412	0.006	1	1	7.31
261	plentious	420	0.006	1	1	7.288
262	Vise	419	0.006	1	1	7.288
263	boll	415	0.006	1	1	7.288
264	intoxicated	850	0.013	2	2	7.265
265	Ishmaelites	426	0.007	1	1	7.265
266	18.24	434	0.007	1	1	7.243
267	Scold	1303	0.02	3	3	7.229
268	Mob	884	0.014	2	1	7.211
269	prostituting	452	0.007	1	1	7.179
270	Tarantula	449	0.007	1	1	7.179
271	unhorsed	451	0.007	1	1	7.179
272	Beast	81566	1.25	179	48	7.162
273	Moll	454	0.007	1	1	7.158
274	scurvey	454	0.007	1	1	7.158
275	Bawds	1844	0.028	4	4	7.143
276	Panders	464	0.007	1	1	7.138
277	starves	464	0.007	1	1	7.138
278	well-ordered	470	0.007	1	1	7.118
279	reat	470	0.007	1	1	7.118
280	Meretrix	474	0.007	1	1	7.098
281	Amet	490	0.008	1	1	7.059
282	Apophthegms	488	0.008	1	1	7.059
283	huffing	489	0.008	1	1	7.059
284	play-houses	495	0.008	1	1	7.04
285	Haw	505	0.008	1	1	7.021
286	Nothus	508	0.008	1	1	7.002
287	17.3.	508	0.008	1	1	7.002
288	Pimp	1027	0.016	2	2	6.993
289	sits	23190	0.355	45	20	6.985
290	sluggards	513	0.008	1	1	6.984
291	Thomaso	513	0.008	1	1	6.984
292	Prelatists	523	0.008	1	1	6.966
293	523	519	0.008	1	1	6.966
294	Rut	528	0.008	1	1	6.948
295	arrant	1596	0.025	3	3	6.936
296	brat	1070	0.016	2	2	6.93
297	House-keeper	532	0.008	1	1	6.93
298	instigations	534	0.008	1	1	6.93
299	ruffled	542	0.008	1	1	6.913
300	Relicts	539	0.008	1	1	6.913
301	6.15.	540	0.008	1	1	6.913
302	leaks	551	0.008	1	1	6.895
303	Salad	546	0.008	1	1	6.895
304	Courtesan	1103	0.017	2	2	6.887
305	dairy	561	0.009	1	1	6.861
306	14.19	559	0.009	1	1	6.861
307	Amazon	568	0.009	1	1	6.845
308	meth.	568	0.009	1	1	6.845
309	young-men	583	0.009	1	1	6.812
310	pollutes	588	0.009	1	1	6.796
311	13.3	1183	0.018	2	2	6.788
312	Caterpillar	600	0.009	1	1	6.764
313	Brothel	610	0.009	1	1	6.749
314	whorish	1842	0.028	3	2	6.733
315	Swag	613	0.009	1	1	6.733
316	Priscilla	1235	0.019	2	1	6.725
317	Ill-favoured	618	0.01	1	1	6.718
318	envenomed	621	0.01	1	1	6.718
319	grasped	628	0.01	1	1	6.703
320	unmask	629	0.01	1	1	6.703
321	Israelitish	644	0.01	1	1	6.658
322	fornication	14235	0.218	22	15	6.656
323	Diver	652	0.01	1	1	6.644
324	Strumpet	3285	0.05	5	4	6.635
325	harlots	5276	0.081	8	6	6.63
326	Lieut	1999	0.031	3	1	6.615
327	22.14	668	0.01	1	1	6.615
328	Bridget	667	0.01	1	1	6.615
329	Calvert	668	0.01	1	1	6.615
330	Smock	1342	0.021	2	2	6.601
331	shade	9449	0.145	14	1	6.595
332	leavened	1362	0.021	2	1	6.58
333	Pulchra	687	0.011	1	1	6.573
334	determinately	683	0.011	1	1	6.573
335	Huff	687	0.011	1	1	6.573
336	Carouse	690	0.011	1	1	6.56
337	augm	695	0.011	1	1	6.56
338	Quack	696	0.011	1	1	6.546
339	Paral.	703	0.011	1	1	6.533
340	geat	711	0.011	1	1	6.52
341	Sorceress	710	0.011	1	1	6.52
342	Ale-house	1435	0.022	2	2	6.506
343	detecting	720	0.011	1	1	6.506
344	metaphore	723	0.011	1	1	6.493
345	Babylonish	2911	0.045	4	3	6.487
346	swagger	729	0.011	1	1	6.48
347	Whore	20634	0.316	28	12	6.469
348	blood-thirsty	737	0.011	1	1	6.468
349	Facetious	751	0.012	1	1	6.442
350	197.	755	0.012	1	1	6.43
351	Pennington	759	0.012	1	1	6.43
352	idolize	759	0.012	1	1	6.43
353	desolate	12933	0.198	17	10	6.422
354	Fiddler	764	0.012	1	1	6.417
355	kicks	769	0.012	1	1	6.405
356	detains	789	0.012	1	1	6.369
357	16.3	787	0.012	1	1	6.369
358	pitt	793	0.012	1	1	6.357
359	purblind	793	0.012	1	1	6.357
360	Pander	805	0.012	1	1	6.345
361	gi	801	0.012	1	1	6.345
362	Manent	802	0.012	1	1	6.345
363	Stanford	807	0.012	1	1	6.334
364	Doll	807	0.012	1	1	6.334
365	forehead	12159	0.186	15	13	6.331
366	stares	818	0.013	1	1	6.322
367	ignorants	825	0.013	1	1	6.31
368	Romantic	824	0.013	1	1	6.31
369	1659.	820	0.013	1	1	6.31
370	Jezebel	835	0.013	1	1	6.288
371	Looking-Glasses	833	0.013	1	1	6.288
372	Prostitute	2508	0.038	3	2	6.288
373	wager	2578	0.04	3	1	6.247
374	recruited	889	0.014	1	1	6.2
375	insatiate	894	0.014	1	1	6.19
376	Bead	897	0.014	1	1	6.19
377	whoremongers	1796	0.028	2	1	6.184
378	Witchcrafts	901	0.014	1	1	6.179
379	sneaking	900	0.014	1	1	6.179
380	debauch	1818	0.028	2	2	6.164
381	Jester	911	0.014	1	1	6.158
382	Surry	923	0.014	1	1	6.148
383	pish	927	0.014	1	1	6.138
384	Farce	935	0.014	1	1	6.128
385	tipped	934	0.014	1	1	6.128
386	Neapolitan	941	0.014	1	1	6.118
387	dethrone	937	0.014	1	1	6.118
388	Comptroller	942	0.014	1	1	6.118
389	betime	953	0.015	1	1	6.098
390	wipes	954	0.015	1	1	6.098
391	Talkers	951	0.015	1	1	6.098
392	flea	1913	0.029	2	2	6.093
393	skirts	2878	0.044	3	3	6.088
394	prefigured	1929	0.03	2	1	6.078
395	erects	973	0.015	1	1	6.069
396	Apocalypse	3947	0.061	4	4	6.047
397	ritual	991	0.015	1	1	6.04
398	Rogue	6990	0.107	7	6	6.03
399	fore-head	2008	0.031	2	2	6.021
400	bewitching	2007	0.031	2	2	6.021
401	Wizards	1012	0.016	1	1	6.012
402	rescuing	1023	0.016	1	1	5.993
403	Ammianus	1022	0.016	1	1	5.993
404	disperses	1034	0.016	1	1	5.984
405	Beata	1042	0.016	1	1	5.966
406	adulterer	4237	0.065	4	4	5.946
407	metamorphosed	1062	0.016	1	1	5.939
408	1.23.	1061	0.016	1	1	5.939
409	journeyed	1070	0.016	1	1	5.93
410	suppliants	1073	0.016	1	1	5.93
411	oppressive	1079	0.017	1	1	5.921
412	Jade	2169	0.033	2	2	5.913
413	incommodities	1081	0.017	1	1	5.913
414	downfall	3283	0.05	3	3	5.898
415	avenging	1095	0.017	1	1	5.895
416	1st.	1096	0.017	1	1	5.895
417	Sain	1095	0.017	1	1	5.895
418	revelling	1114	0.017	1	1	5.87
419	Jezabel	1114	0.017	1	1	5.87
420	Promotes	1115	0.017	1	1	5.87
421	concubine	3397	0.052	3	3	5.85
422	French-man	1140	0.018	1	1	5.837
423	Proverbs	6913	0.106	6	5	5.824
424	discountenance	1153	0.018	1	1	5.82
425	flagitious	1170	0.018	1	1	5.804
426	adulterated	1175	0.018	1	1	5.796
427	unfolded	2356	0.036	2	2	5.792
428	Rant	1179	0.018	1	1	5.788
429	greasy	1182	0.018	1	1	5.788
430	inveighed	1181	0.018	1	1	5.788
431	bea	1189	0.018	1	1	5.78
432	scolding	1186	0.018	1	1	5.78
433	shuns	1200	0.018	1	1	5.764
434	dotes	1209	0.019	1	1	5.756
435	Babel	9790	0.15	8	6	5.737
436	fretted	1229	0.019	1	1	5.733
437	Hound	2485	0.038	2	2	5.714
438	thirsts	2496	0.038	2	2	5.71
439	Bitch	1244	0.019	1	1	5.71
440	Rotterdam	1248	0.019	1	1	5.71
441	Whoredom	7526	0.115	6	5	5.701
442	Japan	2511	0.039	2	1	5.699
443	Apocal.	1266	0.019	1	1	5.688
444	converses	1275	0.02	1	1	5.68
445	Bethlem	1277	0.02	1	1	5.673
446	Bewitched	6431	0.099	5	3	5.666
447	Bridewell	1285	0.02	1	1	5.666
448	murderous	1283	0.02	1	1	5.666
449	ridden	1300	0.02	1	1	5.651
450	Heraldry	1307	0.02	1	1	5.644
451	Philippo	1323	0.02	1	1	5.622
452	Carrion	2658	0.041	2	2	5.619
453	Convent	3985	0.061	3	1	5.618
454	Pietro	1334	0.02	1	1	5.615
455	Babilon	5325	0.082	4	4	5.615
456	climbed	1342	0.021	1	1	5.601
457	gorgeous	2688	0.041	2	2	5.601
458	sodomy	1349	0.021	1	1	5.594
459	mutter	1355	0.021	1	1	5.587
460	wench	6793	0.104	5	4	5.586
461	Brewer	1365	0.021	1	1	5.58
462	Clout	1378	0.021	1	1	5.567
463	Rag	2762	0.042	2	1	5.563
464	suspects	1386	0.021	1	1	5.56
465	Trine	1390	0.021	1	1	5.553
466	vaunting	1392	0.021	1	1	5.553
467	Joyce	1390	0.021	1	1	5.553
468	Dine	4169	0.064	3	3	5.553
469	Kinswoman	1393	0.021	1	1	5.553
470	displays	1417	0.022	1	1	5.526
471	Riders	1415	0.022	1	1	5.526
472	played	11334	0.174	8	6	5.525
473	conducts	1431	0.022	1	1	5.513
474	attainments	1434	0.022	1	1	5.506
475	adj.	1450	0.022	1	1	5.493
476	Restorer	1451	0.022	1	1	5.493
477	Sorceries	1462	0.022	1	1	5.48
478	Mathias	1469	0.023	1	1	5.474
479	likeliest	1475	0.023	1	1	5.468
480	insinuates	2964	0.045	2	1	5.461
481	studiously	1480	0.023	1	1	5.461
482	Midian	1497	0.023	1	1	5.449
483	unbeseeming	1501	0.023	1	1	5.442
484	decked	4505	0.069	3	2	5.442
485	Abominations	10678	0.164	7	7	5.419
486	daunted	3057	0.047	2	2	5.417
487	Rev	1545	0.024	1	1	5.399
488	Lawn	1552	0.024	1	1	5.393
489	Dea	1579	0.024	1	1	5.369
490	doomed	1582	0.024	1	1	5.369
491	Chr	3187	0.049	2	1	5.357
492	brace	1591	0.024	1	1	5.357
493	Dick	1602	0.025	1	1	5.351
494	pliant	1599	0.025	1	1	5.351
495	demonstrable	1607	0.025	1	1	5.345
496	Cup	48330	0.741	30	18	5.34
497	attracted	1610	0.025	1	1	5.339
498	Josephs	1618	0.025	1	1	5.334
499	Idolatries	3266	0.05	2	2	5.322
500	mystery	54678	0.838	33	18	5.3
501	rogues	5001	0.077	3	3	5.291
502	halter	3343	0.051	2	1	5.288
503	circumstantial	1679	0.026	1	1	5.282
504	strip	3365	0.052	2	1	5.276
505	Drunk	35533	0.544	21	15	5.27
506	hastes	1697	0.026	1	1	5.265
507	startle	1717	0.026	1	1	5.249
508	Grandmother	1722	0.026	1	1	5.243
509	Hellebore	1726	0.026	1	1	5.243
510	carries	24147	0.37	14	4	5.242
511	drinks	15747	0.241	9	3	5.221
512	kick	3504	0.054	2	2	5.219
513	adulterous	3504	0.054	2	1	5.219
514	Exclamation	1758	0.027	1	1	5.216
515	Hire	8785	0.135	5	3	5.215
516	upholds	1761	0.027	1	1	5.211
517	Deu.	3539	0.054	2	1	5.206
518	Bonner	1772	0.027	1	1	5.2
519	Iulia	1778	0.027	1	1	5.2
520	hate	65701	1.007	37	26	5.2
521	Tavern	5354	0.082	3	3	5.193
522	banishing	1794	0.028	1	1	5.184
523	dragon	18054	0.277	10	8	5.176
524	Hallelujah	1833	0.028	1	1	5.153
525	insatiable	3697	0.057	2	2	5.143
526	befitting	1857	0.029	1	1	5.133
527	Liveries	1876	0.029	1	1	5.123
528	beastly	7495	0.115	4	3	5.123
529	Flor	1884	0.029	1	1	5.113
530	misunderstanding	1892	0.029	1	1	5.108
531	brands	1898	0.029	1	1	5.103
532	unquenchable	1920	0.029	1	1	5.088
533	Adulteress	1919	0.029	1	1	5.088
534	typified	1919	0.029	1	1	5.088
535	Rags	5772	0.088	3	3	5.085
536	Wag	1933	0.03	1	1	5.078
537	Seventeenth	3885	0.06	2	1	5.071
538	solicitations	1942	0.03	1	1	5.069
539	Scorners	1948	0.03	1	1	5.069
540	sells	3915	0.06	2	2	5.059
541	sojourn	1978	0.03	1	1	5.045
542	Elisa	1975	0.03	1	1	5.045
543	bastards	3979	0.061	2	2	5.035
544	Epicurus	3980	0.061	2	1	5.035
545	Superscription	2000	0.031	1	1	5.03
546	plaid	4003	0.061	2	2	5.028
547	impudent	12093	0.185	6	5	5.017
548	instigation	4033	0.062	2	2	5.016
549	ride	20257	0.31	10	3	5.01
550	Tyre	6083	0.093	3	1	5.008
551	Marries	4061	0.062	2	2	5.007
552	Publicans	4075	0.062	2	2	5.002
553	Rustic	2041	0.031	1	1	4.998
554	wink	4136	0.063	2	1	4.979
555	Faggot	2069	0.032	1	1	4.979
556	Flora	2078	0.032	1	1	4.975
557	leprous	2075	0.032	1	1	4.975
558	heating	2074	0.032	1	1	4.975
559	Marcellinus	2075	0.032	1	1	4.975
560	Dice	6226	0.095	3	3	4.975
561	Warren	2080	0.032	1	1	4.97
562	alludes	2086	0.032	1	1	4.966
563	Ninthly	2088	0.032	1	1	4.966
564	Barns	2094	0.032	1	1	4.961
565	prating	2124	0.033	1	1	4.943
566	fawning	2152	0.033	1	1	4.921
567	imprisoning	2170	0.033	1	1	4.913
568	Magog	2171	0.033	1	1	4.908
569	pox	10902	0.167	5	3	4.904
570	prosperously	2208	0.034	1	1	4.887
571	straightway	2206	0.034	1	1	4.887
572	Scenes	2217	0.034	1	1	4.878
573	lasciviousness	2218	0.034	1	1	4.878
574	warred	2228	0.034	1	1	4.874
575	Rampant	2244	0.034	1	1	4.861
576	wenches	2248	0.034	1	1	4.861
577	Nun	4515	0.069	2	2	4.853
578	Dragons	6883	0.106	3	3	4.83
579	Parenthesis	2329	0.036	1	1	4.808
580	dissembling	7079	0.109	3	1	4.789
581	Contemners	2366	0.036	1	1	4.784
582	racked	2371	0.036	1	1	4.784
583	Frenchman	2370	0.036	1	1	4.784
584	Antichrist	50530	0.774	21	12	4.762
585	pockets	2410	0.037	1	1	4.76
586	keen	2424	0.037	1	1	4.752
587	cools	2431	0.037	1	1	4.749
588	penetrate	4877	0.075	2	2	4.743
589	sleeves	2453	0.038	1	1	4.733
590	magnifying	2469	0.038	1	1	4.725
591	Desolation	12402	0.19	5	3	4.718
592	Perjured	4993	0.077	2	2	4.708
593	Epithet	2497	0.038	1	1	4.707
594	testicles	2507	0.038	1	1	4.703
595	Gog	2533	0.039	1	1	4.688
596	affixed	2551	0.039	1	1	4.677
597	Thief	23047	0.353	9	7	4.672
598	crafty	12823	0.197	5	2	4.669
599	Sorcery	2574	0.039	1	1	4.666
600	roughly	2586	0.04	1	1	4.658
601	defiles	2607	0.04	1	1	4.647
602	inded	2630	0.04	1	1	4.633
603	Potion	5269	0.081	2	2	4.631
604	Loaf	2634	0.04	1	1	4.63
605	inevitably	2642	0.041	1	1	4.626
606	Barber	2646	0.041	1	1	4.626
607	hating	5297	0.081	2	2	4.622
608	envies	2650	0.041	1	1	4.622
609	severest	2685	0.041	1	1	4.605
610	clap	5368	0.082	2	2	4.605
611	smiting	2710	0.042	1	1	4.591
612	Retires	2716	0.042	1	1	4.587
613	goddesses	2719	0.042	1	1	4.584
614	ply	2720	0.042	1	1	4.584
615	attire	8194	0.126	3	3	4.579
616	Apoc.	11083	0.17	4	2	4.558
617	Horns	22193	0.34	8	5	4.556
618	Niece	5575	0.085	2	2	4.55
619	pt	2801	0.043	1	1	4.543
620	2d.	2802	0.043	1	1	4.543
621	accompanies	2828	0.043	1	1	4.529
622	foretell	5652	0.087	2	2	4.529
623	riding	11318	0.173	4	2	4.528
624	curled	2841	0.044	1	1	4.523
625	industriously	2850	0.044	1	1	4.516
626	vassals	5714	0.088	2	2	4.515
627	gon	5721	0.088	2	1	4.511
628	pillage	2862	0.044	1	1	4.51
629	prate	2866	0.044	1	1	4.51
630	Manger	2870	0.044	1	1	4.506
631	Alcibiades	2878	0.044	1	1	4.503
632	Moth	2884	0.044	1	1	4.5
633	Trembles	2900	0.044	1	1	4.493
634	swearers	2927	0.045	1	1	4.48
635	manned	2929	0.045	1	1	4.477
636	Mulier	2936	0.045	1	1	4.474
637	Beelzebub	2959	0.045	1	1	4.464
638	knave	8870	0.136	3	3	4.464
639	painted	23662	0.363	8	8	4.464
640	cellar	2969	0.046	1	1	4.458
641	certum	2980	0.046	1	1	4.452
642	paint	8989	0.138	3	3	4.445
643	Inhabitant	3014	0.046	1	1	4.436
644	Pottage	3028	0.046	1	1	4.43
645	gore	3029	0.046	1	1	4.43
646	engages	3046	0.047	1	1	4.42
647	Collation	3063	0.047	1	1	4.414
648	Thom	3063	0.047	1	1	4.414
649	unmerciful	3065	0.047	1	1	4.411
650	lash	3070	0.047	1	1	4.411
651	Hierarchy	6183	0.095	2	1	4.4
652	Demonstrative	3117	0.048	1	1	4.387
653	thorn	3129	0.048	1	1	4.384
654	pollute	3138	0.048	1	1	4.378
655	admirably	3163	0.049	1	1	4.366
656	lucky	3186	0.049	1	1	4.357
657	weeps	3186	0.049	1	1	4.357
658	Rev.	51328	0.786	16	12	4.347
659	closer	3235	0.05	1	1	4.334
660	Papal	9725	0.149	3	2	4.332
661	plotted	3245	0.05	1	1	4.331
662	contrivances	3269	0.05	1	1	4.319
663	Cavalier	3283	0.05	1	1	4.313
664	high-way	3304	0.051	1	1	4.305
665	Lass	3315	0.051	1	1	4.299
666	Madrid	3340	0.051	1	1	4.288
667	trick	10039	0.154	3	3	4.286
668	quotations	3346	0.051	1	1	4.285
669	decently	3362	0.052	1	1	4.279
670	consonant	6747	0.103	2	1	4.274
671	divorced	3378	0.052	1	1	4.271
672	Cozen	3380	0.052	1	1	4.271
673	3ly	3428	0.053	1	1	4.252
674	cups	6881	0.105	2	2	4.246
675	uncircumcised	3439	0.053	1	1	4.246
676	enticed	3439	0.053	1	1	4.246
677	Antichristian	13777	0.211	4	4	4.244
678	false	224466	3.439	65	32	4.24
679	gear	3463	0.053	1	1	4.235
680	Leper	3469	0.053	1	1	4.232
681	Idolater	3472	0.053	1	1	4.232
682	JOSIAH	3482	0.053	1	1	4.227
683	ditch	10469	0.16	3	3	4.225
684	hurried	3494	0.054	1	1	4.224
685	Bias	3503	0.054	1	1	4.219
686	bewailed	3510	0.054	1	1	4.216
687	kisses	7051	0.108	2	2	4.211
688	Hawk	10622	0.163	3	2	4.205
689	Widow	21540	0.33	6	6	4.184
690	clapped	3587	0.055	1	1	4.184
691	ignoble	3602	0.055	1	1	4.179
692	profanation	3603	0.055	1	1	4.179
693	Mistresses	3604	0.055	1	1	4.179
694	Giles	3615	0.055	1	1	4.174
695	Vision	28960	0.444	8	3	4.172
696	jolly	3632	0.056	1	1	4.169
697	Idolatrous	14523	0.223	4	4	4.168
698	wipe	7298	0.112	2	2	4.161
699	Paternal	3710	0.057	1	1	4.138
700	Splendid	3733	0.057	1	1	4.128
701	costly	11277	0.173	3	3	4.118
702	Rascal	3785	0.058	1	1	4.108
703	arrayed	3816	0.059	1	1	4.095
704	boot	3835	0.059	1	1	4.088
705	duration	7766	0.119	2	1	4.071
706	sureties	3956	0.061	1	1	4.045
707	Waters	83222	1.275	21	14	4.042
708	corrupts	3974	0.061	1	1	4.037
709	astringent	3977	0.061	1	1	4.037
710	Allen	3996	0.061	1	1	4.03
711	Regret	3999	0.061	1	1	4.028
712	Plurality	4000	0.061	1	1	4.028
713	beggars	8051	0.123	2	2	4.019
714	lain	8129	0.125	2	2	4.005
715	concubines	4078	0.063	1	1	4
716	dirty	4102	0.063	1	1	3.993
717	consequents	4109	0.063	1	1	3.989
718	Bastard	12394	0.19	3	3	3.982
719	unseemly	4145	0.064	1	1	3.977
720	Theseus	4151	0.064	1	1	3.975
721	ugly	8331	0.128	2	2	3.97
722	sis	4229	0.065	1	1	3.948
723	Seat	51212	0.785	12	4	3.935
724	Multitudes	17103	0.262	4	3	3.932
725	trembled	4278	0.066	1	1	3.932
726	haunt	4285	0.066	1	1	3.928
727	thrive	8582	0.132	2	2	3.927
728	sly	4313	0.066	1	1	3.919
729	spends	4330	0.066	1	1	3.915
730	sat	47715	0.731	11	5	3.911
731	gilt	4343	0.067	1	1	3.911
732	Blaspheme	8684	0.133	2	2	3.909
733	Deceitful	17392	0.267	4	3	3.908
734	Query	4359	0.067	1	1	3.904
735	lamentation	8729	0.134	2	2	3.903
736	sp	4383	0.067	1	1	3.895
737	starved	4391	0.067	1	1	3.893
738	bane	4390	0.067	1	1	3.893
739	condemns	13190	0.202	3	3	3.892
740	Apparelled	4398	0.067	1	1	3.891
741	gay	8805	0.135	2	2	3.89
742	persecuting	8817	0.135	2	1	3.888
743	brisk	4421	0.068	1	1	3.885
744	Anna	4436	0.068	1	1	3.878
745	Stations	4457	0.068	1	1	3.872
746	've	8950	0.137	2	2	3.867
747	Capt	8989	0.138	2	1	3.86
748	slippery	4506	0.069	1	1	3.857
749	Parishioners	4513	0.069	1	1	3.855
750	purple	18224	0.279	4	2	3.841
751	Sr	4563	0.07	1	1	3.839
752	Harlot	9167	0.141	2	2	3.831
753	exalted	23088	0.354	5	1	3.821
754	Witch	9245	0.142	2	2	3.82
755	Unbelieving	4661	0.071	1	1	3.808
756	Warrants	4662	0.071	1	1	3.808
757	Cupid	9383	0.144	2	2	3.798
758	embracing	9401	0.144	2	2	3.796
759	reclaim	4736	0.073	1	1	3.784
760	intra	4839	0.074	1	1	3.754
761	marry	38694	0.593	8	8	3.754
762	interprets	4849	0.074	1	1	3.75
763	Mother	150593	2.307	31	24	3.748
764	lamentations	4872	0.075	1	1	3.745
765	flattering	9757	0.15	2	2	3.742
766	benevolence	4882	0.075	1	1	3.741
767	rotten	14651	0.225	3	3	3.74
768	damned	34243	0.525	7	6	3.738
769	largeness	4922	0.075	1	1	3.729
770	oppressors	4931	0.076	1	1	3.725
771	surer	4963	0.076	1	1	3.718
772	Mate	4966	0.076	1	1	3.716
773	appropriate	5014	0.077	1	1	3.703
774	dis	5030	0.077	1	1	3.697
775	brood	5051	0.077	1	1	3.692
776	undone	20337	0.312	4	4	3.682
777	Transgressors	5101	0.078	1	1	3.677
778	prudently	5115	0.078	1	1	3.673
779	ignorantly	5139	0.079	1	1	3.667
780	Adulterers	5137	0.079	1	1	3.667
781	playing	10275	0.157	2	2	3.667
782	Horn	20550	0.315	4	2	3.667
783	lock	5149	0.079	1	1	3.664
784	Impudence	10304	0.158	2	2	3.663
785	Assyrians	5157	0.079	1	1	3.662
786	coloured	10332	0.158	2	2	3.659
787	reigned	31015	0.475	6	5	3.658
788	moveable	5188	0.08	1	1	3.653
789	boasted	5195	0.08	1	1	3.651
790	strives	5260	0.081	1	1	3.633
791	Bibles	5262	0.081	1	1	3.633
792	gilded	5276	0.081	1	1	3.63
793	forsakes	5303	0.081	1	1	3.621
794	Brows	5343	0.082	1	1	3.61
795	Series	5355	0.082	1	1	3.608
796	tolerated	5375	0.082	1	1	3.601
797	Amsterdam	5414	0.083	1	1	3.591
798	glittering	5418	0.083	1	1	3.591
799	lip	5428	0.083	1	1	3.587
800	Paraphrase	5460	0.084	1	1	3.579
801	registered	5476	0.084	1	1	3.575
802	Gallows	5501	0.084	1	1	3.568
803	whores	5508	0.084	1	1	3.567
804	happening	5514	0.085	1	1	3.565
805	Helmet	5523	0.085	1	1	3.563
806	COAL	5526	0.085	1	1	3.561
807	fiercely	5527	0.085	1	1	3.561
808	sheets	5556	0.085	1	1	3.555
809	play	61168	0.937	11	11	3.553
810	wandering	16735	0.256	3	3	3.548
811	Notorious	22363	0.343	4	4	3.545
812	judged	56237	0.862	10	8	3.537
813	hounds	5657	0.087	1	1	3.528
814	Esquire	11359	0.174	2	1	3.523
815	supported	11364	0.174	2	1	3.522
816	Quorum	11386	0.175	2	2	3.519
817	badge	5699	0.087	1	1	3.518
818	rid	17118	0.262	3	2	3.516
819	daughters	40010	0.613	7	5	3.513
820	Incarnate	5722	0.088	1	1	3.511
821	65.	5737	0.088	1	1	3.508
822	handsome	11498	0.176	2	2	3.505
823	vigilant	5765	0.088	1	1	3.501
824	committing	11606	0.178	2	2	3.492
825	Prophet	133904	2.052	23	22	3.487
826	resembled	5836	0.089	1	1	3.484
827	licentious	5899	0.09	1	1	3.468
828	Pars	11826	0.181	2	1	3.464
829	Frogs	5922	0.091	1	1	3.463
830	drunken	11882	0.182	2	2	3.457
831	Type	17907	0.274	3	2	3.451
832	beholds	5976	0.092	1	1	3.449
833	preferment	11954	0.183	2	2	3.449
834	Arabic	5985	0.092	1	1	3.447
835	Appropriated	5982	0.092	1	1	3.447
836	betrayed	18001	0.276	3	3	3.443
837	Dishonest	6002	0.092	1	1	3.442
838	defiled	18090	0.277	3	2	3.436
839	hunt	12065	0.185	2	2	3.435
840	filthy	30299	0.464	5	5	3.429
841	brand	6073	0.093	1	1	3.427
842	Window	12154	0.186	2	2	3.425
843	burning	48634	0.745	8	4	3.424
844	stink	6090	0.093	1	1	3.422
845	infect	6100	0.094	1	1	3.419
846	Painter	6102	0.094	1	1	3.419
847	proclaim	12226	0.187	2	2	3.417
848	polluted	12233	0.187	2	2	3.416
849	Squire	6126	0.094	1	1	3.413
850	Pagan	12292	0.188	2	1	3.409
851	illegal	6218	0.095	1	1	3.391
852	Mountains	56383	0.864	9	4	3.381
853	spoiling	6265	0.096	1	1	3.381
854	purify	6291	0.096	1	1	3.375
855	adorned	18908	0.29	3	2	3.372
856	Dregs	6317	0.097	1	1	3.369
857	marrying	6327	0.097	1	1	3.367
858	wave	6344	0.097	1	1	3.363
859	whip	6373	0.098	1	1	3.357
860	assail	6445	0.099	1	1	3.341
861	certified	6444	0.099	1	1	3.341
862	110	6465	0.099	1	1	3.335
863	Abhor	19419	0.298	3	3	3.334
864	allows	12955	0.199	2	1	3.333
865	drunkard	6511	0.1	1	1	3.325
866	raging	13043	0.2	2	2	3.323
867	peremptory	6538	0.1	1	1	3.319
868	Tacit	6596	0.101	1	1	3.306
869	preferring	6653	0.102	1	1	3.295
870	whipped	6660	0.102	1	1	3.293
871	Rents	13329	0.204	2	2	3.292
872	palpable	6673	0.102	1	1	3.291
873	Medicaments	6671	0.102	1	1	3.291
874	brow	6696	0.103	1	1	3.285
875	Revelations	13397	0.205	2	2	3.284
876	Garments	26823	0.411	4	3	3.283
877	wears	6709	0.103	1	1	3.282
878	Bloody	53730	0.823	8	3	3.281
879	involved	6720	0.103	1	1	3.279
880	Pedro	6737	0.103	1	1	3.276
881	spy	6749	0.103	1	1	3.274
882	Thereafter	6755	0.104	1	1	3.272
883	burn	40670	0.623	6	6	3.267
884	traitorous	6790	0.104	1	1	3.265
885	kindred	20409	0.313	3	3	3.262
886	vail	6807	0.104	1	1	3.261
887	Indicted	6808	0.104	1	1	3.261
888	Rack	6929	0.106	1	1	3.235
889	swearing	20821	0.319	3	2	3.233
890	rewarded	14017	0.215	2	1	3.219
891	Rival	7012	0.107	1	1	3.219
892	Revel	21061	0.323	3	3	3.217
893	Drunkards	7021	0.108	1	1	3.216
894	treated	21086	0.323	3	3	3.215
895	fourscore	7031	0.108	1	1	3.215
896	Mistress	42310	0.648	6	5	3.21
897	Begot	7053	0.108	1	1	3.21
898	lane	7088	0.109	1	1	3.203
899	High-priest	7087	0.109	1	1	3.203
900	Fortress	7099	0.109	1	1	3.2
901	included	14204	0.218	2	2	3.2
902	minding	7108	0.109	1	1	3.199
903	Description	42949	0.658	6	4	3.189
904	parallel	21491	0.329	3	1	3.187
905	cunning	28670	0.439	4	4	3.187
906	execrable	7210	0.111	1	1	3.178
907	rail	7220	0.111	1	1	3.177
908	corrupted	36122	0.554	5	5	3.175
909	drinking	29093	0.446	4	4	3.166
910	damn	7322	0.112	1	1	3.156
911	foregoing	14654	0.225	2	1	3.155
912	4th	7348	0.113	1	1	3.151
913	lap	7378	0.113	1	1	3.146
914	silk	14806	0.227	2	2	3.14
915	bestows	7419	0.114	1	1	3.137
916	Papacy	7431	0.114	1	1	3.134
917	judgement	111780	1.713	15	9	3.131
918	games	7473	0.115	1	1	3.127
919	pursuing	7485	0.115	1	1	3.124
920	ruled	22509	0.345	3	1	3.121
921	keepers	7518	0.115	1	1	3.118
922	weights	7530	0.115	1	1	3.115
923	commits	7541	0.116	1	1	3.114
924	soit	7606	0.117	1	1	3.102
925	Bacon	7727	0.118	1	1	3.078
926	Rome	271183	4.155	35	18	3.074
927	tear	15500	0.238	2	2	3.074
928	rode	15543	0.238	2	2	3.07
929	dress	15539	0.238	2	2	3.07
930	establishing	7797	0.12	1	1	3.065
931	laughing	7845	0.12	1	1	3.056
932	intimated	7877	0.121	1	1	3.051
933	penitent	15876	0.243	2	1	3.04
934	slay	15920	0.244	2	2	3.036
935	lewd	15983	0.245	2	2	3.03
936	Raiment	8017	0.123	1	1	3.026
937	're	16048	0.246	2	2	3.024
938	pick	8026	0.123	1	1	3.023
939	lists	8183	0.125	1	1	2.995
940	Sc	8206	0.126	1	1	2.992
941	Inscription	8206	0.126	1	1	2.992
942	peoples	33008	0.506	4	3	2.984
943	fits	16510	0.253	2	1	2.983
944	Hector	8263	0.127	1	1	2.982
945	maid	33079	0.507	4	1	2.981
946	drink	140890	2.159	17	13	2.977
947	Convocation	8315	0.127	1	1	2.973
948	hates	16898	0.259	2	2	2.95
949	crew	8469	0.13	1	1	2.946
950	undo	8485	0.13	1	1	2.943
951	hated	25471	0.39	3	2	2.942
952	Hospital	8600	0.132	1	1	2.924
953	crying	25811	0.396	3	3	2.923
954	patent	8637	0.132	1	1	2.918
955	suspected	25911	0.397	3	3	2.918
956	Prescription	8639	0.132	1	1	2.917
957	yields	17327	0.266	2	2	2.913
958	Maria	8668	0.133	1	1	2.913
959	luxury	8713	0.134	1	1	2.905
960	woman	183598	2.813	21	15	2.9
961	vapour	8780	0.135	1	1	2.894
962	kiss	26340	0.404	3	3	2.894
963	Gall	17567	0.269	2	2	2.893
964	conquerors	8794	0.135	1	1	2.892
965	conveniently	8789	0.135	1	1	2.892
966	Apostasy	17588	0.27	2	2	2.892
967	plays	17593	0.27	2	2	2.891
968	sitting	35270	0.54	4	4	2.888
969	Roman	141472	2.168	16	11	2.884
970	Cat	8876	0.136	1	1	2.878
971	kissed	8900	0.136	1	1	2.874
972	bowed	8908	0.137	1	1	2.873
973	deformed	8948	0.137	1	1	2.867
974	Lambs	8945	0.137	1	1	2.867
975	Beggar	8945	0.137	1	1	2.867
976	wife	214853	3.292	24	16	2.866
977	steal	17906	0.274	2	2	2.866
978	Villain	8957	0.137	1	1	2.866
979	quart	8964	0.137	1	1	2.865
980	Venus	26929	0.413	3	3	2.862
981	product	8997	0.138	1	1	2.859
982	Beat	45020	0.69	5	3	2.858
983	Prick	9007	0.138	1	1	2.857
984	Fashions	9013	0.138	1	1	2.856
985	misfortunes	9138	0.14	1	1	2.837
986	venerable	9145	0.14	1	1	2.835
987	quenched	9163	0.14	1	1	2.832
988	Lucius	9168	0.141	1	1	2.831
989	enquired	9225	0.141	1	1	2.823
990	defeat	9235	0.142	1	1	2.821
991	relish	9293	0.142	1	1	2.812
992	tricks	9354	0.143	1	1	2.803
993	extract	9355	0.143	1	1	2.803
994	Grotius	9364	0.144	1	1	2.801
995	dat	9363	0.144	1	1	2.801
996	judging	18760	0.287	2	2	2.799
997	Madam	46920	0.719	5	3	2.798
998	Plagues	18774	0.288	2	2	2.797
999	perplexed	9395	0.144	1	1	2.797
1000	Asses	9467	0.145	1	1	2.785
1001	swear	56939	0.872	6	6	2.782
1002	Indictment	9527	0.146	1	1	2.776
1003	dissemble	9543	0.146	1	1	2.774
1004	refined	9570	0.147	1	1	2.77
1005	opposing	9578	0.147	1	1	2.768
1006	increases	9612	0.147	1	1	2.763
1007	nakedness	9651	0.148	1	1	2.757
1008	Hills	29127	0.446	3	3	2.749
1009	Exit	19436	0.298	2	2	2.748
1010	Great	1790493	27.433	184	59	2.746
1011	destiny	9734	0.149	1	1	2.746
1012	denies	19481	0.299	2	2	2.744
1013	nostrils	9776	0.15	1	1	2.739
1014	abhorred	9825	0.151	1	1	2.732
1015	Pomp	19649	0.301	2	2	2.732
1016	amidst	9881	0.151	1	1	2.724
1017	jealous	19806	0.304	2	2	2.72
1018	positively	9945	0.152	1	1	2.714
1019	Begat	9977	0.153	1	1	2.709
1020	keeps	40024	0.613	4	4	2.706
1021	headlong	10029	0.154	1	1	2.702
1022	influences	10069	0.154	1	1	2.696
1023	seven	120863	1.852	12	9	2.696
1024	Boats	10128	0.155	1	1	2.688
1025	embraces	10141	0.155	1	1	2.686
1026	Sack	10141	0.155	1	1	2.686
1027	subsist	10162	0.156	1	1	2.683
1028	adore	20395	0.313	2	2	2.678
1029	obvious	10202	0.156	1	1	2.678
1030	Lady	112639	1.726	11	5	2.672
1031	burned	20536	0.315	2	2	2.668
1032	wear	20558	0.315	2	2	2.667
1033	discovering	10322	0.158	1	1	2.66
1034	dog	30988	0.475	3	3	2.66
1035	match	20690	0.317	2	2	2.657
1036	consumed	31042	0.476	3	3	2.657
1037	lusty	10354	0.159	1	1	2.657
1038	Synagogue	10391	0.159	1	1	2.651
1039	Orator	10410	0.16	1	1	2.648
1040	herself	10419	0.16	1	1	2.647
1041	quantum	10429	0.16	1	1	2.646
1042	liar	10452	0.16	1	1	2.643
1043	wares	10458	0.16	1	1	2.642
1044	Parson	10471	0.16	1	1	2.64
1045	honest	83801	1.284	8	7	2.639
1046	loathsome	10486	0.161	1	1	2.638
1047	Margaret	10516	0.161	1	1	2.634
1048	implies	10523	0.161	1	1	2.633
1049	68	10551	0.162	1	1	2.629
1050	Mystical	21135	0.324	2	2	2.627
1051	discovered	63467	0.972	6	5	2.625
1052	Cheat	10600	0.162	1	1	2.622
1053	hang	31830	0.488	3	3	2.621
1054	Proverb	21331	0.327	2	2	2.614
1055	flying	21405	0.328	2	2	2.608
1056	plague	42909	0.657	4	4	2.605
1057	described	42932	0.658	4	4	2.604
1058	indifferently	10753	0.165	1	1	2.601
1059	Concupiscence	10773	0.165	1	1	2.599
1060	Guest	10781	0.165	1	1	2.598
1061	Floods	10792	0.165	1	1	2.596
1062	Thin	32659	0.5	3	3	2.584
1063	she	1006738	15.425	92	57	2.576
1064	Stretch	10952	0.168	1	1	2.575
1065	venom	11000	0.169	1	1	2.569
1066	infamous	11020	0.169	1	1	2.567
1067	vex	11042	0.169	1	1	2.563
1068	afternoon	11049	0.169	1	1	2.562
1069	compelled	22115	0.339	2	2	2.561
1070	Cock	11063	0.17	1	1	2.561
1071	Calf	11111	0.17	1	1	2.555
1072	warned	11120	0.17	1	1	2.553
1073	't	11120	0.17	1	1	2.553
1074	Standard	11129	0.171	1	1	2.552
1075	thieves	22285	0.341	2	2	2.55
1076	Cor	22308	0.342	2	1	2.549
1077	Yes	44644	0.684	4	3	2.548
1078	Ephraim	11202	0.172	1	1	2.543
1079	Den	11211	0.172	1	1	2.541
1080	imaginable	11234	0.172	1	1	2.539
1081	Beer	11280	0.173	1	1	2.533
1082	murderers	11345	0.174	1	1	2.525
1083	Symptoms	11363	0.174	1	1	2.522
1084	spiritual	239256	3.666	21	9	2.518
1085	Picture	22820	0.35	2	2	2.516
1086	prodigal	11427	0.175	1	1	2.514
1087	drank	11443	0.175	1	1	2.512
1088	revived	11511	0.176	1	1	2.503
1089	Cave	11519	0.177	1	1	2.502
1090	Legate	11580	0.177	1	1	2.495
1091	imply	11589	0.178	1	1	2.493
1092	Confederates	11609	0.178	1	1	2.491
1093	Son	570683	8.744	49	24	2.486
1094	punishing	11649	0.179	1	1	2.486
1095	tame	11664	0.179	1	1	2.484
1096	preparing	11677	0.179	1	1	2.483
1097	Ferdinand	11682	0.179	1	1	2.482
1098	Abomination	11757	0.18	1	1	2.473
1099	wondered	11794	0.181	1	1	2.468
1100	uphold	11837	0.181	1	1	2.463
1101	veil	11849	0.182	1	1	2.462
1102	breathing	11927	0.183	1	1	2.452
1103	pr	11953	0.183	1	1	2.449
1104	stinking	11949	0.183	1	1	2.449
1105	contrived	11992	0.184	1	1	2.445
1106	j.	48447	0.742	4	2	2.43
1107	49	24226	0.371	2	2	2.43
1108	imputed	24284	0.372	2	2	2.426
1109	amorous	12171	0.187	1	1	2.423
1110	Exeunt	12174	0.187	1	1	2.423
1111	heretofore	36652	0.562	3	3	2.417
1112	drove	12259	0.188	1	1	2.413
1113	Splendour	12274	0.188	1	1	2.41
1114	curse	61992	0.95	5	4	2.396
1115	Malignant	12436	0.191	1	1	2.392
1116	habits	12432	0.191	1	1	2.392
1117	wilderness	37400	0.573	3	2	2.388
1118	ded	12467	0.191	1	1	2.388
1119	envious	12527	0.192	1	1	2.382
1120	her	1811491	27.755	144	81	2.375
1121	murderer	12581	0.193	1	1	2.375
1122	vile	37856	0.58	3	1	2.371
1123	Heresies	25260	0.387	2	1	2.37
1124	assigns	12648	0.194	1	1	2.367
1125	termed	25438	0.39	2	2	2.359
1126	blinded	12718	0.195	1	1	2.359
1127	destruction	89423	1.37	7	5	2.353
1128	abides	12792	0.196	1	1	2.351
1129	Darius	12799	0.196	1	1	2.35
1130	Friar	12819	0.196	1	1	2.348
1131	Pas	12920	0.198	1	1	2.336
1132	Agent	12951	0.198	1	1	2.334
1133	road	12952	0.198	1	1	2.334
1134	decline	12957	0.199	1	1	2.333
1135	forsooth	12960	0.199	1	1	2.332
1136	approaching	12995	0.199	1	1	2.328
1137	Wolf	13047	0.2	1	1	2.323
1138	Martyrdom	13134	0.201	1	1	2.313
1139	permission	13164	0.202	1	1	2.31
1140	Lev	13206	0.202	1	1	2.305
1141	delightful	13236	0.203	1	1	2.302
1142	disturb	13350	0.205	1	1	2.29
1143	Purge	26806	0.411	2	1	2.284
1144	inflicted	13403	0.205	1	1	2.283
1145	replied	40276	0.617	3	3	2.281
1146	runs	40288	0.617	3	3	2.281
1147	lovers	26913	0.412	2	2	2.278
1148	regular	13469	0.206	1	1	2.276
1149	Western	13537	0.207	1	1	2.27
1150	Coals	13558	0.208	1	1	2.267
1151	robbed	13664	0.209	1	1	2.256
1152	flatter	13665	0.209	1	1	2.256
1153	Gravity	13675	0.21	1	1	2.255
1154	lust	54865	0.841	4	3	2.251
1155	protect	13727	0.21	1	1	2.249
1156	Solomon	41245	0.632	3	3	2.247
1157	17.	83120	1.274	6	5	2.236
1158	manage	13853	0.212	1	1	2.236
1159	destroying	13873	0.213	1	1	2.234
1160	Mrs.	13889	0.213	1	1	2.232
1161	Revelation	41988	0.643	3	3	2.221
1162	lie	168129	2.576	12	12	2.22
1163	methinks	14132	0.217	1	1	2.208
1164	conferred	14170	0.217	1	1	2.204
1165	39.	14194	0.218	1	1	2.201
1166	pretends	14230	0.218	1	1	2.198
1167	intimate	14255	0.218	1	1	2.195
1168	Battles	14268	0.219	1	1	2.194
1169	doom	28591	0.438	2	1	2.191
1170	Heretic	14330	0.22	1	1	2.187
1171	tasted	14389	0.221	1	1	2.181
1172	committed	115180	1.765	8	7	2.18
1173	surprise	14398	0.221	1	1	2.18
1174	'll	158479	2.428	11	7	2.18
1175	double	72073	1.104	5	4	2.179
1176	ten	130362	1.997	9	6	2.172
1177	reprobate	14526	0.223	1	1	2.167
1178	dispatch	14533	0.223	1	1	2.167
1179	wrongs	14585	0.224	1	1	2.162
1180	Ant	14620	0.224	1	1	2.158
1181	Tent	14624	0.224	1	1	2.158
1182	cry	87922	1.347	6	6	2.155
1183	repented	14668	0.225	1	1	2.154
1184	fairest	14727	0.226	1	1	2.148
1185	demonstrate	14730	0.226	1	1	2.148
1186	shameful	14747	0.226	1	1	2.146
1187	Michael	14812	0.227	1	1	2.14
1188	Mar	14814	0.227	1	1	2.139
1189	shun	14847	0.228	1	1	2.136
1190	hunting	14846	0.228	1	1	2.136
1191	dearly	14865	0.228	1	1	2.134
1192	pretty	29773	0.456	2	2	2.132
1193	Jove	14895	0.228	1	1	2.132
1194	flourishing	14970	0.229	1	1	2.124
1195	seize	15038	0.23	1	1	2.118
1196	game	15105	0.231	1	1	2.112
1197	privately	15154	0.232	1	1	2.107
1198	effected	15220	0.233	1	1	2.1
1199	disciple	15273	0.234	1	1	2.095
1200	commend	30571	0.468	2	2	2.094
1201	70	15439	0.237	1	1	2.079
1202	ruined	15482	0.237	1	1	2.076
1203	naked	46459	0.712	3	3	2.075
1204	Merchandise	15488	0.237	1	1	2.075
1205	!	371996	5.7	24	16	2.074
1206	expose	15498	0.238	1	1	2.074
1207	enjoyment	15508	0.238	1	1	2.073
1208	Generations	15518	0.238	1	1	2.072
1209	bitter	46679	0.715	3	3	2.069
1210	mentions	15583	0.239	1	1	2.066
1211	call	328774	5.037	21	19	2.06
1212	Mo	15704	0.241	1	1	2.055
1213	incense	15760	0.242	1	1	2.05
1214	Idleness	15825	0.243	1	1	2.044
1215	devotion	47524	0.728	3	2	2.043
1216	confound	15864	0.243	1	1	2.04
1217	rebuke	15877	0.243	1	1	2.039
1218	signifies	79472	1.218	5	5	2.038
1219	desperate	31789	0.487	2	2	2.038
1220	vow	31839	0.488	2	2	2.036
1221	restored	47801	0.732	3	1	2.034
1222	Illustrious	15935	0.244	1	1	2.034
1223	carried	127788	1.958	8	1	2.031
1224	Essex	15981	0.245	1	1	2.03
1225	pace	16017	0.245	1	1	2.027
1226	cries	32046	0.491	2	2	2.026
1227	'd	144543	2.215	9	8	2.023
1228	meant	112513	1.724	7	7	2.022
1229	fine	96522	1.479	6	2	2.02
1230	consequently	64502	0.988	4	3	2.017
1231	Portion	48529	0.744	3	3	2.013
1232	Patriarch	16225	0.249	1	1	2.008
1233	insomuch	32477	0.498	2	2	2.007
1234	silly	16358	0.251	1	1	1.997
1235	strongest	16405	0.251	1	1	1.992
1236	crooked	16446	0.252	1	1	1.989
1237	executed	33017	0.506	2	2	1.983
1238	destroyed	66138	1.013	4	4	1.981
1239	iniquities	16575	0.254	1	1	1.977
1240	Members	116122	1.779	7	5	1.976
1241	Ch.	33232	0.509	2	2	1.974
1242	causing	16632	0.255	1	1	1.973
1243	Pulled	16685	0.256	1	1	1.968
1244	burnt	50113	0.768	3	3	1.966
1245	Col	16743	0.257	1	1	1.963
1246	turn	167524	2.567	10	7	1.962
1247	hair	50335	0.771	3	2	1.96
1248	guided	16830	0.258	1	1	1.955
1249	Rom	16837	0.258	1	1	1.955
1250	extant	16836	0.258	1	1	1.955
1251	foretold	16838	0.258	1	1	1.955
1252	fortune	101130	1.55	6	5	1.953
1253	complained	16882	0.259	1	1	1.951
1254	Charitable	16906	0.259	1	1	1.949
1255	Constantinople	33964	0.52	2	1	1.942
1256	admired	17008	0.261	1	1	1.94
1257	judgments	34069	0.522	2	2	1.938
1258	Socrates	17043	0.261	1	1	1.937
1259	commit	51155	0.784	3	3	1.936
1260	Prophecy	51210	0.785	3	3	1.935
1261	fellow	51208	0.785	3	3	1.935
1262	support	34167	0.524	2	2	1.934
1263	professed	34256	0.525	2	2	1.93
1264	Board	17171	0.263	1	1	1.926
1265	discerned	17249	0.264	1	1	1.92
1266	n't	34507	0.529	2	2	1.919
1267	destitute	17265	0.265	1	1	1.919
1268	sisters	17302	0.265	1	1	1.915
1269	infected	17325	0.265	1	1	1.914
1270	confounded	17397	0.267	1	1	1.907
1271	trusted	17518	0.268	1	1	1.898
1272	takes	123079	1.886	7	6	1.892
1273	seeking	35296	0.541	2	2	1.887
1274	betray	17683	0.271	1	1	1.884
1275	O.	17703	0.271	1	1	1.883
1276	urge	17702	0.271	1	1	1.883
1277	National	17726	0.272	1	1	1.88
1278	usually	53352	0.817	3	3	1.876
1279	rejoicing	17783	0.273	1	1	1.876
1280	got	88984	1.363	5	3	1.875
1281	heathen	53596	0.821	3	2	1.869
1282	de	804522	12.327	45	4	1.868
1283	Characters	17893	0.274	1	1	1.867
1284	Captains	35824	0.549	2	1	1.865
1285	sport	17952	0.275	1	1	1.862
1286	Gallant	17961	0.275	1	1	1.861
1287	Predecessors	18045	0.277	1	1	1.855
1288	dear	109293	1.675	6	4	1.841
1289	Drunkenness	18268	0.28	1	1	1.837
1290	practised	36690	0.562	2	2	1.831
1291	largely	18351	0.281	1	1	1.83
1292	bids	18389	0.282	1	1	1.827
1293	quit	18392	0.282	1	1	1.827
1294	subtle	36810	0.564	2	2	1.826
1295	heap	18409	0.282	1	1	1.826
1296	Monarch	18420	0.282	1	1	1.825
1297	quoth	36867	0.565	2	2	1.824
1298	overthrow	36900	0.565	2	2	1.823
1299	Courtesy	18515	0.284	1	1	1.818
1300	wilt	74391	1.14	4	4	1.811
1301	prophets	111696	1.711	6	3	1.81
1302	Cardinals	18647	0.286	1	1	1.807
1303	ruin	74606	1.143	4	3	1.807
1304	Church	1175787	18.015	63	19	1.806
1305	Universal	74773	1.146	4	2	1.804
1306	attribute	18881	0.289	1	1	1.789
1307	partake	18988	0.291	1	1	1.781
1308	loves	76043	1.165	4	4	1.78
1309	Dan	38042	0.583	2	2	1.779
1310	immortality	19100	0.293	1	1	1.773
1311	companion	19107	0.293	1	1	1.772
1312	horrid	19167	0.294	1	1	1.768
1313	encouraged	19234	0.295	1	1	1.763
1314	Character	38558	0.591	2	2	1.759
1315	Chains	19298	0.296	1	1	1.758
1316	fitted	19318	0.296	1	1	1.756
1317	18.	77389	1.186	4	4	1.754
1318	sink	19378	0.297	1	1	1.752
1319	Bell	19417	0.298	1	1	1.749
1320	Fourthly	38947	0.597	2	2	1.745
1321	paid	58812	0.901	3	2	1.735
1322	horror	19604	0.3	1	1	1.735
1323	practises	19615	0.301	1	1	1.735
1324	restrained	19614	0.301	1	1	1.735
1325	correct	19705	0.302	1	1	1.728
1326	Lyon	19709	0.302	1	1	1.727
1327	tremble	19753	0.303	1	1	1.724
1328	risen	19790	0.303	1	1	1.722
1329	reputed	19893	0.305	1	1	1.714
1330	fashion	39934	0.612	2	1	1.709
1331	practices	19984	0.306	1	1	1.707
1332	probably	19999	0.306	1	1	1.707
1333	profane	40020	0.613	2	2	1.706
1334	defect	20015	0.307	1	1	1.705
1335	wanton	20242	0.31	1	1	1.689
1336	Privilege	40519	0.621	2	2	1.688
1337	Severity	20285	0.311	1	1	1.686
1338	lastly	81334	1.246	4	2	1.682
1339	arose	20382	0.312	1	1	1.679
1340	tie	20437	0.313	1	1	1.675
1341	conceive	81841	1.254	4	2	1.674
1342	Arise	61558	0.943	3	3	1.669
1343	chaste	20646	0.316	1	1	1.661
1344	Bonds	20748	0.318	1	1	1.653
1345	habet	20783	0.318	1	1	1.651
1346	ne'er	20984	0.322	1	1	1.637
1347	step	20981	0.322	1	1	1.637
1348	es	21017	0.322	1	1	1.635
1349	persecuted	21044	0.322	1	1	1.633
1350	Oh	126299	1.935	6	5	1.633
1351	seated	21058	0.323	1	1	1.632
1352	barren	21073	0.323	1	1	1.631
1353	ambitious	21078	0.323	1	1	1.63
1354	Superstitious	21092	0.323	1	1	1.63
1355	fight	105643	1.619	5	5	1.627
1356	fighting	21135	0.324	1	1	1.627
1357	mad	42332	0.649	2	2	1.625
1358	milk	42416	0.65	2	2	1.622
1359	fee	21237	0.325	1	1	1.62
1360	Extent	21261	0.326	1	1	1.618
1361	beheld	21385	0.328	1	1	1.61
1362	final	21409	0.328	1	1	1.608
1363	venture	21408	0.328	1	1	1.608
1364	young	171502	2.628	8	8	1.606
1365	Troops	21505	0.33	1	1	1.602
1366	carry	108052	1.656	5	2	1.595
1367	Common	346098	5.303	16	13	1.593
1368	Sovereignty	21633	0.332	1	1	1.593
1369	Confesses	21697	0.332	1	1	1.589
1370	Daughter	108707	1.666	5	5	1.586
1371	Women	152987	2.344	7	7	1.578
1372	sit	131502	2.015	6	5	1.574
1373	laugh	21938	0.336	1	1	1.573
1374	stile	21951	0.336	1	1	1.572
1375	womb	44083	0.675	2	2	1.566
1376	murdered	22105	0.339	1	1	1.562
1377	Nations	132713	2.033	6	4	1.561
1378	knees	22165	0.34	1	1	1.558
1379	punish	44349	0.68	2	2	1.557
1380	Virgins	22219	0.34	1	1	1.555
1381	Eighth	22214	0.34	1	1	1.555
1382	Original	88923	1.363	4	1	1.554
1383	secrets	22386	0.343	1	1	1.544
1384	34.	22411	0.343	1	1	1.542
1385	Eggs	22433	0.344	1	1	1.541
1386	ver	22436	0.344	1	1	1.54
1387	sweat	22452	0.344	1	1	1.54
1388	oppression	22522	0.345	1	1	1.535
1389	idol	22562	0.346	1	1	1.532
1390	weeping	22605	0.346	1	1	1.53
1391	caused	113016	1.732	5	4	1.53
1392	indignation	22811	0.35	1	1	1.517
1393	fulfil	22851	0.35	1	1	1.514
1394	admire	22861	0.35	1	1	1.513
1395	looked	68727	1.053	3	2	1.51
1396	Jurisdiction	45854	0.703	2	2	1.509
1397	Traditions	22980	0.352	1	1	1.506
1398	Jer	23150	0.355	1	1	1.495
1399	called	768363	11.773	33	23	1.487
1400	struck	23297	0.357	1	1	1.486
1401	returns	23425	0.359	1	1	1.478
1402	Corruptions	23463	0.36	1	1	1.476
1403	Judgment	235552	3.609	10	8	1.47
1404	Judgements	47124	0.722	2	2	1.47
1405	Nobles	23632	0.362	1	1	1.466
1406	dance	23697	0.363	1	1	1.462
1407	Jew	23762	0.364	1	1	1.458
1408	accounts	23870	0.366	1	1	1.451
1409	Beauty	95667	1.466	4	4	1.448
1410	saw	191431	2.933	8	5	1.448
1411	Rob	23959	0.367	1	1	1.446
1412	seriously	24000	0.368	1	1	1.443
1413	troubled	72125	1.105	3	1	1.441
1414	shake	24043	0.368	1	1	1.441
1415	poor	313465	4.803	13	9	1.437
1416	redeemed	24139	0.37	1	1	1.435
1417	worse	96916	1.485	4	3	1.43
1418	prey	24332	0.373	1	1	1.424
1419	Pull	24362	0.373	1	1	1.422
1420	steps	24371	0.373	1	1	1.421
1421	apprehend	24467	0.375	1	1	1.415
1422	bed	73593	1.128	3	3	1.412
1423	Fortunes	24537	0.376	1	1	1.412
1424	proud	73660	1.129	3	3	1.41
1425	assigned	24587	0.377	1	1	1.409
1426	adultery	24714	0.379	1	1	1.401
1427	Cruelty	49468	0.758	2	2	1.4
1428	lights	24751	0.379	1	1	1.399
1429	has	321926	4.933	13	10	1.398
1430	manifested	24803	0.38	1	1	1.396
1431	golden	49785	0.763	2	2	1.391
1432	Lamb	50063	0.767	2	2	1.383
1433	prevailed	25057	0.384	1	1	1.381
1434	Isa.	75282	1.154	3	3	1.379
1435	goes	100413	1.539	4	4	1.378
1436	Coast	25174	0.386	1	1	1.374
1437	dread	25184	0.386	1	1	1.374
1438	exercises	25294	0.388	1	1	1.368
1439	hath	1823449	27.938	72	30	1.366
1440	a	14471665	221.731	571	181	1.365
1441	excess	25352	0.388	1	1	1.364
1442	Dull	25362	0.389	1	1	1.364
1443	Celestial	25497	0.391	1	1	1.356
1444	sorts	102012	1.563	4	1	1.356
1445	profess	51407	0.788	2	2	1.344
1446	signification	25765	0.395	1	1	1.341
1447	sister	51618	0.791	2	2	1.338
1448	Re	25840	0.396	1	1	1.337
1449	Aside	51692	0.792	2	2	1.336
1450	top	52060	0.798	2	1	1.326
1451	wo	26036	0.399	1	1	1.326
1452	bless	52076	0.798	2	1	1.326
1453	Gain	78199	1.198	3	3	1.324
1454	seed	130549	2	5	2	1.322
1455	Lover	26112	0.4	1	1	1.322
1456	looks	52264	0.801	2	2	1.32
1457	43	26174	0.401	1	1	1.318
1458	's	1833403	28.091	70	37	1.317
1459	Mark	131282	2.012	5	4	1.314
1460	esteemed	52613	0.806	2	2	1.311
1461	Matthew	26367	0.404	1	1	1.308
1462	attended	26513	0.406	1	1	1.3
1463	suddenly	53066	0.813	2	2	1.298
1464	Flood	26569	0.407	1	1	1.297
1465	lays	26622	0.408	1	1	1.294
1466	list	26655	0.408	1	1	1.292
1467	blood	426566	6.536	16	10	1.292
1468	Britain	26773	0.41	1	1	1.286
1469	yea	321813	4.931	12	9	1.283
1470	setting	53750	0.824	2	2	1.28
1471	gross	53803	0.824	2	2	1.279
1472	manifest	107661	1.65	4	2	1.278
1473	mere	80762	1.237	3	3	1.278
1474	leads	26956	0.413	1	1	1.276
1475	City	377406	5.783	14	8	1.276
1476	Heir	53990	0.827	2	2	1.274
1477	apparel	27082	0.415	1	1	1.269
1478	Poets	27112	0.415	1	1	1.267
1479	defended	27388	0.42	1	1	1.253
1480	remarkable	27396	0.42	1	1	1.252
1481	dishonour	27449	0.421	1	1	1.249
1482	pound	54933	0.842	2	2	1.249
1483	mentioned	110171	1.688	4	4	1.245
1484	temples	27639	0.424	1	1	1.24
1485	suitable	27681	0.424	1	1	1.238
1486	stick	27742	0.425	1	1	1.234
1487	plainly	111081	1.702	4	3	1.233
1488	leaving	55555	0.851	2	2	1.232
1489	Saints	194939	2.987	7	7	1.229
1490	sons	139530	2.138	5	5	1.226
1491	Kings	363629	5.571	13	11	1.222
1492	appeal	28134	0.431	1	1	1.214
1493	beware	28157	0.431	1	1	1.213
1494	Followers	28164	0.432	1	1	1.213
1495	provoke	28409	0.435	1	1	1.2
1496	torment	28570	0.438	1	1	1.192
1497	st	28567	0.438	1	1	1.192
1498	Ha	28655	0.439	1	1	1.188
1499	price	57392	0.879	2	2	1.186
1500	destroy	86113	1.319	3	3	1.185
1501	IX	28939	0.443	1	1	1.173
1502	Ah	29075	0.446	1	1	1.167
1503	Believers	58227	0.892	2	2	1.165
1504	wont	58350	0.894	2	2	1.162
1505	weather	29174	0.447	1	1	1.162
1506	begotten	29211	0.448	1	1	1.16
1507	Westminster	29288	0.449	1	1	1.156
1508	whose	468798	7.183	16	14	1.155
1509	shown	29305	0.449	1	1	1.155
1510	Ezek.	29318	0.449	1	1	1.155
1511	throw	29481	0.452	1	1	1.147
1512	Thank	29699	0.455	1	1	1.136
1513	ou	29737	0.456	1	1	1.134
1514	publicly	29824	0.457	1	1	1.13
1515	claim	29873	0.458	1	1	1.128
1516	fellows	29880	0.458	1	1	1.127
1517	permit	29877	0.458	1	1	1.127
1518	rank	29920	0.458	1	1	1.125
1519	upon	2522161	38.644	84	41	1.12
1520	displeasure	30153	0.462	1	1	1.114
1521	face	181454	2.78	6	5	1.11
1522	Gentlemen	60495	0.927	2	2	1.11
1523	finished	30271	0.464	1	1	1.108
1524	ordinarily	30303	0.464	1	1	1.107
1525	veins	30344	0.465	1	1	1.105
1526	figures	30387	0.466	1	1	1.103
1527	Mothers	30565	0.468	1	1	1.094
1528	ere	61209	0.938	2	2	1.093
1529	wretched	30683	0.47	1	1	1.089
1530	Unclean	30723	0.471	1	1	1.087
1531	harm	30750	0.471	1	1	1.086
1532	along	61778	0.947	2	1	1.079
1533	Idols	30951	0.474	1	1	1.076
1534	represent	31012	0.475	1	1	1.073
1535	flesh	279311	4.28	9	7	1.072
1536	cares	31089	0.476	1	1	1.07
1537	Condemnation	31282	0.479	1	1	1.061
1538	Inhabitants	62803	0.962	2	2	1.055
1539	pity	62915	0.964	2	2	1.053
1540	corrupt	63197	0.968	2	2	1.046
1541	youth	63555	0.974	2	2	1.038
1542	later	31782	0.487	1	1	1.038
1543	oaths	31854	0.488	1	1	1.035
1544	Whilst	127767	1.958	4	4	1.031
1545	opposite	31956	0.49	1	1	1.03
1546	damnation	32064	0.491	1	1	1.025
1547	VIII	32081	0.492	1	1	1.025
1548	dogs	32101	0.492	1	1	1.024
1549	treat	32126	0.492	1	1	1.023
1550	Doubtless	32131	0.492	1	1	1.022
1551	Deuteronomy	64271	0.985	2	2	1.022
1552	M.	193517	2.965	6	3	1.017
1553	haste	258415	3.959	8	6	1.015
1554	upper	32317	0.495	1	1	1.014
1555	conquest	32321	0.495	1	1	1.014
1556	bosom	32336	0.495	1	1	1.013
1557	Maintenance	32482	0.498	1	1	1.007
1558	remaining	32552	0.499	1	1	1.003
1559	accused	32564	0.499	1	1	1.003
1560	Praises	32770	0.502	1	1	0.994
1561	tells	98449	1.508	3	3	0.992
1562	torments	32888	0.504	1	1	0.989
1563	Common-wealth	32931	0.505	1	1	0.987
1564	serves	32991	0.506	1	1	0.984
1565	vices	33021	0.506	1	1	0.983
1566	Record	33094	0.507	1	1	0.98
1567	Chapter	132959	2.037	4	2	0.973
1568	married	66560	1.02	2	2	0.972
1569	beloved	66576	1.02	2	2	0.971
1570	Thou	1398203	21.423	42	24	0.971
1571	epist.	33418	0.512	1	1	0.966
1572	James	100348	1.538	3	3	0.964
1573	concerns	33496	0.513	1	1	0.962
1574	Agreement	33513	0.514	1	1	0.962
1575	wax	33550	0.514	1	1	0.96
1576	crowns	33573	0.514	1	1	0.959
1577	private	134915	2.067	4	3	0.952
1578	shed	33752	0.517	1	1	0.951
1579	fulfilled	33876	0.519	1	1	0.946
1580	Declares	33877	0.519	1	1	0.946
1581	house	407406	6.242	12	10	0.943
1582	Horse	136110	2.085	4	3	0.94
1583	whom	782727	11.993	23	19	0.939
1584	passes	34125	0.523	1	1	0.935
1585	advanced	34128	0.523	1	1	0.935
1586	Throne	68392	1.048	2	2	0.932
1587	the	59190422	906.899	1720	270	0.923
1588	relief	34491	0.529	1	1	0.92
1589	certainty	34519	0.529	1	1	0.919
1590	dreadful	34583	0.53	1	1	0.916
1591	?	2527462	38.725	73	42	0.915
1592	reproach	34657	0.531	1	1	0.913
1593	beaten	34661	0.531	1	1	0.913
1594	scorn	34703	0.532	1	1	0.911
1595	keep	313074	4.797	9	8	0.908
1596	Winds	34784	0.533	1	1	0.908
1597	broad	35012	0.536	1	1	0.899
1598	[	280684	4.301	8	6	0.895
1599	l	70403	1.079	2	1	0.891
1600	calling	105619	1.618	3	3	0.89
1601	Husband	105631	1.618	3	3	0.89
1602	prevail	35221	0.54	1	1	0.89
1603	sends	35230	0.54	1	1	0.89
1604	saying	211699	3.244	6	5	0.887
1605	aforesaid	106004	1.624	3	1	0.885
1606	farther	70765	1.084	2	2	0.883
1607	thinks	71088	1.089	2	2	0.877
1608	like	1070087	16.396	30	25	0.872
1609	Song	35727	0.547	1	1	0.869
1610	why	394748	6.048	11	11	0.863
1611	lift	35903	0.55	1	1	0.862
1612	trade	71989	1.103	2	2	0.859
1613	hither	36037	0.552	1	1	0.857
1614	dumb	36044	0.552	1	1	0.856
1615	moreover	72198	1.106	2	2	0.854
1616	20	145215	2.225	4	4	0.846
1617	mine	181777	2.785	5	2	0.844
1618	you	3714542	56.913	102	36	0.842
1619	make	1313915	20.131	36	25	0.839
1620	Witness	109825	1.683	3	3	0.834
1621	possess	36617	0.561	1	1	0.834
1622	who	2315377	35.476	63	38	0.829
1623	mouths	36905	0.565	1	1	0.823
1624	flower	36901	0.565	1	1	0.823
1625	wherein	332751	5.098	9	6	0.82
1626	Child	148012	2.268	4	4	0.819
1627	Palace	37162	0.569	1	1	0.812
1628	valour	37184	0.57	1	1	0.812
1629	Jesuits	37256	0.571	1	1	0.809
1630	spend	37287	0.571	1	1	0.808
1631	quite	74671	1.144	2	2	0.806
1632	kill	74750	1.145	2	2	0.804
1633	league	37496	0.575	1	1	0.8
1634	while	300747	4.608	8	7	0.796
1635	fifty	37601	0.576	1	1	0.796
1636	needs	150472	2.306	4	4	0.795
1637	succession	37662	0.577	1	1	0.793
1638	old	414305	6.348	11	8	0.793
1639	agree	75479	1.157	2	2	0.79
1640	deep	75511	1.157	2	2	0.79
1641	press	37763	0.579	1	1	0.789
1642	quality	75538	1.157	2	2	0.789
1643	Masters	75576	1.158	2	2	0.788
1644	Vengeance	37813	0.579	1	1	0.787
1645	punishment	113533	1.74	3	3	0.786
1646	separated	37858	0.58	1	1	0.786
1647	evening	37929	0.581	1	1	0.783
1648	lips	38066	0.583	1	1	0.778
1649	debt	38106	0.584	1	1	0.776
1650	Omnes	38114	0.584	1	1	0.776
1651	conduct	38180	0.585	1	1	0.773
1652	godliness	38251	0.586	1	1	0.771
1653	FINIS	38468	0.589	1	1	0.763
1654	Title	115960	1.777	3	3	0.756
1655	Chap	271060	4.153	7	5	0.753
1656	drew	38764	0.594	1	1	0.752
1657	Senate	38824	0.595	1	1	0.749
1658	blind	77737	1.191	2	1	0.748
1659	spare	38949	0.597	1	1	0.745
1660	28	77934	1.194	2	2	0.744
1661	follows	118360	1.814	3	2	0.726
1662	art	315875	4.84	8	6	0.725
1663	mountain	39556	0.606	1	1	0.722
1664	certainly	118694	1.819	3	3	0.722
1665	bestowed	39589	0.607	1	1	0.721
1666	cost	39743	0.609	1	1	0.716
1667	shall	2624249	40.208	66	38	0.715
1668	cold	119553	1.832	3	1	0.712
1669	&c	479189	7.342	12	11	0.709
1670	necessarily	39984	0.613	1	1	0.707
1671	Tongues	40030	0.613	1	1	0.705
1672	viz.	161354	2.472	4	4	0.694
1673	comparison	40468	0.62	1	1	0.69
1674	Arts	40476	0.62	1	1	0.689
1675	name	607418	9.307	15	11	0.689
1676	calls	121932	1.868	3	3	0.683
1677	notable	40823	0.626	1	1	0.677
1678	doctrines	40858	0.626	1	1	0.676
1679	an	2497908	38.272	61	38	0.673
1680	sell	41041	0.629	1	1	0.669
1681	past	123448	1.891	3	3	0.666
1682	Ladies	41212	0.631	1	1	0.663
1683	persecution	41265	0.632	1	1	0.661
1684	Fool	41266	0.632	1	1	0.661
1685	worship	206782	3.168	5	4	0.658
1686	Bill	41380	0.634	1	1	0.657
1687	"	41388	0.634	1	1	0.657
1688	openly	41440	0.635	1	1	0.655
1689	;	9536348	146.113	230	101	0.655
1690	C	292350	4.479	7	1	0.644
1691	Honey	41845	0.641	1	1	0.641
1692	offering	41936	0.643	1	1	0.638
1693	manners	41947	0.643	1	1	0.638
1694	spake	83909	1.286	2	2	0.638
1695	Honours	42207	0.647	1	1	0.629
1696	chosen	84591	1.296	2	2	0.626
1697	tell	255280	3.911	6	5	0.617
1698	utter	42614	0.653	1	1	0.615
1699	cursed	42622	0.653	1	1	0.615
1700	distinction	42763	0.655	1	1	0.61
1701	Rent	42785	0.656	1	1	0.609
1702	Sect	42803	0.656	1	1	0.609
1703	hand	471988	7.232	11	8	0.605
1704	become	172873	2.649	4	4	0.595
1705	Doctors	43227	0.662	1	1	0.594
1706	meeting	43320	0.664	1	1	0.591
1707	resist	43474	0.666	1	1	0.586
1708	or	6140246	94.079	141	68	0.584
1709	built	87141	1.335	2	2	0.583
1710	forms	43593	0.668	1	1	0.582
1711	spread	43759	0.671	1	1	0.577
1712	Camp	43972	0.674	1	1	0.57
1713	prove	220093	3.372	5	5	0.568
1714	bringing	44028	0.675	1	1	0.568
1715	beside	44252	0.678	1	1	0.561
1716	(	3147389	48.223	71	38	0.558
1717	s	133183	2.041	3	2	0.556
1718	famous	88824	1.361	2	2	0.555
1719	dust	44440	0.681	1	1	0.554
1720	appearance	44583	0.683	1	1	0.55
1721	17	133873	2.051	3	3	0.548
1722	privileges	44698	0.685	1	1	0.546
1723	usual	44893	0.688	1	1	0.54
1724	Run	134767	2.065	3	2	0.539
1725	forced	89873	1.377	2	2	0.538
1726	enough	225014	3.448	5	5	0.536
1727	profit	90042	1.38	2	1	0.536
1728	bid	45051	0.69	1	1	0.535
1729	Institution	45069	0.691	1	1	0.534
1730	kindness	45136	0.692	1	1	0.532
1731	O	541781	8.301	12	9	0.532
1732	abuse	45195	0.693	1	1	0.53
1733	many	1356675	20.787	30	23	0.529
1734	Empire	90491	1.387	2	1	0.529
1735	though	1040761	15.946	23	15	0.528
1736	Hill	45286	0.694	1	1	0.527
1737	begun	45469	0.697	1	1	0.521
1738	Main	45562	0.698	1	1	0.518
1739	Patient	45655	0.7	1	1	0.516
1740	judges	91633	1.404	2	2	0.51
1741	fled	45957	0.704	1	1	0.506
1742	cried	45966	0.704	1	1	0.506
1743	rage	46100	0.706	1	1	0.502
1744	hitherto	46245	0.709	1	1	0.497
1745	merciful	46370	0.711	1	1	0.493
1746	Friendship	46387	0.711	1	1	0.493
1747	on	1948583	29.856	42	30	0.492
1748	understand	185715	2.846	4	2	0.491
1749	vice	46611	0.714	1	1	0.486
1750	t	186780	2.862	4	3	0.483
1751	10	233570	3.579	5	5	0.482
1752	stir	46896	0.719	1	1	0.477
1753	16.	93810	1.437	2	2	0.477
1754	true	751380	11.512	16	6	0.475
1755	money	188212	2.884	4	4	0.472
1756	shame	94222	1.444	2	2	0.47
1757	W.	47212	0.723	1	1	0.467
1758	History	94546	1.449	2	2	0.465
1759	rightly	47299	0.725	1	1	0.465
1760	affected	47304	0.725	1	1	0.464
1761	build	47348	0.726	1	1	0.463
1762	too	521045	7.983	11	7	0.462
1763	following	142882	2.189	3	3	0.455
1764	showed	142959	2.19	3	3	0.454
1765	devil	190658	2.921	4	4	0.453
1766	]	429805	6.585	9	4	0.451
1767	seldom	47805	0.733	1	1	0.449
1768	how	1244740	19.072	26	20	0.447
1769	Fury	47909	0.734	1	1	0.446
1770	post	47961	0.735	1	1	0.445
1771	Pope	240165	3.68	5	3	0.442
1772	every	1057014	16.195	22	13	0.442
1773	thereto	48070	0.737	1	1	0.441
1774	ashamed	48199	0.739	1	1	0.437
1775	Philip	48328	0.741	1	1	0.433
1776	Knights	48428	0.742	1	1	0.431
1777	go	533648	8.176	11	10	0.428
1778	Priests	145909	2.236	3	3	0.424
1779	wh	48807	0.748	1	1	0.419
1780	neither	537051	8.229	11	10	0.419
1781	something	97686	1.497	2	2	0.418
1782	said	1514302	23.202	31	17	0.418
1783	25.	48971	0.75	1	1	0.414
1784	spoken	147126	2.254	3	3	0.412
1785	mischief	49083	0.752	1	1	0.411
1786	withal	98276	1.506	2	2	0.409
1787	with	6743369	103.32	137	73	0.407
1788	strangers	49348	0.756	1	1	0.403
1789	where	1086411	16.646	22	15	0.402
1790	forget	49494	0.758	1	1	0.399
1791	Over	545201	8.353	11	8	0.397
1792	Image	99324	1.522	2	2	0.394
1793	And	37698224	577.602	756	239	0.388
1794	get	149760	2.295	3	3	0.387
1795	Whence	149816	2.295	3	3	0.386
1796	perhaps	99958	1.532	2	2	0.385
1797	belly	50036	0.767	1	1	0.383
1798	last	450430	6.901	9	7	0.383
1799	suffered	100182	1.535	2	2	0.382
1800	greatest	200955	3.079	4	4	0.378
1801	7	251211	3.849	5	3	0.377
1802	indeed	301803	4.624	6	5	0.376
1803	shalt	151151	2.316	3	2	0.373
1804	Dominion	50446	0.773	1	1	0.372
1805	v.	202373	3.101	4	2	0.367
1806	instruments	50653	0.776	1	1	0.366
1807	says	304429	4.664	6	5	0.363
1808	Sacraments	50743	0.778	1	1	0.363
1809	me	1731164	26.524	34	16	0.358
1810	revealed	50925	0.78	1	1	0.358
1811	am	509469	7.806	10	7	0.357
1812	F	50955	0.781	1	1	0.357
1813	punished	51064	0.782	1	1	0.354
1814	comes	255457	3.914	5	3	0.353
1815	fair	204535	3.134	4	4	0.352
1816	of	39170514	600.16	766	204	0.352
1817	exercise	102303	1.568	2	2	0.352
1818	Confusion	51173	0.784	1	1	0.351
1819	danger	153644	2.354	3	3	0.35
1820	Commandments	51345	0.787	1	1	0.346
1821	g.	51419	0.788	1	1	0.344
1822	since	412107	6.314	8	7	0.341
1823	plain	154580	2.368	3	2	0.341
1824	unless	154621	2.369	3	3	0.341
1825	single	51634	0.791	1	1	0.338
1826	receiving	51659	0.792	1	1	0.337
1827	,	97296499	1490.75	1880	346	0.335
1828	that	17465266	267.598	337	136	0.333
1829	peculiar	51984	0.797	1	1	0.328
1830	Company	157530	2.414	3	3	0.314
1831	excuse	52632	0.806	1	1	0.31
1832	Sinner	52649	0.807	1	1	0.31
1833	pride	105444	1.616	2	2	0.308
1834	going	105462	1.616	2	2	0.308
1835	loving	52941	0.811	1	1	0.302
1836	Sir	371184	5.687	7	4	0.3
1837	conceived	53148	0.814	1	1	0.296
1838	case	319514	4.896	6	6	0.294
1839	still	373001	5.715	7	7	0.293
1840	pay	106691	1.635	2	1	0.291
1841	nothing	640275	9.81	12	9	0.291
1842	spent	53460	0.819	1	1	0.288
1843	removed	53515	0.82	1	1	0.286
1844	falling	53567	0.821	1	1	0.285
1845	Break	107397	1.646	2	2	0.281
1846	is	12301699	188.483	229	85	0.281
1847	saving	53781	0.824	1	1	0.279
1848	back	161359	2.472	3	3	0.279
1849	public	215912	3.308	4	4	0.274
1850	Virgin	54072	0.829	1	1	0.271
1851	bears	54088	0.829	1	1	0.271
1852	drawn	108352	1.66	2	2	0.269
1853	Israel	162651	2.492	3	2	0.268
1854	Images	54257	0.831	1	1	0.267
1855	next	271507	4.16	5	4	0.265
1856	deceived	54539	0.836	1	1	0.259
1857	Decree	54592	0.836	1	1	0.258
1858	Seal	54620	0.837	1	1	0.257
1859	accordingly	54707	0.838	1	1	0.255
1860	wine	164447	2.52	3	3	0.252
1861	told	164509	2.521	3	3	0.251
1862	turned	109846	1.683	2	2	0.249
1863	talk	54978	0.842	1	1	0.247
1864	help	220081	3.372	4	4	0.246
1865	hereby	55021	0.843	1	1	0.246
1866	Countenance	55145	0.845	1	1	0.243
1867	one	2538275	38.891	46	26	0.242
1868	discover	55186	0.846	1	1	0.242
1869	Heb.	110708	1.696	2	2	0.238
1870	Powder	55485	0.85	1	1	0.234
1871	published	55591	0.852	1	1	0.231
1872	question	167153	2.561	3	3	0.228
1873	Satan	111662	1.711	2	2	0.225
1874	ear	55855	0.856	1	1	0.225
1875	which	6940930	106.347	124	58	0.222
1876	R.	112114	1.718	2	1	0.219
1877	away	504942	7.737	9	9	0.218
1878	rather	393402	6.028	7	6	0.216
1879	Principle	56247	0.862	1	1	0.215
1880	Consciences	56276	0.862	1	1	0.214
1881	accounted	56307	0.863	1	1	0.213
1882	try	56352	0.863	1	1	0.212
1883	Mass	56555	0.867	1	1	0.207
1884	clearly	57009	0.874	1	1	0.195
1885	employed	57347	0.879	1	1	0.187
1886	folly	57369	0.879	1	1	0.186
1887	wives	57399	0.88	1	1	0.185
1888	cast	229673	3.519	4	2	0.185
1889	been	1095200	16.78	19	12	0.179
1890	touching	115302	1.767	2	2	0.179
1891	seeing	231216	3.543	4	4	0.175
1892	pretend	57850	0.886	1	1	0.174
1893	reign	115734	1.773	2	1	0.174
1894	having	579260	8.875	10	10	0.172
1895	overcome	57959	0.888	1	1	0.171
1896	finding	57977	0.888	1	1	0.171
1897	sight	174034	2.667	3	2	0.17
1898	perish	58343	0.894	1	1	0.162
1899	diseases	58776	0.901	1	1	0.151
1900	fire	294315	4.509	5	4	0.149
1901	Devils	59091	0.905	1	1	0.143
1902	your	2073026	31.762	35	22	0.14
1903	19	119133	1.825	2	2	0.132
1904	23.	59639	0.914	1	1	0.13
1905	power	776557	11.898	13	7	0.128
1906	allowed	59743	0.915	1	1	0.128
1907	&c.	299097	4.583	5	5	0.126
1908	signify	59908	0.918	1	1	0.124
1909	heavy	59956	0.919	1	1	0.122
1910	Miracles	59991	0.919	1	1	0.122
1911	kept	180349	2.763	3	3	0.119
1912	wrote	60122	0.921	1	1	0.118
1913	nor	1146191	17.562	19	17	0.114
1914	revenge	60376	0.925	1	1	0.112
1915	always	304181	4.661	5	4	0.101
1916	Excellency	60896	0.933	1	1	0.1
1917	civil	121918	1.868	2	2	0.099
1918	asked	61036	0.935	1	1	0.097
1919	join	61462	0.942	1	1	0.087
1920	Town	184940	2.834	3	3	0.082
1921	base	61654	0.945	1	1	0.082
1922	wicked	246712	3.78	4	2	0.082
1923	have	4691254	71.878	76	47	0.08
1924	Priest	123560	1.893	2	2	0.079
1925	very	1174247	17.992	19	10	0.079
1926	en	61856	0.948	1	1	0.077
1927	perceive	62013	0.95	1	1	0.074
1928	these	1985969	30.429	32	19	0.073
1929	Italy	62147	0.952	1	1	0.071
1930	scarce	62192	0.953	1	1	0.07
1931	changed	62232	0.954	1	1	0.069
1932	also	1433690	21.967	23	12	0.066
1933	Honour	374182	5.733	6	6	0.066
1934	)	3126749	47.907	50	32	0.062
1935	deed	62715	0.961	1	1	0.058
1936	understood	125485	1.923	2	1	0.057
1937	amongst	251926	3.86	4	4	0.051
1938	Powers	63000	0.965	1	1	0.051
1939	rejoice	63078	0.967	1	1	0.049
1940	trust	126242	1.934	2	2	0.048
1941	self	948089	14.526	15	11	0.046
1942	h	63235	0.969	1	1	0.046
1943	Now	1519152	23.276	24	18	0.044
1944	ours	63665	0.976	1	1	0.036
1945	Verse	254782	3.904	4	3	0.035
1946	suffer	191145	2.929	3	2	0.035
1947	Carnal	63756	0.977	1	1	0.034
1948	against	1339213	20.519	21	15	0.033
1949	Miles	63925	0.979	1	1	0.03
1950	Temple	127888	1.96	2	2	0.03
1951	remains	64087	0.982	1	1	0.026
1952	doth	963309	14.76	15	13	0.023
1953	known	257669	3.948	4	4	0.019
1954	I	6187300	94.8	96	53	0.018
1955	Well	1096551	16.801	17	12	0.017
1956	should	1871070	28.668	29	15	0.017
1957	g	64551	0.989	1	1	0.016
1958	absolute	64604	0.99	1	1	0.015
1959	off	323311	4.954	5	5	0.013
1960	constant	64819	0.993	1	1	0.01
1961	grant	129668	1.987	2	2	0.01
1962	ways	194504	2.98	3	2	0.01
1963	will	2993503	45.866	46	31	0.004
1964	making	195439	2.995	3	3	0.003
1965	sacrifice	130353	1.997	2	2	0.002
1966	standing	65368	1.002	1	1	-0.002
1967	made	1503973	23.044	23	13	-0.003
1968	this	6548918	100.341	100	44	-0.005
1969	innocent	65570	1.005	1	1	-0.007
1970	My	2492426	38.188	38	22	-0.007
1971	brought	394377	6.043	6	4	-0.01
1972	lying	65748	1.007	1	1	-0.011
1973	greatly	65797	1.008	1	1	-0.012
1974	Gentleman	66021	1.012	1	1	-0.017
1975	endure	66031	1.012	1	1	-0.017
1976	higher	66116	1.013	1	1	-0.019
1977	thee	728077	11.155	11	8	-0.02
1978	went	264770	4.057	4	4	-0.02
1979	Corruption	66477	1.019	1	1	-0.026
1980	But	6983890	107.005	105	52	-0.027
1981	simple	66612	1.021	1	1	-0.029
1982	down	533657	8.177	8	8	-0.031
1983	Evidence	67123	1.028	1	1	-0.04
1984	Letter	134624	2.063	2	2	-0.045
1985	Clergy	67422	1.033	1	1	-0.047
1986	draw	134904	2.067	2	2	-0.048
1987	Even	607522	9.308	9	9	-0.049
1988	Jacob	67737	1.038	1	1	-0.054
1989	satisfied	67883	1.04	1	1	-0.057
1990	Alas	67915	1.041	1	1	-0.057
1991	dare	135920	2.083	2	2	-0.058
1992	Soldiers	136167	2.086	2	2	-0.061
1993	e	136544	2.092	2	2	-0.065
1994	hear	273421	4.189	4	4	-0.067
1995	forth	410791	6.294	6	4	-0.069
1996	Confession	68490	1.049	1	1	-0.07
1997	Full	343239	5.259	5	5	-0.073
1998	give	758276	11.618	11	6	-0.079
1999	do	2417629	37.042	35	27	-0.082
2000	be	9896153	151.626	143	70	-0.085
2001	n	69208	1.06	1	1	-0.085
2002	thousand	207672	3.182	3	3	-0.085
2003	Witnesses	69349	1.063	1	1	-0.087
2004	9	208082	3.188	3	1	-0.088
2005	bare	69451	1.064	1	1	-0.09
2006	under	696455	10.671	10	6	-0.094
2007	again	627628	9.616	9	8	-0.096
2008	pieces	70256	1.076	1	1	-0.106
2009	high	281250	4.309	4	3	-0.107
2010	crown	140652	2.155	2	2	-0.108
2011	hopes	70348	1.078	1	1	-0.108
2012	Stones	70601	1.082	1	1	-0.113
2013	yet	1835928	28.13	26	17	-0.114
2014	Dwell	70987	1.088	1	1	-0.121
2015	found	426408	6.533	6	6	-0.123
2016	appears	142173	2.178	2	2	-0.123
2017	disease	71132	1.09	1	1	-0.124
2018	wrong	71272	1.092	1	1	-0.127
2019	for	9369441	143.556	131	74	-0.132
2020	Almighty	71617	1.097	1	1	-0.134
2021	are	5017099	76.871	70	40	-0.135
2022	aut	71993	1.103	1	1	-0.142
2023	forward	72541	1.112	1	1	-0.153
2024	eat	145185	2.225	2	2	-0.153
2025	night	217853	3.338	3	3	-0.154
2026	met	72645	1.113	1	1	-0.154
2027	gave	290757	4.455	4	4	-0.155
2028	pleasant	72707	1.114	1	1	-0.156
2029	19.	72769	1.115	1	1	-0.157
2030	Enter	145726	2.233	2	2	-0.159
2031	F.	73082	1.12	1	1	-0.163
2032	preached	73136	1.121	1	1	-0.164
2033	kingdoms	73313	1.123	1	1	-0.168
2034	London	146866	2.25	2	2	-0.17
2035	being	1764433	27.034	24	10	-0.172
2036	became	73544	1.127	1	1	-0.172
2037	Wealth	73703	1.129	1	1	-0.175
2038	during	74035	1.134	1	1	-0.182
2039	no	2739631	41.976	37	28	-0.182
2040	does	222564	3.41	3	3	-0.185
2041	wherewith	74362	1.139	1	1	-0.188
2042	16	148850	2.281	2	2	-0.189
2043	.	39047260	598.271	524	159	-0.191
2044	up	1119358	17.151	15	13	-0.193
2045	What	2320680	35.557	31	21	-0.198
2046	placed	75106	1.151	1	1	-0.203
2047	Multitude	75242	1.153	1	1	-0.205
2048	expressed	75252	1.153	1	1	-0.205
2049	Ages	75749	1.161	1	1	-0.215
2050	another	682313	10.454	9	8	-0.216
2051	7.	151741	2.325	2	2	-0.217
2052	20.	75893	1.163	1	1	-0.218
2053	easily	151870	2.327	2	2	-0.218
2054	short	151930	2.328	2	2	-0.219
2055	wisdom	228022	3.494	3	1	-0.22
2056	gold	152169	2.332	2	2	-0.221
2057	figure	76261	1.169	1	1	-0.225
2058	often	229358	3.514	3	3	-0.228
2059	none	383245	5.872	5	5	-0.232
2060	formerly	76730	1.176	1	1	-0.233
2061	wish	76763	1.176	1	1	-0.234
2062	ignorance	77023	1.18	1	1	-0.239
2063	relation	77150	1.182	1	1	-0.241
2064	children	387096	5.931	5	5	-0.246
2065	15	154905	2.373	2	2	-0.247
2066	Sea	233892	3.584	3	3	-0.256
2067	more	2262327	34.663	29	23	-0.257
2068	little	624322	9.566	8	7	-0.258
2069	Root	78309	1.2	1	1	-0.263
2070	loved	78391	1.201	1	1	-0.264
2071	stand	235721	3.612	3	3	-0.268
2072	thus	788750	12.085	10	9	-0.273
2073	whereupon	78977	1.21	1	1	-0.275
2074	Vain	158202	2.424	2	2	-0.277
2075	sleep	79160	1.213	1	1	-0.278
2076	dry	79186	1.213	1	1	-0.279
2077	followed	79683	1.221	1	1	-0.288
2078	Light	399350	6.119	5	4	-0.291
2079	intended	80059	1.227	1	1	-0.295
2080	ears	80061	1.227	1	1	-0.295
2081	sinners	80649	1.236	1	1	-0.305
2082	live	322774	4.946	4	3	-0.306
2083	generally	80754	1.237	1	1	-0.307
2084	when	2343068	35.9	29	25	-0.308
2085	all	5908829	90.534	73	46	-0.311
2086	sin	729699	11.18	9	8	-0.313
2087	wonder	81268	1.245	1	1	-0.316
2088	long	571124	8.751	7	6	-0.322
2089	3	571164	8.751	7	7	-0.322
2090	added	81800	1.253	1	1	-0.326
2091	know	736780	11.289	9	9	-0.327
2092	was	5179337	79.356	63	43	-0.333
2093	if	3293480	50.462	40	34	-0.335
2094	different	82962	1.271	1	1	-0.346
2095	had	2740575	41.99	33	28	-0.348
2096	un	83123	1.274	1	1	-0.349
2097	John	415725	6.37	5	5	-0.349
2098	come	1165618	17.859	14	12	-0.351
2099	must	1333555	20.432	16	13	-0.353
2100	acknowledge	83501	1.279	1	1	-0.355
2101	same	1256120	19.246	15	8	-0.36
2102	at	3182175	48.756	38	30	-0.36
2103	according	502781	7.704	6	4	-0.361
2104	cure	84022	1.287	1	1	-0.364
2105	divided	84122	1.289	1	1	-0.366
2106	thy	1346327	20.628	16	12	-0.367
2107	did	1515759	23.224	18	16	-0.368
2108	out	1686345	25.838	20	16	-0.369
2109	as	9292085	142.371	110	52	-0.372
2110	Head	338290	5.183	4	3	-0.374
2111	gifts	84700	1.298	1	1	-0.376
2112	set	595126	9.118	7	5	-0.381
2113	whatsoever	170245	2.608	2	2	-0.383
2114	precious	85205	1.306	1	1	-0.385
2115	Brother	170744	2.616	2	2	-0.387
2116	yield	85483	1.31	1	1	-0.389
2117	Than	940786	14.415	11	10	-0.39
2118	Ministers	171247	2.624	2	2	-0.392
2119	enjoy	86143	1.32	1	1	-0.4
2120	close	86281	1.322	1	1	-0.403
2121	Tim	86301	1.322	1	1	-0.403
2122	thereby	172833	2.648	2	2	-0.405
2123	There	2595192	39.763	30	25	-0.406
2124	Fault	86579	1.327	1	1	-0.408
2125	Righteous	86685	1.328	1	1	-0.409
2126	table	86761	1.329	1	1	-0.411
2127	form	173701	2.661	2	2	-0.412
2128	4	434750	6.661	5	4	-0.414
2129	Show	349122	5.349	4	4	-0.419
2130	hour	87383	1.339	1	1	-0.421
2131	see	961542	14.733	11	11	-0.421
2132	parts	350458	5.37	4	4	-0.425
2133	p.	440626	6.751	5	3	-0.433
2134	reward	88300	1.353	1	1	-0.436
2135	command	177468	2.719	2	2	-0.443
2136	Captain	88772	1.36	1	1	-0.444
2137	ill	177562	2.721	2	2	-0.444
2138	satisfaction	89126	1.366	1	1	-0.45
2139	charge	178431	2.734	2	2	-0.451
2140	fall	267911	4.105	3	3	-0.452
2141	therein	178975	2.742	2	2	-0.455
2142	then	2700348	41.374	30	22	-0.464
2143	earth	451529	6.918	5	5	-0.468
2144	sayeth	633645	9.709	7	7	-0.472
2145	take	907131	13.899	10	9	-0.475
2146	so	5366625	82.226	59	42	-0.479
2147	beginning	182083	2.79	2	2	-0.48
2148	easy	91240	1.398	1	1	-0.483
2149	possible	91250	1.398	1	1	-0.483
2150	Guilty	91473	1.402	1	1	-0.487
2151	honourable	91740	1.406	1	1	-0.491
2152	Wherefore	183911	2.818	2	2	-0.495
2153	stay	91988	1.409	1	1	-0.495
2154	fully	92165	1.412	1	1	-0.498
2155	once	277740	4.256	3	3	-0.504
2156	two	926661	14.198	10	6	-0.506
2157	want	185706	2.845	2	1	-0.509
2158	written	186305	2.855	2	2	-0.513
2159	oil	93227	1.428	1	1	-0.514
2160	pleasure	186565	2.859	2	2	-0.515
2161	sentence	93324	1.43	1	1	-0.516
2162	Spirit	654859	10.034	7	2	-0.519
2163	riches	93796	1.437	1	1	-0.523
2164	to	27864128	426.927	296	129	-0.528
2165	ones	94155	1.443	1	1	-0.529
2166	namely	94600	1.449	1	1	-0.535
2167	Sacred	94725	1.451	1	1	-0.537
2168	meat	94824	1.453	1	1	-0.539
2169	till	379902	5.821	4	3	-0.541
2170	friends	189996	2.911	2	2	-0.542
2171	eyes	285959	4.381	3	2	-0.546
2172	they	6960305	106.644	73	45	-0.547
2173	:	8018849	122.863	84	66	-0.549
2174	delight	95852	1.469	1	1	-0.554
2175	Learned	191725	2.938	2	2	-0.555
2176	I.	191916	2.941	2	1	-0.556
2177	not	8929558	136.816	93	54	-0.557
2178	gives	192161	2.944	2	2	-0.558
2179	speaking	96859	1.484	1	1	-0.569
2180	resolved	96934	1.485	1	1	-0.571
2181	Degree	97277	1.491	1	1	-0.576
2182	both	976138	14.956	10	8	-0.581
2183	commonly	97748	1.498	1	1	-0.583
2184	fit	197019	3.019	2	2	-0.594
2185	affairs	98583	1.511	1	1	-0.595
2186	14.	99060	1.518	1	1	-0.602
2187	Beasts	99530	1.525	1	1	-0.609
2188	few	199429	3.056	2	2	-0.611
2189	stood	100471	1.539	1	1	-0.622
2190	Thomas	100867	1.546	1	1	-0.628
2191	S.	403850	6.188	4	4	-0.629
2192	darkness	101306	1.552	1	1	-0.634
2193	Churches	202693	3.106	2	2	-0.635
2194	&	2737777	41.948	27	15	-0.636
2195	catholic	101512	1.555	1	1	-0.637
2196	fear	406154	6.223	4	4	-0.638
2197	content	101607	1.557	1	1	-0.639
2198	Communion	101932	1.562	1	1	-0.643
2199	lest	101960	1.562	1	1	-0.644
2200	Prince	306162	4.691	3	2	-0.645
2201	only	1544540	23.665	15	15	-0.658
2202	SPEECH	103090	1.58	1	1	-0.659
2203	subject	206440	3.163	2	2	-0.661
2204	bring	310345	4.755	3	3	-0.664
2205	Consider	208021	3.187	2	2	-0.672
2206	immediately	104214	1.597	1	1	-0.675
2207	can	1982819	30.38	19	18	-0.677
2208	h.	104565	1.602	1	1	-0.68
2209	born	104623	1.603	1	1	-0.681
2210	love	838220	12.843	8	7	-0.683
2211	because	1157094	17.729	11	10	-0.689
2212	longer	105304	1.613	1	1	-0.69
2213	might	949632	14.55	9	9	-0.693
2214	follow	211834	3.246	2	2	-0.699
2215	22	105972	1.624	1	1	-0.699
2216	b	106037	1.625	1	1	-0.7
2217	hundred	212307	3.253	2	2	-0.702
2218	3.	318523	4.88	3	2	-0.702
2219	declared	106222	1.628	1	1	-0.703
2220	although	212964	3.263	2	2	-0.706
2221	13.	106799	1.636	1	1	-0.71
2222	pure	107081	1.641	1	1	-0.714
2223	special	107206	1.643	1	1	-0.716
2224	mighty	107406	1.646	1	1	-0.719
2225	by	7416468	113.633	69	36	-0.72
2226	act	322490	4.941	3	3	-0.72
2227	secret	108173	1.657	1	1	-0.729
2228	Jerusalem	108264	1.659	1	1	-0.73
2229	would	1733888	26.566	16	16	-0.732
2230	grow	108376	1.661	1	1	-0.732
2231	Error	108610	1.664	1	1	-0.735
2232	ever	652700	10.001	6	6	-0.737
2233	in	20011385	306.609	183	85	-0.745
2234	especially	220705	3.382	2	2	-0.758
2235	le	110821	1.698	1	1	-0.764
2236	Soul	555660	8.514	5	5	-0.768
2237	service	222275	3.406	2	2	-0.768
2238	those	1667771	25.553	15	14	-0.769
2239	court	223217	3.42	2	2	-0.774
2240	heart	559805	8.577	5	3	-0.779
2241	equal	111972	1.716	1	1	-0.779
2242	care	224334	3.437	2	2	-0.781
2243	gone	112323	1.721	1	1	-0.783
2244	5	338721	5.19	3	2	-0.791
2245	offered	113433	1.738	1	1	-0.797
2246	sometimes	226924	3.477	2	2	-0.798
2247	Fourth	113523	1.739	1	1	-0.799
2248	lived	113584	1.74	1	1	-0.799
2249	wrath	113648	1.741	1	1	-0.8
2250	houses	114523	1.755	1	1	-0.811
2251	could	808277	12.384	7	7	-0.823
2252	River	115702	1.773	1	1	-0.826
2253	world	932868	14.293	8	6	-0.837
2254	length	117029	1.793	1	1	-0.842
2255	thought	352735	5.405	3	3	-0.849
2256	Gen.	118079	1.809	1	1	-0.855
2257	his	9217642	141.23	78	54	-0.857
2258	part	827721	12.682	7	6	-0.857
2259	repentance	118567	1.817	1	1	-0.861
2260	came	478712	7.335	4	4	-0.875
2261	presently	119716	1.834	1	1	-0.875
2262	E.	119746	1.835	1	1	-0.876
2263	makes	359288	5.505	3	3	-0.876
2264	Names	120160	1.841	1	1	-0.881
2265	send	120341	1.844	1	1	-0.883
2266	sins	361871	5.545	3	3	-0.886
2267	Wise	241600	3.702	2	2	-0.888
2268	may	2661871	40.785	22	17	-0.891
2269	Let	968524	14.84	8	5	-0.891
2270	say	1089806	16.698	9	9	-0.892
2271	pray	242183	3.711	2	2	-0.892
2272	put	607656	9.31	5	5	-0.897
2273	2	973176	14.911	8	6	-0.898
2274	War	243324	3.728	2	1	-0.898
2275	mean	244094	3.74	2	2	-0.903
2276	through	491298	7.528	4	4	-0.912
2277	reasons	123167	1.887	1	1	-0.916
2278	man	1972758	30.226	16	13	-0.918
2279	here	866663	13.279	7	6	-0.924
2280	text	124188	1.903	1	1	-0.928
2281	particular	248725	3.811	2	2	-0.93
2282	way	756236	11.587	6	6	-0.949
2283	four	252980	3.876	2	2	-0.955
2284	Servant	127075	1.947	1	1	-0.961
2285	betwixt	127079	1.947	1	1	-0.961
2286	receive	254239	3.895	2	2	-0.962
2287	confess	127821	1.958	1	1	-0.97
2288	taught	128541	1.97	1	1	-0.978
2289	glorious	128843	1.974	1	1	-0.981
2290	Kingdom	388117	5.947	3	3	-0.987
2291	doing	129395	1.983	1	1	-0.987
2292	pleased	129448	1.983	1	1	-0.988
2293	dead	259219	3.972	2	2	-0.99
2294	never	778679	11.931	6	6	-0.992
2295	Were	2871299	43.993	22	19	-1
2296	former	261116	4.001	2	2	-1
2297	Prayers	131302	2.012	1	1	-1.008
2298	times	394191	6.04	3	3	-1.01
2299	judge	262867	4.028	2	2	-1.01
2300	Laws	264682	4.055	2	2	-1.02
2301	their	5435041	83.274	41	29	-1.022
2302	into	1727535	26.469	13	12	-1.026
2303	him	4270811	65.436	32	16	-1.032
2304	please	133516	2.046	1	1	-1.033
2305	whole	534092	8.183	4	2	-1.033
2306	10.	134546	2.062	1	1	-1.044
2307	White	134914	2.067	1	1	-1.048
2308	from	3924250	60.126	29	22	-1.052
2309	therefore	1231317	18.866	9	8	-1.068
2310	Argument	136912	2.098	1	1	-1.069
2311	large	136943	2.098	1	1	-1.069
2312	goodness	137312	2.104	1	1	-1.073
2313	Ye	825703	12.651	6	6	-1.076
2314	six	138046	2.115	1	1	-1.081
2315	Friend	138523	2.122	1	1	-1.086
2316	he	9215356	141.195	66	51	-1.097
2317	cut	140466	2.152	1	1	-1.106
2318	such	2262212	34.661	16	15	-1.115
2319	clear	141407	2.167	1	1	-1.115
2320	some	1845849	28.282	13	10	-1.121
2321	Angels	142073	2.177	1	1	-1.122
2322	before	1422340	21.793	10	10	-1.124
2323	left	284479	4.359	2	2	-1.124
2324	rich	142318	2.181	1	1	-1.125
2325	Sense	285637	4.377	2	2	-1.13
2326	deny	143761	2.203	1	1	-1.139
2327	Air	144042	2.207	1	1	-1.142
2328	home	144093	2.208	1	1	-1.143
2329	David	144398	2.212	1	1	-1.146
2330	whether	435425	6.672	3	3	-1.153
2331	cause	585252	8.967	4	4	-1.165
2332	foot	146629	2.247	1	1	-1.168
2333	noble	146938	2.251	1	1	-1.171
2334	better	443737	6.799	3	3	-1.18
2335	C.	296045	4.536	2	2	-1.181
2336	together	444738	6.814	3	3	-1.184
2337	notwithstanding	148685	2.278	1	1	-1.188
2338	Hell	149518	2.291	1	1	-1.196
2339	Servants	149996	2.298	1	1	-1.201
2340	labour	151222	2.317	1	1	-1.212
2341	Behold	152112	2.331	1	1	-1.221
2342	themselves	761621	11.669	5	5	-1.223
2343	Moses	152440	2.336	1	1	-1.224
2344	any	2444028	37.447	16	14	-1.227
2345	speaks	153099	2.346	1	1	-1.23
2346	Five	154870	2.373	1	1	-1.247
2347	kind	310094	4.751	2	2	-1.248
2348	sweet	155475	2.382	1	1	-1.252
2349	own	1256418	19.251	8	7	-1.267
2350	already	157133	2.408	1	1	-1.268
2351	Office	157520	2.414	1	1	-1.271
2352	find	472931	7.246	3	3	-1.272
2353	it	11231693	172.089	71	36	-1.277
2354	Nay	158341	2.426	1	1	-1.279
2355	causes	158986	2.436	1	1	-1.284
2356	after	1272516	19.497	8	7	-1.285
2357	most	1280269	19.616	8	8	-1.294
2358	Secondly	160056	2.452	1	1	-1.294
2359	taken	481305	7.374	3	2	-1.298
2360	mouth	161086	2.468	1	1	-1.303
2361	right	484646	7.426	3	3	-1.308
2362	enemy	162072	2.483	1	1	-1.312
2363	Scripture	324647	4.974	2	2	-1.314
2364	14	162434	2.489	1	1	-1.315
2365	first	1465032	22.447	9	8	-1.319
2366	se	163405	2.504	1	1	-1.324
2367	lost	164242	2.517	1	1	-1.331
2368	State	329799	5.053	2	1	-1.337
2369	about	661900	10.141	4	4	-1.342
2370	general	331599	5.081	2	2	-1.345
2371	seem	166761	2.555	1	1	-1.353
2372	comfort	167468	2.566	1	1	-1.359
2373	best	335557	5.141	2	2	-1.362
2374	worthy	168026	2.574	1	1	-1.364
2375	favour	168241	2.578	1	1	-1.366
2376	Scriptures	168254	2.578	1	1	-1.366
2377	less	337828	5.176	2	2	-1.372
2378	doubt	169037	2.59	1	1	-1.373
2379	wit	172149	2.638	1	1	-1.399
2380	day	864384	13.244	5	5	-1.405
2381	truth	521766	7.994	3	3	-1.414
2382	ready	174387	2.672	1	1	-1.418
2383	Queen	174640	2.676	1	1	-1.42
2384	year	352165	5.396	2	2	-1.432
2385	english	176398	2.703	1	1	-1.434
2386	people	885047	13.56	5	3	-1.439
2387	return	177443	2.719	1	1	-1.443
2388	within	355110	5.441	2	1	-1.444
2389	11	177974	2.727	1	1	-1.447
2390	body	712249	10.913	4	4	-1.448
2391	seems	178155	2.73	1	1	-1.449
2392	joy	178769	2.739	1	1	-1.454
2393	evil	357919	5.484	2	2	-1.455
2394	selves	358503	5.493	2	2	-1.458
2395	think	539870	8.272	3	3	-1.463
2396	th	180132	2.76	1	1	-1.465
2397	half	181109	2.775	1	1	-1.472
2398	ANSWER	362673	5.557	2	2	-1.474
2399	father	550491	8.435	3	3	-1.491
2400	began	184715	2.83	1	1	-1.501
2401	laid	184949	2.834	1	1	-1.503
2402	certain	370843	5.682	2	2	-1.506
2403	them	4855982	74.402	26	19	-1.517
2404	Saint	186918	2.864	1	1	-1.518
2405	Duke	187759	2.877	1	1	-1.524
2406	end	571167	8.751	3	3	-1.545
2407	alone	190842	2.924	1	1	-1.548
2408	other	2103223	32.225	11	8	-1.551
2409	Glory	384462	5.891	2	2	-1.558
2410	things	1357990	20.807	7	7	-1.572
2411	eternal	195016	2.988	1	1	-1.579
2412	12	195478	2.995	1	1	-1.583
2413	bear	196568	3.012	1	1	-1.591
2414	Jews	197436	3.025	1	1	-1.597
2415	sort	197789	3.031	1	1	-1.6
2416	rest	396125	6.069	2	2	-1.602
2417	soon	198528	3.042	1	1	-1.605
2418	means	397591	6.092	2	2	-1.607
2419	serve	198842	3.047	1	1	-1.607
2420	Et	199777	3.061	1	1	-1.614
2421	Jesus	399809	6.126	2	2	-1.615
2422	age	202681	3.105	1	1	-1.635
2423	Religion	406309	6.225	2	2	-1.638
2424	Cor.	203716	3.121	1	1	-1.642
2425	mind	407887	6.25	2	2	-1.644
2426	much	1448309	22.191	7	7	-1.665
2427	1	1451762	22.244	7	5	-1.668
2428	appear	209107	3.204	1	1	-1.68
2429	divers	210634	3.227	1	1	-1.69
2430	account	211262	3.237	1	1	-1.695
2431	Gods	640962	9.821	3	2	-1.711
2432	fathers	213875	3.277	1	1	-1.712
2433	likewise	215998	3.31	1	1	-1.727
2434	free	216340	3.315	1	1	-1.729
2435	sure	217623	3.334	1	1	-1.737
2436	far	439291	6.731	2	2	-1.751
2437	Christians	219658	3.366	1	1	-1.751
2438	Reason	664880	10.187	3	3	-1.764
2439	others	665440	10.196	3	3	-1.765
2440	otherwise	223302	3.421	1	1	-1.775
2441	heard	225126	3.449	1	1	-1.786
2442	seen	227877	3.492	1	1	-1.804
2443	we	4105074	62.897	18	14	-1.805
2444	Council	228985	3.508	1	1	-1.811
2445	thereof	458302	7.022	2	2	-1.812
2446	besides	231481	3.547	1	1	-1.826
2447	Christ	1858951	28.482	8	8	-1.832
2448	unto	1880305	28.81	8	7	-1.848
2449	pass	235903	3.614	1	1	-1.854
2450	death	707920	10.847	3	2	-1.854
2451	Law	712338	10.914	3	3	-1.863
2452	lay	238823	3.659	1	1	-1.872
2453	Virtue	240899	3.691	1	1	-1.884
2454	8	242055	3.709	1	1	-1.891
2455	Justice	242072	3.709	1	1	-1.891
2456	souls	242572	3.717	1	1	-1.894
2457	took	243304	3.728	1	1	-1.898
2458	hold	243646	3.733	1	1	-1.9
2459	given	491070	7.524	2	2	-1.911
2460	natural	246892	3.783	1	1	-1.919
2461	towards	247540	3.793	1	1	-1.923
2462	word	751485	11.514	3	2	-1.94
2463	heaven	503504	7.715	2	2	-1.948
2464	enemies	253975	3.891	1	1	-1.96
2465	Look	255208	3.91	1	1	-1.967
2466	concerning	262903	4.028	1	1	-2.01
2467	leave	264688	4.056	1	1	-2.02
2468	himself	1068396	16.37	4	4	-2.033
2469	read	271950	4.167	1	1	-2.059
2470	Able	271961	4.167	1	1	-2.059
2471	God	4174430	63.96	15	14	-2.092
2472	used	278736	4.271	1	1	-2.094
2473	just	281045	4.306	1	1	-2.106
2474	else	281410	4.312	1	1	-2.108
2475	die	284558	4.36	1	1	-2.124
2476	Gospel	291769	4.47	1	1	-2.16
2477	Lord	1459090	22.356	5	5	-2.161
2478	contrary	291963	4.473	1	1	-2.161
2479	thing	892670	13.677	3	3	-2.189
2480	done	601055	9.209	2	2	-2.203
2481	use	603174	9.242	2	1	-2.208
2482	Christian	303553	4.651	1	1	-2.218
2483	nature	607747	9.312	2	2	-2.219
2484	6	304045	4.659	1	1	-2.22
2485	several	304872	4.671	1	1	-2.224
2486	places	305157	4.676	1	1	-2.225
2487	men	1835942	28.13	6	6	-2.229
2488	desire	306364	4.694	1	1	-2.231
2489	land	307074	4.705	1	1	-2.234
2490	L.	308378	4.725	1	1	-2.24
2491	England	309285	4.739	1	1	-2.245
2492	Country	310285	4.754	1	1	-2.249
2493	works	315242	4.83	1	1	-2.272
2494	least	319491	4.895	1	1	-2.291
2495	words	643917	9.866	2	2	-2.302
2496	hands	327530	5.018	1	1	-2.327
2497	sent	348162	5.334	1	1	-2.415
2498	holy	701649	10.751	2	2	-2.426
2499	time	1426900	21.863	4	4	-2.45
2500	believe	363239	5.565	1	1	-2.476
2501	without	1089706	16.696	3	3	-2.476
2502	person	366738	5.619	1	1	-2.49
2503	us	2216337	33.958	6	6	-2.501
2504	peace	369451	5.661	1	1	-2.501
2505	our	3333885	51.081	9	6	-2.505
2506	second	377815	5.789	1	1	-2.533
2507	among	379416	5.813	1	1	-2.539
2508	est	394171	6.039	1	1	-2.594
2509	good	1608969	24.652	4	3	-2.624
2510	place	808630	12.39	2	2	-2.631
2511	years	427133	6.544	1	1	-2.71
2512	innon-Latinalphabet	427513	6.55	1	1	-2.712
2513	new	447014	6.849	1	1	-2.776
2514	Life	948809	14.537	2	2	-2.862
2515	three	474878	7.276	1	1	-2.863
2516	its	492268	7.542	1	1	-2.915
2517	either	552589	8.467	1	1	-3.082
2518	King	1308410	20.047	2	2	-3.325
2519	Faith	762492	11.683	1	1	-3.546
2520	Weerlings	1	0	1	1	n/a
2521	Sdomits.	1	0	1	1	n/a
2522	handsommess	1	0	1	1	n/a
2523	Presidentess	3	0	1	1	n/a
2524	Neplitan	1	0	1	1	n/a
2525	garden-groves	1	0	1	1	n/a
2526	plangy	1	0	1	1	n/a
2527	Squab-skipers	1	0	1	1	n/a
2528	upsey	1	0	1	1	n/a
2529	Gilflurt	3	0	1	1	n/a
2530	mnmers	1	0	1	1	n/a
2531	Suttling	1	0	1	1	n/a
2532	inhatitant	1	0	1	1	n/a
2533	riand	2	0	1	1	n/a
2534	otherTwo	1	0	1	1	n/a
2535	Athlumny	1	0	1	1	n/a
2536	ulcering	3	0	1	1	n/a
2537	bragmardising	3	0	1	1	n/a
2538	whosesoe	1	0	1	1	n/a
2539	Strowling-Morts	3	0	2	1	n/a
2540	slattries	1	0	1	1	n/a
2541	Stanclift	2	0	2	2	n/a
2542	mongens	1	0	1	1	n/a
2543	Killsalghan	1	0	1	1	n/a
2544	Bawde	2	0	1	1	n/a
2545	Bryanum	1	0	1	1	n/a
2546	spokes-woman	3	0	1	1	n/a
2547	SwimThe	1	0	1	1	n/a
2548	instead-Wife	1	0	1	1	n/a
2549	Bedlam-men	2	0	1	1	n/a
2550	VniversiSink	1	0	1	1	n/a
2551	whoremaster.	1	0	1	1	n/a
2552	Quaerante	1	0	1	1	n/a
2553	Madiction	1	0	1	1	n/a
2554	BothHui	1	0	1	1	n/a
2555	Neaplin	1	0	1	1	n/a
2556	Mantoplicee	1	0	1	1	n/a
2557	husbend	2	0	1	1	n/a
2558	Mineral-race	1	0	1	1	n/a
2559	reputution	2	0	1	1	n/a
2560	RumfordNovrint	1	0	1	1	n/a
2561	avanut	1	0	1	1	n/a
2562	Gameing-house	3	0	1	1	n/a
2563	Gospetto	1	0	1	1	n/a
2564	Yardfish	1	0	1	1	n/a
2565	Tangraean	1	0	1	1	n/a
2566	Sebathis	1	0	1	1	n/a
2567	prevish	2	0	1	1	n/a
2568	Squab-skipper	1	0	1	1	n/a
2569	Whoremonger.	3	0	1	1	n/a
2570	rot'em	1	0	1	1	n/a
2571	blessns	1	0	1	1	n/a
2572	AhAaGood	1	0	1	1	n/a
2573	Neaplan	1	0	1	1	n/a
2574	Shiftwels	3	0	3	1	n/a
2575	Similc	1	0	1	1	n/a
