https://cqpweb.lancs.ac.uk/eebov3/concordance.php?pp=1&theData=%7Bwhore%2FN%7D&qmode=sq_nocase&del=begin%26t%3D-%7Cyear%7E1665%26t%3D-%7Cyear%7E1666%26t%3D-%7Cyear%7E1667%26t%3D-%7Cyear%7E1668%26t%3D-%7Cyear%7E1669%26t%3D-%7Cyear%7E1670%26t%3D-%7Cyear%7E1671%26t%3D-%7Cyear%7E1672%26t%3D-%7Cyear%7E1673%26t%3D-%7Cyear%7E1674&del=end&uT=yThere are 2,272 different words in your collocation database for "[lemma="(whore)_SUBST"%c]". (Your query "{whore/N}", restricted to texts meeting criteria "<em>year</em>: <em>1665</em> or <em>1666</em> or <em>1667</em> or <em>1668</em> or <em>1669</em> or <em>1670</em> or <em>1671</em> or <em>1672</em> or <em>1673</em> or <em>1674</em>",  returned 1,454 matches in 402 different texts)  
__________________

No.	Word	Total no. in whole corpus	Expected collocate frequency	Observed collocate frequency	In no. of texts	Mutual information value

1	plundra	9	0	2	1	14.288
2	Cacque	10	0	2	1	14.288
3	Cyrcaean	6	0	1	1	13.288
4	cross-bit	8	0	1	1	13.288
5	Teigh	6	0	1	1	13.288
6	twohorned	5	0	1	1	13.288
7	Love-struck	7	0	1	1	13.288
8	Goshall	6	0	1	1	13.288
9	ulgarly	6	0	1	1	13.288
10	Brigidaccia	5	0	1	1	13.288
11	aominable	12	0	1	1	13.288
12	Herace	8	0	1	1	13.288
13	sorehead	11	0	1	1	13.288
14	scariet	7	0	1	1	13.288
15	affrontednesse	6	0	1	1	13.288
16	North-windes	11	0	1	1	13.288
17	Menetus	9	0	1	1	13.288
18	Morcho	6	0	1	1	13.288
19	approueing	5	0	1	1	13.288
20	Srumpet	12	0	1	1	13.288
21	Dawbourne	6	0	1	1	13.288
22	Nepolitan	9	0	1	1	13.288
23	Zoun	9	0	1	1	13.288
24	Theodata	7	0	1	1	13.288
25	Romesh	5	0	1	1	13.288
26	won'	5	0	1	1	13.288
27	Iuggles	6	0	1	1	13.288
28	nvail	12	0	1	1	13.288
29	Bbylon	27	0	2	2	12.703
30	Art-full	15	0	1	1	12.288
31	'im	20	0	1	1	12.288
32	Cloantus	15	0	1	1	12.288
33	Rossana	19	0	1	1	12.288
34	peregrinarum	19	0	1	1	12.288
35	Suburrana	16	0	1	1	12.288
36	Iesper	15	0	1	1	12.288
37	Poorman	16	0	1	1	12.288
38	bylon	17	0	1	1	12.288
39	pouted	18	0	1	1	12.288
40	two-horn	15	0	1	1	12.288
41	Chevers	14	0	1	1	12.288
42	fair-tongu	14	0	1	1	12.288
43	whomsoe	15	0	1	1	12.288
44	refusedst	68	0.001	3	3	11.873
45	pily	24	0	1	1	11.703
46	Abrahall	21	0	1	1	11.703
47	Sheese	25	0	1	1	11.703
48	Legacy.	22	0	1	1	11.703
49	Toldo	25	0	1	1	11.703
50	betra	23	0	1	1	11.703
51	Pru.	22	0	1	1	11.703
52	forchead	21	0	1	1	11.703
53	BabylonA	22	0	1	1	11.703
54	Whurl	22	0	1	1	11.703
55	Stroller	25	0	1	1	11.703
56	Whore-Monger	60	0.001	2	2	11.48
57	afair	34	0	1	1	11.288
58	backslided	30	0	1	1	11.288
59	MDCLXXIII	30	0	1	1	11.288
60	Mps	35	0	1	1	11.288
61	gaudery	31	0	1	1	11.288
62	I'ad	32	0	1	1	11.288
63	latry	29	0	1	1	11.288
64	Shroftide	30	0	1	1	11.288
65	Cowherds	29	0	1	1	11.288
66	ulled	30	0	1	1	11.288
67	forcerers	35	0	1	1	11.288
68	Prue	67	0.001	2	1	11.288
69	Decker	105	0.001	3	1	11.172
70	Squirril	44	0.001	1	1	10.966
71	Conchylia	43	0.001	1	1	10.966
72	Super-annuated	42	0.001	1	1	10.966
73	56.9	39	0.001	1	1	10.966
74	Quarante	82	0.001	2	1	10.966
75	Scre	40	0.001	1	1	10.966
76	fornicating	88	0.001	2	2	10.828
77	itteth	46	0.001	1	1	10.703
78	Idolatress	51	0.001	1	1	10.703
79	Capreas	47	0.001	1	1	10.703
80	Scarlet-colour	46	0.001	1	1	10.703
81	stageplayes	60	0.001	1	1	10.48
82	Solomen	58	0.001	1	1	10.48
83	answerd	54	0.001	1	1	10.48
84	profaneth	62	0.001	1	1	10.48
85	Pandors	62	0.001	1	1	10.48
86	Calk	55	0.001	1	1	10.48
87	whore-houses	54	0.001	1	1	10.48
88	Whetston	58	0.001	1	1	10.48
89	Whored	180	0.002	3	3	10.413
90	Tatlers	124	0.002	2	2	10.381
91	Bestrides	64	0.001	1	1	10.288
92	Butes	63	0.001	1	1	10.288
93	Erycine	63	0.001	1	1	10.288
94	Clerkenwell	136	0.002	2	2	10.288
95	mongers	208	0.003	3	3	10.229
96	Papals	76	0.001	1	1	10.118
97	scrat	72	0.001	1	1	10.118
98	wine-bibbers	76	0.001	1	1	10.118
99	politely	85	0.001	1	1	9.966
100	Iilt	163	0.002	2	1	9.966
101	onother	85	0.001	1	1	9.966
102	gits	81	0.001	1	1	9.966
103	Polices	84	0.001	1	1	9.966
104	Pierian	94	0.001	1	1	9.828
105	Elyzium	91	0.001	1	1	9.828
106	23.18.	91	0.001	1	1	9.828
107	Baber	95	0.001	1	1	9.828
108	commiteth	93	0.001	1	1	9.828
109	shild	103	0.001	1	1	9.703
110	arrantest	101	0.001	1	1	9.703
111	t'enrich	102	0.001	1	1	9.703
112	Fenestram	99	0.001	1	1	9.703
113	Man-slayers	98	0.001	1	1	9.703
114	Isicles	103	0.001	1	1	9.703
115	Josephum	111	0.001	1	1	9.587
116	punks	109	0.001	1	1	9.587
117	Togata	104	0.001	1	1	9.587
118	appe	115	0.001	1	1	9.48
119	cele	113	0.001	1	1	9.48
120	scarlet-coloured	125	0.002	1	1	9.381
121	widdow	120	0.002	1	1	9.381
122	veryest	128	0.002	1	1	9.381
123	17.16.	255	0.003	2	1	9.334
124	Willie	136	0.002	1	1	9.288
125	Hermophrodite	131	0.002	1	1	9.288
126	whosoe	130	0.002	1	1	9.288
127	Babilons	136	0.002	1	1	9.288
128	12.17.	275	0.003	2	2	9.243
129	643.	143	0.002	1	1	9.2
130	her-self	140	0.002	1	1	9.2
131	Caca	149	0.002	1	1	9.118
132	countenanceth	145	0.002	1	1	9.118
133	Succubus	148	0.002	1	1	9.118
134	17.16	459	0.006	3	3	9.065
135	Courtisan	156	0.002	1	1	9.04
136	Euphranor	161	0.002	1	1	9.04
137	Cydaria	160	0.002	1	1	9.04
138	912.	155	0.002	1	1	9.04
139	Sabbath-breaker	153	0.002	1	1	9.04
140	Vat	659	0.008	4	2	8.966
141	Dol	1048	0.013	6	1	8.884
142	Franciscum	179	0.002	1	1	8.828
143	24.10.	181	0.002	1	1	8.828
144	spke	179	0.002	1	1	8.828
145	Midianitish	194	0.002	1	1	8.764
146	hide-bound	188	0.002	1	1	8.764
147	909	191	0.002	1	1	8.764
148	Ansam	195	0.002	1	1	8.703
149	Hous	202	0.002	1	1	8.703
150	mangy	395	0.005	2	1	8.703
151	Iambics	203	0.003	1	1	8.644
152	roundhead	209	0.003	1	1	8.644
153	Unveiled	617	0.008	3	2	8.644
154	ustice	217	0.003	1	1	8.587
155	Georgium	212	0.003	1	1	8.587
156	Hoseah	213	0.003	1	1	8.587
157	Sloven	214	0.003	1	1	8.587
158	ten-horned	225	0.003	1	1	8.533
159	Phancie	227	0.003	1	1	8.533
160	Whoremonger	678	0.008	3	2	8.515
161	falfe	231	0.003	1	1	8.48
162	14.7.	235	0.003	1	1	8.48
163	Unctious	233	0.003	1	1	8.48
164	17.1.	463	0.006	2	2	8.48
165	Ref	231	0.003	1	1	8.48
166	Amata	234	0.003	1	1	8.48
167	16.33.	233	0.003	1	1	8.48
168	meretrix	474	0.006	2	2	8.455
169	carted	237	0.003	1	1	8.43
170	Terret	245	0.003	1	1	8.381
171	Stage-play	251	0.003	1	1	8.381
172	him-self	247	0.003	1	1	8.381
173	22.5.	245	0.003	1	1	8.381
174	imperiousness	253	0.003	1	1	8.334
175	swill	522	0.006	2	2	8.31
176	Almeria	267	0.003	1	1	8.288
177	stiffe-necked	268	0.003	1	1	8.288
178	prostrates	269	0.003	1	1	8.243
179	whordom	281	0.003	1	1	8.2
180	16.5.	278	0.003	1	1	8.2
181	Craze	284	0.003	1	1	8.2
182	Bawd	2878	0.035	10	6	8.167
183	tattling	581	0.007	2	2	8.158
184	Turd	301	0.004	1	1	8.118
185	pocky	594	0.007	2	2	8.118
186	scolds	299	0.004	1	1	8.118
187	19.2.	299	0.004	1	1	8.118
188	greased	297	0.004	1	1	8.118
189	cauterized	305	0.004	1	1	8.078
190	Baltazar	304	0.004	1	1	8.078
191	Killigrew	309	0.004	1	1	8.078
192	Babylons	987	0.012	3	3	7.978
193	8.19.	333	0.004	1	1	7.966
194	t'	331	0.004	1	1	7.966
195	Babylon	38888	0.47	116	64	7.946
196	Bumpkin	343	0.004	1	1	7.93
197	two-horned	340	0.004	1	1	7.93
198	begar	680	0.008	2	1	7.93
199	scarlet	9179	0.111	27	19	7.926
200	fornications	1721	0.021	5	3	7.909
201	Randle	350	0.004	1	1	7.895
202	Diable	350	0.004	1	1	7.895
203	round-head	349	0.004	1	1	7.895
204	Brats	1042	0.013	3	2	7.895
205	Inachus	365	0.004	1	1	7.828
206	Meg	373	0.005	1	1	7.796
207	lude	368	0.005	1	1	7.796
208	superlatively	368	0.005	1	1	7.796
209	receu	383	0.005	1	1	7.764
210	gret	391	0.005	1	1	7.733
211	deifying	390	0.005	1	1	7.733
212	colorably	385	0.005	1	1	7.733
213	jades	397	0.005	1	1	7.703
214	Pru	405	0.005	1	1	7.673
215	Quean	412	0.005	1	1	7.644
216	plentious	420	0.005	1	1	7.615
217	Ishmaelites	426	0.005	1	1	7.587
218	18.24	434	0.005	1	1	7.587
219	dam	5258	0.064	12	2	7.56
220	Mob	884	0.011	2	1	7.546
221	Moll	454	0.006	1	1	7.506
222	prostituting	452	0.006	1	1	7.506
223	unhorsed	451	0.006	1	1	7.506
224	aperire	452	0.006	1	1	7.506
225	scurvey	454	0.006	1	1	7.506
226	Bawds	1844	0.022	4	4	7.487
227	Panders	464	0.006	1	1	7.48
228	reat	470	0.006	1	1	7.455
229	Amet	490	0.006	1	1	7.405
230	huffing	489	0.006	1	1	7.405
231	play-houses	495	0.006	1	1	7.381
232	Nothus	508	0.006	1	1	7.357
233	17.3.	508	0.006	1	1	7.357
234	Haw	505	0.006	1	1	7.357
235	sluggards	513	0.006	1	1	7.334
236	523	519	0.006	1	1	7.31
237	Slut	523	0.006	1	1	7.31
238	Welshman	520	0.006	1	1	7.31
239	Prelatists	523	0.006	1	1	7.31
240	House-keeper	532	0.006	1	1	7.288
241	Rut	528	0.006	1	1	7.288
242	Brat	1070	0.013	2	2	7.276
243	Relicts	539	0.007	1	1	7.265
244	6.15.	540	0.007	1	1	7.265
245	instigations	534	0.007	1	1	7.265
246	deflower	534	0.007	1	1	7.265
247	14.19	559	0.007	1	1	7.2
248	dairy	561	0.007	1	1	7.2
249	Amazon	568	0.007	1	1	7.179
250	meth.	568	0.007	1	1	7.179
251	pollutes	588	0.007	1	1	7.138
252	young-men	583	0.007	1	1	7.138
253	13.3	1183	0.014	2	2	7.128
254	sneak	595	0.007	1	1	7.118
255	Caterpillar	600	0.007	1	1	7.098
256	Swag	613	0.007	1	1	7.078
257	Brothel	610	0.007	1	1	7.078
258	whorish	1842	0.022	3	2	7.072
259	Priscilla	1235	0.015	2	1	7.069
260	shell-fish	617	0.008	1	1	7.059
261	grasped	628	0.008	1	1	7.04
262	unmask	629	0.008	1	1	7.04
263	Israelitish	644	0.008	1	1	7.002
264	Scold	1303	0.016	2	2	6.984
265	Diver	652	0.008	1	1	6.984
266	Lieut	1999	0.024	3	1	6.954
267	22.14	668	0.008	1	1	6.948
268	Smock	1342	0.016	2	2	6.948
269	Calvert	668	0.008	1	1	6.948
270	Bully	673	0.008	1	1	6.948
271	Bridget	667	0.008	1	1	6.948
272	leavened	1362	0.017	2	1	6.921
273	Carouse	690	0.008	1	1	6.913
274	Pulchra	687	0.008	1	1	6.913
275	Huff	687	0.008	1	1	6.913
276	Quack	696	0.008	1	1	6.895
277	augm	695	0.008	1	1	6.895
278	Naylor	694	0.008	1	1	6.895
279	geat	711	0.009	1	1	6.861
280	Sorceress	710	0.009	1	1	6.861
281	fornication	14235	0.172	20	14	6.86
282	metaphore	723	0.009	1	1	6.845
283	detecting	720	0.009	1	1	6.845
284	Ale-house	1435	0.017	2	2	6.845
285	Jade	2169	0.026	3	3	6.839
286	swagger	729	0.009	1	1	6.828
287	blood-thirsty	737	0.009	1	1	6.812
288	sits	23190	0.281	31	16	6.788
289	Facetious	751	0.009	1	1	6.78
290	Pennington	759	0.009	1	1	6.764
291	idolize	759	0.009	1	1	6.764
292	kicks	769	0.009	1	1	6.749
293	Grand-mother	768	0.009	1	1	6.749
294	Baud	767	0.009	1	1	6.749
295	Rev	1545	0.019	2	2	6.741
296	looses	780	0.009	1	1	6.733
297	16.3	787	0.01	1	1	6.718
298	pitt	793	0.01	1	1	6.703
299	arrant	1596	0.019	2	2	6.695
300	Manent	802	0.01	1	1	6.688
301	Pander	805	0.01	1	1	6.688
302	gi	801	0.01	1	1	6.688
303	Stanford	807	0.01	1	1	6.673
304	1659.	820	0.01	1	1	6.658
305	stares	818	0.01	1	1	6.658
306	Strumpet	3285	0.04	4	3	6.655
307	ignorants	825	0.01	1	1	6.644
308	Looking-Glasses	833	0.01	1	1	6.63
309	prostitute	2508	0.03	3	2	6.63
310	Jezebel	835	0.01	1	1	6.63
311	Beast	81566	0.987	97	42	6.62
312	forfeits	847	0.01	1	1	6.615
313	intoxicated	850	0.01	1	1	6.601
314	wager	2578	0.031	3	1	6.587
315	rides	4321	0.052	5	3	6.579
316	insatiate	894	0.011	1	1	6.533
317	recruited	889	0.011	1	1	6.533
318	Bead	897	0.011	1	1	6.533
319	whoremongers	1796	0.022	2	1	6.526
320	whore	20634	0.25	23	11	6.526
321	sneaking	900	0.011	1	1	6.52
322	Witchcrafts	901	0.011	1	1	6.52
323	debauch	1818	0.022	2	2	6.506
324	Jester	911	0.011	1	1	6.506
325	desolate	12933	0.156	14	9	6.484
326	dethrone	937	0.011	1	1	6.468
327	tipped	934	0.011	1	1	6.468
328	Farce	935	0.011	1	1	6.468
329	Neapolitan	941	0.011	1	1	6.455
330	Comptroller	942	0.011	1	1	6.455
331	Talkers	951	0.012	1	1	6.442
332	betime	953	0.012	1	1	6.442
333	wipes	954	0.012	1	1	6.442
334	Flea	1913	0.023	2	2	6.436
335	Babylonish	2911	0.035	3	2	6.413
336	erects	973	0.012	1	1	6.405
337	ritual	991	0.012	1	1	6.381
338	Rogue	6990	0.085	7	6	6.372
339	Bachelors	997	0.012	1	1	6.369
340	bewitching	2007	0.024	2	2	6.363
341	Wizards	1012	0.012	1	1	6.357
342	forehead	12159	0.147	12	11	6.35
343	Pimp	1027	0.012	1	1	6.334
344	Ammianus	1022	0.012	1	1	6.334
345	Beata	1042	0.013	1	1	6.31
346	1.23.	1061	0.013	1	1	6.288
347	metamorphosed	1062	0.013	1	1	6.288
348	Adulterer	4237	0.051	4	4	6.288
349	journeyed	1070	0.013	1	1	6.276
350	suppliants	1073	0.013	1	1	6.265
351	oppressive	1079	0.013	1	1	6.265
352	incommodities	1081	0.013	1	1	6.254
353	Piazza	1081	0.013	1	1	6.254
354	avenging	1095	0.013	1	1	6.243
355	Sain	1095	0.013	1	1	6.243
356	downfall	3283	0.04	3	3	6.24
357	1st.	1096	0.013	1	1	6.232
358	Courtesan	1103	0.013	1	1	6.232
359	Jezabel	1114	0.014	1	1	6.211
360	revelling	1114	0.014	1	1	6.211
361	Promotes	1115	0.014	1	1	6.211
362	Cantharides	1119	0.014	1	1	6.211
363	Rampant	2244	0.027	2	2	6.206
364	French-man	1140	0.014	1	1	6.179
365	discountenance	1153	0.014	1	1	6.169
366	Proverbs	6913	0.084	6	5	6.165
367	inveighed	1181	0.014	1	1	6.128
368	scolding	1186	0.014	1	1	6.128
369	Rant	1179	0.014	1	1	6.128
370	greasy	1182	0.014	1	1	6.128
371	Nevil	1186	0.014	1	1	6.128
372	bea	1189	0.014	1	1	6.118
373	shuns	1200	0.015	1	1	6.108
374	Babel	9790	0.118	8	6	6.078
375	fretted	1229	0.015	1	1	6.069
376	Bitch	1244	0.015	1	1	6.059
377	stumbles	1242	0.015	1	1	6.059
378	Hound	2485	0.03	2	2	6.054
379	thirsts	2496	0.03	2	2	6.049
380	Rotterdam	1248	0.015	1	1	6.049
381	Japan	2511	0.03	2	1	6.04
382	converses	1275	0.015	1	1	6.021
383	murderous	1283	0.016	1	1	6.012
384	Bridewell	1285	0.016	1	1	6.012
385	bewitched	6431	0.078	5	3	6.006
386	Cuckoo	1309	0.016	1	1	5.984
387	Heraldry	1307	0.016	1	1	5.984
388	Apocalypse	3947	0.048	3	3	5.975
389	Harlots	5276	0.064	4	4	5.97
390	Convent	3985	0.048	3	1	5.96
391	Babilon	5325	0.064	4	4	5.957
392	Hackney	1328	0.016	1	1	5.957
393	gorgeous	2688	0.033	2	2	5.943
394	sodomy	1349	0.016	1	1	5.939
395	mutter	1355	0.016	1	1	5.93
396	Rag	2762	0.033	2	1	5.904
397	Clout	1378	0.017	1	1	5.904
398	Kinswoman	1393	0.017	1	1	5.895
399	Joyce	1390	0.017	1	1	5.895
400	Trine	1390	0.017	1	1	5.895
401	dine	4169	0.05	3	3	5.895
402	vaunting	1392	0.017	1	1	5.895
403	played	11334	0.137	8	6	5.867
404	Footman	1422	0.017	1	1	5.861
405	attainments	1434	0.017	1	1	5.853
406	conducts	1431	0.017	1	1	5.853
407	Skirts	2878	0.035	2	2	5.845
408	adj.	1450	0.018	1	1	5.837
409	Sorceries	1462	0.018	1	1	5.82
410	studiously	1480	0.018	1	1	5.804
411	Midian	1497	0.018	1	1	5.788
412	decked	4505	0.055	3	2	5.783
413	unbeseeming	1501	0.018	1	1	5.78
414	Whoredom	7526	0.091	5	4	5.78
415	Imps	1519	0.018	1	1	5.764
416	abominations	10678	0.129	7	7	5.761
417	daunted	3057	0.037	2	2	5.756
418	drenched	1537	0.019	1	1	5.749
419	Lawn	1552	0.019	1	1	5.733
420	Dea	1579	0.019	1	1	5.71
421	brace	1591	0.019	1	1	5.703
422	Chr	3187	0.039	2	1	5.699
423	pliant	1599	0.019	1	1	5.695
424	Dick	1602	0.019	1	1	5.688
425	Cup	48330	0.585	30	18	5.682
426	Josephs	1618	0.02	1	1	5.673
427	Idolatries	3266	0.04	2	2	5.662
428	rogues	5001	0.061	3	3	5.632
429	halter	3343	0.04	2	1	5.63
430	pillory	1670	0.02	1	1	5.63
431	strip	3365	0.041	2	1	5.619
432	hastes	1697	0.021	1	1	5.608
433	concubine	3397	0.041	2	2	5.605
434	startle	1717	0.021	1	1	5.587
435	Grandmother	1722	0.021	1	1	5.587
436	Hellebore	1726	0.021	1	1	5.58
437	drinks	15747	0.19	9	3	5.563
438	kick	3504	0.042	2	2	5.56
439	adulterous	3504	0.042	2	1	5.56
440	Exclamation	1758	0.021	1	1	5.553
441	smelt	1772	0.021	1	1	5.546
442	Deu.	3539	0.043	2	1	5.546
443	Iulia	1778	0.022	1	1	5.54
444	Tavern	5354	0.065	3	3	5.533
445	banishing	1794	0.022	1	1	5.526
446	Hallelujah	1833	0.022	1	1	5.493
447	insatiable	3697	0.045	2	2	5.484
448	carries	24147	0.292	13	3	5.476
449	befitting	1857	0.023	1	1	5.474
450	Liveries	1876	0.023	1	1	5.461
451	Flor	1884	0.023	1	1	5.455
452	Mystery	54678	0.661	29	16	5.455
453	misunderstanding	1892	0.023	1	1	5.449
454	brands	1898	0.023	1	1	5.442
455	unquenchable	1920	0.023	1	1	5.43
456	Adulteress	1919	0.023	1	1	5.43
457	Wag	1933	0.023	1	1	5.417
458	solicitations	1942	0.024	1	1	5.411
459	Scorners	1948	0.024	1	1	5.405
460	drunk	35533	0.43	18	14	5.389
461	sojourn	1978	0.024	1	1	5.387
462	Elisa	1975	0.024	1	1	5.387
463	Epicurus	3980	0.048	2	1	5.378
464	bastards	3979	0.048	2	2	5.378
465	Superscription	2000	0.024	1	1	5.369
466	Dragon	18054	0.218	9	7	5.365
467	fore-head	2008	0.024	1	1	5.363
468	instigation	4033	0.049	2	2	5.357
469	Rustic	2041	0.025	1	1	5.339
470	wink	4136	0.05	2	1	5.322
471	Faggot	2069	0.025	1	1	5.322
472	heating	2074	0.025	1	1	5.316
473	Dice	6226	0.075	3	3	5.316
474	Marcellinus	2075	0.025	1	1	5.316
475	Flora	2078	0.025	1	1	5.316
476	Warren	2080	0.025	1	1	5.31
477	Barns	2094	0.025	1	1	5.305
478	imprisoning	2170	0.026	1	1	5.254
479	Magog	2171	0.026	1	1	5.249
480	straightway	2206	0.027	1	1	5.227
481	Scenes	2217	0.027	1	1	5.222
482	lasciviousness	2218	0.027	1	1	5.222
483	Apoc.	11083	0.134	5	3	5.222
484	wenches	2248	0.027	1	1	5.2
485	Nun	4515	0.055	2	2	5.195
486	Wench	6793	0.082	3	3	5.19
487	Harlot	9167	0.111	4	3	5.173
488	thief	23047	0.279	10	8	5.165
489	Parenthesis	2329	0.028	1	1	5.148
490	unfolded	2356	0.029	1	1	5.133
491	Contemners	2366	0.029	1	1	5.128
492	Frenchman	2370	0.029	1	1	5.123
493	pockets	2410	0.029	1	1	5.103
494	keen	2424	0.029	1	1	5.093
495	cools	2431	0.029	1	1	5.088
496	hate	65701	0.795	27	23	5.087
497	wallow	2438	0.03	1	1	5.083
498	penetrate	4877	0.059	2	2	5.083
499	sleeves	2453	0.03	1	1	5.073
500	magnifying	2469	0.03	1	1	5.064
501	Desolation	12402	0.15	5	3	5.059
502	perjured	4993	0.06	2	2	5.049
503	Epithet	2497	0.03	1	1	5.049
504	Gog	2533	0.031	1	1	5.03
505	ride	20257	0.245	8	2	5.029
506	roughly	2586	0.031	1	1	4.998
507	defiles	2607	0.032	1	1	4.989
508	ditch	10469	0.127	4	4	4.982
509	inded	2630	0.032	1	1	4.975
510	Loaf	2634	0.032	1	1	4.97
511	Barber	2646	0.032	1	1	4.966
512	hating	5297	0.064	2	2	4.964
513	envies	2650	0.032	1	1	4.961
514	Carrion	2658	0.032	1	1	4.961
515	Clap	5368	0.065	2	2	4.946
516	Retires	2716	0.033	1	1	4.93
517	ply	2720	0.033	1	1	4.926
518	attire	8194	0.099	3	3	4.92
519	Niece	5575	0.067	2	2	4.891
520	dined	2791	0.034	1	1	4.887
521	2d.	2802	0.034	1	1	4.883
522	accompanies	2828	0.034	1	1	4.87
523	foretell	5652	0.068	2	2	4.87
524	curled	2841	0.034	1	1	4.861
525	industriously	2850	0.035	1	1	4.857
526	pillage	2862	0.035	1	1	4.853
527	prate	2866	0.035	1	1	4.849
528	Manger	2870	0.035	1	1	4.849
529	Alcibiades	2878	0.035	1	1	4.845
530	Rags	5772	0.07	2	2	4.841
531	Moth	2884	0.035	1	1	4.841
532	Trembles	2900	0.035	1	1	4.832
533	swearers	2927	0.035	1	1	4.82
534	Mulier	2936	0.036	1	1	4.816
535	knave	8870	0.107	3	3	4.805
536	painted	23662	0.286	8	7	4.805
537	Beelzebub	2959	0.036	1	1	4.804
538	drunken	11882	0.144	4	4	4.799
539	certum	2980	0.036	1	1	4.796
540	've	8950	0.108	3	3	4.793
541	paint	8989	0.109	3	3	4.787
542	Inhabitant	3014	0.037	1	1	4.776
543	Pottage	3028	0.037	1	1	4.772
544	engages	3046	0.037	1	1	4.764
545	lash	3070	0.037	1	1	4.752
546	bastard	12394	0.15	4	4	4.738
547	Tricks	9354	0.113	3	3	4.729
548	thorn	3129	0.038	1	1	4.725
549	surviving	3130	0.038	1	1	4.722
550	pollute	3138	0.038	1	1	4.718
551	weeps	3186	0.039	1	1	4.699
552	177	3198	0.039	1	1	4.692
553	closer	3235	0.039	1	1	4.677
554	plotted	3245	0.039	1	1	4.673
555	contrivances	3269	0.04	1	1	4.662
556	high-way	3304	0.04	1	1	4.644
557	Lass	3315	0.04	1	1	4.64
558	trick	10039	0.121	3	3	4.627
559	quotations	3346	0.041	1	1	4.626
560	decently	3362	0.041	1	1	4.619
561	Antichrist	50530	0.611	15	9	4.617
562	divorced	3378	0.041	1	1	4.612
563	Cozen	3380	0.041	1	1	4.612
564	Rev.	51328	0.621	15	11	4.595
565	3ly	3428	0.042	1	1	4.591
566	Dragons	6883	0.083	2	2	4.587
567	cups	6881	0.083	2	2	4.587
568	enticed	3439	0.042	1	1	4.587
569	uncircumcised	3439	0.042	1	1	4.587
570	Antichristian	13777	0.167	4	4	4.586
571	gear	3463	0.042	1	1	4.577
572	Leper	3469	0.042	1	1	4.573
573	Idolater	3472	0.042	1	1	4.573
574	JOSIAH	3482	0.042	1	1	4.57
575	hurried	3494	0.042	1	1	4.563
576	Bias	3503	0.042	1	1	4.56
577	bewailed	3510	0.043	1	1	4.556
578	kisses	7051	0.085	2	2	4.551
579	clapped	3587	0.043	1	1	4.526
580	Widow	21540	0.261	6	6	4.526
581	Mistresses	3604	0.044	1	1	4.52
582	ignoble	3602	0.044	1	1	4.52
583	Giles	3615	0.044	1	1	4.516
584	jolly	3632	0.044	1	1	4.51
585	pox	10902	0.132	3	3	4.507
586	wipe	7298	0.088	2	2	4.501
587	rotten	14651	0.177	4	4	4.497
588	Paternal	3710	0.045	1	1	4.477
589	Splendid	3733	0.045	1	1	4.471
590	beastly	7495	0.091	2	1	4.464
591	crimson	3776	0.046	1	1	4.452
592	Rascal	3785	0.046	1	1	4.449
593	damned	34243	0.414	9	8	4.442
594	arrayed	3816	0.046	1	1	4.436
595	boot	3835	0.046	1	1	4.43
596	sells	3915	0.047	1	1	4.402
597	sureties	3956	0.048	1	1	4.387
598	sat	47715	0.577	12	6	4.378
599	corrupts	3974	0.048	1	1	4.378
600	astringent	3977	0.048	1	1	4.378
601	Allen	3996	0.048	1	1	4.372
602	plaid	4003	0.048	1	1	4.369
603	Regret	3999	0.048	1	1	4.369
604	Plurality	4000	0.048	1	1	4.369
605	false	224466	2.715	56	25	4.367
606	impudent	12093	0.146	3	3	4.358
607	Marries	4061	0.049	1	1	4.348
608	Publicans	4075	0.049	1	1	4.342
609	concubines	4078	0.049	1	1	4.342
610	consequents	4109	0.05	1	1	4.331
611	sis	4229	0.051	1	1	4.291
612	trembled	4278	0.052	1	1	4.274
613	Multitudes	17103	0.207	4	3	4.274
614	haunt	4285	0.052	1	1	4.271
615	sly	4313	0.052	1	1	4.26
616	spends	4330	0.052	1	1	4.254
617	Deceitful	17392	0.21	4	3	4.249
618	Query	4359	0.053	1	1	4.246
619	lamentation	8729	0.106	2	2	4.243
620	sp	4383	0.053	1	1	4.238
621	bane	4390	0.053	1	1	4.235
622	starved	4391	0.053	1	1	4.235
623	hire	8785	0.106	2	1	4.235
624	condemns	13190	0.16	3	3	4.233
625	Apparelled	4398	0.053	1	1	4.232
626	persecuting	8817	0.107	2	1	4.23
627	Stations	4457	0.054	1	1	4.214
628	impartially	4457	0.054	1	1	4.214
629	Prick	9007	0.109	2	2	4.199
630	slippery	4506	0.055	1	1	4.198
631	Parishioners	4513	0.055	1	1	4.195
632	purple	18224	0.22	4	2	4.182
633	Sr	4563	0.055	1	1	4.179
634	Stafford	4611	0.056	1	1	4.164
635	exalted	23088	0.279	5	1	4.163
636	Witch	9245	0.112	2	2	4.161
637	Unbelieving	4661	0.056	1	1	4.148
638	Warrants	4662	0.056	1	1	4.148
639	Cupid	9383	0.114	2	2	4.139
640	embracing	9401	0.114	2	2	4.137
641	reclaim	4736	0.057	1	1	4.125
642	reservation	4824	0.058	1	1	4.1
643	intra	4839	0.059	1	1	4.095
644	benevolence	4882	0.059	1	1	4.083
645	largeness	4922	0.06	1	1	4.071
646	oppressors	4931	0.06	1	1	4.069
647	surer	4963	0.06	1	1	4.059
648	Mate	4966	0.06	1	1	4.056
649	daughters	40010	0.484	8	6	4.047
650	brood	5051	0.061	1	1	4.033
651	Embraces	10141	0.123	2	2	4.028
652	Transgressors	5101	0.062	1	1	4.019
653	prudently	5115	0.062	1	1	4.014
654	Adulterers	5137	0.062	1	1	4.009
655	ignorantly	5139	0.062	1	1	4.007
656	lock	5149	0.062	1	1	4.005
657	guiltless	5157	0.062	1	1	4.002
658	Assyrians	5157	0.062	1	1	4.002
659	crying	25811	0.312	5	4	4.001
660	reigned	31015	0.375	6	5	4
661	moveable	5188	0.063	1	1	3.995
662	boasted	5195	0.063	1	1	3.993
663	strives	5260	0.064	1	1	3.975
664	Bibles	5262	0.064	1	1	3.975
665	Potion	5269	0.064	1	1	3.973
666	accuses	5277	0.064	1	1	3.97
667	gilded	5276	0.064	1	1	3.97
668	Walter	10593	0.128	2	1	3.965
669	forsakes	5303	0.064	1	1	3.964
670	Brows	5343	0.065	1	1	3.952
671	tolerated	5375	0.065	1	1	3.943
672	Mother	150593	1.821	28	23	3.942
673	Legacy	5380	0.065	1	1	3.941
674	glittering	5418	0.066	1	1	3.932
675	Amsterdam	5414	0.066	1	1	3.932
676	Cod	5444	0.066	1	1	3.926
677	registered	5476	0.066	1	1	3.917
678	Gallows	5501	0.067	1	1	3.911
679	whores	5508	0.067	1	1	3.908
680	happening	5514	0.067	1	1	3.906
681	Helmet	5523	0.067	1	1	3.904
682	fiercely	5527	0.067	1	1	3.904
683	COAL	5526	0.067	1	1	3.904
684	Horns	22193	0.268	4	3	3.898
685	sheets	5556	0.067	1	1	3.895
686	wandering	16735	0.202	3	3	3.89
687	Girl	5585	0.068	1	1	3.889
688	Notorious	22363	0.271	4	4	3.886
689	judged	56237	0.68	10	8	3.878
690	costly	11277	0.136	2	2	3.874
691	Esquire	11359	0.137	2	1	3.864
692	Quorum	11386	0.138	2	2	3.86
693	badge	5699	0.069	1	1	3.859
694	Vassals	5714	0.069	1	1	3.855
695	Incarnate	5722	0.069	1	1	3.853
696	65.	5737	0.069	1	1	3.849
697	vigilant	5765	0.07	1	1	3.843
698	plays	17593	0.213	3	3	3.817
699	licentious	5899	0.071	1	1	3.81
700	Frogs	5922	0.072	1	1	3.804
701	preferment	11954	0.145	2	2	3.79
702	beholds	5976	0.072	1	1	3.79
703	Appropriated	5982	0.072	1	1	3.79
704	Arabic	5985	0.072	1	1	3.788
705	Dishonest	6002	0.073	1	1	3.784
706	defiled	18090	0.219	3	2	3.777
707	hunt	12065	0.146	2	2	3.777
708	Jordan	6062	0.073	1	1	3.77
709	brand	6073	0.073	1	1	3.768
710	window	12154	0.147	2	2	3.766
711	stink	6090	0.074	1	1	3.762
712	Painter	6102	0.074	1	1	3.76
713	infect	6100	0.074	1	1	3.76
714	Squire	6126	0.074	1	1	3.754
715	illegal	6218	0.075	1	1	3.733
716	Mountains	56383	0.682	9	4	3.722
717	spoiling	6265	0.076	1	1	3.722
718	purify	6291	0.076	1	1	3.716
719	Dregs	6317	0.076	1	1	3.71
720	marrying	6327	0.077	1	1	3.708
721	wave	6344	0.077	1	1	3.705
722	whip	6373	0.077	1	1	3.697
723	assail	6445	0.078	1	1	3.682
724	certified	6444	0.078	1	1	3.682
725	110	6465	0.078	1	1	3.677
726	allows	12955	0.157	2	1	3.674
727	drunkard	6511	0.079	1	1	3.667
728	raging	13043	0.158	2	2	3.665
729	Tacit	6596	0.08	1	1	3.647
730	preferring	6653	0.081	1	1	3.635
731	whipped	6660	0.081	1	1	3.635
732	Rents	13329	0.161	2	2	3.633
733	Medicaments	6671	0.081	1	1	3.631
734	Prophet	133904	1.62	20	19	3.626
735	Revelations	13397	0.162	2	2	3.626
736	brow	6696	0.081	1	1	3.626
737	garments	26823	0.324	4	3	3.624
738	Bloody	53730	0.65	8	3	3.622
739	involved	6720	0.081	1	1	3.621
740	tired	6727	0.081	1	1	3.619
741	spy	6749	0.082	1	1	3.615
742	undone	20337	0.246	3	3	3.608
743	kindred	20409	0.247	3	3	3.604
744	vail	6807	0.082	1	1	3.603
745	Indicted	6808	0.082	1	1	3.603
746	Rack	6929	0.084	1	1	3.577
747	waters	83222	1.007	12	9	3.576
748	rewarded	14017	0.17	2	1	3.561
749	Rival	7012	0.085	1	1	3.56
750	Drunkards	7021	0.085	1	1	3.558
751	fourscore	7031	0.085	1	1	3.556
752	Begot	7053	0.085	1	1	3.551
753	lane	7088	0.086	1	1	3.545
754	High-priest	7087	0.086	1	1	3.545
755	included	14204	0.172	2	2	3.541
756	Fortress	7099	0.086	1	1	3.541
757	minding	7108	0.086	1	1	3.54
758	rail	7220	0.087	1	1	3.518
759	corrupted	36122	0.437	5	5	3.517
760	Idolatrous	14523	0.176	2	2	3.51
761	drinking	29093	0.352	4	4	3.507
762	damn	7322	0.089	1	1	3.497
763	lap	7378	0.089	1	1	3.487
764	silk	14806	0.179	2	2	3.481
765	Papacy	7431	0.09	1	1	3.476
766	games	7473	0.09	1	1	3.468
767	ruled	22509	0.272	3	1	3.462
768	weights	7530	0.091	1	1	3.456
769	commits	7541	0.091	1	1	3.455
770	soit	7606	0.092	1	1	3.442
771	play	61168	0.74	8	8	3.435
772	precise	7715	0.093	1	1	3.422
773	Bacon	7727	0.094	1	1	3.419
774	marry	38694	0.468	5	5	3.417
775	establishing	7797	0.094	1	1	3.407
776	Lust	54865	0.664	7	4	3.399
777	laughing	7845	0.095	1	1	3.397
778	intimated	7877	0.095	1	1	3.391
779	Penitent	15876	0.192	2	1	3.381
780	slighted	7957	0.096	1	1	3.378
781	slay	15920	0.193	2	2	3.377
782	facta	7986	0.097	1	1	3.372
783	lewd	15983	0.193	2	2	3.371
784	're	16048	0.194	2	2	3.365
785	pick	8026	0.097	1	1	3.364
786	beggars	8051	0.097	1	1	3.36
787	lain	8129	0.098	1	1	3.347
788	burn	40670	0.492	5	5	3.345
789	lists	8183	0.099	1	1	3.336
790	Christopher	8248	0.1	1	1	3.325
791	fits	16510	0.2	2	1	3.324
792	Hector	8263	0.1	1	1	3.323
793	Convocation	8315	0.101	1	1	3.313
794	ugly	8331	0.101	1	1	3.31
795	honest	83801	1.014	10	9	3.303
796	hates	16898	0.204	2	2	3.291
797	Mistress	42310	0.512	5	5	3.289
798	crew	8469	0.102	1	1	3.288
799	undo	8485	0.103	1	1	3.285
800	Baronius	8482	0.103	1	1	3.285
801	hated	25471	0.308	3	2	3.283
802	thrive	8582	0.104	1	1	3.268
803	suspected	25911	0.313	3	3	3.259
804	Prescription	8639	0.105	1	1	3.258
805	patent	8637	0.105	1	1	3.258
806	Maria	8668	0.105	1	1	3.254
807	yields	17327	0.21	2	2	3.254
808	Blaspheme	8684	0.105	1	1	3.252
809	luxury	8713	0.105	1	1	3.246
810	woman	183598	2.221	21	15	3.241
811	vapour	8780	0.106	1	1	3.235
812	gall	17567	0.213	2	2	3.234
813	conveniently	8789	0.106	1	1	3.234
814	Apostasy	17588	0.213	2	2	3.233
815	conquerors	8794	0.106	1	1	3.232
816	gay	8805	0.107	1	1	3.231
817	drink	140890	1.704	16	12	3.231
818	sitting	35270	0.427	4	4	3.229
819	Cat	8876	0.107	1	1	3.22
820	kissed	8900	0.108	1	1	3.216
821	bowed	8908	0.108	1	1	3.215
822	Lambs	8945	0.108	1	1	3.208
823	Beggar	8945	0.108	1	1	3.208
824	steal	17906	0.217	2	2	3.207
825	Villain	8957	0.108	1	1	3.207
826	Venus	26929	0.326	3	3	3.203
827	product	8997	0.109	1	1	3.2
828	betrayed	18001	0.218	2	2	3.2
829	Fashions	9013	0.109	1	1	3.198
830	venerable	9145	0.111	1	1	3.177
831	quenched	9163	0.111	1	1	3.174
832	enquired	9225	0.112	1	1	3.164
833	defeat	9235	0.112	1	1	3.162
834	relish	9293	0.112	1	1	3.153
835	Demetrius	9307	0.113	1	1	3.151
836	Judgement	111780	1.352	12	8	3.15
837	extract	9355	0.113	1	1	3.144
838	Plagues	18774	0.227	2	2	3.139
839	perplexed	9395	0.114	1	1	3.138
840	Asses	9467	0.115	1	1	3.127
841	Indictment	9527	0.115	1	1	3.118
842	dissemble	9543	0.115	1	1	3.115
843	cunning	28670	0.347	3	3	3.113
844	refined	9570	0.116	1	1	3.112
845	opposing	9578	0.116	1	1	3.11
846	horrid	19167	0.232	2	2	3.109
847	increases	9612	0.116	1	1	3.104
848	Vision	28960	0.35	3	2	3.098
849	sink	19378	0.234	2	2	3.093
850	Abhor	19419	0.235	2	2	3.09
851	Exit	19436	0.235	2	2	3.089
852	denies	19481	0.236	2	2	3.086
853	flattering	9757	0.118	1	1	3.083
854	nostrils	9776	0.118	1	1	3.081
855	abhorred	9825	0.119	1	1	3.073
856	positively	9945	0.12	1	1	3.055
857	Begat	9977	0.121	1	1	3.051
858	keeps	40024	0.484	4	4	3.047
859	headlong	10029	0.121	1	1	3.043
860	Rome	271183	3.28	27	16	3.041
861	replied	40276	0.487	4	4	3.038
862	filthy	30299	0.366	3	3	3.033
863	Roman	141472	1.711	14	11	3.033
864	Boats	10128	0.123	1	1	3.029
865	Sack	10141	0.123	1	1	3.028
866	subsist	10162	0.123	1	1	3.024
867	Son	570683	6.902	56	28	3.02
868	Tragedy	10196	0.123	1	1	3.02
869	adore	20395	0.247	2	2	3.019
870	burned	20536	0.248	2	2	3.009
871	Horn	20550	0.249	2	1	3.009
872	playing	10275	0.124	1	1	3.008
873	Impudence	10304	0.125	1	1	3.005
874	discovering	10322	0.125	1	1	3.002
875	dog	30988	0.375	3	3	3.001
876	coloured	10332	0.125	1	1	3
877	match	20690	0.25	2	2	2.999
878	consumed	31042	0.375	3	3	2.998
879	lusty	10354	0.125	1	1	2.998
880	magnificent	10359	0.125	1	1	2.997
881	Synagogue	10391	0.126	1	1	2.992
882	swearing	20821	0.252	2	1	2.99
883	quantum	10429	0.126	1	1	2.987
884	loathsome	10486	0.127	1	1	2.979
885	Margaret	10516	0.127	1	1	2.975
886	Revel	21061	0.255	2	2	2.973
887	treated	21086	0.255	2	2	2.971
888	Superstitious	21092	0.255	2	2	2.971
889	68	10551	0.128	1	1	2.97
890	Cheat	10600	0.128	1	1	2.964
891	Hawk	10622	0.129	1	1	2.96
892	proverb	21331	0.258	2	2	2.955
893	plague	42909	0.519	4	4	2.946
894	described	42932	0.519	4	4	2.946
895	indifferently	10753	0.13	1	1	2.942
896	Concupiscence	10773	0.13	1	1	2.94
897	Guest	10781	0.13	1	1	2.939
898	Floods	10792	0.131	1	1	2.938
899	thin	32659	0.395	3	3	2.925
900	Stretch	10952	0.133	1	1	2.916
901	venom	11000	0.133	1	1	2.911
902	vex	11042	0.134	1	1	2.905
903	compelled	22115	0.268	2	2	2.902
904	Cock	11063	0.134	1	1	2.902
905	Calf	11111	0.134	1	1	2.895
906	warned	11120	0.135	1	1	2.894
907	Standard	11129	0.135	1	1	2.893
908	thieves	22285	0.27	2	2	2.892
909	Cor	22308	0.27	2	1	2.89
910	secrets	22386	0.271	2	2	2.885
911	Ephraim	11202	0.136	1	1	2.884
912	Den	11211	0.136	1	1	2.883
913	imaginable	11234	0.136	1	1	2.879
914	riding	11318	0.137	1	1	2.869
915	murderers	11345	0.137	1	1	2.866
916	Symptoms	11363	0.137	1	1	2.864
917	swear	56939	0.689	5	5	2.86
918	spiritual	239256	2.894	21	9	2.859
919	picture	22820	0.276	2	2	2.857
920	drank	11443	0.138	1	1	2.853
921	handsome	11498	0.139	1	1	2.846
922	revived	11511	0.139	1	1	2.845
923	Cave	11519	0.139	1	1	2.844
924	Legate	11580	0.14	1	1	2.835
925	Confederates	11609	0.14	1	1	2.832
926	committing	11606	0.14	1	1	2.832
927	punishing	11649	0.141	1	1	2.827
928	preparing	11677	0.141	1	1	2.824
929	infamy	11689	0.141	1	1	2.822
930	discovers	11783	0.143	1	1	2.811
931	wondered	11794	0.143	1	1	2.81
932	uphold	11837	0.143	1	1	2.804
933	breathing	11927	0.144	1	1	2.794
934	stinking	11949	0.145	1	1	2.791
935	pr	11953	0.145	1	1	2.79
936	contrived	11992	0.145	1	1	2.786
937	great	1790493	21.655	149	53	2.783
938	seven	120863	1.462	10	8	2.774
939	j.	48447	0.586	4	2	2.771
940	49	24226	0.293	2	2	2.771
941	burning	48634	0.588	4	3	2.766
942	amorous	12171	0.147	1	1	2.764
943	Exeunt	12174	0.147	1	1	2.764
944	heretofore	36652	0.443	3	3	2.759
945	polluted	12233	0.148	1	1	2.756
946	drove	12259	0.148	1	1	2.753
947	curse	61992	0.75	5	4	2.737
948	habits	12432	0.15	1	1	2.733
949	Malignant	12436	0.15	1	1	2.733
950	ded	12467	0.151	1	1	2.729
951	Lady	112639	1.362	9	4	2.724
952	envious	12527	0.152	1	1	2.723
953	murderer	12581	0.152	1	1	2.716
954	vile	37856	0.458	3	1	2.712
955	Heresies	25260	0.306	2	1	2.711
956	Dan	38042	0.46	3	3	2.705
957	blinded	12718	0.154	1	1	2.701
958	abides	12792	0.155	1	1	2.692
959	committed	115180	1.393	9	8	2.692
960	Darius	12799	0.155	1	1	2.692
961	seat	51212	0.619	4	3	2.691
962	Friar	12819	0.155	1	1	2.69
963	crafty	12823	0.155	1	1	2.689
964	Pas	12920	0.156	1	1	2.678
965	road	12952	0.157	1	1	2.675
966	Agent	12951	0.157	1	1	2.675
967	decline	12957	0.157	1	1	2.674
968	approaching	12995	0.157	1	1	2.669
969	Wolf	13047	0.158	1	1	2.664
970	blush	13133	0.159	1	1	2.655
971	permission	13164	0.159	1	1	2.651
972	kiss	26340	0.319	2	2	2.65
973	Lev	13206	0.16	1	1	2.647
974	delightful	13236	0.16	1	1	2.643
975	she	1006738	12.176	76	51	2.642
976	disturb	13350	0.162	1	1	2.63
977	Purge	26806	0.324	2	1	2.625
978	inflicted	13403	0.162	1	1	2.625
979	wife	214853	2.599	16	14	2.622
980	runs	40288	0.487	3	3	2.622
981	regular	13469	0.163	1	1	2.618
982	Western	13537	0.164	1	1	2.611
983	Coals	13558	0.164	1	1	2.608
984	Solomon	41245	0.499	3	3	2.588
985	manage	13853	0.168	1	1	2.578
986	17.	83120	1.005	6	5	2.577
987	destroying	13873	0.168	1	1	2.575
988	Mrs.	13889	0.168	1	1	2.573
989	Revelation	41988	0.508	3	3	2.563
990	methinks	14132	0.171	1	1	2.549
991	39.	14194	0.172	1	1	2.542
992	pretends	14230	0.172	1	1	2.539
993	her	1811491	21.909	127	84	2.535
994	Battles	14268	0.173	1	1	2.534
995	doom	28591	0.346	2	1	2.532
996	description	42949	0.519	3	3	2.53
997	Ha	28655	0.347	2	2	2.529
998	wickedness	71915	0.87	5	5	2.523
999	tasted	14389	0.174	1	1	2.523
1000	surprise	14398	0.174	1	1	2.522
1001	reprobate	14526	0.176	1	1	2.509
1002	dispatch	14533	0.176	1	1	2.508
1003	Hills	29127	0.352	2	2	2.505
1004	wrongs	14585	0.176	1	1	2.503
1005	begotten	29211	0.353	2	2	2.501
1006	Tent	14624	0.177	1	1	2.499
1007	repented	14668	0.177	1	1	2.495
1008	demonstrate	14730	0.178	1	1	2.489
1009	fairest	14727	0.178	1	1	2.489
1010	shameful	14747	0.178	1	1	2.487
1011	Michael	14812	0.179	1	1	2.481
1012	Mar	14814	0.179	1	1	2.48
1013	shun	14847	0.18	1	1	2.477
1014	pretty	29773	0.36	2	2	2.474
1015	Jove	14895	0.18	1	1	2.473
1016	seize	15038	0.182	1	1	2.459
1017	privately	15154	0.183	1	1	2.448
1018	effected	15220	0.184	1	1	2.441
1019	turn	167524	2.026	11	8	2.441
1020	commend	30571	0.37	2	2	2.436
1021	70	15439	0.187	1	1	2.421
1022	ruined	15482	0.187	1	1	2.417
1023	Merchandise	15488	0.187	1	1	2.417
1024	tear	15500	0.188	1	1	2.415
1025	enjoyment	15508	0.188	1	1	2.414
1026	Generations	15518	0.188	1	1	2.413
1027	Dress	15539	0.188	1	1	2.412
1028	rode	15543	0.188	1	1	2.411
1029	bitter	46679	0.565	3	3	2.41
1030	mentions	15583	0.189	1	1	2.407
1031	incense	15760	0.191	1	1	2.391
1032	Idleness	15825	0.191	1	1	2.385
1033	confound	15864	0.192	1	1	2.382
1034	discovered	63467	0.768	4	4	2.382
1035	rebuke	15877	0.192	1	1	2.381
1036	signifies	79472	0.961	5	5	2.379
1037	desperate	31789	0.385	2	2	2.379
1038	vow	31839	0.385	2	2	2.377
1039	Illustrious	15935	0.193	1	1	2.376
1040	carried	127788	1.546	8	1	2.372
1041	cries	32046	0.388	2	2	2.367
1042	Portion	48529	0.587	3	3	2.354
1043	meanest	16212	0.196	1	1	2.35
1044	Patriarch	16225	0.196	1	1	2.35
1045	insomuch	32477	0.393	2	2	2.348
1046	silly	16358	0.198	1	1	2.338
1047	strongest	16405	0.198	1	1	2.334
1048	call	328774	3.976	20	18	2.331
1049	crooked	16446	0.199	1	1	2.33
1050	peoples	33008	0.399	2	2	2.325
1051	destroyed	66138	0.8	4	4	2.322
1052	iniquities	16575	0.201	1	1	2.318
1053	Members	116122	1.404	7	5	2.317
1054	Ch.	33232	0.402	2	2	2.315
1055	Pulled	16685	0.202	1	1	2.309
1056	Hair	50335	0.609	3	2	2.301
1057	lie	168129	2.033	10	10	2.298
1058	extant	16836	0.204	1	1	2.296
1059	complained	16882	0.204	1	1	2.292
1060	declares	33877	0.41	2	2	2.287
1061	admired	17008	0.206	1	1	2.281
1062	Judgments	34069	0.412	2	2	2.279
1063	Socrates	17043	0.206	1	1	2.279
1064	Prophecy	51210	0.619	3	3	2.276
1065	support	34167	0.413	2	2	2.275
1066	rid	17118	0.207	1	1	2.272
1067	professed	34256	0.414	2	2	2.271
1068	Board	17171	0.208	1	1	2.267
1069	discerned	17249	0.209	1	1	2.261
1070	Esau	17268	0.209	1	1	2.26
1071	destitute	17265	0.209	1	1	2.26
1072	sisters	17302	0.209	1	1	2.256
1073	reproach	34657	0.419	2	2	2.254
1074	Coin	17339	0.21	1	1	2.254
1075	trusted	17518	0.212	1	1	2.239
1076	calling	105619	1.277	6	6	2.232
1077	betray	17683	0.214	1	1	2.225
1078	urge	17702	0.214	1	1	2.224
1079	O.	17703	0.214	1	1	2.224
1080	forgot	17706	0.214	1	1	2.224
1081	National	17726	0.214	1	1	2.222
1082	rejoicing	17783	0.215	1	1	2.217
1083	usually	53352	0.645	3	3	2.217
1084	destruction	89423	1.082	5	4	2.209
1085	Characters	17893	0.216	1	1	2.208
1086	Gallant	17961	0.217	1	1	2.203
1087	Predecessors	18045	0.218	1	1	2.196
1088	Drunkenness	18268	0.221	1	1	2.179
1089	pound	54933	0.664	3	3	2.175
1090	largely	18351	0.222	1	1	2.172
1091	quit	18392	0.222	1	1	2.169
1092	bids	18389	0.222	1	1	2.169
1093	bed	73593	0.89	4	4	2.168
1094	heap	18409	0.223	1	1	2.167
1095	subtle	36810	0.445	2	2	2.167
1096	Monarch	18420	0.223	1	1	2.166
1097	Courtesy	18515	0.224	1	1	2.159
1098	Prophets	111696	1.351	6	3	2.151
1099	Cardinals	18647	0.226	1	1	2.149
1100	Universal	74773	0.904	4	2	2.145
1101	judging	18760	0.227	1	1	2.14
1102	attribute	18881	0.228	1	1	2.13
1103	adorned	18908	0.229	1	1	2.128
1104	partake	18988	0.23	1	1	2.123
1105	loves	76043	0.92	4	4	2.121
1106	immortality	19100	0.231	1	1	2.114
1107	encouraged	19234	0.233	1	1	2.104
1108	Character	38558	0.466	2	2	2.101
1109	Chains	19298	0.233	1	1	2.099
1110	Bell	19417	0.235	1	1	2.09
1111	Fourthly	38947	0.471	2	2	2.086
1112	horror	19604	0.237	1	1	2.076
1113	Pomp	19649	0.238	1	1	2.073
1114	correct	19705	0.238	1	1	2.069
1115	Lyon	19709	0.238	1	1	2.069
1116	risen	19790	0.239	1	1	2.063
1117	'll	158479	1.917	8	6	2.061
1118	reputed	19893	0.241	1	1	2.055
1119	practices	19984	0.242	1	1	2.049
1120	probably	19999	0.242	1	1	2.048
1121	profane	40020	0.484	2	2	2.047
1122	wanton	20242	0.245	1	1	2.03
1123	Church	1175787	14.22	58	16	2.028
1124	Severity	20285	0.245	1	1	2.027
1125	nere	20350	0.246	1	1	2.023
1126	arose	20382	0.247	1	1	2.02
1127	tie	20437	0.247	1	1	2.016
1128	takes	123079	1.489	6	5	2.011
1129	arise	61558	0.745	3	3	2.011
1130	wear	20558	0.249	1	1	2.008
1131	chaste	20646	0.25	1	1	2.002
1132	'd	144543	1.748	7	7	2.001
1133	Bonds	20748	0.251	1	1	1.995
1134	habet	20783	0.251	1	1	1.992
1135	Pit	20801	0.252	1	1	1.991
1136	ne'er	20984	0.254	1	1	1.978
1137	step	20981	0.254	1	1	1.978
1138	es	21017	0.254	1	1	1.976
1139	barren	21073	0.255	1	1	1.972
1140	Mystical	21135	0.256	1	1	1.968
1141	fighting	21135	0.256	1	1	1.968
1142	mad	42332	0.512	2	2	1.966
1143	fee	21237	0.257	1	1	1.961
1144	beheld	21385	0.259	1	1	1.951
1145	flying	21405	0.259	1	1	1.95
1146	final	21409	0.259	1	1	1.95
1147	venture	21408	0.259	1	1	1.95
1148	judgment	235552	2.849	11	10	1.949
1149	Troops	21505	0.26	1	1	1.943
1150	carry	108052	1.307	5	2	1.936
1151	Sovereignty	21633	0.262	1	1	1.935
1152	Confesses	21697	0.262	1	1	1.93
1153	Daughter	108707	1.315	5	5	1.927
1154	dear	109293	1.322	5	3	1.919
1155	sit	131502	1.59	6	5	1.916
1156	laugh	21938	0.265	1	1	1.914
1157	stile	21951	0.266	1	1	1.913
1158	cry	87922	1.063	4	4	1.911
1159	womb	44083	0.533	2	2	1.907
1160	murdered	22105	0.267	1	1	1.903
1161	Nations	132713	1.605	6	4	1.902
1162	knees	22165	0.268	1	1	1.899
1163	punish	44349	0.536	2	2	1.899
1164	Virgins	22219	0.269	1	1	1.896
1165	Eighth	22214	0.269	1	1	1.896
1166	34.	22411	0.271	1	1	1.884
1167	ver	22436	0.271	1	1	1.882
1168	meant	112513	1.361	5	5	1.877
1169	beat	45020	0.545	2	2	1.877
1170	oppression	22522	0.272	1	1	1.876
1171	caused	113016	1.367	5	4	1.871
1172	weeping	22605	0.273	1	1	1.871
1173	indignation	22811	0.276	1	1	1.858
1174	fulfil	22851	0.276	1	1	1.855
1175	Traditions	22980	0.278	1	1	1.847
1176	Jer	23150	0.28	1	1	1.837
1177	naked	46459	0.562	2	2	1.832
1178	!	371996	4.499	16	12	1.83
1179	struck	23297	0.282	1	1	1.827
1180	returns	23425	0.283	1	1	1.82
1181	Madam	46920	0.568	2	1	1.817
1182	Corruptions	23463	0.284	1	1	1.817
1183	Judgements	47124	0.57	2	2	1.811
1184	Nobles	23632	0.286	1	1	1.807
1185	dance	23697	0.287	1	1	1.803
1186	Jew	23762	0.287	1	1	1.799
1187	accounts	23870	0.289	1	1	1.792
1188	Rob	23959	0.29	1	1	1.787
1189	double	72073	0.872	3	2	1.783
1190	troubled	72125	0.872	3	1	1.782
1191	shake	24043	0.291	1	1	1.782
1192	redeemed	24139	0.292	1	1	1.776
1193	worse	96916	1.172	4	3	1.771
1194	imputed	24284	0.294	1	1	1.768
1195	Pull	24362	0.295	1	1	1.763
1196	apprehend	24467	0.296	1	1	1.757
1197	Fortunes	24537	0.297	1	1	1.752
1198	proud	73660	0.891	3	3	1.752
1199	adultery	24714	0.299	1	1	1.742
1200	wilt	74391	0.9	3	3	1.737
1201	manifested	24803	0.3	1	1	1.737
1202	prevailed	25057	0.303	1	1	1.723
1203	burnt	50113	0.606	2	2	1.722
1204	Isa.	75282	0.911	3	3	1.72
1205	goes	100413	1.214	4	4	1.72
1206	deep	75511	0.913	3	3	1.716
1207	Coast	25174	0.305	1	1	1.715
1208	dread	25184	0.305	1	1	1.715
1209	Oh	126299	1.528	5	5	1.711
1210	excess	25352	0.307	1	1	1.706
1211	Dull	25362	0.307	1	1	1.705
1212	termed	25438	0.308	1	1	1.7
1213	revealed	50925	0.616	2	2	1.699
1214	women	152987	1.85	6	6	1.697
1215	Celestial	25497	0.308	1	1	1.697
1216	sorts	102012	1.234	4	1	1.697
1217	whilst	127767	1.545	5	5	1.694
1218	commit	51155	0.619	2	2	1.693
1219	fellow	51208	0.619	2	2	1.691
1220	called	768363	9.293	30	21	1.691
1221	18.	77389	0.936	3	3	1.68
1222	sister	51618	0.624	2	2	1.68
1223	Re	25840	0.313	1	1	1.678
1224	Aside	51692	0.625	2	2	1.678
1225	top	52060	0.63	2	1	1.667
1226	wo	26036	0.315	1	1	1.667
1227	hath	1823449	22.053	70	28	1.666
1228	Gain	78199	0.946	3	3	1.665
1229	ten	130362	1.577	5	4	1.665
1230	seed	130549	1.579	5	2	1.663
1231	looks	52264	0.632	2	2	1.662
1232	strongly	26140	0.316	1	1	1.662
1233	43	26174	0.317	1	1	1.659
1234	Mark	131282	1.588	5	4	1.655
1235	Matthew	26367	0.319	1	1	1.649
1236	suddenly	53066	0.642	2	2	1.64
1237	Flood	26569	0.321	1	1	1.638
1238	common	346098	4.186	13	13	1.635
1239	lays	26622	0.322	1	1	1.635
1240	list	26655	0.322	1	1	1.633
1241	Richard	53481	0.647	2	1	1.629
1242	Britain	26773	0.324	1	1	1.627
1243	yea	321813	3.892	12	9	1.624
1244	gross	53803	0.651	2	2	1.62
1245	lovers	26913	0.326	1	1	1.619
1246	mere	80762	0.977	3	3	1.619
1247	leads	26956	0.326	1	1	1.617
1248	Heir	53990	0.653	2	2	1.615
1249	apparel	27082	0.328	1	1	1.61
1250	defended	27388	0.331	1	1	1.594
1251	remarkable	27396	0.331	1	1	1.594
1252	temples	27639	0.334	1	1	1.581
1253	suitable	27681	0.335	1	1	1.579
1254	stick	27742	0.336	1	1	1.576
1255	leaving	55555	0.672	2	2	1.574
1256	appeal	28134	0.34	1	1	1.555
1257	accounted	56307	0.681	2	2	1.554
1258	beware	28157	0.341	1	1	1.554
1259	Followers	28164	0.341	1	1	1.554
1260	provoke	28409	0.344	1	1	1.541
1261	blood	426566	5.159	15	9	1.54
1262	narrow	28532	0.345	1	1	1.535
1263	st	28567	0.346	1	1	1.533
1264	torment	28570	0.346	1	1	1.533
1265	price	57392	0.694	2	2	1.527
1266	destroy	86113	1.042	3	3	1.526
1267	Ah	29075	0.352	1	1	1.508
1268	Believers	58227	0.704	2	2	1.506
1269	weather	29174	0.353	1	1	1.503
1270	wont	58350	0.706	2	2	1.503
1271	has	321926	3.894	11	10	1.498
1272	whose	468798	5.67	16	14	1.497
1273	shown	29305	0.354	1	1	1.497
1274	Ezek.	29318	0.355	1	1	1.496
1275	throw	29481	0.357	1	1	1.488
1276	got	88984	1.076	3	2	1.479
1277	Thank	29699	0.359	1	1	1.477
1278	ou	29737	0.36	1	1	1.476
1279	a	14471665	175.025	486	179	1.473
1280	publicly	29824	0.361	1	1	1.471
1281	fellows	29880	0.361	1	1	1.468
1282	rank	29920	0.362	1	1	1.466
1283	displeasure	30153	0.365	1	1	1.455
1284	Gentlemen	60495	0.732	2	2	1.451
1285	finished	30271	0.366	1	1	1.45
1286	ordinarily	30303	0.367	1	1	1.448
1287	veins	30344	0.367	1	1	1.446
1288	figures	30387	0.368	1	1	1.444
1289	Mothers	30565	0.37	1	1	1.436
1290	wretched	30683	0.371	1	1	1.43
1291	Speeches	30693	0.371	1	1	1.43
1292	Unclean	30723	0.372	1	1	1.428
1293	harm	30750	0.372	1	1	1.427
1294	Idols	30951	0.374	1	1	1.418
1295	represent	31012	0.375	1	1	1.415
1296	cares	31089	0.376	1	1	1.411
1297	City	377406	4.565	12	7	1.395
1298	corrupt	63197	0.764	2	2	1.388
1299	youth	63555	0.769	2	2	1.38
1300	later	31782	0.384	1	1	1.379
1301	hang	31830	0.385	1	1	1.377
1302	oaths	31854	0.385	1	1	1.376
1303	beauty	95667	1.157	3	3	1.375
1304	opposite	31956	0.387	1	1	1.371
1305	damnation	32064	0.388	1	1	1.367
1306	VIII	32081	0.388	1	1	1.366
1307	dogs	32101	0.388	1	1	1.365
1308	treat	32126	0.389	1	1	1.364
1309	Doubtless	32131	0.389	1	1	1.364
1310	Deuteronomy	64271	0.777	2	2	1.363
1311	fine	96522	1.167	3	2	1.362
1312	consequently	64502	0.78	2	2	1.358
1313	conquest	32321	0.391	1	1	1.355
1314	upper	32317	0.391	1	1	1.355
1315	bosom	32336	0.391	1	1	1.354
1316	Maintenance	32482	0.393	1	1	1.348
1317	Saints	194939	2.358	6	6	1.348
1318	remaining	32552	0.394	1	1	1.345
1319	accused	32564	0.394	1	1	1.344
1320	Praises	32770	0.396	1	1	1.335
1321	tells	98449	1.191	3	3	1.333
1322	torments	32888	0.398	1	1	1.33
1323	Common-wealth	32931	0.398	1	1	1.328
1324	serves	32991	0.399	1	1	1.326
1325	executed	33017	0.399	1	1	1.324
1326	vices	33021	0.399	1	1	1.324
1327	Maid	33079	0.4	1	1	1.322
1328	Record	33094	0.4	1	1	1.321
1329	Beloved	66576	0.805	2	2	1.313
1330	s	133183	1.611	4	3	1.312
1331	's	1833403	22.174	55	36	1.311
1332	epist.	33418	0.404	1	1	1.307
1333	concerns	33496	0.405	1	1	1.304
1334	wax	33550	0.406	1	1	1.301
1335	sees	33635	0.407	1	1	1.298
1336	Run	134767	1.63	4	3	1.295
1337	fortune	101130	1.223	3	3	1.294
1338	shed	33752	0.408	1	1	1.293
1339	fulfilled	33876	0.41	1	1	1.287
1340	Alas	67915	0.821	2	2	1.284
1341	Horse	136110	1.646	4	3	1.281
1342	passes	34125	0.413	1	1	1.277
1343	advanced	34128	0.413	1	1	1.276
1344	young	171502	2.074	5	5	1.269
1345	relief	34491	0.417	1	1	1.262
1346	n't	34507	0.417	1	1	1.261
1347	certainty	34519	0.418	1	1	1.26
1348	dreadful	34583	0.418	1	1	1.257
1349	scorn	34703	0.42	1	1	1.253
1350	keep	313074	3.786	9	8	1.249
1351	sons	139530	1.688	4	4	1.245
1352	l	70403	0.852	2	1	1.232
1353	prevail	35221	0.426	1	1	1.231
1354	sends	35230	0.426	1	1	1.231
1355	seeking	35296	0.427	1	1	1.228
1356	aforesaid	106004	1.282	3	1	1.227
1357	farther	70765	0.856	2	2	1.224
1358	thinks	71088	0.86	2	2	1.218
1359	Tower	35614	0.431	1	1	1.215
1360	Song	35727	0.432	1	1	1.211
1361	lift	35903	0.434	1	1	1.204
1362	trade	71989	0.871	2	2	1.2
1363	hither	36037	0.436	1	1	1.198
1364	dumb	36044	0.436	1	1	1.198
1365	Moreover	72198	0.873	2	2	1.196
1366	face	181454	2.195	5	4	1.188
1367	practised	36690	0.444	1	1	1.172
1368	quoth	36867	0.446	1	1	1.165
1369	mouths	36905	0.446	1	1	1.164
1370	flower	36901	0.446	1	1	1.164
1371	overthrow	36900	0.446	1	1	1.164
1372	haste	258415	3.125	7	5	1.163
1373	Palace	37162	0.45	1	1	1.154
1374	valour	37184	0.45	1	1	1.153
1375	Jesuits	37256	0.451	1	1	1.15
1376	whom	782727	9.467	21	18	1.149
1377	spend	37287	0.451	1	1	1.149
1378	quite	74671	0.903	2	2	1.147
1379	kill	74750	0.904	2	2	1.145
1380	Wilderness	37400	0.452	1	1	1.145
1381	needs	150472	1.82	4	4	1.136
1382	succession	37662	0.456	1	1	1.134
1383	quality	75538	0.914	2	2	1.13
1384	Vengeance	37813	0.457	1	1	1.129
1385	separated	37858	0.458	1	1	1.127
1386	evening	37929	0.459	1	1	1.124
1387	lips	38066	0.46	1	1	1.119
1388	debt	38106	0.461	1	1	1.117
1389	Host	38170	0.462	1	1	1.115
1390	godliness	38251	0.463	1	1	1.112
1391	saw	191431	2.315	5	4	1.111
1392	FINIS	38468	0.465	1	1	1.104
1393	Chap	271060	3.278	7	5	1.094
1394	drew	38764	0.469	1	1	1.093
1395	hide	38812	0.469	1	1	1.091
1396	spare	38949	0.471	1	1	1.086
1397	28	77934	0.943	2	2	1.085
1398	follows	118360	1.432	3	2	1.067
1399	mountain	39556	0.478	1	1	1.064
1400	bestowed	39589	0.479	1	1	1.063
1401	cost	39743	0.481	1	1	1.057
1402	flesh	279311	3.378	7	5	1.051
1403	Tongues	40030	0.484	1	1	1.047
1404	upon	2522161	30.504	63	36	1.046
1405	[	280684	3.395	7	5	1.044
1406	viz.	161354	1.952	4	4	1.035
1407	Kings	363629	4.398	9	8	1.033
1408	deceive	40456	0.489	1	1	1.031
1409	comparison	40468	0.489	1	1	1.031
1410	Arts	40476	0.49	1	1	1.031
1411	Privilege	40519	0.49	1	1	1.029
1412	fain	40564	0.491	1	1	1.027
1413	calls	121932	1.475	3	3	1.025
1414	Israel	162651	1.967	4	3	1.024
1415	doctrines	40858	0.494	1	1	1.017
1416	sell	41041	0.496	1	1	1.01
1417	past	123448	1.493	3	3	1.007
1418	Ladies	41212	0.498	1	1	1.005
1419	Fool	41266	0.499	1	1	1.003
1420	worship	206782	2.501	5	4	0.999
1421	"	41388	0.501	1	1	0.998
1422	openly	41440	0.501	1	1	0.997
1423	C	292350	3.536	7	1	0.985
1424	Honey	41845	0.506	1	1	0.983
1425	manners	41947	0.507	1	1	0.979
1426	cure	84022	1.016	2	2	0.977
1427	Trust	126242	1.527	3	3	0.974
1428	Honours	42207	0.511	1	1	0.97
1429	make	1313915	15.891	31	25	0.964
1430	milk	42416	0.513	1	1	0.963
1431	nine	42485	0.514	1	1	0.961
1432	utter	42614	0.515	1	1	0.956
1433	cursed	42622	0.516	1	1	0.956
1434	distinction	42763	0.517	1	1	0.951
1435	Rent	42785	0.518	1	1	0.95
1436	like	1070087	12.942	25	23	0.95
1437	Sect	42803	0.518	1	1	0.95
1438	who	2315377	28.003	54	34	0.947
1439	public	215912	2.611	5	5	0.937
1440	become	172873	2.091	4	4	0.936
1441	meeting	43320	0.524	1	1	0.933
1442	resist	43474	0.526	1	1	0.927
1443	&c	479189	5.796	11	10	0.924
1444	forms	43593	0.527	1	1	0.924
1445	spread	43759	0.529	1	1	0.918
1446	Camp	43972	0.532	1	1	0.911
1447	perfectly	44031	0.533	1	1	0.909
1448	bringing	44028	0.533	1	1	0.909
1449	You	3714542	44.925	84	39	0.903
1450	beside	44252	0.535	1	1	0.902
1451	?	2527462	30.568	57	42	0.899
1452	dust	44440	0.538	1	1	0.896
1453	appearance	44583	0.539	1	1	0.891
1454	17	133873	1.619	3	3	0.89
1455	Yes	44644	0.54	1	1	0.889
1456	privileges	44698	0.541	1	1	0.887
1457	poor	313465	3.791	7	7	0.885
1458	private	134915	1.632	3	2	0.879
1459	bid	45051	0.545	1	1	0.876
1460	Institution	45069	0.545	1	1	0.875
1461	kindness	45136	0.546	1	1	0.873
1462	abuse	45195	0.547	1	1	0.871
1463	house	407406	4.927	9	8	0.869
1464	begun	45469	0.55	1	1	0.863
1465	Main	45562	0.551	1	1	0.86
1466	Patient	45655	0.552	1	1	0.857
1467	judges	91633	1.108	2	2	0.852
1468	Jurisdiction	45854	0.555	1	1	0.85
1469	fled	45957	0.556	1	1	0.847
1470	cried	45966	0.556	1	1	0.847
1471	old	414305	5.011	9	7	0.845
1472	fully	92165	1.115	2	2	0.843
1473	rage	46100	0.558	1	1	0.843
1474	heresy	46327	0.56	1	1	0.836
1475	merciful	46370	0.561	1	1	0.834
1476	Friendship	46387	0.561	1	1	0.834
1477	thou	1398203	16.91	30	20	0.827
1478	vice	46611	0.564	1	1	0.827
1479	t	186780	2.259	4	3	0.824
1480	stir	46896	0.567	1	1	0.818
1481	shame	94222	1.14	2	2	0.811
1482	an	2497908	30.211	53	38	0.811
1483	History	94546	1.144	2	2	0.807
1484	affected	47304	0.572	1	1	0.806
1485	rightly	47299	0.572	1	1	0.806
1486	the	59190422	715.87	1247	260	0.801
1487	wherein	332751	4.024	7	4	0.799
1488	following	142882	1.728	3	3	0.796
1489	]	429805	5.198	9	4	0.792
1490	Fury	47909	0.579	1	1	0.787
1491	post	47961	0.58	1	1	0.786
1492	Pope	240165	2.905	5	3	0.784
1493	M.	193517	2.341	4	2	0.773
1494	20	145215	1.756	3	3	0.772
1495	Knights	48428	0.586	1	1	0.772
1496	begin	97196	1.176	2	2	0.767
1497	Priests	145909	1.765	3	3	0.766
1498	wh	48807	0.59	1	1	0.76
1499	25.	48971	0.592	1	1	0.756
1500	spoken	147126	1.779	3	3	0.754
1501	Child	148012	1.79	3	3	0.745
1502	strangers	49348	0.597	1	1	0.745
1503	Cruelty	49468	0.598	1	1	0.741
1504	forget	49494	0.599	1	1	0.74
1505	golden	49785	0.602	1	1	0.732
1506	get	149760	1.811	3	3	0.728
1507	perhaps	99958	1.209	2	2	0.726
1508	belly	50036	0.605	1	1	0.725
1509	Lamb	50063	0.606	1	1	0.724
1510	true	751380	9.088	15	5	0.723
1511	while	300747	3.637	6	5	0.722
1512	James	100348	1.214	2	2	0.721
1513	greatest	200955	2.43	4	4	0.719
1514	indeed	301803	3.65	6	5	0.717
1515	Dominion	50446	0.61	1	1	0.713
1516	instruments	50653	0.613	1	1	0.707
1517	always	304181	3.679	6	5	0.706
1518	Sacraments	50743	0.614	1	1	0.704
1519	Catholic	101512	1.228	2	2	0.704
1520	F	50955	0.616	1	1	0.698
1521	tell	255280	3.087	5	4	0.696
1522	punished	51064	0.618	1	1	0.695
1523	comes	255457	3.09	5	3	0.695
1524	exercise	102303	1.237	2	2	0.693
1525	Robert	51164	0.619	1	1	0.692
1526	Confusion	51173	0.619	1	1	0.692
1527	danger	153644	1.858	3	3	0.691
1528	profess	51407	0.622	1	1	0.686
1529	g.	51419	0.622	1	1	0.685
1530	unless	154621	1.87	3	3	0.682
1531	Five	154870	1.873	3	2	0.68
1532	receiving	51659	0.625	1	1	0.679
1533	though	1040761	12.587	20	13	0.668
1534	Green	52193	0.631	1	1	0.664
1535	born	104623	1.265	2	2	0.661
1536	shall	2624249	31.739	50	33	0.656
1537	esteemed	52613	0.636	1	1	0.652
1538	excuse	52632	0.637	1	1	0.652
1539	art	315875	3.82	6	4	0.651
1540	Sinner	52649	0.637	1	1	0.651
1541	having	579260	7.006	11	11	0.651
1542	going	105462	1.276	2	2	0.649
1543	husband	105631	1.278	2	2	0.647
1544	fight	105643	1.278	2	2	0.646
1545	saying	211699	2.56	4	3	0.644
1546	loving	52941	0.64	1	1	0.643
1547	Sir	371184	4.489	7	4	0.641
1548	case	319514	3.864	6	6	0.635
1549	spent	53460	0.647	1	1	0.629
1550	removed	53515	0.647	1	1	0.628
1551	setting	53750	0.65	1	1	0.621
1552	Virgin	54072	0.654	1	1	0.613
1553	o	541781	6.553	10	8	0.61
1554	Images	54257	0.656	1	1	0.608
1555	(	3147389	38.066	58	35	0.608
1556	next	271507	3.284	5	4	0.607
1557	deceived	54539	0.66	1	1	0.6
1558	Decree	54592	0.66	1	1	0.599
1559	sing	54605	0.66	1	1	0.599
1560	Seal	54620	0.661	1	1	0.598
1561	witness	109825	1.328	2	2	0.59
1562	talk	54978	0.665	1	1	0.589
1563	hereby	55021	0.665	1	1	0.588
1564	help	220081	2.662	4	4	0.588
1565	prove	220093	2.662	4	4	0.588
1566	Countenance	55145	0.667	1	1	0.584
1567	discover	55186	0.667	1	1	0.583
1568	Heb.	110708	1.339	2	2	0.579
1569	plainly	111081	1.344	2	2	0.574
1570	published	55591	0.672	1	1	0.573
1571	question	167153	2.022	3	3	0.569
1572	Satan	111662	1.351	2	2	0.567
1573	R.	112114	1.356	2	1	0.561
1574	;	9536348	115.336	170	95	0.56
1575	Principle	56247	0.68	1	1	0.556
1576	enough	225014	2.721	4	4	0.556
1577	Consciences	56276	0.681	1	1	0.555
1578	last	450430	5.448	8	6	0.554
1579	or	6140246	74.262	109	61	0.554
1580	try	56352	0.682	1	1	0.553
1581	Why	394748	4.774	7	7	0.552
1582	Mass	56555	0.684	1	1	0.548
1583	punishment	113533	1.373	2	2	0.543
1584	clearly	57009	0.69	1	1	0.536
1585	dark	57339	0.694	1	1	0.528
1586	employed	57347	0.694	1	1	0.528
1587	folly	57369	0.694	1	1	0.527
1588	wives	57399	0.694	1	1	0.527
1589	distance	57644	0.697	1	1	0.52
1590	touching	115302	1.395	2	2	0.52
1591	seeing	231216	2.796	4	4	0.516
1592	pretend	57850	0.7	1	1	0.515
1593	overcome	57959	0.701	1	1	0.513
1594	finding	57977	0.701	1	1	0.512
1595	gave	290757	3.517	5	5	0.508
1596	keeping	58223	0.704	1	1	0.506
1597	perish	58343	0.706	1	1	0.503
1598	10	233570	2.825	4	4	0.502
1599	diseases	58776	0.711	1	1	0.492
1600	paid	58812	0.711	1	1	0.491
1601	many	1356675	16.408	23	18	0.487
1602	Devils	59091	0.715	1	1	0.485
1603	how	1244740	15.054	21	19	0.48
1604	go	533648	6.454	9	9	0.48
1605	certainly	118694	1.436	2	2	0.478
1606	with	6743369	81.557	113	74	0.47
1607	&c.	299097	3.617	5	5	0.467
1608	heavy	59956	0.725	1	1	0.464
1609	kept	180349	2.181	3	3	0.46
1610	revenge	60376	0.73	1	1	0.454
1611	over	545201	6.594	9	6	0.449
1612	name	607418	7.346	10	9	0.445
1613	says	304429	3.682	5	4	0.441
1614	Excellency	60896	0.737	1	1	0.441
1615	asked	61036	0.738	1	1	0.438
1616	and	37698224	455.935	616	234	0.434
1617	Ere	61209	0.74	1	1	0.434
1618	join	61462	0.743	1	1	0.428
1619	base	61654	0.746	1	1	0.423
1620	wicked	246712	2.984	4	2	0.423
1621	Priest	123560	1.494	2	2	0.42
1622	en	61856	0.748	1	1	0.419
1623	perceive	62013	0.75	1	1	0.415
1624	every	1057014	12.784	17	11	0.411
1625	scarce	62192	0.752	1	1	0.411
1626	changed	62232	0.753	1	1	0.41
1627	honour	374182	4.526	6	6	0.407
1628	deed	62715	0.759	1	1	0.399
1629	money	188212	2.276	3	3	0.398
1630	Pleasures	62853	0.76	1	1	0.396
1631	Pity	62915	0.761	1	1	0.394
1632	,	97296499	1176.738	1545	343	0.393
1633	amongst	251926	3.047	4	4	0.393
1634	rejoice	63078	0.763	1	1	0.39
1635	away	504942	6.107	8	8	0.39
1636	give	758276	9.171	12	7	0.388
1637	friends	189996	2.298	3	3	0.385
1638	ours	63665	0.77	1	1	0.377
1639	Carnal	63756	0.771	1	1	0.375
1640	Miles	63925	0.773	1	1	0.371
1641	freely	63939	0.773	1	1	0.371
1642	remains	64087	0.775	1	1	0.368
1643	door	64326	0.778	1	1	0.362
1644	known	257669	3.116	4	4	0.36
1645	g	64551	0.781	1	1	0.357
1646	absolute	64604	0.781	1	1	0.356
1647	grant	129668	1.568	2	2	0.351
1648	ways	194504	2.352	3	2	0.351
1649	on	1948583	23.567	30	27	0.348
1650	sacrifice	130353	1.577	2	2	0.343
1651	brought	394377	4.77	6	4	0.331
1652	lying	65748	0.795	1	1	0.331
1653	greatly	65797	0.796	1	1	0.33
1654	uses	66025	0.799	1	1	0.325
1655	Gentleman	66021	0.799	1	1	0.325
1656	endure	66031	0.799	1	1	0.324
1657	thee	728077	8.806	11	8	0.321
1658	went	264770	3.202	4	4	0.321
1659	Corruption	66477	0.804	1	1	0.315
1660	married	66560	0.805	1	1	0.313
1661	simple	66612	0.806	1	1	0.312
1662	one	2538275	30.699	38	23	0.308
1663	should	1871070	22.629	28	15	0.307
1664	neither	537051	6.495	8	8	0.301
1665	Letter	134624	1.628	2	2	0.297
1666	Clergy	67422	0.815	1	1	0.294
1667	hand	471988	5.708	7	6	0.294
1668	Jacob	67737	0.819	1	1	0.288
1669	dare	135920	1.644	2	2	0.283
1670	)	3126749	37.816	46	31	0.283
1671	Soldiers	136167	1.647	2	2	0.28
1672	of	39170514	473.742	575	197	0.279
1673	e	136544	1.651	2	2	0.276
1674	hear	273421	3.307	4	4	0.275
1675	Throne	68392	0.827	1	1	0.274
1676	been	1095200	13.246	16	10	0.273
1677	forth	410791	4.968	6	4	0.272
1678	Confession	68490	0.828	1	1	0.272
1679	looked	68727	0.831	1	1	0.267
1680	doth	963309	11.651	14	12	0.265
1681	Mary	68927	0.834	1	1	0.263
1682	your	2073026	25.072	30	20	0.259
1683	n	69208	0.837	1	1	0.257
1684	me	1731164	20.937	25	15	0.256
1685	under	696455	8.423	10	6	0.248
1686	that	17465266	211.231	250	130	0.243
1687	shows	70001	0.847	1	1	0.24
1688	pieces	70256	0.85	1	1	0.235
1689	Dwell	70987	0.859	1	1	0.22
1690	found	426408	5.157	6	6	0.218
1691	appears	142173	1.72	2	2	0.218
1692	disease	71132	0.86	1	1	0.217
1693	wrong	71272	0.862	1	1	0.214
1694	long	571124	6.907	8	7	0.212
1695	showed	142959	1.729	2	2	0.21
1696	made	1503973	18.19	21	12	0.207
1697	Almighty	71617	0.866	1	1	0.207
1698	aut	71993	0.871	1	1	0.2
1699	home	144093	1.743	2	2	0.199
1700	where	1086411	13.139	15	12	0.191
1701	forward	72541	0.877	1	1	0.189
1702	night	217853	2.635	3	3	0.187
1703	pleasant	72707	0.879	1	1	0.186
1704	am	509469	6.162	7	5	0.184
1705	Enter	145726	1.763	2	2	0.182
1706	self	948089	11.467	13	11	0.181
1707	F.	73082	0.884	1	1	0.178
1708	preached	73136	0.885	1	1	0.177
1709	kingdoms	73313	0.887	1	1	0.173
1710	London	146866	1.776	2	2	0.171
1711	became	73544	0.89	1	1	0.169
1712	during	74035	0.895	1	1	0.159
1713	wherewith	74362	0.899	1	1	0.153
1714	still	373001	4.511	5	5	0.148
1715	ruin	74606	0.902	1	1	0.148
1716	Whence	149816	1.812	2	2	0.142
1717	Multitude	75242	0.91	1	1	0.136
1718	expressed	75252	0.91	1	1	0.136
1719	agree	75479	0.913	1	1	0.131
1720	masters	75576	0.914	1	1	0.13
1721	shalt	151151	1.828	2	1	0.13
1722	take	907131	10.971	12	11	0.129
1723	Ages	75749	0.916	1	1	0.126
1724	7.	151741	1.835	2	2	0.124
1725	now	1519152	18.373	20	15	0.122
1726	wisdom	228022	2.758	3	1	0.121
1727	gold	152169	1.84	2	2	0.12
1728	down	533657	6.454	7	7	0.117
1729	none	383245	4.635	5	5	0.109
1730	formerly	76730	0.928	1	1	0.108
1731	wish	76763	0.928	1	1	0.107
1732	have	4691254	56.738	61	43	0.105
1733	ignorance	77023	0.932	1	1	0.102
1734	I	6187300	74.831	80	51	0.096
1735	children	387096	4.682	5	5	0.095
1736	which	6940930	83.946	89	53	0.084
1737	Root	78309	0.947	1	1	0.078
1738	loved	78391	0.948	1	1	0.077
1739	must	1333555	16.129	17	14	0.076
1740	stand	235721	2.851	3	3	0.074
1741	company	157530	1.905	2	2	0.07
1742	whereupon	78977	0.955	1	1	0.066
1743	Vain	158202	1.913	2	2	0.064
1744	sleep	79160	0.957	1	1	0.063
1745	soul	555660	6.72	7	6	0.059
1746	up	1119358	13.538	14	12	0.048
1747	What	2320680	28.067	29	22	0.047
1748	nothing	640275	7.744	8	7	0.047
1749	ears	80061	0.968	1	1	0.046
1750	intended	80059	0.968	1	1	0.046
1751	if	3293480	39.833	41	36	0.042
1752	do	2417629	29.24	30	22	0.037
1753	back	161359	1.952	2	2	0.035
1754	generally	80754	0.977	1	1	0.034
1755	off	323311	3.91	4	4	0.033
1756	knew	162531	1.966	2	2	0.025
1757	Lastly	81334	0.984	1	1	0.024
1758	3	571164	6.908	7	7	0.019
1759	se	163405	1.976	2	2	0.017
1760	added	81800	0.989	1	1	0.016
1761	know	736780	8.911	9	9	0.014
1762	nor	1146191	13.862	14	14	0.014
1763	wine	164447	1.989	2	2	0.008
1764	told	164509	1.99	2	2	0.008
1765	since	412107	4.984	5	5	0.005
1766	is	12301699	148.781	148	83	-0.008
1767	John	415725	5.028	5	5	-0.008
1768	acknowledge	83501	1.01	1	1	-0.014
1769	best	335557	4.058	4	4	-0.021
1770	spake	83909	1.015	1	1	-0.021
1771	But	6983890	84.466	83	49	-0.025
1772	thy	1346327	16.283	16	12	-0.025
1773	did	1515759	18.332	18	17	-0.026
1774	chosen	84591	1.023	1	1	-0.033
1775	gifts	84700	1.024	1	1	-0.035
1776	yield	85483	1.034	1	1	-0.048
1777	had	2740575	33.146	32	29	-0.051
1778	full	343239	4.151	4	4	-0.054
1779	enjoy	86143	1.042	1	1	-0.059
1780	close	86281	1.044	1	1	-0.061
1781	Tim	86301	1.044	1	1	-0.062
1782	Fault	86579	1.047	1	1	-0.066
1783	Righteous	86685	1.048	1	1	-0.068
1784	for	9369441	113.317	108	73	-0.069
1785	table	86761	1.049	1	1	-0.069
1786	When	2343068	28.338	27	24	-0.07
1787	even	607522	7.348	7	7	-0.07
1788	form	173701	2.101	2	2	-0.071
1789	sight	174034	2.105	2	1	-0.074
1790	built	87141	1.054	1	1	-0.076
1791	hour	87383	1.057	1	1	-0.08
1792	will	2993503	36.205	34	27	-0.091
1793	p.	440626	5.329	5	3	-0.092
1794	reward	88300	1.068	1	1	-0.095
1795	command	177468	2.146	2	2	-0.102
1796	ill	177562	2.148	2	2	-0.103
1797	seems	178155	2.155	2	2	-0.107
1798	satisfaction	89126	1.078	1	1	-0.108
1799	little	624322	7.551	7	6	-0.109
1800	charge	178431	2.158	2	2	-0.11
1801	fall	267911	3.24	3	3	-0.111
1802	de	804522	9.73	9	3	-0.113
1803	practice	89548	1.083	1	1	-0.115
1804	forced	89873	1.087	1	1	-0.12
1805	beginning	182083	2.202	2	2	-0.139
1806	Easy	91240	1.104	1	1	-0.142
1807	possible	91250	1.104	1	1	-0.142
1808	Guilty	91473	1.106	1	1	-0.146
1809	honourable	91740	1.11	1	1	-0.15
1810	Yet	1835928	22.204	20	15	-0.151
1811	Wherefore	183911	2.224	2	2	-0.153
1812	stay	91988	1.113	1	1	-0.154
1813	my	2492426	30.144	27	18	-0.159
1814	town	184940	2.237	2	2	-0.161
1815	.	39047260	472.251	422	166	-0.162
1816	oil	93227	1.128	1	1	-0.173
1817	ever	652700	7.894	7	7	-0.173
1818	pleasure	186565	2.256	2	2	-0.174
1819	Spirit	654859	7.92	7	2	-0.178
1820	riches	93796	1.134	1	1	-0.182
1821	ones	94155	1.139	1	1	-0.187
1822	was	5179337	62.641	55	42	-0.188
1823	these	1985969	24.019	21	18	-0.194
1824	meat	94824	1.147	1	1	-0.198
1825	Devil	190658	2.306	2	2	-0.205
1826	suffer	191145	2.312	2	1	-0.209
1827	against	1339213	16.197	14	10	-0.21
1828	delight	95852	1.159	1	1	-0.213
1829	learned	191725	2.319	2	2	-0.213
1830	speaking	96859	1.171	1	1	-0.228
1831	resolved	96934	1.172	1	1	-0.229
1832	power	776557	9.392	8	4	-0.231
1833	come	1165618	14.097	12	11	-0.232
1834	Degree	97277	1.177	1	1	-0.235
1835	never	778679	9.418	8	8	-0.235
1836	making	195439	2.364	2	2	-0.241
1837	commonly	97748	1.182	1	1	-0.241
1838	fire	294315	3.56	3	3	-0.247
1839	withal	98276	1.189	1	1	-0.249
1840	more	2262327	27.361	23	21	-0.251
1841	fit	197019	2.383	2	2	-0.253
1842	14.	99060	1.198	1	1	-0.261
1843	Image	99324	1.201	1	1	-0.265
1844	Beasts	99530	1.204	1	1	-0.268
1845	Well	1096551	13.262	11	11	-0.27
1846	few	199429	2.412	2	2	-0.27
1847	Light	399350	4.83	4	3	-0.272
1848	stood	100471	1.215	1	1	-0.281
1849	this	6548918	79.205	65	39	-0.285
1850	Thomas	100867	1.22	1	1	-0.287
1851	said	1514302	18.315	15	15	-0.288
1852	Churches	202693	2.451	2	2	-0.294
1853	all	5908829	71.463	58	40	-0.301
1854	Communion	101932	1.233	1	1	-0.302
1855	lest	101960	1.233	1	1	-0.302
1856	fair	204535	2.474	2	2	-0.307
1857	two	926661	11.207	9	5	-0.316
1858	SPEECH	103090	1.247	1	1	-0.318
1859	Subject	206440	2.497	2	2	-0.32
1860	There	2595192	31.387	25	21	-0.328
1861	too	521045	6.302	5	5	-0.334
1862	immediately	104214	1.26	1	1	-0.334
1863	are	5017099	60.679	48	36	-0.338
1864	Than	940786	11.378	9	9	-0.338
1865	appear	209107	2.529	2	2	-0.339
1866	h.	104565	1.265	1	1	-0.339
1867	be	9896153	119.688	94	66	-0.349
1868	longer	105304	1.274	1	1	-0.349
1869	no	2739631	33.134	26	24	-0.35
1870	out	1686345	20.395	16	15	-0.35
1871	pride	105444	1.275	1	1	-0.351
1872	might	949632	11.485	9	9	-0.352
1873	22	105972	1.282	1	1	-0.358
1874	b	106037	1.282	1	1	-0.359
1875	hundred	212307	2.568	2	2	-0.36
1876	although	212964	2.576	2	2	-0.365
1877	see	961542	11.629	9	9	-0.37
1878	pure	107081	1.295	1	1	-0.373
1879	special	107206	1.297	1	1	-0.375
1880	Break	107397	1.299	1	1	-0.377
1881	mighty	107406	1.299	1	1	-0.377
1882	act	322490	3.9	3	3	-0.379
1883	manifest	107661	1.302	1	1	-0.381
1884	secret	108173	1.308	1	1	-0.388
1885	Jerusalem	108264	1.309	1	1	-0.389
1886	drawn	108352	1.31	1	1	-0.39
1887	grow	108376	1.311	1	1	-0.39
1888	Error	108610	1.314	1	1	-0.394
1889	turned	109846	1.329	1	1	-0.41
1890	mentioned	110171	1.332	1	1	-0.414
1891	also	1433690	17.34	13	11	-0.416
1892	le	110821	1.34	1	1	-0.423
1893	better	443737	5.367	4	4	-0.424
1894	service	222275	2.688	2	2	-0.427
1895	does	222564	2.692	2	2	-0.429
1896	court	223217	2.7	2	2	-0.433
1897	care	224334	2.713	2	2	-0.44
1898	gone	112323	1.359	1	1	-0.442
1899	thus	788750	9.539	7	7	-0.447
1900	earth	451529	5.461	4	4	-0.449
1901	:	8018849	96.983	71	55	-0.45
1902	offered	113433	1.372	1	1	-0.456
1903	sometimes	226924	2.745	2	2	-0.457
1904	wrath	113648	1.375	1	1	-0.459
1905	another	682313	8.252	6	6	-0.46
1906	they	6960305	84.18	61	41	-0.465
1907	houses	114523	1.385	1	1	-0.47
1908	often	229358	2.774	2	2	-0.472
1909	could	808277	9.776	7	7	-0.482
1910	River	115702	1.399	1	1	-0.485
1911	because	1157094	13.994	10	10	-0.485
1912	title	115960	1.403	1	1	-0.488
1913	Show	349122	4.222	3	3	-0.493
1914	sea	233892	2.829	2	2	-0.5
1915	length	117029	1.415	1	1	-0.501
1916	Gen.	118079	1.428	1	1	-0.514
1917	his	9217642	111.481	78	57	-0.515
1918	repentance	118567	1.434	1	1	-0.52
1919	to	27864128	336.998	235	126	-0.52
1920	only	1544540	18.68	13	13	-0.523
1921	19	119133	1.441	1	1	-0.527
1922	lay	238823	2.888	2	2	-0.53
1923	came	478712	5.79	4	4	-0.533
1924	presently	119716	1.448	1	1	-0.534
1925	E.	119746	1.448	1	1	-0.534
1926	Names	120160	1.453	1	1	-0.539
1927	send	120341	1.455	1	1	-0.541
1928	sins	361871	4.377	3	3	-0.545
1929	wise	241600	2.922	2	2	-0.547
1930	Pray	242183	2.929	2	2	-0.55
1931	sin	729699	8.825	6	6	-0.557
1932	War	243324	2.943	2	1	-0.557
1933	civil	121918	1.475	1	1	-0.56
1934	So	5366625	64.906	44	34	-0.561
1935	mean	244094	2.952	2	2	-0.562
1936	as	9292085	112.382	76	49	-0.564
1937	through	491298	5.942	4	4	-0.571
1938	again	627628	7.591	5	5	-0.602
1939	7	251211	3.038	2	2	-0.603
1940	sayeth	633645	7.664	5	5	-0.616
1941	Servant	127075	1.537	1	1	-0.62
1942	confess	127821	1.546	1	1	-0.628
1943	Temple	127888	1.547	1	1	-0.629
1944	taught	128541	1.555	1	1	-0.637
1945	glorious	128843	1.558	1	1	-0.64
1946	Kingdom	388117	4.694	3	3	-0.646
1947	not	8929558	107.997	69	47	-0.646
1948	pleased	129448	1.566	1	1	-0.647
1949	dead	259219	3.135	2	2	-0.649
1950	18	129797	1.57	1	1	-0.651
1951	very	1174247	14.202	9	7	-0.658
1952	former	261116	3.158	2	2	-0.659
1953	Prayers	131302	1.588	1	1	-0.667
1954	can	1982819	23.981	15	14	-0.677
1955	Laws	264682	3.201	2	2	-0.679
1956	at	3182175	38.486	24	23	-0.681
1957	Chapter	132959	1.608	1	1	-0.685
1958	would	1733888	20.97	13	13	-0.69
1959	him	4270811	51.653	32	17	-0.691
1960	please	133516	1.615	1	1	-0.691
1961	10.	134546	1.627	1	1	-0.702
1962	draw	134904	1.632	1	1	-0.706
1963	White	134914	1.632	1	1	-0.706
1964	fear	406154	4.912	3	3	-0.711
1965	say	1089806	13.181	8	8	-0.72
1966	Argument	136912	1.656	1	1	-0.728
1967	large	136943	1.656	1	1	-0.728
1968	goodness	137312	1.661	1	1	-0.732
1969	Ye	825703	9.986	6	6	-0.735
1970	Friend	138523	1.675	1	1	-0.744
1971	those	1667771	20.171	12	11	-0.749
1972	both	976138	11.806	7	7	-0.754
1973	love	838220	10.138	6	5	-0.757
1974	may	2661871	32.194	19	18	-0.761
1975	from	3924250	47.461	28	21	-0.761
1976	cut	140466	1.699	1	1	-0.765
1977	high	281250	3.402	2	2	-0.766
1978	crown	140652	1.701	1	1	-0.766
1979	such	2262212	27.36	16	16	-0.774
1980	Angels	142073	1.718	1	1	-0.781
1981	Then	2700348	32.659	19	17	-0.781
1982	rich	142318	1.721	1	1	-0.783
1983	eyes	285959	3.459	2	1	-0.79
1984	deny	143761	1.739	1	1	-0.798
1985	Air	144042	1.742	1	1	-0.801
1986	David	144398	1.746	1	1	-0.804
1987	Here	866663	10.482	6	5	-0.805
1988	4	434750	5.258	3	3	-0.81
1989	whether	435425	5.266	3	3	-0.812
1990	eat	145185	1.756	1	1	-0.812
1991	noble	146938	1.777	1	1	-0.83
1992	c.	296045	3.581	2	2	-0.84
1993	together	444738	5.379	3	3	-0.842
1994	set	595126	7.198	4	2	-0.848
1995	16	148850	1.8	1	1	-0.848
1996	Hell	149518	1.808	1	1	-0.855
1997	Servants	149996	1.814	1	1	-0.859
1998	other	2103223	25.437	14	11	-0.862
1999	done	601055	7.269	4	4	-0.862
2000	in	20011385	242.025	133	84	-0.864
2001	he	9215356	111.454	61	51	-0.87
2002	easily	151870	1.837	1	1	-0.877
2003	short	151930	1.838	1	1	-0.878
2004	Behold	152112	1.84	1	1	-0.879
2005	Moses	152440	1.844	1	1	-0.883
2006	Prince	306162	3.703	2	1	-0.889
2007	speaks	153099	1.852	1	1	-0.889
2008	Some	1845849	22.324	12	10	-0.896
2009	by	7416468	89.697	48	34	-0.902
2010	plain	154580	1.87	1	1	-0.903
2011	15	154905	1.874	1	1	-0.906
2012	kind	310094	3.75	2	2	-0.907
2013	bring	310345	3.753	2	2	-0.908
2014	their	5435041	65.733	35	28	-0.909
2015	Excellent	155285	1.878	1	1	-0.909
2016	sweet	155475	1.88	1	1	-0.911
2017	into	1727535	20.893	11	10	-0.926
2018	own	1256418	15.196	8	7	-0.926
2019	already	157133	1.9	1	1	-0.926
2020	Office	157520	1.905	1	1	-0.93
2021	Nay	158341	1.915	1	1	-0.937
2022	causes	158986	1.923	1	1	-0.943
2023	after	1272516	15.39	8	7	-0.944
2024	3.	318523	3.852	2	1	-0.946
2025	Secondly	160056	1.936	1	1	-0.953
2026	taken	481305	5.821	3	2	-0.956
2027	mouth	161086	1.948	1	1	-0.962
2028	live	322774	3.904	2	2	-0.965
2029	right	484646	5.862	3	3	-0.966
2030	enemy	162072	1.96	1	1	-0.971
2031	14	162434	1.965	1	1	-0.974
2032	first	1465032	17.719	9	8	-0.977
2033	seek	163878	1.982	1	1	-0.987
2034	lost	164242	1.986	1	1	-0.99
2035	man	1972758	23.859	12	11	-0.992
2036	State	329799	3.989	2	1	-0.996
2037	about	661900	8.005	4	4	-1.001
2038	seem	166761	2.017	1	1	-1.012
2039	comfort	167468	2.025	1	1	-1.018
2040	according	502781	6.081	3	3	-1.019
2041	worthy	168026	2.032	1	1	-1.023
2042	favour	168241	2.035	1	1	-1.025
2043	Scriptures	168254	2.035	1	1	-1.025
2044	Head	338290	4.091	2	2	-1.033
2045	whatsoever	170245	2.059	1	1	-1.042
2046	Brother	170744	2.065	1	1	-1.046
2047	&	2737777	33.112	16	14	-1.049
2048	Ministers	171247	2.071	1	1	-1.05
2049	wit	172149	2.082	1	1	-1.058
2050	thereby	172833	2.09	1	1	-1.064
2051	year	352165	4.259	2	2	-1.091
2052	thought	352735	4.266	2	2	-1.093
2053	english	176398	2.133	1	1	-1.093
2054	return	177443	2.146	1	1	-1.102
2055	within	355110	4.295	2	1	-1.103
2056	before	1422340	17.202	8	8	-1.105
2057	joy	178769	2.162	1	1	-1.112
2058	evil	357919	4.329	2	2	-1.114
2059	therein	178975	2.165	1	1	-1.114
2060	selves	358503	4.336	2	2	-1.116
2061	think	539870	6.529	3	3	-1.122
2062	th	180132	2.179	1	1	-1.123
2063	half	181109	2.19	1	1	-1.131
2064	ANSWER	362673	4.386	2	2	-1.133
2065	most	1280269	15.484	7	7	-1.145
2066	father	550491	6.658	3	3	-1.15
2067	began	184715	2.234	1	1	-1.16
2068	laid	184949	2.237	1	1	-1.161
2069	certain	370843	4.485	2	2	-1.165
2070	understand	185715	2.246	1	1	-1.167
2071	written	186305	2.253	1	1	-1.172
2072	World	932868	11.282	5	5	-1.174
2073	Saint	186918	2.261	1	1	-1.177
2074	open	187653	2.27	1	1	-1.182
2075	any	2444028	29.559	13	11	-1.185
2076	Army	188187	2.276	1	1	-1.187
2077	way	756236	9.146	4	4	-1.193
2078	themselves	761621	9.211	4	4	-1.203
2079	6.	191822	2.32	1	1	-1.214
2080	gives	192161	2.324	1	1	-1.217
2081	glory	384462	4.65	2	2	-1.217
2082	Liberty	193859	2.345	1	1	-1.229
2083	things	1357990	16.424	7	7	-1.23
2084	2	973176	11.77	5	5	-1.235
2085	eternal	195016	2.359	1	1	-1.238
2086	St.	195546	2.365	1	1	-1.242
2087	bear	196568	2.377	1	1	-1.249
2088	est	394171	4.767	2	2	-1.253
2089	times	394191	4.768	2	2	-1.253
2090	Jews	197436	2.388	1	1	-1.256
2091	sort	197789	2.392	1	1	-1.258
2092	means	397591	4.809	2	2	-1.266
2093	serve	198842	2.405	1	1	-1.266
2094	Et	199777	2.416	1	1	-1.273
2095	Jesus	399809	4.835	2	2	-1.274
2096	S.	403850	4.884	2	2	-1.288
2097	them	4855982	58.73	24	18	-1.291
2098	V.	202373	2.448	1	1	-1.291
2099	put	607656	7.349	3	3	-1.293
2100	age	202681	2.451	1	1	-1.294
2101	coming	203089	2.456	1	1	-1.296
2102	Religion	406309	4.914	2	2	-1.297
2103	Cor.	203716	2.464	1	1	-1.301
2104	were	2871299	34.727	14	13	-1.311
2105	therefore	1231317	14.892	6	6	-1.312
2106	Christ	1858951	22.483	9	9	-1.321
2107	part	827721	10.011	4	3	-1.323
2108	thousand	207672	2.512	1	1	-1.329
2109	Consider	208021	2.516	1	1	-1.331
2110	divers	210634	2.548	1	1	-1.349
2111	account	211262	2.555	1	1	-1.353
2112	follow	211834	2.562	1	1	-1.357
2113	Gods	640962	7.752	3	2	-1.37
2114	fathers	213875	2.587	1	1	-1.371
2115	likewise	215998	2.612	1	1	-1.385
2116	day	864384	10.454	4	4	-1.386
2117	free	216340	2.617	1	1	-1.388
2118	sure	217623	2.632	1	1	-1.396
2119	far	439291	5.313	2	2	-1.409
2120	Christians	219658	2.657	1	1	-1.41
2121	especially	220705	2.669	1	1	-1.416
2122	people	885047	10.704	4	2	-1.42
2123	Reason	664880	8.041	3	3	-1.422
2124	otherwise	223302	2.701	1	1	-1.433
2125	heard	225126	2.723	1	1	-1.445
2126	seen	227877	2.756	1	1	-1.463
2127	Master	228418	2.763	1	1	-1.466
2128	Council	228985	2.769	1	1	-1.47
2129	unto	1880305	22.741	8	7	-1.507
2130	death	707920	8.562	3	2	-1.513
2131	three	474878	5.743	2	2	-1.522
2132	Law	712338	8.615	3	3	-1.522
2133	Virtue	240899	2.914	1	1	-1.543
2134	much	1448309	17.516	6	6	-1.546
2135	8	242055	2.928	1	1	-1.55
2136	let	968524	11.714	4	4	-1.55
2137	souls	242572	2.934	1	1	-1.553
2138	took	243304	2.943	1	1	-1.557
2139	hold	243646	2.947	1	1	-1.559
2140	given	491070	5.939	2	2	-1.57
2141	natural	246892	2.986	1	1	-1.578
2142	towards	247540	2.994	1	1	-1.582
2143	it	11231693	135.84	45	34	-1.594
2144	word	751485	9.089	3	2	-1.599
2145	same	1256120	15.192	5	5	-1.603
2146	Heaven	503504	6.09	2	2	-1.606
2147	being	1764433	21.34	7	7	-1.608
2148	four	252980	3.06	1	1	-1.613
2149	enemies	253975	3.072	1	1	-1.619
2150	receive	254239	3.075	1	1	-1.621
2151	Verse	254782	3.081	1	1	-1.624
2152	Look	255208	3.087	1	1	-1.626
2153	truth	521766	6.31	2	2	-1.658
2154	judge	262867	3.179	1	1	-1.669
2155	concerning	262903	3.18	1	1	-1.669
2156	leave	264688	3.201	1	1	-1.679
2157	read	271950	3.289	1	1	-1.718
2158	Able	271961	3.289	1	1	-1.718
2159	once	277740	3.359	1	1	-1.748
2160	heart	559805	6.771	2	2	-1.759
2161	just	281045	3.399	1	1	-1.765
2162	else	281410	3.404	1	1	-1.767
2163	left	284479	3.441	1	1	-1.783
2164	die	284558	3.442	1	1	-1.783
2165	end	571167	6.908	2	2	-1.788
2166	Sense	285637	3.455	1	1	-1.789
2167	Gospel	291769	3.529	1	1	-1.819
2168	cause	585252	7.078	2	2	-1.823
2169	thing	892670	10.796	3	3	-1.848
2170	God	4174430	50.487	14	13	-1.85
2171	Christian	303553	3.671	1	1	-1.876
2172	nature	607747	7.35	2	2	-1.878
2173	6	304045	3.677	1	1	-1.879
2174	several	304872	3.687	1	1	-1.883
2175	places	305157	3.691	1	1	-1.884
2176	desire	306364	3.705	1	1	-1.89
2177	land	307074	3.714	1	1	-1.893
2178	England	309285	3.741	1	1	-1.903
2179	Country	310285	3.753	1	1	-1.908
2180	we	4105074	49.648	13	10	-1.933
2181	least	319491	3.864	1	1	-1.95
2182	words	643917	7.788	2	2	-1.961
2183	Scripture	324647	3.926	1	1	-1.973
2184	hands	327530	3.961	1	1	-1.986
2185	general	331599	4.011	1	1	-2.004
2186	others	665440	8.048	2	2	-2.009
2187	less	337828	4.086	1	1	-2.031
2188	5	338721	4.097	1	1	-2.034
2189	sent	348162	4.211	1	1	-2.074
2190	parts	350458	4.239	1	1	-2.084
2191	holy	701649	8.486	2	2	-2.085
2192	body	712249	8.614	2	2	-2.107
2193	makes	359288	4.345	1	1	-2.119
2194	without	1089706	13.179	3	3	-2.135
2195	believe	363239	4.393	1	1	-2.135
2196	person	366738	4.436	1	1	-2.149
2197	peace	369451	4.468	1	1	-2.16
2198	among	379416	4.589	1	1	-2.198
2199	till	379902	4.595	1	1	-2.2
2200	rather	393402	4.758	1	1	-2.25
2201	rest	396125	4.791	1	1	-2.26
2202	ought	406522	4.917	1	1	-2.298
2203	mind	407887	4.933	1	1	-2.302
2204	years	427133	5.166	1	1	-2.369
2205	new	447014	5.406	1	1	-2.435
2206	thereof	458302	5.543	1	1	-2.471
2207	men	1835942	22.205	4	4	-2.473
2208	find	472931	5.72	1	1	-2.516
2209	1	1451762	17.558	3	3	-2.549
2210	its	492268	5.954	1	1	-2.574
2211	whole	534092	6.46	1	1	-2.691
2212	himself	1068396	12.922	2	2	-2.692
2213	us	2216337	26.805	4	4	-2.744
2214	King	1308410	15.824	2	2	-2.984
2215	time	1426900	17.257	2	2	-3.109
2216	Lord	1459090	17.647	2	2	-3.141
2217	place	808630	9.78	1	1	-3.29
2218	our	3333885	40.321	4	4	-3.333
2219	Life	948809	11.475	1	1	-3.52
2220	good	1608969	19.459	1	1	-4.282
2221	Whoremonger.	3	0	1	1	n/a
2222	inhatitant	1	0	1	1	n/a
2223	SwimThe	1	0	1	1	n/a
2224	Bawde	2	0	1	1	n/a
2225	Sebathis	1	0	1	1	n/a
2226	Bryanum	1	0	1	1	n/a
2227	spokes-woman	3	0	1	1	n/a
2228	Damye	2	0	1	1	n/a
2229	RumfordNovrint	1	0	1	1	n/a
2230	handsommess	1	0	1	1	n/a
2231	mongens	1	0	1	1	n/a
2232	Neplitan	1	0	1	1	n/a
2233	Squab-skipers	1	0	1	1	n/a
2234	Mantoplicee	1	0	1	1	n/a
2235	Yardfish	1	0	1	1	n/a
2236	garden-groves	1	0	1	1	n/a
2237	Mineral-race	1	0	1	1	n/a
2238	Gilflurt	3	0	1	1	n/a
2239	Shiftwels	3	0	3	1	n/a
2240	Cogly	1	0	1	1	n/a
2241	qoodo	1	0	1	1	n/a
2242	discvered	4	0	1	1	n/a
2243	Neaplin	1	0	1	1	n/a
2244	Chatolins	4	0	1	1	n/a
2245	avanut	1	0	1	1	n/a
2246	Madiction	1	0	1	1	n/a
2247	whosesoe	1	0	1	1	n/a
2248	Presidentess	3	0	1	1	n/a
2249	instead-Wife	1	0	1	1	n/a
2250	ulcering	3	0	1	1	n/a
2251	Glucupicron	4	0	1	1	n/a
2252	Suttling	1	0	1	1	n/a
2253	Weerlings	1	0	1	1	n/a
2254	otherTwo	1	0	1	1	n/a
2255	prevish	2	0	1	1	n/a
2256	Sdomits.	1	0	1	1	n/a
2257	Similc	1	0	1	1	n/a
2258	slattries	1	0	1	1	n/a
2259	whoremaster.	1	0	1	1	n/a
2260	mnmers	1	0	1	1	n/a
2261	Neaplan	1	0	1	1	n/a
2262	Stanclift	2	0	2	2	n/a
2263	Quaerante	1	0	1	1	n/a
2264	reputution	2	0	1	1	n/a
2265	Bedlam-men	2	0	1	1	n/a
2266	VniversiSink	1	0	1	1	n/a
2267	Oppressious	4	0	1	1	n/a
2268	Idoltries	4	0	1	1	n/a
2269	Squab-skipper	1	0	1	1	n/a
2270	Gameing-house	3	0	1	1	n/a
2271	rot'em	1	0	1	1	n/a
2272	STrowling-Morts	3	0	2	1	n/a
