https://cqpweb.lancs.ac.uk/eebov3/concordance.php?pp=1&theData=%7Bwhore%2FN%7D&qmode=sq_nocase&del=begin%26t%3D-%7Cyear%7E1666%26t%3D-%7Cyear%7E1667%26t%3D-%7Cyear%7E1668%26t%3D-%7Cyear%7E1669%26t%3D-%7Cyear%7E1670%26t%3D-%7Cyear%7E1671%26t%3D-%7Cyear%7E1672%26t%3D-%7Cyear%7E1673%26t%3D-%7Cyear%7E1674%26t%3D-%7Cyear%7E1675&del=end&uT=yThere are 2,342 different words in your collocation database for "[lemma="(whore)_SUBST"%c]". (Your query "{whore/N}", restricted to texts meeting criteria "<em>year</em>: <em>1666</em> or <em>1667</em> or <em>1668</em> or <em>1669</em> or <em>1670</em> or <em>1671</em> or <em>1672</em> or <em>1673</em> or <em>1674</em> or <em>1675</em>",  returned 1,481 matches in 419 different texts)  
__________________

No.	Word	Total no. in whole corpus	Expected collocate frequency	Observed collocate frequency	In no. of texts	Mutual information value

1	plundra	9	0	2	1	14.288
2	Cacque	10	0	2	1	14.288
3	Theodata	7	0	1	1	13.288
4	scariet	7	0	1	1	13.288
5	Menetus	9	0	1	1	13.288
6	cross-bit	8	0	1	1	13.288
7	Cyrcaean	6	0	1	1	13.288
8	Goshall	6	0	1	1	13.288
9	Morcho	6	0	1	1	13.288
10	Inch-meal	7	0	1	1	13.288
11	aominable	12	0	1	1	13.288
12	approueing	5	0	1	1	13.288
13	Romesh	5	0	1	1	13.288
14	nvail	12	0	1	1	13.288
15	Srumpet	12	0	1	1	13.288
16	Teigh	6	0	1	1	13.288
17	Nepolitan	9	0	1	1	13.288
18	North-windes	11	0	1	1	13.288
19	affrontednesse	6	0	1	1	13.288
20	Herace	8	0	1	1	13.288
21	Clarmounts	7	0	1	1	13.288
22	17.5.7.	6	0	1	1	13.288
23	Love-struck	7	0	1	1	13.288
24	won'	5	0	1	1	13.288
25	sorehead	11	0	1	1	13.288
26	Iuggles	6	0	1	1	13.288
27	Dawbourne	6	0	1	1	13.288
28	twohorned	5	0	1	1	13.288
29	Brigidaccia	5	0	1	1	13.288
30	Zoun	9	0	1	1	13.288
31	Chevers	14	0	1	1	12.288
32	Masquarade	14	0	1	1	12.288
33	domn	13	0	1	1	12.288
34	peregrinarum	19	0	1	1	12.288
35	fair-tongu	14	0	1	1	12.288
36	Cloantus	15	0	1	1	12.288
37	Beantosser	20	0	1	1	12.288
38	two-horn	15	0	1	1	12.288
39	Poorman	16	0	1	1	12.288
40	'im	20	0	1	1	12.288
41	Iesper	15	0	1	1	12.288
42	Rossana	19	0	1	1	12.288
43	illegitimately	17	0	1	1	12.288
44	bylon	17	0	1	1	12.288
45	whomsoe	15	0	1	1	12.288
46	impudicae	16	0	1	1	12.288
47	Suburrana	16	0	1	1	12.288
48	refusedst	68	0.001	3	3	11.873
49	Stroller	25	0	1	1	11.703
50	betra	23	0	1	1	11.703
51	Pru.	22	0	1	1	11.703
52	Bbylon	27	0	1	1	11.703
53	Sheese	25	0	1	1	11.703
54	pily	24	0	1	1	11.703
55	Abrahall	21	0	1	1	11.703
56	BabylonA	22	0	1	1	11.703
57	Whurl	22	0	1	1	11.703
58	Toldo	25	0	1	1	11.703
59	Trayterly	24	0	1	1	11.703
60	Legacy.	22	0	1	1	11.703
61	forchead	21	0	1	1	11.703
62	Whore-Monger	60	0.001	2	2	11.48
63	afair	34	0	1	1	11.288
64	forcerers	35	0	1	1	11.288
65	I'ad	32	0	1	1	11.288
66	Mps	35	0	1	1	11.288
67	Shroftide	30	0	1	1	11.288
68	Prue	67	0.001	2	1	11.288
69	latry	29	0	1	1	11.288
70	MDCLXXIII	30	0	1	1	11.288
71	ulled	30	0	1	1	11.288
72	backslided	30	0	1	1	11.288
73	Decker	105	0.001	3	1	11.172
74	Conchylia	43	0.001	1	1	10.966
75	56.9	39	0.001	1	1	10.966
76	Super-annuated	42	0.001	1	1	10.966
77	Scre	40	0.001	1	1	10.966
78	Quarante	82	0.001	2	1	10.966
79	Stainer	40	0.001	1	1	10.966
80	Clarmount	44	0.001	1	1	10.966
81	patch't	43	0.001	1	1	10.966
82	fornicating	88	0.001	2	2	10.828
83	Snuff-box	49	0.001	1	1	10.703
84	itteth	46	0.001	1	1	10.703
85	Scarlet-colour	46	0.001	1	1	10.703
86	Idolatress	51	0.001	1	1	10.703
87	outlives	49	0.001	1	1	10.703
88	arrantest	101	0.001	2	2	10.703
89	stageplayes	60	0.001	1	1	10.48
90	Calk	55	0.001	1	1	10.48
91	Salisbury-Court	54	0.001	1	1	10.48
92	Solomen	58	0.001	1	1	10.48
93	answerd	54	0.001	1	1	10.48
94	Jupit	57	0.001	1	1	10.48
95	whore-houses	54	0.001	1	1	10.48
96	Whetston	58	0.001	1	1	10.48
97	Whored	180	0.002	3	3	10.413
98	Tatlers	124	0.002	2	2	10.381
99	Erycine	63	0.001	1	1	10.288
100	Butes	63	0.001	1	1	10.288
101	Pandors	62	0.001	1	1	10.288
102	profaneth	62	0.001	1	1	10.288
103	Clerkenwell	136	0.002	2	2	10.2
104	mongers	208	0.003	3	3	10.172
105	Papals	76	0.001	1	1	10.118
106	wine-bibbers	76	0.001	1	1	10.118
107	scrat	72	0.001	1	1	10.118
108	politely	85	0.001	1	1	9.966
109	gits	81	0.001	1	1	9.966
110	Polices	84	0.001	1	1	9.966
111	Iilt	163	0.002	2	1	9.966
112	onother	85	0.001	1	1	9.966
113	Close-stool	170	0.002	2	2	9.895
114	Aphelia	181	0.002	2	1	9.828
115	23.18.	91	0.001	1	1	9.828
116	Elyzium	91	0.001	1	1	9.828
117	Man-slayers	98	0.001	1	1	9.703
118	Pierian	94	0.001	1	1	9.703
119	Fenestram	99	0.001	1	1	9.703
120	Baber	95	0.001	1	1	9.703
121	Linsey-Woolsey	98	0.001	1	1	9.703
122	shild	103	0.001	1	1	9.587
123	punks	109	0.001	1	1	9.587
124	Togata	104	0.001	1	1	9.587
125	Isicles	103	0.001	1	1	9.587
126	Minx	106	0.001	1	1	9.587
127	Josephum	111	0.001	1	1	9.48
128	appe	115	0.001	1	1	9.48
129	scarlet-coloured	125	0.002	1	1	9.381
130	widdow	120	0.002	1	1	9.381
131	17.16.	255	0.003	2	1	9.334
132	Hermophrodite	131	0.002	1	1	9.288
133	veryest	128	0.002	1	1	9.288
134	witching	131	0.002	1	1	9.288
135	whosoe	130	0.002	1	1	9.288
136	Willie	136	0.002	1	1	9.2
137	her-self	140	0.002	1	1	9.2
138	countenanceth	145	0.002	1	1	9.118
139	Succubus	148	0.002	1	1	9.118
140	Caca	149	0.002	1	1	9.118
141	prononce	144	0.002	1	1	9.118
142	643.	143	0.002	1	1	9.118
143	Sabbath-breaker	153	0.002	1	1	9.04
144	17.16	459	0.006	3	3	9.04
145	Courtisan	156	0.002	1	1	9.04
146	912.	155	0.002	1	1	9.04
147	Euphranor	161	0.002	1	1	8.966
148	Cydaria	160	0.002	1	1	8.966
149	vat	659	0.008	4	2	8.948
150	Dol	1048	0.013	6	1	8.861
151	foul-mouthed	182	0.002	1	1	8.828
152	Franciscum	179	0.002	1	1	8.828
153	24.10.	181	0.002	1	1	8.828
154	hide-bound	188	0.002	1	1	8.764
155	Baud	767	0.009	4	3	8.733
156	909	191	0.002	1	1	8.703
157	Ansam	195	0.002	1	1	8.703
158	Midianitish	194	0.002	1	1	8.703
159	mangy	395	0.005	2	1	8.673
160	Hous	202	0.003	1	1	8.644
161	Iambics	203	0.003	1	1	8.644
162	Sloven	214	0.003	1	1	8.587
163	Hoseah	213	0.003	1	1	8.587
164	werse	212	0.003	1	1	8.587
165	roundhead	209	0.003	1	1	8.587
166	Georgium	212	0.003	1	1	8.587
167	filthiest	215	0.003	1	1	8.587
168	ustice	217	0.003	1	1	8.533
169	Bawd	2878	0.036	13	9	8.516
170	Whoremonger	678	0.008	3	2	8.48
171	Ref	231	0.003	1	1	8.48
172	Phancie	227	0.003	1	1	8.48
173	ten-horned	225	0.003	1	1	8.48
174	falfe	231	0.003	1	1	8.48
175	17.1.	463	0.006	2	2	8.455
176	carted	237	0.003	1	1	8.43
177	16.33.	233	0.003	1	1	8.43
178	Unctious	233	0.003	1	1	8.43
179	14.7.	235	0.003	1	1	8.43
180	huffing	489	0.006	2	2	8.381
181	22.5.	245	0.003	1	1	8.381
182	Terret	245	0.003	1	1	8.381
183	him-self	247	0.003	1	1	8.381
184	Agellius	242	0.003	1	1	8.381
185	fornications	1721	0.021	7	5	8.367
186	ick	493	0.006	2	1	8.357
187	BABYLONS	987	0.012	4	4	8.357
188	imperiousness	253	0.003	1	1	8.334
189	Stage-play	251	0.003	1	1	8.334
190	Pimp	1027	0.013	4	4	8.299
191	swill	522	0.006	2	2	8.288
192	CHRCH	263	0.003	1	1	8.288
193	slut	523	0.006	2	2	8.288
194	18.8.	263	0.003	1	1	8.288
195	prostrates	269	0.003	1	1	8.243
196	Almeria	267	0.003	1	1	8.243
197	16.5.	278	0.003	1	1	8.2
198	823	278	0.003	1	1	8.2
199	12.17.	275	0.003	1	1	8.2
200	whordom	281	0.004	1	1	8.158
201	Craze	284	0.004	1	1	8.158
202	Penknife	281	0.004	1	1	8.158
203	tattling	581	0.007	2	2	8.118
204	pocky	594	0.007	2	2	8.098
205	19.2.	299	0.004	1	1	8.078
206	Turd	301	0.004	1	1	8.078
207	Baltazar	304	0.004	1	1	8.078
208	scolds	299	0.004	1	1	8.078
209	greased	297	0.004	1	1	8.078
210	cauterized	305	0.004	1	1	8.04
211	Killigrew	309	0.004	1	1	8.04
212	Nigr	322	0.004	1	1	7.966
213	t'	331	0.004	1	1	7.93
214	8.19.	333	0.004	1	1	7.93
215	Babylon	38888	0.479	116	65	7.92
216	Begar	680	0.008	2	1	7.895
217	two-horned	340	0.004	1	1	7.895
218	Bumpkin	343	0.004	1	1	7.895
219	Monkery	339	0.004	1	1	7.895
220	libidinis	337	0.004	1	1	7.895
221	Whoremaster	337	0.004	1	1	7.895
222	Brats	1042	0.013	3	2	7.873
223	round-head	349	0.004	1	1	7.861
224	Diable	350	0.004	1	1	7.861
225	Inachus	365	0.005	1	1	7.796
226	superlatively	368	0.005	1	1	7.796
227	lude	368	0.005	1	1	7.796
228	colorably	385	0.005	1	1	7.733
229	scarlet	9179	0.113	24	19	7.729
230	deifying	390	0.005	1	1	7.703
231	jades	397	0.005	1	1	7.673
232	Pru	405	0.005	1	1	7.644
233	Cuff	413	0.005	1	1	7.615
234	Quean	412	0.005	1	1	7.615
235	plentious	420	0.005	1	1	7.587
236	t'a	420	0.005	1	1	7.587
237	18.24	434	0.005	1	1	7.56
238	dam	5258	0.065	12	2	7.533
239	16.15.	437	0.005	1	1	7.533
240	Mob	884	0.011	2	1	7.52
241	Noct	453	0.006	1	1	7.48
242	unhorsed	451	0.006	1	1	7.48
243	aperire	452	0.006	1	1	7.48
244	scurvey	454	0.006	1	1	7.48
245	Moll	454	0.006	1	1	7.48
246	prostituting	452	0.006	1	1	7.48
247	Bawds	1844	0.023	4	4	7.461
248	reat	470	0.006	1	1	7.43
249	meretrix	474	0.006	1	1	7.43
250	Amet	490	0.006	1	1	7.381
251	play-houses	495	0.006	1	1	7.357
252	Haw	505	0.006	1	1	7.334
253	13.11.	511	0.006	1	1	7.31
254	sluggards	513	0.006	1	1	7.31
255	Nothus	508	0.006	1	1	7.31
256	17.3.	508	0.006	1	1	7.31
257	Prelatists	523	0.006	1	1	7.288
258	523	519	0.006	1	1	7.288
259	Welshman	520	0.006	1	1	7.288
260	leavings	519	0.006	1	1	7.288
261	Rut	528	0.007	1	1	7.265
262	Relicts	539	0.007	1	1	7.243
263	instigations	534	0.007	1	1	7.243
264	deflower	534	0.007	1	1	7.243
265	House-keeper	532	0.007	1	1	7.243
266	6.15.	540	0.007	1	1	7.222
267	sisteth	553	0.007	1	1	7.2
268	14.19	559	0.007	1	1	7.179
269	dairy	561	0.007	1	1	7.179
270	Amazon	568	0.007	1	1	7.158
271	meth.	568	0.007	1	1	7.158
272	pollutes	588	0.007	1	1	7.118
273	young-men	583	0.007	1	1	7.118
274	sneak	595	0.007	1	1	7.098
275	whoremongers	1796	0.022	3	2	7.085
276	Caterpillar	600	0.007	1	1	7.078
277	brothel	610	0.008	1	1	7.059
278	whorish	1842	0.023	3	2	7.046
279	Priscilla	1235	0.015	2	1	7.04
280	Unveiled	617	0.008	1	1	7.04
281	shell-fish	617	0.008	1	1	7.04
282	Swag	613	0.008	1	1	7.04
283	unmask	629	0.008	1	1	7.021
284	revenges	1256	0.016	2	1	7.012
285	unsteady	643	0.008	1	1	6.984
286	Israelitish	644	0.008	1	1	6.984
287	Diver	652	0.008	1	1	6.966
288	Scold	1303	0.016	2	2	6.957
289	Strumpet	3285	0.041	5	4	6.948
290	22.14	668	0.008	1	1	6.93
291	Calvert	668	0.008	1	1	6.93
292	Lieut	1999	0.025	3	1	6.93
293	Smock	1342	0.017	2	2	6.921
294	Bully	673	0.008	1	1	6.913
295	leavened	1362	0.017	2	1	6.895
296	Huff	687	0.009	1	1	6.878
297	Carouse	690	0.009	1	1	6.878
298	Naylor	694	0.009	1	1	6.878
299	augm	695	0.009	1	1	6.861
300	Quack	696	0.009	1	1	6.861
301	Sorceress	710	0.009	1	1	6.845
302	Adulterer	4237	0.052	6	6	6.845
303	tracing	717	0.009	1	1	6.828
304	geat	711	0.009	1	1	6.828
305	Ale-house	1435	0.018	2	2	6.82
306	Jade	2169	0.027	3	3	6.812
307	metaphore	723	0.009	1	1	6.812
308	detecting	720	0.009	1	1	6.812
309	babylonish	2911	0.036	4	3	6.8
310	blood-thirsty	737	0.009	1	1	6.78
311	Facetious	751	0.009	1	1	6.749
312	idolize	759	0.009	1	1	6.733
313	Pennington	759	0.009	1	1	6.733
314	Rev	1545	0.019	2	2	6.718
315	Grand-mother	768	0.01	1	1	6.718
316	kicks	769	0.01	1	1	6.718
317	stripling	781	0.01	1	1	6.703
318	looses	780	0.01	1	1	6.703
319	16.3	787	0.01	1	1	6.688
320	pitt	793	0.01	1	1	6.673
321	Paulina	792	0.01	1	1	6.673
322	arrant	1596	0.02	2	2	6.666
323	gi	801	0.01	1	1	6.658
324	Stanford	807	0.01	1	1	6.658
325	Manent	802	0.01	1	1	6.658
326	stares	818	0.01	1	1	6.63
327	1659.	820	0.01	1	1	6.63
328	whore	20634	0.254	25	10	6.62
329	ignorants	825	0.01	1	1	6.615
330	Jezebel	835	0.01	1	1	6.601
331	forfeits	847	0.01	1	1	6.587
332	intoxicated	850	0.011	1	1	6.573
333	wager	2578	0.032	3	1	6.56
334	Harlots	5276	0.065	6	6	6.528
335	sits	23190	0.286	26	13	6.508
336	insatiate	894	0.011	1	1	6.506
337	Witchcrafts	901	0.011	1	1	6.493
338	sneaking	900	0.011	1	1	6.493
339	Bead	897	0.011	1	1	6.493
340	debauch	1818	0.022	2	2	6.48
341	Jester	911	0.011	1	1	6.48
342	Fortunatus	921	0.011	1	1	6.468
343	Beast	81566	1.005	88	38	6.453
344	dethrone	937	0.012	1	1	6.442
345	Farce	935	0.012	1	1	6.442
346	tipped	934	0.012	1	1	6.442
347	Neapolitan	941	0.012	1	1	6.43
348	Comptroller	942	0.012	1	1	6.43
349	misunderstanding	1892	0.023	2	2	6.424
350	Fornication	14235	0.175	15	11	6.418
351	Talkers	951	0.012	1	1	6.417
352	wipes	954	0.012	1	1	6.405
353	erects	973	0.012	1	1	6.381
354	Bachelors	997	0.012	1	1	6.345
355	bewitching	2007	0.025	2	2	6.339
356	Wizards	1012	0.013	1	1	6.322
357	Ammianus	1022	0.013	1	1	6.31
358	Hatton	1026	0.013	1	1	6.31
359	1.23.	1061	0.013	1	1	6.254
360	metamorphosed	1062	0.013	1	1	6.254
361	Beech	1067	0.013	1	1	6.254
362	suppliants	1073	0.013	1	1	6.243
363	Brat	1070	0.013	1	1	6.243
364	journeyed	1070	0.013	1	1	6.243
365	oppressive	1079	0.013	1	1	6.232
366	incommodities	1081	0.013	1	1	6.232
367	rides	4321	0.053	4	2	6.232
368	Piazza	1081	0.013	1	1	6.232
369	Prentice	1078	0.013	1	1	6.232
370	avenging	1095	0.014	1	1	6.211
371	Sain	1095	0.014	1	1	6.211
372	1st.	1096	0.014	1	1	6.211
373	Courtesan	1103	0.014	1	1	6.2
374	Heathenism	1104	0.014	1	1	6.2
375	Promotes	1115	0.014	1	1	6.19
376	Jezabel	1114	0.014	1	1	6.19
377	revelling	1114	0.014	1	1	6.19
378	Cantharides	1119	0.014	1	1	6.179
379	Rampant	2244	0.028	2	2	6.179
380	French-man	1140	0.014	1	1	6.158
381	discountenance	1153	0.014	1	1	6.138
382	Rogue	6990	0.086	6	6	6.123
383	inveighed	1181	0.015	1	1	6.108
384	12.11	1173	0.015	1	1	6.108
385	Rant	1179	0.015	1	1	6.108
386	scolding	1186	0.015	1	1	6.098
387	Nevil	1186	0.015	1	1	6.098
388	13.3	1183	0.015	1	1	6.098
389	shuns	1200	0.015	1	1	6.078
390	forehead	12159	0.15	10	9	6.061
391	gaf	1225	0.015	1	1	6.049
392	fretted	1229	0.015	1	1	6.049
393	stewed	1245	0.015	1	1	6.03
394	stumbles	1242	0.015	1	1	6.03
395	Hound	2485	0.031	2	2	6.03
396	Bitch	1244	0.015	1	1	6.03
397	Rotterdam	1248	0.015	1	1	6.021
398	Japan	2511	0.031	2	1	6.016
399	Prostitute	2508	0.031	2	1	6.016
400	played	11334	0.14	9	7	6.011
401	prostituted	1269	0.016	1	1	6.002
402	converses	1275	0.016	1	1	5.993
403	Bridewell	1285	0.016	1	1	5.984
404	murderous	1283	0.016	1	1	5.984
405	Heraldry	1307	0.016	1	1	5.957
406	Cuckoo	1309	0.016	1	1	5.957
407	Apocalypse	3947	0.049	3	3	5.948
408	Convent	3985	0.049	3	1	5.933
409	Babilon	5325	0.066	4	4	5.93
410	Hackney	1328	0.016	1	1	5.93
411	sodomy	1349	0.017	1	1	5.913
412	mutter	1355	0.017	1	1	5.904
413	Wench	6793	0.084	5	4	5.901
414	Clout	1378	0.017	1	1	5.878
415	Rag	2762	0.034	2	1	5.878
416	Proverbs	6913	0.085	5	4	5.875
417	vaunting	1392	0.017	1	1	5.87
418	Trine	1390	0.017	1	1	5.87
419	dine	4169	0.051	3	3	5.867
420	Kinswoman	1393	0.017	1	1	5.861
421	Footman	1422	0.018	1	1	5.837
422	Ridicule	1432	0.018	1	1	5.828
423	conducts	1431	0.018	1	1	5.828
424	attainments	1434	0.018	1	1	5.82
425	adj.	1450	0.018	1	1	5.804
426	Sorceries	1462	0.018	1	1	5.796
427	sie	1460	0.018	1	1	5.796
428	mulier	2936	0.036	2	2	5.788
429	studiously	1480	0.018	1	1	5.78
430	Midian	1497	0.018	1	1	5.764
431	decked	4505	0.056	3	2	5.756
432	Cup	48330	0.595	32	19	5.748
433	Imps	1519	0.019	1	1	5.741
434	drenched	1537	0.019	1	1	5.725
435	Lawn	1552	0.019	1	1	5.71
436	unmannerly	1578	0.019	1	1	5.688
437	Dea	1579	0.02	1	1	5.68
438	brace	1591	0.02	1	1	5.673
439	Chr	3187	0.039	2	1	5.669
440	Dick	1602	0.02	1	1	5.666
441	pliant	1599	0.02	1	1	5.666
442	Bewitched	6431	0.079	4	2	5.658
443	Sn	1617	0.02	1	1	5.651
444	Idolatries	3266	0.04	2	2	5.637
445	downfall	3283	0.04	2	2	5.63
446	halter	3343	0.041	2	1	5.601
447	pillory	1670	0.021	1	1	5.601
448	strip	3365	0.042	2	1	5.591
449	hastes	1697	0.021	1	1	5.58
450	concubine	3397	0.042	2	2	5.58
451	startle	1717	0.021	1	1	5.56
452	Hellebore	1726	0.021	1	1	5.553
453	Kick	3504	0.043	2	2	5.533
454	hire	8785	0.108	5	4	5.53
455	Exclamation	1758	0.022	1	1	5.526
456	hating	5297	0.065	3	3	5.522
457	smelt	1772	0.022	1	1	5.52
458	Deu.	3539	0.044	2	1	5.52
459	Iulia	1778	0.022	1	1	5.513
460	Tavern	5354	0.066	3	3	5.506
461	Hallelujah	1833	0.023	1	1	5.468
462	insatiable	3697	0.046	2	2	5.458
463	befitting	1857	0.023	1	1	5.449
464	falseness	1867	0.023	1	1	5.442
465	Liveries	1876	0.023	1	1	5.436
466	Whoredom	7526	0.093	4	3	5.431
467	Flor	1884	0.023	1	1	5.43
468	brands	1898	0.023	1	1	5.417
469	Adulteress	1919	0.024	1	1	5.405
470	Flea	1913	0.024	1	1	5.405
471	Steph	1923	0.024	1	1	5.399
472	Wag	1933	0.024	1	1	5.393
473	solicitations	1942	0.024	1	1	5.387
474	Scorners	1948	0.024	1	1	5.381
475	Elisa	1975	0.024	1	1	5.363
476	sojourn	1978	0.024	1	1	5.357
477	bastards	3979	0.049	2	2	5.351
478	Epicurus	3980	0.049	2	1	5.351
479	Superscription	2000	0.025	1	1	5.345
480	fore-head	2008	0.025	1	1	5.339
481	trick	10039	0.124	5	5	5.337
482	Rustic	2041	0.025	1	1	5.316
483	attire	8194	0.101	4	4	5.309
484	Faggot	2069	0.026	1	1	5.293
485	heating	2074	0.026	1	1	5.293
486	wink	4136	0.051	2	1	5.293
487	Dice	6226	0.077	3	3	5.29
488	Marcellinus	2075	0.026	1	1	5.288
489	Flora	2078	0.026	1	1	5.288
490	drunk	35533	0.438	17	13	5.279
491	Barns	2094	0.026	1	1	5.276
492	Mystery	54678	0.674	26	14	5.27
493	abominations	10678	0.132	5	5	5.249
494	imperious	4278	0.053	2	1	5.246
495	desolate	12933	0.159	6	6	5.235
496	Magog	2171	0.027	1	1	5.227
497	straightway	2206	0.027	1	1	5.2
498	Apoc.	11083	0.137	5	3	5.195
499	Drawer	2220	0.027	1	1	5.195
500	Scenes	2217	0.027	1	1	5.195
501	Nun	4515	0.056	2	2	5.169
502	Dragon	18054	0.222	8	6	5.169
503	Harlot	9167	0.113	4	3	5.147
504	thief	23047	0.284	10	8	5.138
505	Robertus	2307	0.028	1	1	5.138
506	Parenthesis	2329	0.029	1	1	5.123
507	hate	65701	0.809	28	20	5.112
508	unfolded	2356	0.029	1	1	5.108
509	Contemners	2366	0.029	1	1	5.103
510	Frenchman	2370	0.029	1	1	5.098
511	racked	2371	0.029	1	1	5.098
512	unfaithfulness	2369	0.029	1	1	5.098
513	Comedies	2395	0.03	1	1	5.083
514	carries	24147	0.298	10	3	5.071
515	keen	2424	0.03	1	1	5.064
516	cools	2431	0.03	1	1	5.064
517	wallow	2438	0.03	1	1	5.059
518	penetrate	4877	0.06	2	2	5.056
519	Babel	9790	0.121	4	4	5.052
520	sleeves	2453	0.03	1	1	5.049
521	bastard	12394	0.153	5	5	5.033
522	thirsts	2496	0.031	1	1	5.026
523	perjured	4993	0.062	2	2	5.023
524	ride	20257	0.25	8	2	5.003
525	Gog	2533	0.031	1	1	5.002
526	roughly	2586	0.032	1	1	4.97
527	defiles	2607	0.032	1	1	4.961
528	ditch	10469	0.129	4	4	4.955
529	painted	23662	0.292	9	8	4.948
530	inded	2630	0.032	1	1	4.948
531	envies	2650	0.033	1	1	4.939
532	Barber	2646	0.033	1	1	4.939
533	Clap	5368	0.066	2	2	4.919
534	gorgeous	2688	0.033	1	1	4.917
535	Retires	2716	0.034	1	1	4.9
536	ply	2720	0.034	1	1	4.9
537	pox	10902	0.134	4	4	4.896
538	Grim	2756	0.034	1	1	4.878
539	Niece	5575	0.069	2	2	4.864
540	dined	2791	0.034	1	1	4.861
541	Stab	2798	0.035	1	1	4.857
542	2d.	2802	0.035	1	1	4.857
543	costly	11277	0.139	4	4	4.848
544	accompanies	2828	0.035	1	1	4.845
545	curled	2841	0.035	1	1	4.837
546	industriously	2850	0.035	1	1	4.832
547	pillage	2862	0.035	1	1	4.824
548	crying	25811	0.318	9	5	4.823
549	Manger	2870	0.035	1	1	4.82
550	Skirts	2878	0.036	1	1	4.816
551	Alcibiades	2878	0.036	1	1	4.816
552	Rags	5772	0.071	2	2	4.814
553	Trembles	2900	0.036	1	1	4.808
554	deceitful	17392	0.214	6	5	4.807
555	swearers	2927	0.036	1	1	4.792
556	rotten	14651	0.181	5	5	4.792
557	knave	8870	0.109	3	3	4.779
558	noting	5928	0.073	2	1	4.776
559	Beelzebub	2959	0.037	1	1	4.776
560	certum	2980	0.037	1	1	4.768
561	've	8950	0.11	3	3	4.765
562	downright	2995	0.037	1	1	4.76
563	Inhabitant	3014	0.037	1	1	4.752
564	impudent	12093	0.149	4	4	4.747
565	Pottage	3028	0.037	1	1	4.745
566	engages	3046	0.038	1	1	4.737
567	daunted	3057	0.038	1	1	4.729
568	lash	3070	0.038	1	1	4.725
569	insinuating	3074	0.038	1	1	4.722
570	odds	6159	0.076	2	1	4.72
571	Canticles	3103	0.038	1	1	4.71
572	Tricks	9354	0.115	3	3	4.703
573	thorn	3129	0.039	1	1	4.699
574	surviving	3130	0.039	1	1	4.695
575	pollute	3138	0.039	1	1	4.692
576	drinks	15747	0.194	5	2	4.688
577	weeps	3186	0.039	1	1	4.673
578	177	3198	0.039	1	1	4.666
579	gaudy	3241	0.04	1	1	4.647
580	closer	3235	0.04	1	1	4.647
581	plotted	3245	0.04	1	1	4.644
582	contrivances	3269	0.04	1	1	4.633
583	high-way	3304	0.041	1	1	4.619
584	spin	3312	0.041	1	1	4.615
585	Lass	3315	0.041	1	1	4.615
586	dome	3321	0.041	1	1	4.612
587	quotations	3346	0.041	1	1	4.601
588	decently	3362	0.041	1	1	4.594
589	divorced	3378	0.042	1	1	4.587
590	Cozen	3380	0.042	1	1	4.587
591	3ly	3428	0.042	1	1	4.567
592	cups	6881	0.085	2	2	4.56
593	enticed	3439	0.042	1	1	4.56
594	Leper	3469	0.043	1	1	4.55
595	gear	3463	0.043	1	1	4.55
596	Idolater	3472	0.043	1	1	4.546
597	JOSIAH	3482	0.043	1	1	4.543
598	hurried	3494	0.043	1	1	4.54
599	Blasphemer	3487	0.043	1	1	4.54
600	bewailed	3510	0.043	1	1	4.533
601	Bias	3503	0.043	1	1	4.533
602	kisses	7051	0.087	2	2	4.525
603	clapped	3587	0.044	1	1	4.5
604	Mistresses	3604	0.044	1	1	4.493
605	ignoble	3602	0.044	1	1	4.493
606	rail	7220	0.089	2	2	4.492
607	Giles	3615	0.045	1	1	4.49
608	jolly	3632	0.045	1	1	4.484
609	wipe	7298	0.09	2	2	4.476
610	Rev.	51328	0.632	14	11	4.469
611	Paternal	3710	0.046	1	1	4.452
612	notorious	22363	0.276	6	6	4.445
613	Splendid	3733	0.046	1	1	4.442
614	judging	18760	0.231	5	3	4.435
615	crimson	3776	0.047	1	1	4.427
616	Rascal	3785	0.047	1	1	4.424
617	damned	34243	0.422	9	8	4.415
618	arrayed	3816	0.047	1	1	4.411
619	boot	3835	0.047	1	1	4.405
620	false	224466	2.765	58	23	4.391
621	sells	3915	0.048	1	1	4.375
622	sureties	3956	0.049	1	1	4.36
623	drunken	11882	0.146	3	3	4.357
624	corrupts	3974	0.049	1	1	4.351
625	astringent	3977	0.049	1	1	4.351
626	Allen	3996	0.049	1	1	4.345
627	plaid	4003	0.049	1	1	4.342
628	Regret	3999	0.049	1	1	4.342
629	Plurality	4000	0.049	1	1	4.342
630	instigation	4033	0.05	1	1	4.331
631	obtains	4035	0.05	1	1	4.331
632	Marries	4061	0.05	1	1	4.322
633	Publicans	4075	0.05	1	1	4.316
634	consequents	4109	0.051	1	1	4.305
635	Desolation	12402	0.153	3	2	4.295
636	wandering	16735	0.206	4	4	4.278
637	2dly	4207	0.052	1	1	4.271
638	Antichrist	50530	0.623	12	7	4.269
639	trembled	4278	0.053	1	1	4.246
640	haunt	4285	0.053	1	1	4.243
641	Widow	21540	0.265	5	5	4.236
642	sly	4313	0.053	1	1	4.235
643	remiss	4323	0.053	1	1	4.23
644	spends	4330	0.053	1	1	4.23
645	sat	47715	0.588	11	5	4.226
646	Query	4359	0.054	1	1	4.219
647	lamentation	8729	0.108	2	2	4.218
648	sirrah	4365	0.054	1	1	4.216
649	bane	4390	0.054	1	1	4.208
650	Apparelled	4398	0.054	1	1	4.206
651	persecuting	8817	0.109	2	1	4.203
652	Horns	22193	0.273	5	4	4.193
653	daughters	40010	0.493	9	7	4.191
654	impartially	4457	0.055	1	1	4.187
655	Stations	4457	0.055	1	1	4.187
656	Venus	26929	0.332	6	6	4.177
657	paint	8989	0.111	2	2	4.175
658	slippery	4506	0.056	1	1	4.171
659	Prick	9007	0.111	2	2	4.171
660	Parishioners	4513	0.056	1	1	4.169
661	purple	18224	0.225	4	2	4.155
662	Sr	4563	0.056	1	1	4.153
663	Antichristian	13777	0.17	3	3	4.144
664	Stafford	4611	0.057	1	1	4.138
665	Witch	9245	0.114	2	2	4.134
666	Unbelieving	4661	0.057	1	1	4.123
667	Warrants	4662	0.057	1	1	4.123
668	Cupid	9383	0.116	2	2	4.113
669	embracing	9401	0.116	2	2	4.11
670	reclaim	4736	0.058	1	1	4.1
671	insolency	4788	0.059	1	1	4.083
672	reservation	4824	0.059	1	1	4.073
673	scurvy	4826	0.06	1	1	4.071
674	intra	4839	0.06	1	1	4.069
675	Mother	150593	1.855	31	25	4.063
676	benevolence	4882	0.06	1	1	4.056
677	largeness	4922	0.061	1	1	4.045
678	oppressors	4931	0.061	1	1	4.042
679	surer	4963	0.061	1	1	4.033
680	Mate	4966	0.061	1	1	4.03
681	rogues	5001	0.062	1	1	4.021
682	brood	5051	0.062	1	1	4.007
683	Transgressors	5101	0.063	1	1	3.993
684	prudently	5115	0.063	1	1	3.989
685	ignorantly	5139	0.063	1	1	3.982
686	Adulterers	5137	0.063	1	1	3.982
687	lock	5149	0.063	1	1	3.979
688	Assyrians	5157	0.064	1	1	3.977
689	guiltless	5157	0.064	1	1	3.977
690	coloured	10332	0.127	2	2	3.974
691	moveable	5188	0.064	1	1	3.968
692	Synagogue	10391	0.128	2	2	3.966
693	boasted	5195	0.064	1	1	3.966
694	provocations	5242	0.065	1	1	3.952
695	strives	5260	0.065	1	1	3.948
696	Bibles	5262	0.065	1	1	3.948
697	Potion	5269	0.065	1	1	3.946
698	gilded	5276	0.065	1	1	3.943
699	accuses	5277	0.065	1	1	3.943
700	penitent	15876	0.196	3	2	3.939
701	Walter	10593	0.131	2	1	3.938
702	forsakes	5303	0.065	1	1	3.937
703	Brows	5343	0.066	1	1	3.926
704	tolerated	5375	0.066	1	1	3.917
705	Legacy	5380	0.066	1	1	3.915
706	Amsterdam	5414	0.067	1	1	3.906
707	Cod	5444	0.067	1	1	3.898
708	registered	5476	0.068	1	1	3.889
709	Gallows	5501	0.068	1	1	3.883
710	whores	5508	0.068	1	1	3.88
711	happening	5514	0.068	1	1	3.88
712	Helmet	5523	0.068	1	1	3.878
713	COAL	5526	0.068	1	1	3.876
714	fiercely	5527	0.068	1	1	3.876
715	sheets	5556	0.068	1	1	3.87
716	Girl	5585	0.069	1	1	3.861
717	hates	16898	0.208	3	3	3.849
718	foretell	5652	0.07	1	1	3.845
719	Esquire	11359	0.14	2	1	3.838
720	Quorum	11386	0.14	2	2	3.833
721	badge	5699	0.07	1	1	3.832
722	Multitudes	17103	0.211	3	2	3.832
723	Vassals	5714	0.07	1	1	3.828
724	Incarnate	5722	0.071	1	1	3.826
725	65.	5737	0.071	1	1	3.822
726	vigilant	5765	0.071	1	1	3.816
727	plays	17593	0.217	3	3	3.791
728	licentious	5899	0.073	1	1	3.782
729	beholds	5976	0.074	1	1	3.764
730	preferment	11954	0.147	2	2	3.763
731	Appropriated	5982	0.074	1	1	3.762
732	Arabic	5985	0.074	1	1	3.762
733	Dishonest	6002	0.074	1	1	3.758
734	defiled	18090	0.223	3	2	3.751
735	hunt	12065	0.149	2	2	3.75
736	Jordan	6062	0.075	1	1	3.743
737	brand	6073	0.075	1	1	3.741
738	window	12154	0.15	2	2	3.74
739	stink	6090	0.075	1	1	3.737
740	Painter	6102	0.075	1	1	3.733
741	Squire	6126	0.076	1	1	3.727
742	accepts	6165	0.076	1	1	3.72
743	illegal	6218	0.077	1	1	3.707
744	judged	56237	0.693	9	7	3.699
745	spoiling	6265	0.077	1	1	3.695
746	Dregs	6317	0.078	1	1	3.684
747	marrying	6327	0.078	1	1	3.682
748	stark	6325	0.078	1	1	3.682
749	wave	6344	0.078	1	1	3.677
750	Jack	6358	0.078	1	1	3.675
751	blinded	12718	0.157	2	2	3.674
752	whip	6373	0.079	1	1	3.671
753	assail	6445	0.079	1	1	3.655
754	certified	6444	0.079	1	1	3.655
755	sink	19378	0.239	3	3	3.652
756	110	6465	0.08	1	1	3.651
757	neat	6464	0.08	1	1	3.651
758	allows	12955	0.16	2	1	3.647
759	Tithe	6494	0.08	1	1	3.644
760	drunkard	6511	0.08	1	1	3.64
761	Wolf	13047	0.161	2	2	3.638
762	condemns	13190	0.163	2	2	3.621
763	Tacit	6596	0.081	1	1	3.621
764	whipped	6660	0.082	1	1	3.608
765	preferring	6653	0.082	1	1	3.608
766	Rents	13329	0.164	2	2	3.606
767	Medicaments	6671	0.082	1	1	3.605
768	Prophet	133904	1.65	20	19	3.6
769	brow	6696	0.083	1	1	3.599
770	Revelations	13397	0.165	2	2	3.599
771	wears	6709	0.083	1	1	3.598
772	bloody	53730	0.662	8	3	3.595
773	involved	6720	0.083	1	1	3.594
774	tired	6727	0.083	1	1	3.592
775	spy	6749	0.083	1	1	3.589
776	undone	20337	0.251	3	3	3.582
777	Otho	6796	0.084	1	1	3.579
778	play	61168	0.754	9	9	3.578
779	kindred	20409	0.251	3	3	3.577
780	Hor	6813	0.084	1	1	3.575
781	Indicted	6808	0.084	1	1	3.575
782	vail	6807	0.084	1	1	3.575
783	Dragons	6883	0.085	1	1	3.56
784	Rack	6929	0.085	1	1	3.55
785	waters	83222	1.025	12	10	3.549
786	rewarded	14017	0.173	2	1	3.534
787	Rival	7012	0.086	1	1	3.533
788	Revel	21061	0.259	3	3	3.532
789	Drunkards	7021	0.087	1	1	3.531
790	Macedonia	7054	0.087	1	1	3.525
791	Begot	7053	0.087	1	1	3.525
792	High-priest	7087	0.087	1	1	3.518
793	Fortress	7099	0.088	1	1	3.515
794	Bottle	7144	0.088	1	1	3.506
795	cunning	28670	0.353	4	4	3.501
796	idolatrous	14523	0.179	2	2	3.483
797	drinking	29093	0.358	4	4	3.48
798	damn	7322	0.09	1	1	3.471
799	compelled	22115	0.272	3	3	3.461
800	lap	7378	0.091	1	1	3.46
801	silk	14806	0.182	2	2	3.455
802	boasting	7419	0.091	1	1	3.452
803	Papacy	7431	0.092	1	1	3.45
804	games	7473	0.092	1	1	3.441
805	ruled	22509	0.277	3	1	3.435
806	weights	7530	0.093	1	1	3.43
807	Son	570683	7.03	75	36	3.415
808	precise	7715	0.095	1	1	3.396
809	marry	38694	0.477	5	5	3.391
810	reigned	31015	0.382	4	3	3.388
811	establishing	7797	0.096	1	1	3.379
812	Lust	54865	0.676	7	4	3.372
813	laughing	7845	0.097	1	1	3.372
814	intimated	7877	0.097	1	1	3.366
815	slighted	7957	0.098	1	1	3.351
816	facta	7986	0.098	1	1	3.345
817	're	16048	0.198	2	2	3.339
818	beggars	8051	0.099	1	1	3.334
819	burning	48634	0.599	6	5	3.324
820	lain	8129	0.1	1	1	3.32
821	silly	16358	0.202	2	2	3.311
822	lists	8183	0.101	1	1	3.31
823	Christopher	8248	0.102	1	1	3.299
824	Hector	8263	0.102	1	1	3.296
825	Convocation	8315	0.102	1	1	3.288
826	Agrippa	8329	0.103	1	1	3.285
827	ugly	8331	0.103	1	1	3.285
828	Honest	83801	1.032	10	9	3.276
829	Mistress	42310	0.521	5	5	3.262
830	crew	8469	0.104	1	1	3.261
831	Baronius	8482	0.105	1	1	3.258
832	undo	8485	0.105	1	1	3.258
833	hated	25471	0.314	3	2	3.257
834	Devices	8511	0.105	1	1	3.254
835	repute	8562	0.106	1	1	3.245
836	thrive	8582	0.106	1	1	3.242
837	Prescription	8639	0.106	1	1	3.232
838	patent	8637	0.106	1	1	3.232
839	yields	17327	0.214	2	2	3.228
840	Maria	8668	0.107	1	1	3.227
841	Blaspheme	8684	0.107	1	1	3.224
842	luxury	8713	0.107	1	1	3.22
843	gall	17567	0.216	2	2	3.208
844	conveniently	8789	0.108	1	1	3.207
845	Apostasy	17588	0.217	2	2	3.206
846	drink	140890	1.736	16	12	3.205
847	sitting	35270	0.435	4	4	3.203
848	Cat	8876	0.109	1	1	3.194
849	kissed	8900	0.11	1	1	3.19
850	bowed	8908	0.11	1	1	3.188
851	Garments	26823	0.33	3	2	3.183
852	Beggar	8945	0.11	1	1	3.182
853	Lambs	8945	0.11	1	1	3.182
854	Villain	8957	0.11	1	1	3.18
855	product	8997	0.111	1	1	3.174
856	betrayed	18001	0.222	2	2	3.173
857	Fashions	9013	0.111	1	1	3.171
858	corrupted	36122	0.445	4	4	3.168
859	ire	9043	0.111	1	1	3.166
860	Revolt	9050	0.112	1	1	3.165
861	regards	9143	0.113	1	1	3.151
862	venerable	9145	0.113	1	1	3.149
863	quenched	9163	0.113	1	1	3.147
864	enquired	9225	0.114	1	1	3.138
865	defeat	9235	0.114	1	1	3.135
866	Demetrius	9307	0.115	1	1	3.124
867	Rome	271183	3.341	29	19	3.118
868	extract	9355	0.115	1	1	3.118
869	Plagues	18774	0.231	2	2	3.112
870	perplexed	9395	0.116	1	1	3.112
871	tot	9457	0.117	1	1	3.102
872	Asses	9467	0.117	1	1	3.1
873	Indictment	9527	0.117	1	1	3.09
874	opposing	9578	0.118	1	1	3.083
875	horrid	19167	0.236	2	2	3.083
876	increases	9612	0.118	1	1	3.078
877	abhor	19419	0.239	2	2	3.064
878	Exit	19436	0.239	2	2	3.063
879	begotten	29211	0.36	3	3	3.06
880	denies	19481	0.24	2	2	3.059
881	flattering	9757	0.12	1	1	3.056
882	nostrils	9776	0.12	1	1	3.054
883	abhorred	9825	0.121	1	1	3.047
884	Daughter	108707	1.339	11	8	3.038
885	wander	9904	0.122	1	1	3.035
886	positively	9945	0.123	1	1	3.029
887	keeps	40024	0.493	4	4	3.02
888	headlong	10029	0.124	1	1	3.017
889	filthy	30299	0.373	3	3	3.007
890	Roman	141472	1.743	14	11	3.006
891	assign	10140	0.125	1	1	3.001
892	Embraces	10141	0.125	1	1	3.001
893	Sack	10141	0.125	1	1	3.001
894	subsist	10162	0.125	1	1	2.998
895	burn	40670	0.501	4	4	2.997
896	Tragedy	10196	0.126	1	1	2.993
897	adore	20395	0.251	2	2	2.993
898	Fellow	51208	0.631	5	4	2.987
899	burned	20536	0.253	2	2	2.983
900	playing	10275	0.127	1	1	2.982
901	Horn	20550	0.253	2	1	2.982
902	Impudence	10304	0.127	1	1	2.978
903	Solomon	41245	0.508	4	4	2.977
904	discovering	10322	0.127	1	1	2.975
905	dog	30988	0.382	3	3	2.974
906	match	20690	0.255	2	2	2.972
907	magnificent	10359	0.128	1	1	2.97
908	swearing	20821	0.257	2	1	2.963
909	quantum	10429	0.129	1	1	2.96
910	loathsome	10486	0.129	1	1	2.952
911	Margaret	10516	0.13	1	1	2.949
912	treated	21086	0.26	2	2	2.945
913	superstitious	21092	0.26	2	2	2.945
914	68	10551	0.13	1	1	2.943
915	Cheat	10600	0.131	1	1	2.937
916	Hawk	10622	0.131	1	1	2.933
917	Mal.	10647	0.131	1	1	2.93
918	Proverb	21331	0.263	2	2	2.928
919	Windows	10698	0.132	1	1	2.924
920	venture	21408	0.264	2	2	2.923
921	plague	42909	0.529	4	4	2.92
922	wife	214853	2.647	20	18	2.918
923	indifferently	10753	0.133	1	1	2.916
924	Concupiscence	10773	0.133	1	1	2.914
925	Floods	10792	0.133	1	1	2.912
926	thin	32659	0.402	3	3	2.899
927	placing	10949	0.135	1	1	2.89
928	Stretch	10952	0.135	1	1	2.89
929	venom	11000	0.136	1	1	2.884
930	destroyed	66138	0.815	6	5	2.881
931	infamous	11020	0.136	1	1	2.88
932	vex	11042	0.136	1	1	2.878
933	Cock	11063	0.136	1	1	2.875
934	Ch.	33232	0.409	3	3	2.873
935	Virgins	22219	0.274	2	2	2.869
936	warned	11120	0.137	1	1	2.868
937	Standard	11129	0.137	1	1	2.867
938	thieves	22285	0.275	2	2	2.865
939	Cor	22308	0.275	2	1	2.864
940	Ephraim	11202	0.138	1	1	2.857
941	Den	11211	0.138	1	1	2.856
942	imaginable	11234	0.138	1	1	2.853
943	Mountains	56383	0.695	5	2	2.848
944	murderers	11345	0.14	1	1	2.839
945	Symptoms	11363	0.14	1	1	2.837
946	swear	56939	0.701	5	5	2.834
947	picture	22820	0.281	2	2	2.831
948	drank	11443	0.141	1	1	2.826
949	woman	183598	2.262	16	15	2.823
950	handsome	11498	0.142	1	1	2.82
951	revived	11511	0.142	1	1	2.818
952	Cave	11519	0.142	1	1	2.817
953	fitter	11535	0.142	1	1	2.815
954	Confederates	11609	0.143	1	1	2.806
955	committing	11606	0.143	1	1	2.806
956	punishing	11649	0.144	1	1	2.801
957	preparing	11677	0.144	1	1	2.798
958	infamy	11689	0.144	1	1	2.796
959	suits	11705	0.144	1	1	2.794
960	she	1006738	12.402	86	59	2.794
961	discovers	11783	0.145	1	1	2.784
962	wondered	11794	0.145	1	1	2.783
963	breathing	11927	0.147	1	1	2.767
964	generality	11939	0.147	1	1	2.765
965	pr	11953	0.147	1	1	2.764
966	contrived	11992	0.148	1	1	2.759
967	Bride	12056	0.149	1	1	2.751
968	49	24226	0.298	2	2	2.745
969	amorous	12171	0.15	1	1	2.738
970	Exeunt	12174	0.15	1	1	2.737
971	heretofore	36652	0.452	3	3	2.732
972	polluted	12233	0.151	1	1	2.73
973	drove	12259	0.151	1	1	2.727
974	Fortunes	24537	0.302	2	2	2.726
975	fills	12448	0.153	1	1	2.706
976	poisoned	12446	0.153	1	1	2.706
977	ded	12467	0.154	1	1	2.703
978	Lady	112639	1.388	9	4	2.697
979	envious	12527	0.154	1	1	2.696
980	murderer	12581	0.155	1	1	2.69
981	vile	37856	0.466	3	1	2.686
982	Heresies	25260	0.311	2	1	2.684
983	Dan	38042	0.469	3	3	2.679
984	destruction	89423	1.102	7	4	2.668
985	abides	12792	0.158	1	1	2.666
986	Darius	12799	0.158	1	1	2.665
987	Prophecy	51210	0.631	4	4	2.665
988	Seat	51212	0.631	4	3	2.665
989	Friar	12819	0.158	1	1	2.663
990	crafty	12823	0.158	1	1	2.662
991	Character	38558	0.475	3	3	2.659
992	Sister	51618	0.636	4	4	2.653
993	Pas	12920	0.159	1	1	2.651
994	Agent	12951	0.16	1	1	2.648
995	road	12952	0.16	1	1	2.647
996	decline	12957	0.16	1	1	2.647
997	approaching	12995	0.16	1	1	2.643
998	raging	13043	0.161	1	1	2.638
999	Streets	26115	0.322	2	2	2.636
1000	blush	13133	0.162	1	1	2.628
1001	Champion	13133	0.162	1	1	2.628
1002	great	1790493	22.057	136	53	2.624
1003	permission	13164	0.162	1	1	2.624
1004	kiss	26340	0.325	2	2	2.624
1005	Lev	13206	0.163	1	1	2.62
1006	delightful	13236	0.163	1	1	2.616
1007	Andrew	13250	0.163	1	1	2.615
1008	disturb	13350	0.165	1	1	2.604
1009	Purge	26806	0.33	2	1	2.599
1010	inflicted	13403	0.165	1	1	2.599
1011	replied	40276	0.496	3	3	2.596
1012	seven	120863	1.489	9	8	2.596
1013	stolen	13436	0.166	1	1	2.595
1014	regular	13469	0.166	1	1	2.592
1015	Western	13537	0.167	1	1	2.584
1016	Coals	13558	0.167	1	1	2.582
1017	her	1811491	22.316	133	84	2.575
1018	manage	13853	0.171	1	1	2.55
1019	destroying	13873	0.171	1	1	2.549
1020	Mrs.	13889	0.171	1	1	2.547
1021	sinning	13902	0.171	1	1	2.545
1022	Judgement	111780	1.377	8	6	2.538
1023	Revelation	41988	0.517	3	3	2.536
1024	mad	42332	0.522	3	3	2.524
1025	methinks	14132	0.174	1	1	2.522
1026	39.	14194	0.175	1	1	2.515
1027	included	14204	0.175	1	1	2.515
1028	pretends	14230	0.175	1	1	2.512
1029	Battles	14268	0.176	1	1	2.508
1030	doom	28591	0.352	2	1	2.506
1031	described	42932	0.529	3	3	2.504
1032	Description	42949	0.529	3	3	2.503
1033	Ha	28655	0.353	2	2	2.502
1034	Heretic	14330	0.177	1	1	2.502
1035	wickedness	71915	0.886	5	5	2.497
1036	tasted	14389	0.177	1	1	2.496
1037	'll	158479	1.952	11	9	2.494
1038	reprobate	14526	0.179	1	1	2.483
1039	dispatch	14533	0.179	1	1	2.482
1040	Hills	29127	0.359	2	2	2.479
1041	wrongs	14585	0.18	1	1	2.476
1042	Tent	14624	0.18	1	1	2.472
1043	repented	14668	0.181	1	1	2.468
1044	fairest	14727	0.181	1	1	2.463
1045	Nations	132713	1.635	9	6	2.461
1046	shameful	14747	0.182	1	1	2.46
1047	Michael	14812	0.183	1	1	2.454
1048	Mar	14814	0.183	1	1	2.454
1049	shun	14847	0.183	1	1	2.451
1050	seize	15038	0.185	1	1	2.432
1051	privately	15154	0.187	1	1	2.421
1052	effected	15220	0.188	1	1	2.415
1053	commend	30571	0.377	2	2	2.409
1054	carry	108052	1.331	7	3	2.395
1055	70	15439	0.19	1	1	2.394
1056	ruined	15482	0.191	1	1	2.391
1057	Merchandise	15488	0.191	1	1	2.39
1058	tear	15500	0.191	1	1	2.389
1059	curse	61992	0.764	4	3	2.389
1060	!	371996	4.583	24	15	2.389
1061	consumed	31042	0.382	2	2	2.387
1062	Generations	15518	0.191	1	1	2.387
1063	Dress	15539	0.191	1	1	2.385
1064	rode	15543	0.192	1	1	2.385
1065	bitter	46679	0.575	3	3	2.383
1066	Sodom	15597	0.192	1	1	2.38
1067	call	328774	4.05	21	19	2.374
1068	incense	15760	0.194	1	1	2.365
1069	Idleness	15825	0.195	1	1	2.359
1070	confound	15864	0.195	1	1	2.355
1071	rebuke	15877	0.196	1	1	2.354
1072	desperate	31789	0.392	2	2	2.353
1073	vow	31839	0.392	2	2	2.35
1074	slay	15920	0.196	1	1	2.35
1075	Illustrious	15935	0.196	1	1	2.349
1076	carried	127788	1.574	8	1	2.345
1077	lewd	15983	0.197	1	1	2.344
1078	j.	48447	0.597	3	1	2.33
1079	portion	48529	0.598	3	3	2.327
1080	meanest	16212	0.2	1	1	2.324
1081	Patriarch	16225	0.2	1	1	2.323
1082	strongest	16405	0.202	1	1	2.307
1083	committed	115180	1.419	7	6	2.303
1084	iniquities	16575	0.204	1	1	2.292
1085	Members	116122	1.431	7	5	2.291
1086	17.	83120	1.024	5	4	2.288
1087	abstain	16630	0.205	1	1	2.287
1088	Pulled	16685	0.206	1	1	2.283
1089	turn	167524	2.064	10	7	2.277
1090	hair	50335	0.62	3	2	2.274
1091	lie	168129	2.071	10	10	2.271
1092	extant	16836	0.207	1	1	2.27
1093	complained	16882	0.208	1	1	2.265
1094	parted	16901	0.208	1	1	2.264
1095	Declares	33877	0.417	2	2	2.261
1096	admired	17008	0.21	1	1	2.255
1097	Aye	17014	0.21	1	1	2.254
1098	Socrates	17043	0.21	1	1	2.252
1099	commit	51155	0.63	3	3	2.251
1100	Infidels	17053	0.21	1	1	2.251
1101	support	34167	0.421	2	2	2.248
1102	rid	17118	0.211	1	1	2.245
1103	professed	34256	0.422	2	2	2.245
1104	Board	17171	0.212	1	1	2.241
1105	discerned	17249	0.213	1	1	2.234
1106	destitute	17265	0.213	1	1	2.233
1107	Esau	17268	0.213	1	1	2.233
1108	sisters	17302	0.213	1	1	2.23
1109	reproach	34657	0.427	2	2	2.228
1110	Coin	17339	0.214	1	1	2.227
1111	meetings	17499	0.216	1	1	2.214
1112	trusted	17518	0.216	1	1	2.212
1113	calling	105619	1.301	6	6	2.205
1114	grain	17694	0.218	1	1	2.198
1115	forgot	17706	0.218	1	1	2.197
1116	urge	17702	0.218	1	1	2.197
1117	O.	17703	0.218	1	1	2.197
1118	National	17726	0.218	1	1	2.195
1119	Fancies	17761	0.219	1	1	2.192
1120	usually	53352	0.657	3	3	2.191
1121	rejoicing	17783	0.219	1	1	2.19
1122	Characters	17893	0.22	1	1	2.182
1123	Stage	17895	0.22	1	1	2.182
1124	steal	17906	0.221	1	1	2.18
1125	Gallant	17961	0.221	1	1	2.176
1126	Heir	53990	0.665	3	3	2.173
1127	Oh	126299	1.556	7	7	2.17
1128	Predecessors	18045	0.222	1	1	2.169
1129	Dear	109293	1.346	6	4	2.156
1130	Drunkenness	18268	0.225	1	1	2.152
1131	pound	54933	0.677	3	3	2.148
1132	largely	18351	0.226	1	1	2.145
1133	bids	18389	0.227	1	1	2.142
1134	bed	73593	0.907	4	4	2.141
1135	spiritual	239256	2.947	13	8	2.141
1136	subtle	36810	0.454	2	2	2.141
1137	heap	18409	0.227	1	1	2.141
1138	Monarch	18420	0.227	1	1	2.14
1139	Courtesy	18515	0.228	1	1	2.132
1140	Cardinals	18647	0.23	1	1	2.122
1141	adorned	18908	0.233	1	1	2.102
1142	partake	18988	0.234	1	1	2.096
1143	Italian	18997	0.234	1	1	2.095
1144	immortality	19100	0.235	1	1	2.087
1145	women	152987	1.885	8	8	2.086
1146	price	57392	0.707	3	3	2.085
1147	encouraged	19234	0.237	1	1	2.078
1148	Chains	19298	0.238	1	1	2.073
1149	18.	77389	0.953	4	4	2.069
1150	worse	96916	1.194	5	4	2.066
1151	Bell	19417	0.239	1	1	2.064
1152	gain	78199	0.963	4	4	2.054
1153	horror	19604	0.242	1	1	2.05
1154	Pomp	19649	0.242	1	1	2.046
1155	Lyon	19709	0.243	1	1	2.042
1156	risen	19790	0.244	1	1	2.036
1157	signifies	79472	0.979	4	4	2.031
1158	reputed	19893	0.245	1	1	2.029
1159	practices	19984	0.246	1	1	2.022
1160	probably	19999	0.246	1	1	2.021
1161	profane	40020	0.493	2	2	2.02
1162	runs	40288	0.496	2	2	2.011
1163	Constable	20148	0.248	1	1	2.01
1164	wanton	20242	0.249	1	1	2.003
1165	Severity	20285	0.25	1	1	2.001
1166	Lion	20323	0.25	1	1	1.998
1167	nere	20350	0.251	1	1	1.996
1168	arose	20382	0.251	1	1	1.994
1169	tie	20437	0.252	1	1	1.99
1170	takes	123079	1.516	6	5	1.985
1171	sell	41041	0.506	2	2	1.984
1172	wear	20558	0.253	1	1	1.981
1173	chaste	20646	0.254	1	1	1.975
1174	'd	144543	1.781	7	7	1.975
1175	Bonds	20748	0.256	1	1	1.968
1176	habet	20783	0.256	1	1	1.966
1177	Pit	20801	0.256	1	1	1.965
1178	Ans	20841	0.257	1	1	1.962
1179	pity	62915	0.775	3	3	1.953
1180	step	20981	0.259	1	1	1.952
1181	ne'er	20984	0.259	1	1	1.952
1182	es	21017	0.259	1	1	1.95
1183	fighting	21135	0.26	1	1	1.941
1184	Mystical	21135	0.26	1	1	1.941
1185	fee	21237	0.262	1	1	1.935
1186	Priesthood	21290	0.262	1	1	1.931
1187	flying	21405	0.264	1	1	1.923
1188	judgment	235552	2.902	11	10	1.923
1189	pence	21465	0.264	1	1	1.919
1190	Troops	21505	0.265	1	1	1.916
1191	destroy	86113	1.061	4	4	1.915
1192	Sovereignty	21633	0.267	1	1	1.908
1193	Confesses	21697	0.267	1	1	1.903
1194	ten	130362	1.606	6	4	1.902
1195	cry	87922	1.083	4	4	1.885
1196	womb	44083	0.543	2	2	1.881
1197	murdered	22105	0.272	1	1	1.877
1198	tedious	22140	0.273	1	1	1.875
1199	knees	22165	0.273	1	1	1.873
1200	Eighth	22214	0.274	1	1	1.869
1201	Prophets	111696	1.376	5	2	1.861
1202	secrets	22386	0.276	1	1	1.858
1203	34.	22411	0.276	1	1	1.857
1204	Ancestors	22418	0.276	1	1	1.856
1205	ver	22436	0.276	1	1	1.855
1206	oppression	22522	0.277	1	1	1.85
1207	abuse	45195	0.557	2	2	1.845
1208	weeping	22605	0.279	1	1	1.844
1209	Alas	67915	0.837	3	3	1.842
1210	indignation	22811	0.281	1	1	1.831
1211	Traditions	22980	0.283	1	1	1.821
1212	Church	1175787	14.484	51	17	1.816
1213	common	346098	4.264	15	15	1.815
1214	Friendship	46387	0.571	2	2	1.807
1215	naked	46459	0.572	2	2	1.805
1216	struck	23297	0.287	1	1	1.801
1217	returns	23425	0.289	1	1	1.793
1218	Corruptions	23463	0.289	1	1	1.791
1219	Madam	46920	0.578	2	1	1.791
1220	Judgements	47124	0.581	2	2	1.785
1221	Nobles	23632	0.291	1	1	1.78
1222	dance	23697	0.292	1	1	1.776
1223	Mercury	23710	0.292	1	1	1.775
1224	accounts	23870	0.294	1	1	1.766
1225	Rob	23959	0.295	1	1	1.761
1226	troubled	72125	0.889	3	1	1.756
1227	redeemed	24139	0.297	1	1	1.75
1228	imputed	24284	0.299	1	1	1.741
1229	Pull	24362	0.3	1	1	1.736
1230	apprehend	24467	0.301	1	1	1.73
1231	strangers	49348	0.608	2	2	1.718
1232	adultery	24714	0.305	1	1	1.715
1233	cruelty	49468	0.609	2	2	1.715
1234	Golden	49785	0.613	2	2	1.705
1235	burnt	50113	0.617	2	2	1.696
1236	prevailed	25057	0.309	1	1	1.696
1237	Isa.	75282	0.927	3	3	1.694
1238	goes	100413	1.237	4	4	1.693
1239	deep	75511	0.93	3	3	1.689
1240	dread	25184	0.31	1	1	1.689
1241	loves	76043	0.937	3	3	1.679
1242	excess	25352	0.312	1	1	1.679
1243	Dull	25362	0.312	1	1	1.679
1244	termed	25438	0.313	1	1	1.674
1245	returning	25466	0.314	1	1	1.673
1246	Celestial	25497	0.314	1	1	1.671
1247	Re	25840	0.318	1	1	1.652
1248	Aside	51692	0.637	2	2	1.651
1249	suspected	25911	0.319	1	1	1.647
1250	a	14471665	178.276	557	193	1.644
1251	top	52060	0.641	2	1	1.641
1252	wo	26036	0.321	1	1	1.641
1253	seed	130549	1.608	5	2	1.636
1254	looks	52264	0.644	2	2	1.635
1255	strongly	26140	0.322	1	1	1.635
1256	Mark	131282	1.617	5	4	1.628
1257	Matthew	26367	0.325	1	1	1.622
1258	called	768363	9.465	29	22	1.615
1259	suddenly	53066	0.654	2	2	1.613
1260	Flood	26569	0.327	1	1	1.611
1261	lays	26622	0.328	1	1	1.608
1262	s	133183	1.641	5	4	1.608
1263	list	26655	0.328	1	1	1.606
1264	Richard	53481	0.659	2	1	1.602
1265	Britain	26773	0.33	1	1	1.6
1266	hath	1823449	22.463	68	28	1.598
1267	Yea	321813	3.964	12	9	1.598
1268	lovers	26913	0.332	1	1	1.593
1269	Mere	80762	0.995	3	3	1.592
1270	leads	26956	0.332	1	1	1.59
1271	apparel	27082	0.334	1	1	1.584
1272	Sealed	27229	0.335	1	1	1.576
1273	deceived	54539	0.672	2	2	1.574
1274	defended	27388	0.337	1	1	1.567
1275	remarkable	27396	0.338	1	1	1.567
1276	brings	54834	0.676	2	1	1.566
1277	temples	27639	0.341	1	1	1.554
1278	suitable	27681	0.341	1	1	1.552
1279	stick	27742	0.342	1	1	1.549
1280	leaving	55555	0.684	2	2	1.547
1281	Sons	139530	1.719	5	5	1.54
1282	meant	112513	1.386	4	4	1.529
1283	appeal	28134	0.347	1	1	1.529
1284	beware	28157	0.347	1	1	1.527
1285	Followers	28164	0.347	1	1	1.527
1286	&c	479189	5.903	17	13	1.526
1287	's	1833403	22.586	65	43	1.525
1288	provoke	28409	0.35	1	1	1.515
1289	keep	313074	3.857	11	9	1.512
1290	narrow	28532	0.352	1	1	1.508
1291	st	28567	0.352	1	1	1.507
1292	Vision	28960	0.357	1	1	1.487
1293	keeping	58223	0.717	2	2	1.48
1294	wont	58350	0.719	2	2	1.476
1295	titles	29194	0.36	1	1	1.476
1296	has	321926	3.966	11	10	1.472
1297	shown	29305	0.361	1	1	1.47
1298	Ezek.	29318	0.361	1	1	1.469
1299	throw	29481	0.363	1	1	1.461
1300	got	88984	1.096	3	2	1.452
1301	Thank	29699	0.366	1	1	1.45
1302	ou	29737	0.366	1	1	1.449
1303	walking	29776	0.367	1	1	1.447
1304	pretty	29773	0.367	1	1	1.447
1305	publicly	29824	0.367	1	1	1.445
1306	fellows	29880	0.368	1	1	1.442
1307	rank	29920	0.369	1	1	1.44
1308	doors	29993	0.37	1	1	1.436
1309	displeasure	30153	0.372	1	1	1.429
1310	revenge	60376	0.744	2	2	1.427
1311	Gentlemen	60495	0.745	2	2	1.424
1312	ordinarily	30303	0.373	1	1	1.422
1313	veins	30344	0.374	1	1	1.42
1314	figures	30387	0.374	1	1	1.418
1315	calls	121932	1.502	4	4	1.413
1316	Mothers	30565	0.377	1	1	1.409
1317	Ere	61209	0.754	2	2	1.407
1318	wretched	30683	0.378	1	1	1.404
1319	Speeches	30693	0.378	1	1	1.403
1320	Unclean	30723	0.379	1	1	1.402
1321	harm	30750	0.379	1	1	1.4
1322	testify	30813	0.38	1	1	1.397
1323	en	61856	0.762	2	1	1.392
1324	Idols	30951	0.381	1	1	1.391
1325	represent	31012	0.382	1	1	1.388
1326	flesh	279311	3.441	9	8	1.387
1327	cares	31089	0.383	1	1	1.385
1328	'm	31244	0.385	1	1	1.377
1329	complete	31387	0.387	1	1	1.371
1330	corrupt	63197	0.779	2	2	1.361
1331	draws	31643	0.39	1	1	1.359
1332	youth	63555	0.783	2	2	1.353
1333	later	31782	0.392	1	1	1.353
1334	hang	31830	0.392	1	1	1.351
1335	oaths	31854	0.392	1	1	1.35
1336	whilst	127767	1.574	4	4	1.346
1337	opposite	31956	0.394	1	1	1.345
1338	cries	32046	0.395	1	1	1.341
1339	damnation	32064	0.395	1	1	1.34
1340	VIII	32081	0.395	1	1	1.339
1341	dogs	32101	0.396	1	1	1.338
1342	Doubtless	32131	0.396	1	1	1.337
1343	treat	32126	0.396	1	1	1.337
1344	Deuteronomy	64271	0.792	2	2	1.337
1345	consequently	64502	0.795	2	2	1.332
1346	upper	32317	0.398	1	1	1.329
1347	conquest	32321	0.398	1	1	1.328
1348	bosom	32336	0.398	1	1	1.328
1349	Maintenance	32482	0.4	1	1	1.322
1350	insomuch	32477	0.4	1	1	1.322
1351	Israel	162651	2.004	5	4	1.319
1352	remaining	32552	0.401	1	1	1.318
1353	accused	32564	0.401	1	1	1.318
1354	Praises	32770	0.404	1	1	1.309
1355	tells	98449	1.213	3	3	1.307
1356	Common-wealth	32931	0.406	1	1	1.302
1357	serves	32991	0.406	1	1	1.299
1358	peoples	33008	0.407	1	1	1.298
1359	Gentleman	66021	0.813	2	2	1.298
1360	executed	33017	0.407	1	1	1.298
1361	vices	33021	0.407	1	1	1.298
1362	Maid	33079	0.408	1	1	1.295
1363	Record	33094	0.408	1	1	1.294
1364	married	66560	0.82	2	2	1.286
1365	epist.	33418	0.412	1	1	1.28
1366	concerns	33496	0.413	1	1	1.277
1367	wax	33550	0.413	1	1	1.275
1368	sees	33635	0.414	1	1	1.271
1369	Run	134767	1.66	4	3	1.269
1370	Fortune	101130	1.246	3	3	1.268
1371	shed	33752	0.416	1	1	1.266
1372	fulfilled	33876	0.417	1	1	1.261
1373	Horse	136110	1.677	4	3	1.254
1374	Judgments	34069	0.42	1	1	1.253
1375	advanced	34128	0.42	1	1	1.25
1376	passes	34125	0.42	1	1	1.25
1377	relief	34491	0.425	1	1	1.235
1378	n't	34507	0.425	1	1	1.234
1379	certainty	34519	0.425	1	1	1.234
1380	old	414305	5.104	12	10	1.233
1381	dreadful	34583	0.426	1	1	1.231
1382	scorn	34703	0.428	1	1	1.226
1383	expression	34892	0.43	1	1	1.218
1384	l	70403	0.867	2	1	1.205
1385	sends	35230	0.434	1	1	1.204
1386	breaking	35284	0.435	1	1	1.202
1387	seeking	35296	0.435	1	1	1.202
1388	shortly	35459	0.437	1	1	1.195
1389	thinks	71088	0.876	2	2	1.191
1390	appears	142173	1.751	4	4	1.191
1391	Whom	782727	9.642	22	18	1.19
1392	Tower	35614	0.439	1	1	1.189
1393	laying	35626	0.439	1	1	1.188
1394	Song	35727	0.44	1	1	1.184
1395	why	394748	4.863	11	11	1.178
1396	lift	35903	0.442	1	1	1.177
1397	38	35927	0.443	1	1	1.176
1398	trade	71989	0.887	2	2	1.173
1399	hither	36037	0.444	1	1	1.172
1400	double	72073	0.888	2	1	1.172
1401	dumb	36044	0.444	1	1	1.171
1402	Moreover	72198	0.889	2	2	1.169
1403	face	181454	2.235	5	4	1.161
1404	practised	36690	0.452	1	1	1.146
1405	spoken	147126	1.812	4	4	1.142
1406	quoth	36867	0.454	1	1	1.139
1407	overthrow	36900	0.455	1	1	1.137
1408	mouths	36905	0.455	1	1	1.137
1409	flower	36901	0.455	1	1	1.137
1410	Sir	371184	4.573	10	6	1.129
1411	Palace	37162	0.458	1	1	1.127
1412	valour	37184	0.458	1	1	1.126
1413	wilt	74391	0.916	2	2	1.126
1414	Jesuits	37256	0.459	1	1	1.123
1415	spend	37287	0.459	1	1	1.122
1416	quite	74671	0.92	2	2	1.12
1417	kill	74750	0.921	2	2	1.119
1418	Universal	74773	0.921	2	1	1.119
1419	Wilderness	37400	0.461	1	1	1.118
1420	intend	37477	0.462	1	1	1.115
1421	succession	37662	0.464	1	1	1.108
1422	caused	113016	1.392	3	2	1.108
1423	quality	75538	0.931	2	2	1.104
1424	Vengeance	37813	0.466	1	1	1.102
1425	separated	37858	0.466	1	1	1.1
1426	Ages	75749	0.933	2	2	1.1
1427	evening	37929	0.467	1	1	1.098
1428	brave	38044	0.469	1	1	1.093
1429	lips	38066	0.469	1	1	1.093
1430	debt	38106	0.469	1	1	1.091
1431	Host	38170	0.47	1	1	1.089
1432	godliness	38251	0.471	1	1	1.086
1433	saw	191431	2.358	5	4	1.084
1434	FINIS	38468	0.474	1	1	1.077
1435	chap	271060	3.339	7	5	1.068
1436	drew	38764	0.478	1	1	1.066
1437	blood	426566	5.255	11	8	1.066
1438	hide	38812	0.478	1	1	1.065
1439	forbidden	38907	0.479	1	1	1.061
1440	Fourthly	38947	0.48	1	1	1.059
1441	spare	38949	0.48	1	1	1.059
1442	28	77934	0.96	2	2	1.059
1443	Saints	194939	2.401	5	5	1.058
1444	follows	118360	1.458	3	2	1.041
1445	mountain	39556	0.487	1	1	1.037
1446	sleep	79160	0.975	2	2	1.036
1447	bestowed	39589	0.488	1	1	1.036
1448	cost	39743	0.49	1	1	1.03
1449	designed	39808	0.49	1	1	1.028
1450	Tongues	40030	0.493	1	1	1.02
1451	[	280684	3.458	7	5	1.018
1452	greatest	200955	2.476	5	5	1.014
1453	viz.	161354	1.988	4	4	1.009
1454	deceive	40456	0.498	1	1	1.005
1455	comparison	40468	0.499	1	1	1.004
1456	Arts	40476	0.499	1	1	1.004
1457	Privilege	40519	0.499	1	1	1.002
1458	fain	40564	0.5	1	1	1.001
1459	converted	40728	0.502	1	1	0.995
1460	house	407406	5.019	10	9	0.995
1461	doctrines	40858	0.503	1	1	0.991
1462	govern	40926	0.504	1	1	0.988
1463	Ladies	41212	0.508	1	1	0.978
1464	persecution	41265	0.508	1	1	0.976
1465	Fool	41266	0.508	1	1	0.976
1466	openly	41440	0.511	1	1	0.97
1467	an	2497908	30.772	60	42	0.963
1468	C	292350	3.601	7	1	0.959
1469	Honey	41845	0.516	1	1	0.956
1470	manners	41947	0.517	1	1	0.953
1471	becomes	41957	0.517	1	1	0.952
1472	cure	84022	1.035	2	2	0.95
1473	Honours	42207	0.52	1	1	0.944
1474	Thou	1398203	17.224	33	20	0.938
1475	make	1313915	16.186	31	25	0.938
1476	milk	42416	0.523	1	1	0.936
1477	nine	42485	0.523	1	1	0.934
1478	Fact	42577	0.525	1	1	0.931
1479	utter	42614	0.525	1	1	0.93
1480	whose	468798	5.775	11	10	0.93
1481	distinction	42763	0.527	1	1	0.925
1482	Rent	42785	0.527	1	1	0.924
1483	Sect	42803	0.527	1	1	0.923
1484	]	429805	5.295	10	5	0.917
1485	public	215912	2.66	5	5	0.911
1486	you	3714542	45.759	86	39	0.91
1487	meeting	43320	0.534	1	1	0.906
1488	Righteous	86685	1.068	2	2	0.905
1489	resist	43474	0.536	1	1	0.901
1490	night	217853	2.684	5	5	0.898
1491	?	2527462	31.136	58	42	0.897
1492	forms	43593	0.537	1	1	0.897
1493	spread	43759	0.539	1	1	0.891
1494	sit	131502	1.62	3	3	0.889
1495	Camp	43972	0.542	1	1	0.884
1496	prove	220093	2.711	5	5	0.883
1497	bringing	44028	0.542	1	1	0.883
1498	perfectly	44031	0.542	1	1	0.883
1499	upon	2522161	31.07	57	36	0.875
1500	beside	44252	0.545	1	1	0.875
1501	punish	44349	0.546	1	1	0.872
1502	dust	44440	0.548	1	1	0.869
1503	appearance	44583	0.549	1	1	0.865
1504	Yes	44644	0.55	1	1	0.862
1505	privileges	44698	0.551	1	1	0.861
1506	private	134915	1.662	3	2	0.852
1507	Beat	45020	0.555	1	1	0.85
1508	bid	45051	0.555	1	1	0.849
1509	Institution	45069	0.555	1	1	0.849
1510	art	315875	3.891	7	5	0.847
1511	kindness	45136	0.556	1	1	0.847
1512	o	541781	6.674	12	10	0.846
1513	Kings	363629	4.48	8	7	0.837
1514	begun	45469	0.56	1	1	0.836
1515	beginning	182083	2.243	4	3	0.835
1516	Main	45562	0.561	1	1	0.833
1517	Patient	45655	0.562	1	1	0.83
1518	judges	91633	1.129	2	2	0.825
1519	Jurisdiction	45854	0.565	1	1	0.824
1520	fled	45957	0.566	1	1	0.821
1521	cried	45966	0.566	1	1	0.82
1522	fully	92165	1.135	2	2	0.817
1523	rage	46100	0.568	1	1	0.816
1524	heresy	46327	0.571	1	1	0.809
1525	merciful	46370	0.571	1	1	0.808
1526	like	1070087	13.182	23	22	0.803
1527	vice	46611	0.574	1	1	0.8
1528	T	186780	2.301	4	3	0.798
1529	eminent	46828	0.577	1	1	0.794
1530	crown	140652	1.733	3	2	0.792
1531	opportunity	46909	0.578	1	1	0.791
1532	shame	94222	1.161	2	2	0.785
1533	wall	47250	0.582	1	1	0.781
1534	rightly	47299	0.583	1	1	0.779
1535	affected	47304	0.583	1	1	0.779
1536	following	142882	1.76	3	3	0.769
1537	Devil	190658	2.349	4	4	0.768
1538	shall	2624249	32.328	55	33	0.767
1539	beauty	95667	1.179	2	2	0.763
1540	Fury	47909	0.59	1	1	0.761
1541	post	47961	0.591	1	1	0.759
1542	ashamed	48199	0.594	1	1	0.752
1543	fine	96522	1.189	2	2	0.75
1544	having	579260	7.136	12	12	0.75
1545	puts	48280	0.595	1	1	0.75
1546	M.	193517	2.384	4	2	0.747
1547	Knights	48428	0.597	1	1	0.745
1548	Enter	145726	1.795	3	3	0.741
1549	begin	97196	1.197	2	2	0.74
1550	wh	48807	0.601	1	1	0.734
1551	noted	48905	0.603	1	1	0.731
1552	25.	48971	0.603	1	1	0.729
1553	the	59190422	729.163	1205	257	0.725
1554	who	2315377	28.523	47	33	0.721
1555	Child	148012	1.823	3	3	0.718
1556	feared	49375	0.608	1	1	0.717
1557	forget	49494	0.61	1	1	0.714
1558	get	149760	1.845	3	3	0.701
1559	Whence	149816	1.846	3	3	0.701
1560	belly	50036	0.616	1	1	0.698
1561	Lamb	50063	0.617	1	1	0.697
1562	needs	150472	1.854	3	3	0.695
1563	Prov.	50161	0.618	1	1	0.695
1564	James	100348	1.236	2	2	0.694
1565	Dominion	50446	0.621	1	1	0.686
1566	instruments	50653	0.624	1	1	0.68
1567	always	304181	3.747	6	5	0.679
1568	Sacraments	50743	0.625	1	1	0.678
1569	Catholic	101512	1.251	2	2	0.677
1570	revealed	50925	0.627	1	1	0.673
1571	F	50955	0.628	1	1	0.672
1572	tell	255280	3.145	5	4	0.669
1573	punished	51064	0.629	1	1	0.669
1574	exercise	102303	1.26	2	2	0.666
1575	Robert	51164	0.63	1	1	0.666
1576	Confusion	51173	0.63	1	1	0.666
1577	danger	153644	1.893	3	3	0.665
1578	forth	410791	5.061	8	5	0.661
1579	g.	51419	0.633	1	1	0.659
1580	unless	154621	1.905	3	3	0.655
1581	five	154870	1.908	3	2	0.653
1582	receiving	51659	0.636	1	1	0.652
1583	haste	258415	3.183	5	4	0.651
1584	worship	206782	2.547	4	3	0.651
1585	learn	104113	1.283	2	2	0.641
1586	Green	52193	0.643	1	1	0.637
1587	poor	313465	3.862	6	6	0.636
1588	born	104623	1.289	2	2	0.634
1589	esteemed	52613	0.648	1	1	0.626
1590	excuse	52632	0.648	1	1	0.625
1591	Sinner	52649	0.649	1	1	0.625
1592	;	9536348	117.478	181	101	0.624
1593	husband	105631	1.301	2	2	0.62
1594	saying	211699	2.608	4	3	0.617
1595	loving	52941	0.652	1	1	0.617
1596	spent	53460	0.659	1	1	0.603
1597	removed	53515	0.659	1	1	0.601
1598	setting	53750	0.662	1	1	0.595
1599	back	161359	1.988	3	3	0.594
1600	gross	53803	0.663	1	1	0.593
1601	Virgin	54072	0.666	1	1	0.586
1602	knew	162531	2.002	3	3	0.583
1603	next	271507	3.345	5	4	0.58
1604	Decree	54592	0.673	1	1	0.572
1605	sing	54605	0.673	1	1	0.572
1606	Lusts	54617	0.673	1	1	0.572
1607	Seal	54620	0.673	1	1	0.572
1608	been	1095200	13.492	20	14	0.568
1609	though	1040761	12.821	19	12	0.567
1610	talk	54978	0.677	1	1	0.562
1611	hereby	55021	0.678	1	1	0.561
1612	mentioned	110171	1.357	2	2	0.559
1613	discover	55186	0.68	1	1	0.557
1614	(	3147389	38.773	57	36	0.556
1615	Heb.	110708	1.364	2	2	0.552
1616	Kingdom	388117	4.781	7	7	0.55
1617	plainly	111081	1.368	2	2	0.548
1618	published	55591	0.685	1	1	0.546
1619	on	1948583	24.005	35	32	0.544
1620	question	167153	2.059	3	3	0.543
1621	Satan	111662	1.376	2	2	0.54
1622	R.	112114	1.381	2	1	0.534
1623	Principle	56247	0.693	1	1	0.529
1624	enough	225014	2.772	4	4	0.529
1625	Consciences	56276	0.693	1	1	0.528
1626	accounted	56307	0.694	1	1	0.528
1627	Mass	56555	0.697	1	1	0.521
1628	filled	56573	0.697	1	1	0.521
1629	punishment	113533	1.399	2	2	0.516
1630	clearly	57009	0.702	1	1	0.51
1631	young	171502	2.113	3	3	0.506
1632	dark	57339	0.706	1	1	0.501
1633	wives	57399	0.707	1	1	0.5
1634	your	2073026	25.538	36	22	0.495
1635	become	172873	2.13	3	3	0.494
1636	distance	57644	0.71	1	1	0.494
1637	touching	115302	1.42	2	2	0.494
1638	seeing	231216	2.848	4	4	0.49
1639	pretend	57850	0.713	1	1	0.489
1640	overcome	57959	0.714	1	1	0.486
1641	finding	57977	0.714	1	1	0.486
1642	gave	290757	3.582	5	5	0.481
1643	Believers	58227	0.717	1	1	0.479
1644	perish	58343	0.719	1	1	0.477
1645	10	233570	2.877	4	4	0.475
1646	paid	58812	0.725	1	1	0.465
1647	since	412107	5.077	7	7	0.463
1648	Devils	59091	0.728	1	1	0.458
1649	go	533648	6.574	9	9	0.453
1650	ever	652700	8.041	11	10	0.452
1651	with	6743369	83.071	113	76	0.444
1652	&c.	299097	3.685	5	5	0.44
1653	E.	119746	1.475	2	2	0.439
1654	heavy	59956	0.739	1	1	0.437
1655	Pope	240165	2.959	4	2	0.435
1656	Names	120160	1.48	2	2	0.434
1657	kept	180349	2.222	3	3	0.433
1658	and	37698224	464.402	626	235	0.431
1659	name	607418	7.483	10	9	0.418
1660	says	304429	3.75	5	4	0.415
1661	Excellency	60896	0.75	1	1	0.415
1662	asked	61036	0.752	1	1	0.411
1663	join	61462	0.757	1	1	0.401
1664	arise	61558	0.758	1	1	0.399
1665	base	61654	0.76	1	1	0.397
1666	wicked	246712	3.039	4	2	0.396
1667	past	123448	1.521	2	2	0.395
1668	Priest	123560	1.522	2	2	0.394
1669	me	1731164	21.326	28	18	0.393
1670	perceive	62013	0.764	1	1	0.389
1671	every	1057014	13.021	17	11	0.385
1672	scarce	62192	0.766	1	1	0.384
1673	changed	62232	0.767	1	1	0.383
1674	should	1871070	23.05	30	17	0.38
1675	or	6140246	75.641	98	59	0.374
1676	deed	62715	0.773	1	1	0.372
1677	money	188212	2.319	3	3	0.372
1678	,	97296499	1198.589	1548	359	0.369
1679	Pleasures	62853	0.774	1	1	0.369
1680	rejoice	63078	0.777	1	1	0.364
1681	away	504942	6.22	8	8	0.363
1682	Trust	126242	1.555	2	2	0.363
1683	thereunto	63207	0.779	1	1	0.361
1684	friends	189996	2.341	3	3	0.358
1685	3	571164	7.036	9	9	0.355
1686	discovered	63467	0.782	1	1	0.355
1687	Servant	127075	1.565	2	2	0.353
1688	ours	63665	0.784	1	1	0.351
1689	Carnal	63756	0.785	1	1	0.349
1690	comes	255457	3.147	4	3	0.346
1691	case	319514	3.936	5	5	0.345
1692	Miles	63925	0.788	1	1	0.345
1693	freely	63939	0.788	1	1	0.344
1694	remains	64087	0.79	1	1	0.341
1695	chiefly	64176	0.791	1	1	0.339
1696	door	64326	0.792	1	1	0.336
1697	known	257669	3.174	4	4	0.334
1698	glorious	128843	1.587	2	2	0.334
1699	g	64551	0.795	1	1	0.331
1700	absolute	64604	0.796	1	1	0.329
1701	grant	129668	1.597	2	2	0.324
1702	ways	194504	2.396	3	2	0.324
1703	safe	64842	0.799	1	1	0.324
1704	Of	39170514	482.539	602	207	0.319
1705	sacrifice	130353	1.606	2	2	0.317
1706	how	1244740	15.334	19	17	0.309
1707	brought	394377	4.858	6	4	0.305
1708	lying	65748	0.81	1	1	0.304
1709	greatly	65797	0.811	1	1	0.303
1710	uses	66025	0.813	1	1	0.298
1711	endure	66031	0.813	1	1	0.298
1712	Corruption	66477	0.819	1	1	0.288
1713	Beloved	66576	0.82	1	1	0.286
1714	simple	66612	0.821	1	1	0.285
1715	17	133873	1.649	2	2	0.278
1716	Letter	134624	1.658	2	2	0.27
1717	nor	1146191	14.12	17	15	0.268
1718	Clergy	67422	0.831	1	1	0.268
1719	hand	471988	5.814	7	6	0.268
1720	self	948089	11.679	14	12	0.261
1721	Jacob	67737	0.834	1	1	0.261
1722	)	3126749	38.518	46	33	0.256
1723	over	545201	6.716	8	5	0.252
1724	twelve	68218	0.84	1	1	0.251
1725	hear	273421	3.368	4	4	0.248
1726	Throne	68392	0.843	1	1	0.247
1727	Confession	68490	0.844	1	1	0.245
1728	looked	68727	0.847	1	1	0.24
1729	Mary	68927	0.849	1	1	0.236
1730	n	69208	0.853	1	1	0.23
1731	denied	69953	0.862	1	1	0.215
1732	oft	69946	0.862	1	1	0.215
1733	shows	70001	0.862	1	1	0.214
1734	cut	140466	1.73	2	2	0.209
1735	that	17465266	215.153	247	140	0.199
1736	farther	70765	0.872	1	1	0.198
1737	hundred	212307	2.615	3	3	0.198
1738	found	426408	5.253	6	6	0.192
1739	disease	71132	0.876	1	1	0.191
1740	Protestants	71207	0.877	1	1	0.189
1741	wrong	71272	0.878	1	1	0.188
1742	long	571124	7.036	8	7	0.185
1743	if	3293480	40.572	46	41	0.181
1744	Almighty	71617	0.882	1	1	0.181
1745	I	6187300	76.221	86	55	0.174
1746	aut	71993	0.887	1	1	0.173
1747	forward	72541	0.894	1	1	0.162
1748	eat	145185	1.789	2	2	0.161
1749	20	145215	1.789	2	2	0.161
1750	pleasant	72707	0.896	1	1	0.159
1751	19.	72769	0.896	1	1	0.158
1752	am	509469	6.276	7	5	0.157
1753	thee	728077	8.969	10	7	0.157
1754	F.	73082	0.9	1	1	0.152
1755	de	804522	9.911	11	3	0.15
1756	preached	73136	0.901	1	1	0.15
1757	expect	73209	0.902	1	1	0.149
1758	London	146866	1.809	2	2	0.145
1759	became	73544	0.906	1	1	0.142
1760	proud	73660	0.907	1	1	0.14
1761	know	736780	9.076	10	10	0.14
1762	during	74035	0.912	1	1	0.133
1763	wherewith	74362	0.916	1	1	0.126
1764	ruin	74606	0.919	1	1	0.122
1765	Hell	149518	1.842	2	2	0.119
1766	What	2320680	28.588	31	25	0.117
1767	for	9369441	115.422	125	82	0.115
1768	Last	450430	5.549	6	5	0.113
1769	While	300747	3.705	4	4	0.111
1770	made	1503973	18.527	20	14	0.11
1771	Multitude	75242	0.927	1	1	0.11
1772	expressed	75252	0.927	1	1	0.109
1773	many	1356675	16.713	18	14	0.107
1774	indeed	301803	3.718	4	4	0.106
1775	agree	75479	0.93	1	1	0.105
1776	City	377406	4.649	5	5	0.105
1777	masters	75576	0.931	1	1	0.103
1778	shalt	151151	1.862	2	1	0.103
1779	did	1515759	18.673	20	18	0.099
1780	give	758276	9.341	10	7	0.098
1781	now	1519152	18.714	20	15	0.096
1782	wisdom	228022	2.809	3	1	0.095
1783	gold	152169	1.875	2	2	0.093
1784	love	838220	10.326	11	8	0.091
1785	Yet	1835928	22.617	24	19	0.086
1786	neither	537051	6.616	7	7	0.081
1787	formerly	76730	0.945	1	1	0.081
1788	wish	76763	0.946	1	1	0.081
1789	one	2538275	31.269	33	25	0.078
1790	ignorance	77023	0.949	1	1	0.076
1791	under	696455	8.58	9	5	0.069
1792	my	2492426	30.704	32	22	0.06
1793	Do	2417629	29.783	31	24	0.058
1794	little	624322	7.691	8	7	0.057
1795	Root	78309	0.965	1	1	0.052
1796	than	940786	11.59	12	11	0.05
1797	Stand	235721	2.904	3	3	0.047
1798	maintain	78757	0.97	1	1	0.044
1799	company	157530	1.941	2	2	0.043
1800	times	394191	4.856	5	5	0.042
1801	whereupon	78977	0.973	1	1	0.04
1802	Vain	158202	1.949	2	2	0.037
1803	is	12301699	151.544	155	89	0.033
1804	Soul	555660	6.845	7	6	0.032
1805	Wars	79970	0.985	1	1	0.022
1806	intended	80059	0.986	1	1	0.02
1807	ears	80061	0.986	1	1	0.02
1808	mouth	161086	1.984	2	2	0.011
1809	generally	80754	0.995	1	1	0.008
1810	off	323311	3.983	4	4	0.006
1811	have	4691254	57.791	58	42	0.005
1812	War	243324	2.998	3	2	0.001
1813	Lastly	81334	1.002	1	1	-0.003
1814	se	163405	2.013	2	2	-0.009
1815	told	164509	2.027	2	2	-0.019
1816	John	415725	5.121	5	5	-0.035
1817	wherein	332751	4.099	4	2	-0.035
1818	true	751380	9.256	9	4	-0.04
1819	acknowledge	83501	1.029	1	1	-0.041
1820	7	251211	3.095	3	3	-0.045
1821	spake	83909	1.034	1	1	-0.048
1822	but	6983890	86.034	83	54	-0.052
1823	thy	1346327	16.585	16	11	-0.052
1824	chosen	84591	1.042	1	1	-0.059
1825	which	6940930	85.505	82	49	-0.06
1826	gifts	84700	1.043	1	1	-0.061
1827	yield	85483	1.053	1	1	-0.075
1828	had	2740575	33.761	32	30	-0.077
1829	full	343239	4.228	4	4	-0.08
1830	close	86281	1.063	1	1	-0.088
1831	Tim	86301	1.063	1	1	-0.088
1832	Family	86324	1.063	1	1	-0.089
1833	never	778679	9.593	9	9	-0.092
1834	Fault	86579	1.067	1	1	-0.093
1835	table	86761	1.069	1	1	-0.096
1836	sight	174034	2.144	2	1	-0.1
1837	hour	87383	1.077	1	1	-0.106
1838	returned	87529	1.078	1	1	-0.109
1839	rise	87880	1.083	1	1	-0.115
1840	.	39047260	481.021	444	179	-0.116
1841	p.	440626	5.428	5	3	-0.118
1842	went	264770	3.262	3	3	-0.121
1843	reward	88300	1.088	1	1	-0.121
1844	better	443737	5.466	5	5	-0.129
1845	ill	177562	2.187	2	2	-0.129
1846	famous	88824	1.094	1	1	-0.13
1847	must	1333555	16.428	15	12	-0.131
1848	down	533657	6.574	6	6	-0.132
1849	seems	178155	2.195	2	2	-0.134
1850	satisfaction	89126	1.098	1	1	-0.135
1851	against	1339213	16.498	15	9	-0.137
1852	fall	267911	3.3	3	3	-0.138
1853	practice	89548	1.103	1	1	-0.142
1854	could	808277	9.957	9	9	-0.146
1855	forced	89873	1.107	1	1	-0.147
1856	these	1985969	24.465	22	20	-0.153
1857	willing	90371	1.113	1	1	-0.155
1858	half	181109	2.231	2	2	-0.158
1859	will	2993503	36.877	33	27	-0.16
1860	take	907131	11.175	10	9	-0.16
1861	was	5179337	63.804	57	43	-0.163
1862	Easy	91240	1.124	1	1	-0.169
1863	possible	91250	1.124	1	1	-0.169
1864	no	2739631	33.749	30	28	-0.17
1865	Well	1096551	13.508	12	12	-0.171
1866	nothing	640275	7.888	7	6	-0.172
1867	Guilty	91473	1.127	1	1	-0.172
1868	honourable	91740	1.13	1	1	-0.176
1869	Wherefore	183911	2.266	2	2	-0.18
1870	stay	91988	1.133	1	1	-0.18
1871	began	184715	2.276	2	2	-0.186
1872	town	184940	2.278	2	2	-0.188
1873	be	9896153	121.91	107	73	-0.188
1874	once	277740	3.422	3	3	-0.19
1875	learning	92794	1.143	1	1	-0.193
1876	heads	93035	1.146	1	1	-0.197
1877	oil	93227	1.149	1	1	-0.2
1878	still	373001	4.595	4	4	-0.2
1879	pleasure	186565	2.298	2	2	-0.201
1880	honour	374182	4.61	4	4	-0.205
1881	When	2343068	28.864	25	23	-0.207
1882	riches	93796	1.156	1	1	-0.209
1883	open	187653	2.312	2	2	-0.209
1884	ones	94155	1.16	1	1	-0.214
1885	History	94546	1.165	1	1	-0.22
1886	meat	94824	1.168	1	1	-0.224
1887	suffer	191145	2.355	2	1	-0.236
1888	came	478712	5.897	5	4	-0.238
1889	None	383245	4.721	4	4	-0.239
1890	delight	95852	1.181	1	1	-0.24
1891	learned	191725	2.362	2	2	-0.24
1892	Children	387096	4.769	4	4	-0.254
1893	speaking	96859	1.193	1	1	-0.255
1894	resolved	96934	1.194	1	1	-0.256
1895	come	1165618	14.359	12	11	-0.259
1896	Degree	97277	1.198	1	1	-0.261
1897	this	6548918	80.676	67	43	-0.268
1898	very	1174247	14.466	12	10	-0.27
1899	fire	294315	3.626	3	3	-0.273
1900	withal	98276	1.211	1	1	-0.276
1901	fit	197019	2.427	2	2	-0.279
1902	:	8018849	98.784	81	64	-0.286
1903	14.	99060	1.22	1	1	-0.287
1904	can	1982819	24.426	20	19	-0.288
1905	Image	99324	1.224	1	1	-0.291
1906	serve	198842	2.45	2	2	-0.292
1907	Beasts	99530	1.226	1	1	-0.294
1908	few	199429	2.457	2	2	-0.297
1909	perhaps	99958	1.231	1	1	-0.3
1910	write	99970	1.232	1	1	-0.3
1911	declare	100528	1.238	1	1	-0.308
1912	Thomas	100867	1.243	1	1	-0.313
1913	even	607522	7.484	6	6	-0.319
1914	Churches	202693	2.497	2	2	-0.32
1915	up	1119358	13.789	11	9	-0.326
1916	Communion	101932	1.256	1	1	-0.328
1917	lest	101960	1.256	1	1	-0.329
1918	fair	204535	2.52	2	2	-0.333
1919	also	1433690	17.662	14	12	-0.335
1920	SPEECH	103090	1.27	1	1	-0.345
1921	Subject	206440	2.543	2	2	-0.347
1922	kind	310094	3.82	3	3	-0.349
1923	bring	310345	3.823	3	3	-0.35
1924	his	9217642	113.552	89	67	-0.351
1925	Twenty	103869	1.28	1	1	-0.356
1926	suppose	104105	1.283	1	1	-0.359
1927	too	521045	6.419	5	5	-0.36
1928	immediately	104214	1.284	1	1	-0.36
1929	appear	209107	2.576	2	2	-0.365
1930	h.	104565	1.288	1	1	-0.365
1931	again	627628	7.732	6	6	-0.366
1932	because	1157094	14.254	11	10	-0.374
1933	longer	105304	1.297	1	1	-0.375
1934	pride	105444	1.299	1	1	-0.377
1935	going	105462	1.299	1	1	-0.378
1936	all	5908829	72.791	56	41	-0.378
1937	sayeth	633645	7.806	6	6	-0.38
1938	account	211262	2.603	2	2	-0.38
1939	fight	105643	1.301	1	1	-0.38
1940	22	105972	1.306	1	1	-0.385
1941	b	106037	1.306	1	1	-0.385
1942	are	5017099	61.805	47	36	-0.395
1943	see	961542	11.845	9	9	-0.396
1944	pure	107081	1.319	1	1	-0.4
1945	special	107206	1.321	1	1	-0.401
1946	Break	107397	1.323	1	1	-0.404
1947	mighty	107406	1.323	1	1	-0.404
1948	manifest	107661	1.326	1	1	-0.407
1949	more	2262327	27.87	21	20	-0.408
1950	2	973176	11.989	9	9	-0.414
1951	said	1514302	18.655	14	14	-0.414
1952	secret	108173	1.333	1	1	-0.414
1953	Jerusalem	108264	1.334	1	1	-0.415
1954	grow	108376	1.335	1	1	-0.417
1955	Error	108610	1.338	1	1	-0.42
1956	Witness	109825	1.353	1	1	-0.436
1957	turned	109846	1.353	1	1	-0.436
1958	help	220081	2.711	2	2	-0.439
1959	does	222564	2.742	2	2	-0.455
1960	court	223217	2.75	2	2	-0.459
1961	care	224334	2.764	2	2	-0.467
1962	gone	112323	1.384	1	1	-0.469
1963	out	1686345	20.774	15	14	-0.47
1964	thus	788750	9.717	7	7	-0.473
1965	first	1465032	18.048	13	12	-0.473
1966	offered	113433	1.397	1	1	-0.483
1967	wrath	113648	1.4	1	1	-0.485
1968	another	682313	8.405	6	6	-0.486
1969	houses	114523	1.411	1	1	-0.497
1970	often	229358	2.825	2	2	-0.498
1971	after	1272516	15.676	11	10	-0.511
1972	River	115702	1.425	1	1	-0.511
1973	title	115960	1.429	1	1	-0.515
1974	show	349122	4.301	3	3	-0.52
1975	parts	350458	4.317	3	2	-0.525
1976	Sea	233892	2.881	2	2	-0.527
1977	length	117029	1.442	1	1	-0.528
1978	not	8929558	110.003	76	51	-0.533
1979	Gen.	118079	1.455	1	1	-0.541
1980	proved	118293	1.457	1	1	-0.543
1981	within	355110	4.375	3	2	-0.544
1982	repentance	118567	1.461	1	1	-0.547
1983	him	4270811	52.612	36	20	-0.547
1984	certainly	118694	1.462	1	1	-0.548
1985	might	949632	11.699	8	8	-0.548
1986	19	119133	1.468	1	1	-0.553
1987	lay	238823	2.942	2	2	-0.557
1988	selves	358503	4.416	3	3	-0.558
1989	presently	119716	1.475	1	1	-0.561
1990	to	27864128	343.256	232	128	-0.565
1991	done	601055	7.404	5	5	-0.566
1992	taken	481305	5.929	4	3	-0.568
1993	send	120341	1.483	1	1	-0.568
1994	sins	361871	4.458	3	3	-0.571
1995	where	1086411	13.383	9	7	-0.572
1996	may	2661871	32.791	22	18	-0.576
1997	say	1089806	13.425	9	9	-0.577
1998	Pray	242183	2.983	2	2	-0.577
1999	sin	729699	8.989	6	6	-0.583
2000	took	243304	2.997	2	2	-0.584
2001	civil	121918	1.502	1	1	-0.587
2002	mean	244094	3.007	2	2	-0.588
2003	through	491298	6.052	4	4	-0.597
2004	here	866663	10.676	7	6	-0.609
2005	as	9292085	114.469	74	53	-0.629
2006	amongst	251926	3.104	2	2	-0.634
2007	receive	254239	3.132	2	2	-0.647
2008	at	3182175	39.201	25	23	-0.649
2009	So	5366625	66.111	42	36	-0.655
2010	confess	127821	1.575	1	1	-0.655
2011	Temple	127888	1.575	1	1	-0.656
2012	taught	128541	1.584	1	1	-0.663
2013	Then	2700348	33.265	21	19	-0.664
2014	only	1544540	19.027	12	12	-0.665
2015	they	6960305	85.744	54	38	-0.667
2016	power	776557	9.566	6	4	-0.673
2017	pleased	129448	1.595	1	1	-0.673
2018	dead	259219	3.193	2	2	-0.675
2019	18	129797	1.599	1	1	-0.677
2020	former	261116	3.217	2	2	-0.686
2021	rather	393402	4.846	3	3	-0.692
2022	Prayers	131302	1.618	1	1	-0.694
2023	judge	262867	3.238	2	2	-0.695
2024	Laws	264682	3.261	2	2	-0.705
2025	means	397591	4.898	3	3	-0.707
2026	Chapter	132959	1.638	1	1	-0.712
2027	such	2262212	27.868	17	17	-0.713
2028	Light	399350	4.92	3	2	-0.714
2029	please	133516	1.645	1	1	-0.718
2030	10.	134546	1.658	1	1	-0.729
2031	teach	134574	1.658	1	1	-0.729
2032	draw	134904	1.662	1	1	-0.733
2033	White	134914	1.662	1	1	-0.733
2034	fear	406154	5.003	3	3	-0.738
2035	Religion	406309	5.005	3	3	-0.738
2036	dare	135920	1.674	1	1	-0.744
2037	Soldiers	136167	1.677	1	1	-0.746
2038	e	136544	1.682	1	1	-0.75
2039	there	2595192	31.97	19	17	-0.751
2040	Argument	136912	1.687	1	1	-0.754
2041	large	136943	1.687	1	1	-0.754
2042	goodness	137312	1.692	1	1	-0.758
2043	doth	963309	11.867	7	7	-0.762
2044	father	550491	6.782	4	4	-0.762
2045	Friend	138523	1.707	1	1	-0.771
2046	own	1256418	15.478	9	8	-0.782
2047	high	281250	3.465	2	2	-0.793
2048	Angels	142073	1.75	1	1	-0.808
2049	most	1280269	15.772	9	9	-0.809
2050	rich	142318	1.753	1	1	-0.81
2051	showed	142959	1.761	1	1	-0.816
2052	eyes	285959	3.523	2	1	-0.817
2053	deny	143761	1.771	1	1	-0.825
2054	any	2444028	30.108	17	15	-0.825
2055	Air	144042	1.774	1	1	-0.827
2056	home	144093	1.775	1	1	-0.828
2057	David	144398	1.779	1	1	-0.831
2058	4	434750	5.356	3	3	-0.836
2059	Priests	145909	1.797	1	1	-0.846
2060	Foot	146629	1.806	1	1	-0.853
2061	afterwards	146805	1.809	1	1	-0.855
2062	noble	146938	1.81	1	1	-0.856
2063	commanded	147447	1.816	1	1	-0.861
2064	set	595126	7.331	4	2	-0.874
2065	16	148850	1.834	1	1	-0.875
2066	Servants	149996	1.848	1	1	-0.886
2067	earth	451529	5.562	3	3	-0.891
2068	those	1667771	20.545	11	10	-0.901
2069	7.	151741	1.869	1	1	-0.902
2070	Man	1972758	24.302	13	12	-0.903
2071	easily	151870	1.871	1	1	-0.904
2072	short	151930	1.872	1	1	-0.904
2073	Behold	152112	1.874	1	1	-0.906
2074	Moses	152440	1.878	1	1	-0.909
2075	Prince	306162	3.772	2	1	-0.915
2076	speaks	153099	1.886	1	1	-0.915
2077	Some	1845849	22.739	12	10	-0.922
2078	plain	154580	1.904	1	1	-0.929
2079	15	154905	1.908	1	1	-0.932
2080	Excellent	155285	1.913	1	1	-0.936
2081	sweet	155475	1.915	1	1	-0.938
2082	he	9215356	113.523	59	52	-0.944
2083	from	3924250	48.343	25	21	-0.951
2084	into	1727535	21.281	11	10	-0.952
2085	already	157133	1.936	1	1	-0.953
2086	Subjects	157137	1.936	1	1	-0.953
2087	Office	157520	1.941	1	1	-0.956
2088	in	20011385	246.519	127	83	-0.957
2089	would	1733888	21.36	11	11	-0.957
2090	before	1422340	17.522	9	9	-0.961
2091	causes	158986	1.959	1	1	-0.97
2092	their	5435041	66.954	34	28	-0.978
2093	Secondly	160056	1.972	1	1	-0.979
2094	by	7416468	91.363	46	36	-0.99
2095	act	322490	3.973	2	2	-0.99
2096	live	322774	3.976	2	2	-0.991
2097	right	484646	5.97	3	3	-0.993
2098	other	2103223	25.91	13	11	-0.995
2099	enemy	162072	1.997	1	1	-0.998
2100	late	162556	2.003	1	1	-1.002
2101	both	976138	12.025	6	6	-1.003
2102	seek	163878	2.019	1	1	-1.013
2103	lost	164242	2.023	1	1	-1.017
2104	wine	164447	2.026	1	1	-1.018
2105	State	329799	4.063	2	1	-1.022
2106	seem	166761	2.054	1	1	-1.039
2107	comfort	167468	2.063	1	1	-1.045
2108	according	502781	6.194	3	3	-1.046
2109	best	335557	4.134	2	2	-1.047
2110	worthy	168026	2.07	1	1	-1.05
2111	favour	168241	2.073	1	1	-1.051
2112	Scriptures	168254	2.073	1	1	-1.052
2113	Head	338290	4.167	2	2	-1.059
2114	whatsoever	170245	2.097	1	1	-1.068
2115	unto	1880305	23.163	11	9	-1.074
2116	&	2737777	33.727	16	15	-1.076
2117	Ministers	171247	2.11	1	1	-1.077
2118	wit	172149	2.121	1	1	-1.085
2119	thereby	172833	2.129	1	1	-1.09
2120	day	864384	10.648	5	5	-1.091
2121	form	173701	2.14	1	1	-1.097
2122	therefore	1231317	15.169	7	6	-1.116
2123	year	352165	4.338	2	2	-1.117
2124	english	176398	2.173	1	1	-1.12
2125	being	1764433	21.736	10	10	-1.12
2126	People	885047	10.903	5	3	-1.125
2127	return	177443	2.186	1	1	-1.128
2128	command	177468	2.186	1	1	-1.128
2129	charge	178431	2.198	1	1	-1.136
2130	joy	178769	2.202	1	1	-1.139
2131	evil	357919	4.409	2	2	-1.141
2132	therein	178975	2.205	1	1	-1.141
2133	think	539870	6.651	3	3	-1.149
2134	ANSWER	362673	4.468	2	2	-1.16
2135	mine	181777	2.239	1	1	-1.163
2136	strong	182777	2.252	1	1	-1.171
2137	laid	184949	2.278	1	1	-1.188
2138	Two	926661	11.416	5	4	-1.191
2139	certain	370843	4.568	2	2	-1.192
2140	want	185706	2.288	1	1	-1.194
2141	understand	185715	2.288	1	1	-1.194
2142	Christ	1858951	22.9	10	10	-1.195
2143	written	186305	2.295	1	1	-1.199
2144	World	932868	11.492	5	5	-1.201
2145	Saint	186918	2.303	1	1	-1.203
2146	Army	188187	2.318	1	1	-1.213
2147	life	948809	11.688	5	5	-1.225
2148	end	571167	7.036	3	3	-1.23
2149	themselves	761621	9.382	4	4	-1.23
2150	6.	191822	2.363	1	1	-1.241
2151	i.	191916	2.364	1	1	-1.241
2152	gives	192161	2.367	1	1	-1.243
2153	glory	384462	4.736	2	2	-1.244
2154	Liberty	193859	2.388	1	1	-1.256
2155	them	4855982	59.821	25	19	-1.259
2156	eternal	195016	2.402	1	1	-1.264
2157	making	195439	2.408	1	1	-1.268
2158	St.	195546	2.409	1	1	-1.268
2159	strength	196140	2.416	1	1	-1.273
2160	est	394171	4.856	2	2	-1.28
2161	Jews	197436	2.432	1	1	-1.282
2162	sort	197789	2.437	1	1	-1.285
2163	Et	199777	2.461	1	1	-1.299
2164	Jesus	399809	4.925	2	2	-1.3
2165	V.	202373	2.493	1	1	-1.318
2166	age	202681	2.497	1	1	-1.32
2167	coming	203089	2.502	1	1	-1.323
2168	Cor.	203716	2.51	1	1	-1.327
2169	ye	825703	10.172	4	4	-1.347
2170	much	1448309	17.842	7	7	-1.35
2171	part	827721	10.197	4	3	-1.35
2172	thousand	207672	2.558	1	1	-1.355
2173	Consider	208021	2.563	1	1	-1.358
2174	divers	210634	2.595	1	1	-1.376
2175	follow	211834	2.61	1	1	-1.384
2176	although	212964	2.624	1	1	-1.391
2177	fathers	213875	2.635	1	1	-1.398
2178	likewise	215998	2.661	1	1	-1.412
2179	free	216340	2.665	1	1	-1.414
2180	sure	217623	2.681	1	1	-1.423
2181	far	439291	5.412	2	2	-1.436
2182	Christians	219658	2.706	1	1	-1.436
2183	whereby	220196	2.713	1	1	-1.44
2184	about	661900	8.154	3	3	-1.443
2185	reason	664880	8.191	3	3	-1.449
2186	others	665440	8.198	3	3	-1.45
2187	service	222275	2.738	1	1	-1.453
2188	together	444738	5.479	2	2	-1.454
2189	thing	892670	10.997	4	4	-1.459
2190	otherwise	223302	2.751	1	1	-1.46
2191	sometimes	226924	2.796	1	1	-1.483
2192	seen	227877	2.807	1	1	-1.489
2193	Master	228418	2.814	1	1	-1.493
2194	Council	228985	2.821	1	1	-1.496
2195	it	11231693	138.363	49	36	-1.498
2196	Near	232787	2.868	1	1	-1.52
2197	death	707920	8.721	3	2	-1.539
2198	were	2871299	35.371	12	12	-1.56
2199	Virtue	240899	2.968	1	1	-1.569
2200	we	4105074	50.57	17	11	-1.573
2201	Wise	241600	2.976	1	1	-1.574
2202	8	242055	2.982	1	1	-1.576
2203	Justice	242072	2.982	1	1	-1.576
2204	souls	242572	2.988	1	1	-1.579
2205	hold	243646	3.002	1	1	-1.586
2206	given	491070	6.05	2	2	-1.597
2207	small	246878	3.041	1	1	-1.605
2208	natural	246892	3.041	1	1	-1.605
2209	towards	247540	3.049	1	1	-1.609
2210	word	751485	9.258	3	2	-1.626
2211	Heaven	503504	6.203	2	2	-1.633
2212	each	252025	3.105	1	1	-1.634
2213	page	252043	3.105	1	1	-1.635
2214	way	756236	9.316	3	3	-1.635
2215	Enemies	253975	3.129	1	1	-1.646
2216	Verse	254782	3.139	1	1	-1.65
2217	Look	255208	3.144	1	1	-1.653
2218	truth	521766	6.428	2	2	-1.684
2219	concerning	262903	3.239	1	1	-1.695
2220	leave	264688	3.261	1	1	-1.705
2221	whole	534092	6.579	2	2	-1.718
2222	himself	1068396	13.162	4	4	-1.718
2223	things	1357990	16.729	5	5	-1.742
2224	Able	271961	3.35	1	1	-1.744
2225	heart	559805	6.896	2	2	-1.786
2226	just	281045	3.462	1	1	-1.792
2227	else	281410	3.467	1	1	-1.794
2228	left	284479	3.505	1	1	-1.809
2229	die	284558	3.506	1	1	-1.81
2230	Sense	285637	3.519	1	1	-1.815
2231	Gospel	291769	3.594	1	1	-1.846
2232	cause	585252	7.21	2	2	-1.85
2233	c.	296045	3.647	1	1	-1.867
2234	Christian	303553	3.739	1	1	-1.903
2235	put	607656	7.486	2	2	-1.904
2236	nature	607747	7.487	2	2	-1.904
2237	6	304045	3.746	1	1	-1.905
2238	several	304872	3.756	1	1	-1.909
2239	places	305157	3.759	1	1	-1.91
2240	desire	306364	3.774	1	1	-1.916
2241	land	307074	3.783	1	1	-1.919
2242	England	309285	3.81	1	1	-1.93
2243	Country	310285	3.822	1	1	-1.934
2244	same	1256120	15.474	4	4	-1.952
2245	least	319491	3.936	1	1	-1.977
2246	Gods	640962	7.896	2	2	-1.981
2247	God	4174430	51.425	13	13	-1.984
2248	words	643917	7.932	2	2	-1.988
2249	hands	327530	4.035	1	1	-2.012
2250	general	331599	4.085	1	1	-2.03
2251	less	337828	4.162	1	1	-2.057
2252	5	338721	4.173	1	1	-2.061
2253	sent	348162	4.289	1	1	-2.101
2254	holy	701649	8.644	2	2	-2.112
2255	thought	352735	4.345	1	1	-2.119
2256	body	712249	8.774	2	2	-2.133
2257	Law	712338	8.775	2	2	-2.133
2258	time	1426900	17.578	4	4	-2.136
2259	makes	359288	4.426	1	1	-2.146
2260	1	1451762	17.884	4	4	-2.161
2261	without	1089706	13.424	3	3	-2.162
2262	person	366738	4.518	1	1	-2.176
2263	Men	1835942	22.617	5	5	-2.177
2264	peace	369451	4.551	1	1	-2.186
2265	among	379416	4.674	1	1	-2.225
2266	till	379902	4.68	1	1	-2.227
2267	days	393520	4.848	1	1	-2.277
2268	rest	396125	4.88	1	1	-2.287
2269	S.	403850	4.975	1	1	-2.315
2270	ought	406522	5.008	1	1	-2.324
2271	mind	407887	5.025	1	1	-2.329
2272	our	3333885	41.07	8	7	-2.36
2273	Work	425644	5.244	1	1	-2.391
2274	years	427133	5.262	1	1	-2.396
2275	whether	435425	5.364	1	1	-2.423
2276	new	447014	5.507	1	1	-2.461
2277	thereof	458302	5.646	1	1	-2.497
2278	find	472931	5.826	1	1	-2.543
2279	three	474878	5.85	1	1	-2.548
2280	let	968524	11.931	2	2	-2.577
2281	either	552589	6.807	1	1	-2.767
2282	King	1308410	16.118	2	2	-3.011
2283	Spirit	654859	8.067	1	1	-3.012
2284	good	1608969	19.821	2	2	-3.309
2285	place	808630	9.962	1	1	-3.316
2286	us	2216337	27.303	2	2	-3.771
2287	Lord	1459090	17.974	1	1	-4.168
2288	Mantoplicee	1	0	1	1	n/a
2289	handsommess	1	0	1	1	n/a
2290	mongens	1	0	1	1	n/a
2291	Obricius	1	0	1	1	n/a
2292	Lollea	2	0	1	1	n/a
2293	inhatitant	1	0	1	1	n/a
2294	prevish	2	0	1	1	n/a
2295	Chatolins	4	0	1	1	n/a
2296	ulcering	3	0	1	1	n/a
2297	meretricious-times	1	0	1	1	n/a
2298	whosesoe	1	0	1	1	n/a
2299	spokes-woman	3	0	1	1	n/a
2300	Cogly	1	0	1	1	n/a
2301	Damye	2	0	1	1	n/a
2302	Bedlam-men	2	0	1	1	n/a
2303	Squab-skipers	1	0	1	1	n/a
2304	streal	1	0	1	1	n/a
2305	rot'em	1	0	1	1	n/a
2306	qoodo	1	0	1	1	n/a
2307	Sdomits.	1	0	1	1	n/a
2308	Shiftwels	3	0	3	1	n/a
2309	whoremaster.	1	0	1	1	n/a
2310	otherTwo	1	0	1	1	n/a
2311	Yardfish	1	0	1	1	n/a
2312	lock-her	1	0	1	1	n/a
2313	Glucupicron	4	0	1	1	n/a
2314	RumfordNovrint	1	0	1	1	n/a
2315	Mineral-race	1	0	1	1	n/a
2316	Stanclift	2	0	2	2	n/a
2317	chejfly	1	0	1	1	n/a
2318	Gameing-house	3	0	1	1	n/a
2319	Weerlings	1	0	1	1	n/a
2320	Oppressious	4	0	1	1	n/a
2321	Irish-English	4	0	1	1	n/a
2322	reputution	2	0	1	1	n/a
2323	mnmers	1	0	1	1	n/a
2324	Neaplin	1	0	1	1	n/a
2325	Presidentess	3	0	1	1	n/a
2326	Quaerante	1	0	1	1	n/a
2327	Neplitan	1	0	1	1	n/a
2328	Whoremonger.	3	0	1	1	n/a
2329	Cmmotions	3	0	1	1	n/a
2330	antwoorde	4	0	1	1	n/a
2331	Strowling-Morts	3	0	2	1	n/a
2332	Lincy-Wolcy	1	0	1	1	n/a
2333	Idoltries	4	0	1	1	n/a
2334	Bryanum	1	0	1	1	n/a
2335	SwimThe	1	0	1	1	n/a
2336	garden-groves	1	0	1	1	n/a
2337	Bawde	2	0	1	1	n/a
2338	Neaplan	1	0	1	1	n/a
2339	instead-Wife	1	0	1	1	n/a
2340	Gilflurt	3	0	1	1	n/a
2341	Madiction	1	0	1	1	n/a
2342	VniversiSink	1	0	1	1	n/a
