https://cqpweb.lancs.ac.uk/eebov3/concordance.php?pp=1&theData=%7Bwhore%2FN%7D&qmode=sq_nocase&del=begin%26t%3D-%7Cyear%7E1667%26t%3D-%7Cyear%7E1668%26t%3D-%7Cyear%7E1669%26t%3D-%7Cyear%7E1670%26t%3D-%7Cyear%7E1671%26t%3D-%7Cyear%7E1672%26t%3D-%7Cyear%7E1673%26t%3D-%7Cyear%7E1674%26t%3D-%7Cyear%7E1675%26t%3D-%7Cyear%7E1676&del=end&uT=yThere are 2,482 different words in your collocation database for "[lemma="(whore)_SUBST"%c]". (Your query "{whore/N}", restricted to texts meeting criteria "<em>year</em>: <em>1667</em> or <em>1668</em> or <em>1669</em> or <em>1670</em> or <em>1671</em> or <em>1672</em> or <em>1673</em> or <em>1674</em> or <em>1675</em> or <em>1676</em>",  returned 1,695 matches in 451 different texts)  
__________________

No.	Word	Total no. in whole corpus	Expected collocate frequency	Observed collocate frequency	In no. of texts	Mutual information value

1	plundra	9	0	2	1	14.288
2	Cacque	10	0	2	1	14.288
3	Figgup	5	0	2	1	14.288
4	Nepolitan	9	0	1	1	13.288
5	Irish-English	4	0	1	1	13.288
6	antwoorde	4	0	1	1	13.288
7	Zoun	9	0	1	1	13.288
8	Chatolins	4	0	1	1	13.288
9	Brigidaccia	5	0	1	1	13.288
10	Menetus	9	0	1	1	13.288
11	Clarmounts	7	0	1	1	13.288
12	Theodata	7	0	1	1	13.288
13	Goshall	6	0	1	1	13.288
14	Morcho	6	0	1	1	13.288
15	scariet	7	0	1	1	13.288
16	Oppressious	4	0	1	1	13.288
17	Teigh	6	0	1	1	13.288
18	Idoltries	4	0	1	1	13.288
19	Dawbourne	6	0	1	1	13.288
20	Glucupicron	4	0	1	1	13.288
21	affrontednesse	6	0	1	1	13.288
22	Inch-meal	7	0	1	1	13.288
23	Romesh	5	0	1	1	13.288
24	won'	5	0	1	1	13.288
25	Herace	8	0	1	1	13.288
26	17.5.7.	6	0	1	1	13.288
27	cross-bit	8	0	1	1	13.288
28	twohorned	5	0	1	1	13.288
29	Cyrcaean	6	0	1	1	13.288
30	approueing	5	0	1	1	13.288
31	mighily	10	0	1	1	13.288
32	whomsoe	15	0	1	1	12.288
33	domn	13	0	1	1	12.288
34	Chevers	14	0	1	1	12.288
35	Iesper	15	0	1	1	12.288
36	unpack	11	0	1	1	12.288
37	Emblematick	16	0	1	1	12.288
38	Cloantus	15	0	1	1	12.288
39	Foxians	11	0	1	1	12.288
40	illegitimately	17	0	1	1	12.288
41	fair-tongu	14	0	1	1	12.288
42	Poorman	16	0	1	1	12.288
43	Coteham	12	0	1	1	12.288
44	two-horn	15	0	1	1	12.288
45	aominable	12	0	1	1	12.288
46	Masquarade	14	0	1	1	12.288
47	bylon	17	0	1	1	12.288
48	impudicae	16	0	1	1	12.288
49	Suburrana	16	0	1	1	12.288
50	nvail	12	0	1	1	12.288
51	Srumpet	12	0	1	1	12.288
52	Clarindas	15	0	1	1	12.288
53	sorehead	11	0	1	1	12.288
54	'im	20	0	1	1	11.703
55	Rossana	19	0	1	1	11.703
56	peregrinarum	19	0	1	1	11.703
57	pily	24	0	1	1	11.703
58	Legacy.	22	0	1	1	11.703
59	Trayterly	24	0	1	1	11.703
60	betra	23	0	1	1	11.703
61	demostrate	20	0	1	1	11.703
62	Pru.	22	0	1	1	11.703
63	Beantosser	20	0	1	1	11.703
64	Whurl	22	0	1	1	11.703
65	Abrahall	21	0	1	1	11.703
66	forchead	21	0	1	1	11.703
67	BabylonA	22	0	1	1	11.703
68	refusedst	68	0.001	3	3	11.551
69	outlives	49	0.001	2	2	11.48
70	Shroftide	30	0	1	1	11.288
71	fufficiently	27	0	1	1	11.288
72	MDCLXXIII	30	0	1	1	11.288
73	Sheese	25	0	1	1	11.288
74	backslided	30	0	1	1	11.288
75	Toldo	25	0	1	1	11.288
76	Bbylon	27	0	1	1	11.288
77	latry	29	0	1	1	11.288
78	Stroller	25	0	1	1	11.288
79	ulled	30	0	1	1	11.288
80	Prue	67	0.001	2	1	11.118
81	I'ad	32	0.001	1	1	10.966
82	afair	34	0.001	1	1	10.966
83	forcerers	35	0.001	1	1	10.966
84	56.9	39	0.001	1	1	10.966
85	Mps	35	0.001	1	1	10.966
86	Decker	105	0.002	3	1	10.966
87	patch't	43	0.001	1	1	10.703
88	Super-annuated	42	0.001	1	1	10.703
89	Conchylia	43	0.001	1	1	10.703
90	Quarante	82	0.001	2	1	10.703
91	Stainer	40	0.001	1	1	10.703
92	Fornicating	88	0.001	2	2	10.703
93	unmasks	42	0.001	1	1	10.703
94	Clarmount	44	0.001	1	1	10.703
95	Scarlet-colour	46	0.001	1	1	10.703
96	itteth	46	0.001	1	1	10.703
97	Scre	40	0.001	1	1	10.703
98	Idolatress	51	0.001	1	1	10.48
99	Snuff-box	49	0.001	1	1	10.48
100	Arrantest	101	0.001	2	2	10.48
101	Calk	55	0.001	1	1	10.288
102	whore-houses	54	0.001	1	1	10.288
103	Whetston	58	0.001	1	1	10.288
104	answerd	54	0.001	1	1	10.288
105	Salisbury-Court	54	0.001	1	1	10.288
106	stageplayes	60	0.001	1	1	10.288
107	Solomen	58	0.001	1	1	10.288
108	Jupit	57	0.001	1	1	10.288
109	whore-monger	60	0.001	1	1	10.288
110	Whored	180	0.003	3	3	10.229
111	profaneth	62	0.001	1	1	10.118
112	scarlet-coloured	125	0.002	2	2	10.118
113	Butes	63	0.001	1	1	10.118
114	Erycine	63	0.001	1	1	10.118
115	Clerkenwell	136	0.002	2	2	10.04
116	mongers	208	0.003	3	3	10.015
117	scrat	72	0.001	1	1	9.966
118	wine-bibbers	76	0.001	1	1	9.828
119	Papals	76	0.001	1	1	9.828
120	gits	81	0.001	1	1	9.828
121	Iilt	163	0.002	2	1	9.764
122	onother	85	0.001	1	1	9.703
123	transgres	84	0.001	1	1	9.703
124	politely	85	0.001	1	1	9.703
125	Polices	84	0.001	1	1	9.703
126	Close-stool	170	0.002	2	2	9.703
127	Elyzium	91	0.001	1	1	9.587
128	Aphelia	181	0.003	2	1	9.587
129	Baber	95	0.001	1	1	9.587
130	23.18.	91	0.001	1	1	9.587
131	Linsey-Woolsey	98	0.001	1	1	9.48
132	Man-slayers	98	0.001	1	1	9.48
133	Fenestram	99	0.001	1	1	9.48
134	Minx	106	0.002	1	1	9.381
135	Togata	104	0.002	1	1	9.381
136	punks	109	0.002	1	1	9.381
137	shild	103	0.002	1	1	9.381
138	appe	115	0.002	1	1	9.288
139	Josephum	111	0.002	1	1	9.288
140	widdow	120	0.002	1	1	9.2
141	Tatlers	124	0.002	1	1	9.2
142	whosoe	130	0.002	1	1	9.118
143	veryest	128	0.002	1	1	9.118
144	Hermophrodite	131	0.002	1	1	9.118
145	17.16.	255	0.004	2	1	9.118
146	witching	131	0.002	1	1	9.118
147	Willie	136	0.002	1	1	9.04
148	her-self	140	0.002	1	1	8.966
149	prononce	144	0.002	1	1	8.966
150	643.	143	0.002	1	1	8.966
151	countenanceth	145	0.002	1	1	8.966
152	Succubus	148	0.002	1	1	8.895
153	Caca	149	0.002	1	1	8.895
154	17.16	459	0.007	3	3	8.85
155	912.	155	0.002	1	1	8.828
156	Sabbath-breaker	153	0.002	1	1	8.828
157	Courtisan	156	0.002	1	1	8.828
158	Euphranor	161	0.002	1	1	8.764
159	Flirt	163	0.002	1	1	8.764
160	Cydaria	160	0.002	1	1	8.764
161	Snarl	328	0.005	2	1	8.764
162	Vat	659	0.009	4	2	8.749
163	Pimp	1027	0.015	6	6	8.693
164	Dol	1048	0.015	6	1	8.663
165	Slut	523	0.007	3	3	8.663
166	meretricious	176	0.003	1	1	8.644
167	Franciscum	179	0.003	1	1	8.644
168	foul-mouthed	182	0.003	1	1	8.587
169	Synchronism	187	0.003	1	1	8.587
170	24.10.	181	0.003	1	1	8.587
171	Preachments	183	0.003	1	1	8.587
172	Ansam	195	0.003	1	1	8.533
173	Midianitish	194	0.003	1	1	8.533
174	909	191	0.003	1	1	8.533
175	hide-bound	188	0.003	1	1	8.533
176	Baud	767	0.011	4	3	8.533
177	mangy	395	0.006	2	1	8.48
178	Hous	202	0.003	1	1	8.48
179	ducked	200	0.003	1	1	8.48
180	roundhead	209	0.003	1	1	8.43
181	Iambics	203	0.003	1	1	8.43
182	Quean	412	0.006	2	2	8.43
183	Georgium	212	0.003	1	1	8.381
184	filthiest	215	0.003	1	1	8.381
185	Protesilaus	210	0.003	1	1	8.381
186	Sloven	214	0.003	1	1	8.381
187	Hoseah	213	0.003	1	1	8.381
188	werse	212	0.003	1	1	8.381
189	Fornications	1721	0.024	8	6	8.363
190	ustice	217	0.003	1	1	8.334
191	Bawd	2878	0.041	13	9	8.323
192	Whoremonger	678	0.01	3	2	8.288
193	ten-horned	225	0.003	1	1	8.288
194	Phancie	227	0.003	1	1	8.288
195	17.1.	463	0.007	2	2	8.265
196	14.7.	235	0.003	1	1	8.243
197	Ref	231	0.003	1	1	8.243
198	carted	237	0.003	1	1	8.243
199	falfe	231	0.003	1	1	8.243
200	16.33.	233	0.003	1	1	8.243
201	Agellius	242	0.003	1	1	8.2
202	Sorceries	1462	0.021	6	2	8.186
203	huffing	489	0.007	2	2	8.179
204	BABYLONS	987	0.014	4	4	8.169
205	Stage-play	251	0.004	1	1	8.158
206	ick	493	0.007	2	1	8.158
207	22.5.	245	0.004	1	1	8.158
208	Terret	245	0.004	1	1	8.158
209	him-self	247	0.004	1	1	8.158
210	imperiousness	253	0.004	1	1	8.118
211	18.8.	263	0.004	1	1	8.078
212	CHRCH	263	0.004	1	1	8.078
213	swill	522	0.007	2	2	8.078
214	Almeria	267	0.004	1	1	8.04
215	16.5.	278	0.004	1	1	8.002
216	12.17.	275	0.004	1	1	8.002
217	823	278	0.004	1	1	8.002
218	Penknife	281	0.004	1	1	7.966
219	Craze	284	0.004	1	1	7.966
220	whordom	281	0.004	1	1	7.966
221	19.2.	299	0.004	1	1	7.895
222	scolds	299	0.004	1	1	7.895
223	pocky	594	0.008	2	2	7.895
224	Turd	301	0.004	1	1	7.895
225	greased	297	0.004	1	1	7.895
226	cauterized	305	0.004	1	1	7.861
227	Baltazar	304	0.004	1	1	7.861
228	Killigrew	309	0.004	1	1	7.828
229	Babylon	38888	0.548	124	68	7.821
230	Nigr	322	0.005	1	1	7.796
231	scarlet	9179	0.129	28	20	7.757
232	8.19.	333	0.005	1	1	7.733
233	t'	331	0.005	1	1	7.733
234	Trumperies	336	0.005	1	1	7.733
235	Monkery	339	0.005	1	1	7.703
236	two-horned	340	0.005	1	1	7.703
237	libidinis	337	0.005	1	1	7.703
238	begar	680	0.01	2	1	7.703
239	Bumpkin	343	0.005	1	1	7.703
240	Whoremaster	337	0.005	1	1	7.703
241	round-head	349	0.005	1	1	7.673
242	Diable	350	0.005	1	1	7.673
243	19.19	357	0.005	1	1	7.644
244	Fardel	358	0.005	1	1	7.644
245	Inachus	365	0.005	1	1	7.615
246	lude	368	0.005	1	1	7.587
247	superlatively	368	0.005	1	1	7.587
248	dawned	374	0.005	1	1	7.56
249	colorably	385	0.005	1	1	7.533
250	flashy	382	0.005	1	1	7.533
251	deifying	390	0.006	1	1	7.506
252	jades	397	0.006	1	1	7.48
253	Pru	405	0.006	1	1	7.455
254	Cuff	413	0.006	1	1	7.43
255	plentious	420	0.006	1	1	7.405
256	acutely	418	0.006	1	1	7.405
257	t'a	420	0.006	1	1	7.405
258	rides	4321	0.061	10	3	7.359
259	18.24	434	0.006	1	1	7.357
260	dam	5258	0.074	12	2	7.339
261	16.15.	437	0.006	1	1	7.334
262	Mob	884	0.013	2	1	7.322
263	whoremongers	1796	0.025	4	3	7.305
264	unhorsed	451	0.006	1	1	7.288
265	aperire	452	0.006	1	1	7.288
266	scurvey	454	0.006	1	1	7.288
267	prostituting	452	0.006	1	1	7.288
268	Moll	454	0.006	1	1	7.288
269	Noct	453	0.006	1	1	7.288
270	Bawds	1844	0.026	4	4	7.265
271	Whorish	1842	0.026	4	3	7.265
272	Chambermaid	461	0.007	1	1	7.265
273	reat	470	0.007	1	1	7.243
274	meretrix	474	0.007	1	1	7.222
275	spelling	490	0.007	1	1	7.179
276	play-houses	495	0.007	1	1	7.158
277	Haw	505	0.007	1	1	7.138
278	sluggards	513	0.007	1	1	7.118
279	17.3.	508	0.007	1	1	7.118
280	13.11.	511	0.007	1	1	7.118
281	Nothus	508	0.007	1	1	7.118
282	leavings	519	0.007	1	1	7.098
283	Welshman	520	0.007	1	1	7.098
284	523	519	0.007	1	1	7.098
285	Brats	1042	0.015	2	1	7.088
286	Prelatists	523	0.007	1	1	7.078
287	Rut	528	0.007	1	1	7.078
288	adulterer	4237	0.06	8	8	7.066
289	instigations	534	0.008	1	1	7.059
290	House-keeper	532	0.008	1	1	7.059
291	deflower	534	0.008	1	1	7.059
292	6.15.	540	0.008	1	1	7.04
293	Relicts	539	0.008	1	1	7.04
294	Strumpet	3285	0.046	6	5	7.018
295	sisteth	553	0.008	1	1	7.002
296	14.19	559	0.008	1	1	6.984
297	dairy	561	0.008	1	1	6.984
298	Amazon	568	0.008	1	1	6.966
299	meth.	568	0.008	1	1	6.966
300	sits	23190	0.327	40	15	6.935
301	tattling	581	0.008	1	1	6.93
302	young-men	583	0.008	1	1	6.93
303	pollutes	588	0.008	1	1	6.913
304	adulterated	1175	0.017	2	1	6.913
305	Fornication	14235	0.201	24	14	6.902
306	sneak	595	0.008	1	1	6.895
307	shuns	1200	0.017	2	2	6.887
308	Caterpillar	600	0.009	1	1	6.878
309	whore	20634	0.291	34	14	6.869
310	brothel	610	0.009	1	1	6.861
311	Swag	613	0.009	1	1	6.861
312	Unveiled	617	0.009	1	1	6.845
313	Priscilla	1235	0.017	2	1	6.845
314	shell-fish	617	0.009	1	1	6.845
315	mre	625	0.009	1	1	6.828
316	Revenges	1256	0.018	2	1	6.82
317	unmask	629	0.009	1	1	6.812
318	unsteady	643	0.009	1	1	6.78
319	Israelitish	644	0.009	1	1	6.78
320	7.12.	655	0.009	1	1	6.764
321	Scold	1303	0.018	2	2	6.764
322	Diver	652	0.009	1	1	6.764
323	Lieut	1999	0.028	3	1	6.733
324	243.	664	0.009	1	1	6.733
325	Calvert	668	0.009	1	1	6.733
326	22.14	668	0.009	1	1	6.733
327	Smock	1342	0.019	2	2	6.725
328	Bully	673	0.01	1	1	6.718
329	leavened	1362	0.019	2	1	6.703
330	Carouse	690	0.01	1	1	6.688
331	Huff	687	0.01	1	1	6.688
332	augm	695	0.01	1	1	6.673
333	Quack	696	0.01	1	1	6.673
334	Naylor	694	0.01	1	1	6.673
335	Attires	703	0.01	1	1	6.658
336	geat	711	0.01	1	1	6.644
337	Sorceress	710	0.01	1	1	6.644
338	tracing	717	0.01	1	1	6.63
339	Ale-house	1435	0.02	2	2	6.63
340	Jade	2169	0.031	3	3	6.615
341	detecting	720	0.01	1	1	6.615
342	metaphore	723	0.01	1	1	6.615
343	babylonish	2911	0.041	4	3	6.608
344	Beast	81566	1.15	111	41	6.593
345	blood-thirsty	737	0.01	1	1	6.587
346	Extortioner	747	0.011	1	1	6.573
347	Facetious	751	0.011	1	1	6.56
348	Harlots	5276	0.074	7	7	6.556
349	idolize	759	0.011	1	1	6.546
350	Pennington	759	0.011	1	1	6.546
351	Grand-mother	768	0.011	1	1	6.533
352	kicks	769	0.011	1	1	6.533
353	Rev	1545	0.022	2	2	6.52
354	looses	780	0.011	1	1	6.506
355	stripling	781	0.011	1	1	6.506
356	16.3	787	0.011	1	1	6.493
357	pitt	793	0.011	1	1	6.48
358	Paulina	792	0.011	1	1	6.48
359	arrant	1596	0.023	2	2	6.474
360	gi	801	0.011	1	1	6.468
361	Manent	802	0.011	1	1	6.468
362	Sn	1617	0.023	2	2	6.455
363	Stanford	807	0.011	1	1	6.455
364	stares	818	0.012	1	1	6.442
365	1659.	820	0.012	1	1	6.43
366	ignorants	825	0.012	1	1	6.43
367	Jezebel	835	0.012	1	1	6.405
368	Prostitute	2508	0.035	3	2	6.405
369	forfeits	847	0.012	1	1	6.393
370	intoxicated	850	0.012	1	1	6.381
371	Virtuoso	861	0.012	1	1	6.369
372	wager	2578	0.036	3	1	6.369
373	Bead	897	0.013	1	1	6.31
374	insatiate	894	0.013	1	1	6.31
375	Trumpery	893	0.013	1	1	6.31
376	Cup	48330	0.681	54	20	6.308
377	Witchcrafts	901	0.013	1	1	6.299
378	sneaking	900	0.013	1	1	6.299
379	Jester	911	0.013	1	1	6.288
380	debauch	1818	0.026	2	2	6.288
381	Fortunatus	921	0.013	1	1	6.265
382	tipped	934	0.013	1	1	6.243
383	Farce	935	0.013	1	1	6.243
384	dethrone	937	0.013	1	1	6.243
385	Comptroller	942	0.013	1	1	6.232
386	Neapolitan	941	0.013	1	1	6.232
387	misunderstanding	1892	0.027	2	2	6.227
388	Talkers	951	0.013	1	1	6.222
389	wipes	954	0.014	1	1	6.211
390	erects	973	0.014	1	1	6.19
391	Bachelors	997	0.014	1	1	6.148
392	bewitching	2007	0.028	2	2	6.143
393	Wizards	1012	0.014	1	1	6.128
394	Ammianus	1022	0.014	1	1	6.118
395	Attire	8194	0.116	8	7	6.114
396	florid	1031	0.015	1	1	6.108
397	Betty	1028	0.015	1	1	6.108
398	Hatton	1026	0.015	1	1	6.108
399	metamorphosed	1062	0.015	1	1	6.059
400	Beech	1067	0.015	1	1	6.059
401	1.23.	1061	0.015	1	1	6.059
402	journeyed	1070	0.015	1	1	6.049
403	Brat	1070	0.015	1	1	6.049
404	incommodities	1081	0.015	1	1	6.04
405	oppressive	1079	0.015	1	1	6.04
406	Piazza	1081	0.015	1	1	6.04
407	Prentice	1078	0.015	1	1	6.04
408	avenging	1095	0.015	1	1	6.021
409	Sain	1095	0.015	1	1	6.021
410	1st.	1096	0.016	1	1	6.012
411	forehead	12159	0.171	11	10	6.004
412	Courtesan	1103	0.016	1	1	6.002
413	Heathenism	1104	0.016	1	1	6.002
414	Jezabel	1114	0.016	1	1	5.993
415	revelling	1114	0.016	1	1	5.993
416	Promotes	1115	0.016	1	1	5.993
417	Cantharides	1119	0.016	1	1	5.984
418	Rampant	2244	0.032	2	2	5.984
419	Informant	3377	0.048	3	1	5.978
420	decked	4505	0.064	4	3	5.977
421	French-man	1140	0.016	1	1	5.957
422	discountenance	1153	0.016	1	1	5.939
423	Rogue	6990	0.099	6	6	5.927
424	12.11	1173	0.017	1	1	5.921
425	Rant	1179	0.017	1	1	5.913
426	gelded	1178	0.017	1	1	5.913
427	Nevil	1186	0.017	1	1	5.904
428	13.3	1183	0.017	1	1	5.904
429	inveighed	1181	0.017	1	1	5.904
430	scolding	1186	0.017	1	1	5.904
431	drunk	35533	0.501	29	13	5.855
432	fretted	1229	0.017	1	1	5.853
433	gaf	1225	0.017	1	1	5.853
434	Hound	2485	0.035	2	2	5.837
435	Bitch	1244	0.018	1	1	5.837
436	stumbles	1242	0.018	1	1	5.837
437	Rotterdam	1248	0.018	1	1	5.828
438	stewed	1245	0.018	1	1	5.828
439	hire	8785	0.124	7	6	5.82
440	Japan	2511	0.035	2	1	5.82
441	played	11334	0.16	9	7	5.816
442	prostituted	1269	0.018	1	1	5.804
443	converses	1275	0.018	1	1	5.796
444	murderous	1283	0.018	1	1	5.788
445	Bridewell	1285	0.018	1	1	5.788
446	Heraldry	1307	0.018	1	1	5.764
447	Cuckoo	1309	0.019	1	1	5.756
448	Apocalypse	3947	0.056	3	3	5.754
449	Hackney	1328	0.019	1	1	5.741
450	Convent	3985	0.056	3	1	5.738
451	sodomy	1349	0.019	1	1	5.718
452	mutter	1355	0.019	1	1	5.71
453	Wench	6793	0.096	5	4	5.706
454	Clout	1378	0.019	1	1	5.688
455	Fallacies	1379	0.019	1	1	5.688
456	Rag	2762	0.039	2	1	5.684
457	shamed	2762	0.039	2	1	5.684
458	Proverbs	6913	0.098	5	4	5.68
459	Dragon	18054	0.255	13	7	5.675
460	Trine	1390	0.02	1	1	5.673
461	Kinswoman	1393	0.02	1	1	5.673
462	dine	4169	0.059	3	3	5.673
463	Footman	1422	0.02	1	1	5.644
464	Menstruous	1426	0.02	1	1	5.637
465	attainments	1434	0.02	1	1	5.63
466	Ridicule	1432	0.02	1	1	5.63
467	Hyre	1435	0.02	1	1	5.63
468	conducts	1431	0.02	1	1	5.63
469	Skirts	2878	0.041	2	2	5.622
470	adj.	1450	0.02	1	1	5.615
471	Opponent	1462	0.021	1	1	5.601
472	sie	1460	0.021	1	1	5.601
473	Mulier	2936	0.041	2	2	5.594
474	Dresses	1473	0.021	1	1	5.587
475	studiously	1480	0.021	1	1	5.58
476	Midian	1497	0.021	1	1	5.567
477	Whoredom	7526	0.106	5	4	5.558
478	Imps	1519	0.021	1	1	5.546
479	odds	6159	0.087	4	2	5.526
480	denominate	1539	0.022	1	1	5.526
481	drenched	1537	0.022	1	1	5.526
482	Lawn	1552	0.022	1	1	5.513
483	unmannerly	1578	0.022	1	1	5.493
484	Dea	1579	0.022	1	1	5.487
485	brace	1591	0.022	1	1	5.48
486	Chr	3187	0.045	2	1	5.477
487	pliant	1599	0.023	1	1	5.474
488	Dick	1602	0.023	1	1	5.468
489	Bewitched	6431	0.091	4	2	5.463
490	Idolatries	3266	0.046	2	2	5.442
491	downfall	3283	0.046	2	2	5.433
492	frothy	1664	0.024	1	1	5.411
493	pillory	1670	0.024	1	1	5.411
494	halter	3343	0.047	2	1	5.408
495	strip	3365	0.047	2	1	5.399
496	hastes	1697	0.024	1	1	5.387
497	Concubine	3397	0.048	2	2	5.384
498	Hellebore	1726	0.024	1	1	5.363
499	kick	3504	0.049	2	2	5.339
500	Exclamation	1758	0.025	1	1	5.334
501	hating	5297	0.075	3	3	5.328
502	Deu.	3539	0.05	2	1	5.325
503	smelt	1772	0.025	1	1	5.322
504	Babilon	5325	0.075	3	3	5.32
505	hate	65701	0.926	37	22	5.32
506	abominations	10678	0.151	6	6	5.317
507	Iulia	1778	0.025	1	1	5.316
508	Tavern	5354	0.076	3	3	5.312
509	Hallelujah	1833	0.026	1	1	5.276
510	insatiable	3697	0.052	2	2	5.263
511	befitting	1857	0.026	1	1	5.254
512	falseness	1867	0.026	1	1	5.249
513	Liveries	1876	0.026	1	1	5.243
514	Flor	1884	0.027	1	1	5.232
515	upstart	1899	0.027	1	1	5.222
516	brands	1898	0.027	1	1	5.222
517	Flea	1913	0.027	1	1	5.211
518	thief	23047	0.325	12	10	5.207
519	Steph	1923	0.027	1	1	5.206
520	Adulteress	1919	0.027	1	1	5.206
521	Rags	5772	0.081	3	3	5.204
522	Wag	1933	0.027	1	1	5.195
523	patched	1934	0.027	1	1	5.195
524	solicitations	1942	0.027	1	1	5.19
525	Scorners	1948	0.028	1	1	5.184
526	Elisa	1975	0.028	1	1	5.169
527	sojourn	1978	0.028	1	1	5.164
528	Epicurus	3980	0.056	2	1	5.156
529	bastards	3979	0.056	2	2	5.156
530	Superscription	2000	0.028	1	1	5.148
531	fore-head	2008	0.028	1	1	5.143
532	trick	10039	0.142	5	5	5.143
533	carries	24147	0.34	12	4	5.14
534	Rustic	2041	0.029	1	1	5.118
535	wink	4136	0.058	2	1	5.1
536	Faggot	2069	0.029	1	1	5.098
537	heating	2074	0.029	1	1	5.098
538	Dice	6226	0.088	3	3	5.095
539	Marcellinus	2075	0.029	1	1	5.093
540	Flora	2078	0.029	1	1	5.093
541	Barns	2094	0.03	1	1	5.083
542	ditch	10469	0.148	5	5	5.082
543	Mystery	54678	0.771	26	14	5.076
544	salted	2131	0.03	1	1	5.059
545	imperious	4278	0.06	2	1	5.052
546	Desolate	12933	0.182	6	6	5.041
547	authoritative	2162	0.031	1	1	5.035
548	Magog	2171	0.031	1	1	5.03
549	straightway	2206	0.031	1	1	5.007
550	Apoc.	11083	0.156	5	3	5
551	Scenes	2217	0.031	1	1	4.998
552	Boston	2219	0.031	1	1	4.998
553	Drawer	2220	0.031	1	1	4.998
554	Nun	4515	0.064	2	2	4.973
555	Harlot	9167	0.129	4	3	4.952
556	Robertus	2307	0.033	1	1	4.943
557	Parenthesis	2329	0.033	1	1	4.93
558	unfolded	2356	0.033	1	1	4.913
559	unfaithfulness	2369	0.033	1	1	4.904
560	racked	2371	0.033	1	1	4.904
561	Contemners	2366	0.033	1	1	4.904
562	Frenchman	2370	0.033	1	1	4.904
563	drunken	11882	0.168	5	5	4.9
564	Comedies	2395	0.034	1	1	4.887
565	keen	2424	0.034	1	1	4.87
566	cools	2431	0.034	1	1	4.866
567	penetrate	4877	0.069	2	2	4.861
568	wallow	2438	0.034	1	1	4.861
569	rotten	14651	0.207	6	6	4.86
570	Babel	9790	0.138	4	4	4.857
571	sleeves	2453	0.035	1	1	4.853
572	bastard	12394	0.175	5	5	4.839
573	thirsts	2496	0.035	1	1	4.828
574	ride	20257	0.286	8	2	4.808
575	Gog	2533	0.036	1	1	4.808
576	Nic	2556	0.036	1	1	4.796
577	roughly	2586	0.037	1	1	4.776
578	kindnesses	2615	0.037	1	1	4.76
579	painted	23662	0.334	9	8	4.754
580	inded	2630	0.037	1	1	4.752
581	Barber	2646	0.037	1	1	4.745
582	envies	2650	0.037	1	1	4.741
583	Clap	5368	0.076	2	2	4.724
584	gorgeous	2688	0.038	1	1	4.722
585	ply	2720	0.038	1	1	4.707
586	pox	10902	0.154	4	4	4.702
587	whores	5508	0.078	2	2	4.686
588	Grim	2756	0.039	1	1	4.684
589	ugly	8331	0.118	3	2	4.674
590	Niece	5575	0.079	2	2	4.669
591	brags	2791	0.039	1	1	4.666
592	dined	2791	0.039	1	1	4.666
593	Stab	2798	0.039	1	1	4.666
594	2d.	2802	0.04	1	1	4.662
595	costly	11277	0.159	4	4	4.653
596	accompanies	2828	0.04	1	1	4.647
597	industriously	2850	0.04	1	1	4.637
598	pillage	2862	0.04	1	1	4.63
599	crying	25811	0.364	9	5	4.628
600	Manger	2870	0.041	1	1	4.626
601	Alcibiades	2878	0.041	1	1	4.622
602	Deceitful	17392	0.245	6	5	4.613
603	Trembles	2900	0.041	1	1	4.612
604	swearers	2927	0.041	1	1	4.598
605	Beelzebub	2959	0.042	1	1	4.584
606	noting	5928	0.084	2	1	4.58
607	certum	2980	0.042	1	1	4.573
608	've	8950	0.126	3	3	4.571
609	downright	2995	0.042	1	1	4.567
610	paint	8989	0.127	3	3	4.565
611	Inhabitant	3014	0.043	1	1	4.556
612	Rev.	51328	0.724	17	13	4.554
613	impudent	12093	0.171	4	4	4.552
614	Pottage	3028	0.043	1	1	4.55
615	engages	3046	0.043	1	1	4.543
616	daunted	3057	0.043	1	1	4.536
617	insinuating	3074	0.043	1	1	4.529
618	lash	3070	0.043	1	1	4.529
619	Witch	9245	0.13	3	3	4.525
620	Canticles	3103	0.044	1	1	4.516
621	Quarrelling	3115	0.044	1	1	4.51
622	Tricks	9354	0.132	3	3	4.507
623	thorn	3129	0.044	1	1	4.503
624	surviving	3130	0.044	1	1	4.503
625	pollute	3138	0.044	1	1	4.5
626	drinks	15747	0.222	5	2	4.493
627	Horns	22193	0.313	7	6	4.484
628	Jack	6358	0.09	2	2	4.48
629	sat	47715	0.673	15	6	4.479
630	177	3198	0.045	1	1	4.471
631	closer	3235	0.046	1	1	4.455
632	gaudy	3241	0.046	1	1	4.452
633	plotted	3245	0.046	1	1	4.449
634	3.6	3258	0.046	1	1	4.445
635	Drunkard	6511	0.092	2	2	4.445
636	contrivances	3269	0.046	1	1	4.439
637	Seller	3282	0.046	1	1	4.433
638	false	224466	3.165	68	23	4.425
639	high-way	3304	0.047	1	1	4.424
640	Lass	3315	0.047	1	1	4.42
641	spin	3312	0.047	1	1	4.42
642	dome	3321	0.047	1	1	4.417
643	Daughters	40010	0.564	12	10	4.411
644	quotations	3346	0.047	1	1	4.405
645	decently	3362	0.047	1	1	4.399
646	divorced	3378	0.048	1	1	4.393
647	Cozen	3380	0.048	1	1	4.39
648	cups	6881	0.097	2	2	4.366
649	enticed	3439	0.049	1	1	4.366
650	gear	3463	0.049	1	1	4.357
651	Leper	3469	0.049	1	1	4.354
652	Idolater	3472	0.049	1	1	4.351
653	JOSIAH	3482	0.049	1	1	4.348
654	Blasphemer	3487	0.049	1	1	4.345
655	hurried	3494	0.049	1	1	4.342
656	Bias	3503	0.049	1	1	4.339
657	bewailed	3510	0.05	1	1	4.336
658	Apostasy	17588	0.248	5	3	4.334
659	kisses	7051	0.099	2	2	4.331
660	chained	3565	0.05	1	1	4.313
661	clapped	3587	0.051	1	1	4.305
662	ignoble	3602	0.051	1	1	4.299
663	Mistresses	3604	0.051	1	1	4.299
664	rail	7220	0.102	2	2	4.296
665	Giles	3615	0.051	1	1	4.293
666	Purple	18224	0.257	5	3	4.283
667	wipe	7298	0.103	2	2	4.281
668	Splendid	3733	0.053	1	1	4.249
669	judging	18760	0.265	5	3	4.241
670	Bundle	3754	0.053	1	1	4.241
671	crimson	3776	0.053	1	1	4.232
672	Rascal	3785	0.053	1	1	4.227
673	damned	34243	0.483	9	8	4.22
674	arrayed	3816	0.054	1	1	4.216
675	boot	3835	0.054	1	1	4.208
676	Antichrist	50530	0.712	13	8	4.19
677	sells	3915	0.055	1	1	4.179
678	sureties	3956	0.056	1	1	4.164
679	Waters	83222	1.173	21	11	4.162
680	corrupts	3974	0.056	1	1	4.158
681	astringent	3977	0.056	1	1	4.156
682	Allen	3996	0.056	1	1	4.151
683	Regret	3999	0.056	1	1	4.148
684	plaid	4003	0.056	1	1	4.148
685	Plurality	4000	0.056	1	1	4.148
686	judged	56237	0.793	14	9	4.142
687	obtains	4035	0.057	1	1	4.135
688	instigation	4033	0.057	1	1	4.135
689	allured	4039	0.057	1	1	4.135
690	Marries	4061	0.057	1	1	4.125
691	Publicans	4075	0.058	1	1	4.12
692	consequents	4109	0.058	1	1	4.11
693	Med	4106	0.058	1	1	4.11
694	desolation	12402	0.175	3	2	4.1
695	wandering	16735	0.236	4	4	4.084
696	2dly	4207	0.059	1	1	4.076
697	2.1	4239	0.06	1	1	4.064
698	trembled	4278	0.06	1	1	4.052
699	haunt	4285	0.06	1	1	4.049
700	Widow	21540	0.304	5	5	4.041
701	sly	4313	0.061	1	1	4.04
702	remiss	4323	0.061	1	1	4.037
703	spends	4330	0.061	1	1	4.035
704	Query	4359	0.062	1	1	4.023
705	sirrah	4365	0.062	1	1	4.023
706	lamentation	8729	0.123	2	2	4.022
707	play	61168	0.862	14	13	4.021
708	bane	4390	0.062	1	1	4.014
709	Apparelled	4398	0.062	1	1	4.012
710	persecuting	8817	0.124	2	1	4.008
711	mother	150593	2.123	34	25	4.001
712	knave	8870	0.125	2	2	3.999
713	impartially	4457	0.063	1	1	3.993
714	Stations	4457	0.063	1	1	3.993
715	notorious	22363	0.315	5	5	3.987
716	Venus	26929	0.38	6	6	3.982
717	Prick	9007	0.127	2	2	3.977
718	slippery	4506	0.064	1	1	3.977
719	Parishioners	4513	0.064	1	1	3.975
720	Defiled	18090	0.255	4	3	3.971
721	Sr	4563	0.064	1	1	3.959
722	Antichristian	13777	0.194	3	3	3.949
723	Stafford	4611	0.065	1	1	3.943
724	Warrants	4662	0.066	1	1	3.928
725	Unbelieving	4661	0.066	1	1	3.928
726	unstable	4680	0.066	1	1	3.921
727	Cupid	9383	0.132	2	2	3.918
728	embracing	9401	0.133	2	2	3.916
729	reclaim	4736	0.067	1	1	3.904
730	changeable	4757	0.067	1	1	3.898
731	insolency	4788	0.068	1	1	3.889
732	scurvy	4826	0.068	1	1	3.878
733	reservation	4824	0.068	1	1	3.878
734	intra	4839	0.068	1	1	3.874
735	benevolence	4882	0.069	1	1	3.861
736	largeness	4922	0.069	1	1	3.849
737	oppressors	4931	0.07	1	1	3.847
738	surer	4963	0.07	1	1	3.837
739	Perjured	4993	0.07	1	1	3.828
740	Gentile	10008	0.141	2	1	3.825
741	brood	5051	0.071	1	1	3.812
742	Transgressors	5101	0.072	1	1	3.798
743	prudently	5115	0.072	1	1	3.794
744	Adulterers	5137	0.072	1	1	3.788
745	playing	10275	0.145	2	2	3.787
746	ignorantly	5139	0.073	1	1	3.786
747	lock	5149	0.073	1	1	3.784
748	guiltless	5157	0.073	1	1	3.782
749	Assyrians	5157	0.073	1	1	3.782
750	Merchandise	15488	0.218	3	2	3.78
751	coloured	10332	0.146	2	2	3.779
752	Dress	15539	0.219	3	3	3.775
753	moveable	5188	0.073	1	1	3.774
754	boasted	5195	0.073	1	1	3.772
755	Synagogue	10391	0.147	2	2	3.771
756	'twixt	5238	0.074	1	1	3.758
757	provocations	5242	0.074	1	1	3.758
758	strives	5260	0.074	1	1	3.752
759	Bibles	5262	0.074	1	1	3.752
760	Revel	21061	0.297	4	4	3.752
761	Potion	5269	0.074	1	1	3.75
762	gilded	5276	0.074	1	1	3.749
763	accuses	5277	0.074	1	1	3.749
764	Penitent	15876	0.224	3	2	3.745
765	Walter	10593	0.149	2	1	3.743
766	forsakes	5303	0.075	1	1	3.741
767	Brows	5343	0.075	1	1	3.731
768	hood	5353	0.076	1	1	3.727
769	Prophet	133904	1.888	25	20	3.727
770	tolerated	5375	0.076	1	1	3.722
771	Legacy	5380	0.076	1	1	3.72
772	Amsterdam	5414	0.076	1	1	3.712
773	Cod	5444	0.077	1	1	3.703
774	registered	5476	0.077	1	1	3.695
775	Gallows	5501	0.078	1	1	3.688
776	happening	5514	0.078	1	1	3.686
777	fiercely	5527	0.078	1	1	3.682
778	Helmet	5523	0.078	1	1	3.682
779	COAL	5526	0.078	1	1	3.682
780	sheets	5556	0.078	1	1	3.675
781	Girl	5585	0.079	1	1	3.667
782	ruled	22509	0.317	4	2	3.656
783	hates	16898	0.238	3	3	3.655
784	foretell	5652	0.08	1	1	3.649
785	Esquire	11359	0.16	2	1	3.642
786	Quorum	11386	0.161	2	2	3.639
787	Multitudes	17103	0.241	3	2	3.637
788	badge	5699	0.08	1	1	3.637
789	drank	11443	0.161	2	2	3.632
790	Incarnate	5722	0.081	1	1	3.631
791	65.	5737	0.081	1	1	3.628
792	vigilant	5765	0.081	1	1	3.621
793	drinking	29093	0.41	5	5	3.608
794	plays	17593	0.248	3	3	3.597
795	discovers	11783	0.166	2	2	3.59
796	airy	5893	0.083	1	1	3.589
797	grain	17694	0.25	3	2	3.588
798	licentious	5899	0.083	1	1	3.587
799	preferment	11954	0.169	2	2	3.569
800	Appropriated	5982	0.084	1	1	3.568
801	beholds	5976	0.084	1	1	3.568
802	Arabic	5985	0.084	1	1	3.567
803	Dishonest	6002	0.085	1	1	3.563
804	hunt	12065	0.17	2	2	3.556
805	Jordan	6062	0.086	1	1	3.548
806	brand	6073	0.086	1	1	3.546
807	window	12154	0.171	2	2	3.545
808	stink	6090	0.086	1	1	3.541
809	Painter	6102	0.086	1	1	3.54
810	Squire	6126	0.086	1	1	3.533
811	accepts	6165	0.087	1	1	3.525
812	illegal	6218	0.088	1	1	3.511
813	spoiling	6265	0.088	1	1	3.501
814	Dregs	6317	0.089	1	1	3.488
815	marrying	6327	0.089	1	1	3.487
816	stark	6325	0.089	1	1	3.487
817	wave	6344	0.089	1	1	3.484
818	blinded	12718	0.179	2	2	3.48
819	whip	6373	0.09	1	1	3.476
820	Seat	51212	0.722	8	5	3.47
821	certified	6444	0.091	1	1	3.46
822	assail	6445	0.091	1	1	3.46
823	sink	19378	0.273	3	3	3.457
824	110	6465	0.091	1	1	3.456
825	neat	6464	0.091	1	1	3.456
826	allows	12955	0.183	2	1	3.452
827	Tithe	6494	0.092	1	1	3.449
828	Wolf	13047	0.184	2	2	3.443
829	condemns	13190	0.186	2	2	3.427
830	Tacit	6596	0.093	1	1	3.427
831	preferring	6653	0.094	1	1	3.414
832	whipped	6660	0.094	1	1	3.413
833	Rents	13329	0.188	2	2	3.412
834	Medicaments	6671	0.094	1	1	3.41
835	brow	6696	0.094	1	1	3.405
836	Revelations	13397	0.189	2	2	3.404
837	renounced	6702	0.095	1	1	3.404
838	wears	6709	0.095	1	1	3.402
839	involved	6720	0.095	1	1	3.4
840	tired	6727	0.095	1	1	3.399
841	spy	6749	0.095	1	1	3.393
842	undone	20337	0.287	3	3	3.387
843	inside	6781	0.096	1	1	3.387
844	Otho	6796	0.096	1	1	3.384
845	kindred	20409	0.288	3	3	3.382
846	Indicted	6808	0.096	1	1	3.381
847	vail	6807	0.096	1	1	3.381
848	Hor	6813	0.096	1	1	3.379
849	charming	6822	0.096	1	1	3.378
850	Burned	20536	0.29	3	3	3.373
851	Lust	54865	0.774	8	5	3.371
852	Eschew	6866	0.097	1	1	3.369
853	Dragons	6883	0.097	1	1	3.366
854	Rack	6929	0.098	1	1	3.355
855	Sampson	6989	0.099	1	1	3.344
856	rewarded	14017	0.198	2	1	3.339
857	Drunkards	7021	0.099	1	1	3.336
858	heathenish	7043	0.099	1	1	3.332
859	drink	140890	1.986	20	13	3.332
860	Mystical	21135	0.298	3	3	3.332
861	Begot	7053	0.099	1	1	3.331
862	Mistress	42310	0.597	6	6	3.33
863	sitting	35270	0.497	5	5	3.33
864	Macedonia	7054	0.1	1	1	3.329
865	High-priest	7087	0.1	1	1	3.323
866	Fortress	7099	0.1	1	1	3.32
867	Bottle	7144	0.101	1	1	3.312
868	Leaven	7224	0.102	1	1	3.295
869	idolatrous	14523	0.205	2	2	3.288
870	Fellow	51208	0.722	7	5	3.277
871	damn	7322	0.103	1	1	3.276
872	compelled	22115	0.312	3	3	3.266
873	lap	7378	0.104	1	1	3.265
874	Prithee	7377	0.104	1	1	3.265
875	silk	14806	0.209	2	2	3.26
876	Virgins	22219	0.313	3	3	3.259
877	Engine	7413	0.105	1	1	3.258
878	boasting	7419	0.105	1	1	3.257
879	Papacy	7431	0.105	1	1	3.254
880	snare	14914	0.21	2	1	3.249
881	games	7473	0.105	1	1	3.246
882	Son	570683	8.046	76	37	3.24
883	weights	7530	0.106	1	1	3.235
884	situated	7582	0.107	1	1	3.226
885	precise	7715	0.109	1	1	3.2
886	Marry	38694	0.546	5	5	3.196
887	Zach.	7738	0.109	1	1	3.196
888	ruined	15482	0.218	2	2	3.196
889	Rome	271183	3.823	35	24	3.194
890	reigned	31015	0.437	4	3	3.193
891	establishing	7797	0.11	1	1	3.186
892	laughing	7845	0.111	1	1	3.177
893	intimated	7877	0.111	1	1	3.17
894	slighted	7957	0.112	1	1	3.156
895	facta	7986	0.113	1	1	3.151
896	keeps	40024	0.564	5	5	3.147
897	're	16048	0.226	2	2	3.144
898	beggars	8051	0.114	1	1	3.139
899	replied	40276	0.568	5	4	3.138
900	burning	48634	0.686	6	5	3.129
901	lain	8129	0.115	1	1	3.125
902	destruction	89423	1.261	11	5	3.125
903	silly	16358	0.231	2	2	3.117
904	lists	8183	0.115	1	1	3.115
905	Christopher	8248	0.116	1	1	3.104
906	Solomon	41245	0.582	5	5	3.104
907	Hector	8263	0.117	1	1	3.102
908	Nations	132713	1.871	16	8	3.096
909	Agrippa	8329	0.117	1	1	3.09
910	honest	83801	1.182	10	9	3.081
911	Surgeon	8390	0.118	1	1	3.079
912	parted	16901	0.238	2	2	3.069
913	crew	8469	0.119	1	1	3.066
914	undo	8485	0.12	1	1	3.064
915	Baronius	8482	0.12	1	1	3.064
916	hated	25471	0.359	3	2	3.063
917	Devices	8511	0.12	1	1	3.059
918	repute	8562	0.121	1	1	3.051
919	thrive	8582	0.121	1	1	3.047
920	Prescription	8639	0.122	1	1	3.037
921	patent	8637	0.122	1	1	3.037
922	yields	17327	0.244	2	2	3.033
923	allowing	8667	0.122	1	1	3.033
924	Maria	8668	0.122	1	1	3.033
925	luxury	8713	0.123	1	1	3.026
926	Gall	17567	0.248	2	2	3.013
927	conveniently	8789	0.124	1	1	3.013
928	Cat	8876	0.125	1	1	2.999
929	kissed	8900	0.126	1	1	2.994
930	bowed	8908	0.126	1	1	2.993
931	Garments	26823	0.378	3	2	2.988
932	Beggar	8945	0.126	1	1	2.987
933	Lambs	8945	0.126	1	1	2.987
934	Villain	8957	0.126	1	1	2.985
935	product	8997	0.127	1	1	2.979
936	betrayed	18001	0.254	2	2	2.978
937	trades	9008	0.127	1	1	2.977
938	Predecessors	18045	0.254	2	2	2.975
939	corrupted	36122	0.509	4	4	2.973
940	ire	9043	0.128	1	1	2.971
941	Revolt	9050	0.128	1	1	2.97
942	Daughter	108707	1.533	12	9	2.969
943	regards	9143	0.129	1	1	2.956
944	venerable	9145	0.129	1	1	2.956
945	quenched	9163	0.129	1	1	2.952
946	enquired	9225	0.13	1	1	2.942
947	defeat	9235	0.13	1	1	2.941
948	outside	9291	0.131	1	1	2.932
949	Demetrius	9307	0.131	1	1	2.93
950	extract	9355	0.132	1	1	2.922
951	definition	18738	0.264	2	1	2.92
952	Plagues	18774	0.265	2	2	2.918
953	perplexed	9395	0.133	1	1	2.916
954	hired	9416	0.133	1	1	2.913
955	comprehends	9448	0.133	1	1	2.908
956	destroyed	66138	0.933	7	5	2.908
957	tot	9457	0.133	1	1	2.907
958	Asses	9467	0.134	1	1	2.905
959	partake	18988	0.268	2	2	2.901
960	Indictment	9527	0.134	1	1	2.896
961	cunning	28670	0.404	3	3	2.892
962	opposing	9578	0.135	1	1	2.889
963	horrid	19167	0.27	2	2	2.888
964	increases	9612	0.136	1	1	2.884
965	abhor	19419	0.274	2	2	2.869
966	Exit	19436	0.274	2	2	2.868
967	begotten	29211	0.412	3	3	2.865
968	censured	9756	0.138	1	1	2.862
969	flattering	9757	0.138	1	1	2.861
970	nostrils	9776	0.138	1	1	2.859
971	abhorred	9825	0.139	1	1	2.852
972	risen	19790	0.279	2	2	2.842
973	wander	9904	0.14	1	1	2.841
974	positively	9945	0.14	1	1	2.834
975	omnipotent	9996	0.141	1	1	2.827
976	headlong	10029	0.141	1	1	2.822
977	filthy	30299	0.427	3	3	2.812
978	Roman	141472	1.995	14	11	2.811
979	wanton	20242	0.285	2	2	2.809
980	Embraces	10141	0.143	1	1	2.806
981	assign	10140	0.143	1	1	2.806
982	subsist	10162	0.143	1	1	2.803
983	burn	40670	0.573	4	4	2.802
984	adore	20395	0.288	2	2	2.798
985	Tragedy	10196	0.144	1	1	2.798
986	excellently	10217	0.144	1	1	2.796
987	wife	214853	3.029	21	19	2.793
988	Glories	10254	0.145	1	1	2.79
989	Horn	20550	0.29	2	1	2.787
990	wear	20558	0.29	2	2	2.787
991	Impudence	10304	0.145	1	1	2.783
992	discovering	10322	0.146	1	1	2.781
993	dog	30988	0.437	3	3	2.78
994	match	20690	0.292	2	2	2.777
995	magnificent	10359	0.146	1	1	2.775
996	swearing	20821	0.294	2	1	2.768
997	Ans	20841	0.294	2	2	2.767
998	quantum	10429	0.147	1	1	2.766
999	sadness	10440	0.147	1	1	2.764
1000	loathsome	10486	0.148	1	1	2.758
1001	she	1006738	14.194	96	66	2.758
1002	Margaret	10516	0.148	1	1	2.753
1003	treated	21086	0.297	2	2	2.75
1004	Superstitious	21092	0.297	2	2	2.75
1005	68	10551	0.149	1	1	2.749
1006	Cheat	10600	0.149	1	1	2.743
1007	Hawk	10622	0.15	1	1	2.739
1008	Mal.	10647	0.15	1	1	2.736
1009	proverb	21331	0.301	2	2	2.734
1010	Windows	10698	0.151	1	1	2.729
1011	venture	21408	0.302	2	2	2.728
1012	plague	42909	0.605	4	4	2.725
1013	described	42932	0.605	4	4	2.724
1014	bloody	53730	0.758	5	3	2.723
1015	indifferently	10753	0.152	1	1	2.722
1016	Concupiscence	10773	0.152	1	1	2.719
1017	Floods	10792	0.152	1	1	2.716
1018	woman	183598	2.589	17	16	2.715
1019	Thin	32659	0.461	3	3	2.704
1020	placing	10949	0.154	1	1	2.695
1021	Stretch	10952	0.154	1	1	2.695
1022	venom	11000	0.155	1	1	2.689
1023	infamous	11020	0.155	1	1	2.686
1024	Cock	11063	0.156	1	1	2.68
1025	Ch.	33232	0.469	3	3	2.679
1026	warned	11120	0.157	1	1	2.673
1027	Standard	11129	0.157	1	1	2.672
1028	Cor	22308	0.315	2	1	2.669
1029	Ephraim	11202	0.158	1	1	2.663
1030	Den	11211	0.158	1	1	2.661
1031	imaginable	11234	0.158	1	1	2.658
1032	Mountains	56383	0.795	5	2	2.653
1033	murderers	11345	0.16	1	1	2.644
1034	Symptoms	11363	0.16	1	1	2.642
1035	swear	56939	0.803	5	5	2.639
1036	picture	22820	0.322	2	2	2.636
1037	handsome	11498	0.162	1	1	2.625
1038	revived	11511	0.162	1	1	2.623
1039	Cave	11519	0.162	1	1	2.622
1040	fitter	11535	0.163	1	1	2.621
1041	committing	11606	0.164	1	1	2.612
1042	punishing	11649	0.164	1	1	2.606
1043	preparing	11677	0.165	1	1	2.603
1044	her	1811491	25.54	155	96	2.601
1045	infamy	11689	0.165	1	1	2.601
1046	suits	11705	0.165	1	1	2.599
1047	returns	23425	0.33	2	2	2.598
1048	wondered	11794	0.166	1	1	2.588
1049	breathing	11927	0.168	1	1	2.572
1050	generality	11939	0.168	1	1	2.571
1051	pr	11953	0.169	1	1	2.569
1052	wickedness	71915	1.014	6	6	2.565
1053	contrived	11992	0.169	1	1	2.564
1054	carry	108052	1.523	9	4	2.563
1055	Bride	12056	0.17	1	1	2.556
1056	seven	120863	1.704	10	9	2.553
1057	49	24226	0.342	2	2	2.55
1058	translate	12144	0.171	1	1	2.546
1059	Exeunt	12174	0.172	1	1	2.543
1060	amorous	12171	0.172	1	1	2.543
1061	polluted	12233	0.173	1	1	2.535
1062	drove	12259	0.173	1	1	2.533
1063	bed	73593	1.038	6	6	2.532
1064	Fortunes	24537	0.346	2	2	2.532
1065	Merchants	36943	0.521	3	1	2.526
1066	fills	12448	0.176	1	1	2.51
1067	poisoned	12446	0.176	1	1	2.51
1068	ded	12467	0.176	1	1	2.508
1069	Lady	112639	1.588	9	4	2.503
1070	envious	12527	0.177	1	1	2.501
1071	burnt	50113	0.707	4	3	2.501
1072	murderer	12581	0.177	1	1	2.495
1073	great	1790493	25.244	142	57	2.492
1074	Heresies	25260	0.356	2	1	2.49
1075	Dan	38042	0.536	3	3	2.484
1076	temperance	12755	0.18	1	1	2.476
1077	abides	12792	0.18	1	1	2.471
1078	committed	115180	1.624	9	8	2.47
1079	Prophecy	51210	0.722	4	4	2.47
1080	Darius	12799	0.181	1	1	2.47
1081	Friar	12819	0.181	1	1	2.468
1082	crafty	12823	0.181	1	1	2.468
1083	!	371996	5.245	29	17	2.467
1084	Character	38558	0.544	3	3	2.464
1085	18.	77389	1.091	6	5	2.459
1086	Sister	51618	0.728	4	4	2.458
1087	Pas	12920	0.182	1	1	2.456
1088	traffic	12930	0.182	1	1	2.456
1089	road	12952	0.183	1	1	2.453
1090	Agent	12951	0.183	1	1	2.453
1091	decline	12957	0.183	1	1	2.452
1092	Forbidden	38907	0.549	3	3	2.451
1093	approaching	12995	0.183	1	1	2.449
1094	wo	26036	0.367	2	2	2.446
1095	ten	130362	1.838	10	7	2.444
1096	raging	13043	0.184	1	1	2.443
1097	Streets	26115	0.368	2	2	2.441
1098	Champion	13133	0.185	1	1	2.433
1099	blush	13133	0.185	1	1	2.433
1100	permission	13164	0.186	1	1	2.43
1101	kiss	26340	0.371	2	2	2.429
1102	Lev	13206	0.186	1	1	2.425
1103	delightful	13236	0.187	1	1	2.422
1104	Andrew	13250	0.187	1	1	2.42
1105	disturb	13350	0.188	1	1	2.41
1106	Purge	26806	0.378	2	1	2.404
1107	inflicted	13403	0.189	1	1	2.404
1108	stolen	13436	0.189	1	1	2.4
1109	regular	13469	0.19	1	1	2.397
1110	Western	13537	0.191	1	1	2.389
1111	Coals	13558	0.191	1	1	2.387
1112	Sealed	27229	0.384	2	2	2.381
1113	manage	13853	0.195	1	1	2.356
1114	destroying	13873	0.196	1	1	2.354
1115	Mrs.	13889	0.196	1	1	2.353
1116	sinning	13902	0.196	1	1	2.351
1117	becomes	41957	0.592	3	3	2.342
1118	Worlds	28162	0.397	2	1	2.332
1119	mad	42332	0.597	3	3	2.33
1120	methinks	14132	0.199	1	1	2.328
1121	39.	14194	0.2	1	1	2.321
1122	included	14204	0.2	1	1	2.32
1123	pretends	14230	0.201	1	1	2.318
1124	affirming	14264	0.201	1	1	2.314
1125	Battles	14268	0.201	1	1	2.313
1126	doom	28591	0.403	2	1	2.311
1127	description	42949	0.606	3	3	2.309
1128	Heretic	14330	0.202	1	1	2.308
1129	Ha	28655	0.404	2	2	2.308
1130	price	57392	0.809	4	4	2.305
1131	Nephew	14378	0.203	1	1	2.303
1132	tasted	14389	0.203	1	1	2.301
1133	inflamed	14462	0.204	1	1	2.294
1134	reprobate	14526	0.205	1	1	2.288
1135	dispatch	14533	0.205	1	1	2.287
1136	Hills	29127	0.411	2	2	2.284
1137	Tent	14624	0.206	1	1	2.278
1138	repented	14668	0.207	1	1	2.274
1139	fairest	14727	0.208	1	1	2.268
1140	shameful	14747	0.208	1	1	2.266
1141	reproof	14798	0.209	1	1	2.261
1142	Michael	14812	0.209	1	1	2.26
1143	Mar	14814	0.209	1	1	2.259
1144	shun	14847	0.209	1	1	2.256
1145	publicly	29824	0.421	2	2	2.25
1146	call	328774	4.635	22	20	2.247
1147	doors	29993	0.423	2	2	2.242
1148	seize	15038	0.212	1	1	2.238
1149	Ale	15087	0.213	1	1	2.233
1150	calling	105619	1.489	7	7	2.233
1151	privately	15154	0.214	1	1	2.226
1152	effected	15220	0.215	1	1	2.22
1153	women	152987	2.157	10	9	2.213
1154	ere	61209	0.863	4	3	2.213
1155	70	15439	0.218	1	1	2.2
1156	tear	15500	0.219	1	1	2.194
1157	curse	61992	0.874	4	3	2.194
1158	Husbands	30992	0.437	2	2	2.194
1159	Generations	15518	0.219	1	1	2.192
1160	consumed	31042	0.438	2	2	2.192
1161	rode	15543	0.219	1	1	2.19
1162	Sodom	15597	0.22	1	1	2.185
1163	Madam	46920	0.662	3	2	2.181
1164	gain	78199	1.103	5	5	2.181
1165	incense	15760	0.222	1	1	2.17
1166	reigns	15787	0.223	1	1	2.167
1167	Idleness	15825	0.223	1	1	2.164
1168	'll	158479	2.234	10	8	2.162
1169	confound	15864	0.224	1	1	2.16
1170	rebuke	15877	0.224	1	1	2.16
1171	desperate	31789	0.448	2	2	2.158
1172	vow	31839	0.449	2	2	2.156
1173	slay	15920	0.225	1	1	2.155
1174	Illustrious	15935	0.225	1	1	2.154
1175	Prophets	111696	1.575	7	3	2.152
1176	judgement	111780	1.576	7	5	2.151
1177	carried	127788	1.802	8	1	2.151
1178	lewd	15983	0.225	1	1	2.15
1179	j.	48447	0.683	3	1	2.135
1180	meanest	16212	0.229	1	1	2.129
1181	Patriarch	16225	0.229	1	1	2.128
1182	JUdicious	16290	0.23	1	1	2.122
1183	Sale	16370	0.231	1	1	2.115
1184	strongest	16405	0.231	1	1	2.112
1185	iniquities	16575	0.234	1	1	2.097
1186	Members	116122	1.637	7	5	2.096
1187	17.	83120	1.172	5	4	2.093
1188	abstain	16630	0.235	1	1	2.092
1189	's	1833403	25.849	110	48	2.089
1190	Pulled	16685	0.235	1	1	2.088
1191	turn	167524	2.362	10	7	2.082
1192	Censures	16762	0.236	1	1	2.081
1193	hair	50335	0.71	3	2	2.08
1194	Lie	168129	2.37	10	10	2.077
1195	extant	16836	0.237	1	1	2.075
1196	complained	16882	0.238	1	1	2.071
1197	caught	16892	0.238	1	1	2.07
1198	Declares	33877	0.478	2	2	2.066
1199	Aye	17014	0.24	1	1	2.059
1200	Socrates	17043	0.24	1	1	2.057
1201	commit	51155	0.721	3	3	2.056
1202	Infidels	17053	0.24	1	1	2.056
1203	Kin	17056	0.241	1	1	2.056
1204	support	34167	0.482	2	2	2.054
1205	rid	17118	0.241	1	1	2.051
1206	professed	34256	0.483	2	2	2.05
1207	Board	17171	0.242	1	1	2.046
1208	discerned	17249	0.243	1	1	2.04
1209	destitute	17265	0.243	1	1	2.039
1210	Esau	17268	0.244	1	1	2.038
1211	sisters	17302	0.244	1	1	2.036
1212	reproach	34657	0.489	2	2	2.033
1213	Coin	17339	0.245	1	1	2.032
1214	scorn	34703	0.489	2	2	2.031
1215	meetings	17499	0.247	1	1	2.019
1216	trusted	17518	0.247	1	1	2.017
1217	Papist	17633	0.249	1	1	2.008
1218	forgot	17706	0.25	1	1	2.002
1219	O.	17703	0.25	1	1	2.002
1220	urge	17702	0.25	1	1	2.002
1221	National	17726	0.25	1	1	2.001
1222	Fancies	17761	0.25	1	1	1.998
1223	rejoicing	17783	0.251	1	1	1.996
1224	Stage	17895	0.252	1	1	1.987
1225	Characters	17893	0.252	1	1	1.987
1226	Esa	17912	0.253	1	1	1.986
1227	steal	17906	0.253	1	1	1.986
1228	buy	35853	0.506	2	1	1.984
1229	Gallant	17961	0.253	1	1	1.982
1230	Heir	53990	0.761	3	3	1.979
1231	troubled	72125	1.017	4	2	1.976
1232	Oh	126299	1.781	7	7	1.975
1233	'd	144543	2.038	8	8	1.973
1234	deceived	54539	0.769	3	3	1.964
1235	Dear	109293	1.541	6	4	1.961
1236	Drunkenness	18268	0.258	1	1	1.957
1237	pound	54933	0.775	3	3	1.954
1238	heretofore	36652	0.517	2	2	1.952
1239	largely	18351	0.259	1	1	1.951
1240	bids	18389	0.259	1	1	1.947
1241	spiritual	239256	3.373	13	8	1.946
1242	heap	18409	0.26	1	1	1.946
1243	Monarch	18420	0.26	1	1	1.945
1244	Courtesy	18515	0.261	1	1	1.938
1245	spend	37287	0.526	2	2	1.928
1246	deep	75511	1.065	4	4	1.91
1247	adorned	18908	0.267	1	1	1.907
1248	Bull	18950	0.267	1	1	1.904
1249	Italian	18997	0.268	1	1	1.901
1250	loves	76043	1.072	4	4	1.9
1251	brave	38044	0.536	2	2	1.899
1252	immortality	19100	0.269	1	1	1.893
1253	encouraged	19234	0.271	1	1	1.883
1254	Chains	19298	0.272	1	1	1.878
1255	Weeks	19316	0.272	1	1	1.877
1256	drew	38764	0.547	2	2	1.872
1257	worse	96916	1.366	5	4	1.872
1258	invented	19383	0.273	1	1	1.871
1259	Bell	19417	0.274	1	1	1.869
1260	denies	19481	0.275	1	1	1.864
1261	horror	19604	0.276	1	1	1.855
1262	favourable	19618	0.277	1	1	1.854
1263	Pomp	19649	0.277	1	1	1.852
1264	whereon	19704	0.278	1	1	1.848
1265	Lyon	19709	0.278	1	1	1.847
1266	lovely	19737	0.278	1	1	1.845
1267	signifies	79472	1.121	4	4	1.836
1268	reputed	19893	0.281	1	1	1.834
1269	practices	19984	0.282	1	1	1.827
1270	probably	19999	0.282	1	1	1.826
1271	profane	40020	0.564	2	2	1.826
1272	runs	40288	0.568	2	2	1.816
1273	Constable	20148	0.284	1	1	1.816
1274	Severity	20285	0.286	1	1	1.806
1275	Lion	20323	0.287	1	1	1.803
1276	calls	121932	1.719	6	6	1.803
1277	Israel	162651	2.293	8	6	1.803
1278	nere	20350	0.287	1	1	1.801
1279	arose	20382	0.287	1	1	1.799
1280	tie	20437	0.288	1	1	1.795
1281	takes	123079	1.735	6	5	1.79
1282	sell	41041	0.579	2	2	1.789
1283	Fool	41266	0.582	2	2	1.781
1284	chaste	20646	0.291	1	1	1.78
1285	Bonds	20748	0.293	1	1	1.773
1286	habet	20783	0.293	1	1	1.771
1287	Pit	20801	0.293	1	1	1.77
1288	pity	62915	0.887	3	3	1.758
1289	step	20981	0.296	1	1	1.757
1290	ne'er	20984	0.296	1	1	1.757
1291	Revelation	41988	0.592	2	2	1.756
1292	es	21017	0.296	1	1	1.755
1293	persecuted	21044	0.297	1	1	1.753
1294	discovered	63467	0.895	3	3	1.745
1295	fee	21237	0.299	1	1	1.74
1296	Priesthood	21290	0.3	1	1	1.736
1297	flying	21405	0.302	1	1	1.728
1298	Judgment	235552	3.321	11	10	1.728
1299	Deuteronomy	64271	0.906	3	3	1.727
1300	pence	21465	0.303	1	1	1.725
1301	Troops	21505	0.303	1	1	1.722
1302	spoiled	21514	0.303	1	1	1.721
1303	destroy	86113	1.214	4	4	1.72
1304	prefer	21583	0.304	1	1	1.716
1305	Sovereignty	21633	0.305	1	1	1.713
1306	lack	21685	0.306	1	1	1.71
1307	Confesses	21697	0.306	1	1	1.709
1308	cry	87922	1.24	4	4	1.69
1309	tempted	22002	0.31	1	1	1.689
1310	Gentleman	66021	0.931	3	3	1.688
1311	murdered	22105	0.312	1	1	1.682
1312	tedious	22140	0.312	1	1	1.679
1313	knees	22165	0.313	1	1	1.678
1314	Church	1175787	16.577	53	19	1.677
1315	s	133183	1.878	6	5	1.676
1316	Eighth	22214	0.313	1	1	1.675
1317	thieves	22285	0.314	1	1	1.67
1318	secrets	22386	0.316	1	1	1.664
1319	34.	22411	0.316	1	1	1.662
1320	Ancestors	22418	0.316	1	1	1.662
1321	ver	22436	0.316	1	1	1.661
1322	Beat	45020	0.635	2	2	1.656
1323	oppression	22522	0.318	1	1	1.655
1324	abuse	45195	0.637	2	2	1.65
1325	called	768363	10.833	34	26	1.65
1326	weeping	22605	0.319	1	1	1.65
1327	Alas	67915	0.958	3	3	1.648
1328	indignation	22811	0.322	1	1	1.637
1329	admire	22861	0.322	1	1	1.634
1330	Traditions	22980	0.324	1	1	1.626
1331	common	346098	4.88	15	15	1.62
1332	Friendship	46387	0.654	2	2	1.613
1333	naked	46459	0.655	2	2	1.61
1334	flesh	279311	3.938	12	10	1.607
1335	struck	23297	0.329	1	1	1.606
1336	bitter	46679	0.658	2	2	1.604
1337	Corruptions	23463	0.331	1	1	1.596
1338	Wall	47250	0.666	2	2	1.586
1339	hath	1823449	25.709	77	30	1.583
1340	dance	23697	0.334	1	1	1.582
1341	Mercury	23710	0.334	1	1	1.581
1342	a	14471665	204.036	607	207	1.573
1343	accounts	23870	0.337	1	1	1.571
1344	Rob	23959	0.338	1	1	1.566
1345	shake	24043	0.339	1	1	1.561
1346	redeemed	24139	0.34	1	1	1.555
1347	puts	48280	0.681	2	2	1.555
1348	portion	48529	0.684	2	2	1.548
1349	imputed	24284	0.342	1	1	1.546
1350	Pull	24362	0.344	1	1	1.542
1351	apprehend	24467	0.345	1	1	1.535
1352	25.	48971	0.69	2	2	1.534
1353	Garment	24609	0.347	1	1	1.527
1354	strangers	49348	0.696	2	2	1.523
1355	adultery	24714	0.348	1	1	1.521
1356	cruelty	49468	0.697	2	2	1.52
1357	Golden	49785	0.702	2	2	1.511
1358	evermore	24903	0.351	1	1	1.51
1359	prevailed	25057	0.353	1	1	1.501
1360	Prov.	50161	0.707	2	2	1.5
1361	Isa.	75282	1.061	3	3	1.499
1362	goes	100413	1.416	4	4	1.498
1363	dread	25184	0.355	1	1	1.494
1364	excess	25352	0.357	1	1	1.484
1365	termed	25438	0.359	1	1	1.48
1366	returning	25466	0.359	1	1	1.478
1367	Celestial	25497	0.36	1	1	1.476
1368	Re	25840	0.364	1	1	1.457
1369	Aside	51692	0.729	2	2	1.456
1370	suspected	25911	0.365	1	1	1.453
1371	top	52060	0.734	2	1	1.446
1372	keep	313074	4.414	12	10	1.443
1373	seed	130549	1.841	5	2	1.442
1374	looks	52264	0.737	2	2	1.44
1375	strongly	26140	0.369	1	1	1.44
1376	Mark	131282	1.851	5	4	1.434
1377	sit	131502	1.854	5	4	1.431
1378	Matthew	26367	0.372	1	1	1.428
1379	Husband	105631	1.489	4	4	1.425
1380	suddenly	53066	0.748	2	2	1.419
1381	Flood	26569	0.375	1	1	1.417
1382	lays	26622	0.375	1	1	1.414
1383	&c	479189	6.756	18	14	1.414
1384	list	26655	0.376	1	1	1.412
1385	usually	53352	0.752	2	2	1.411
1386	Richard	53481	0.754	2	1	1.407
1387	Britain	26773	0.378	1	1	1.405
1388	yea	321813	4.537	12	9	1.403
1389	lovers	26913	0.379	1	1	1.398
1390	Mere	80762	1.139	3	3	1.398
1391	leads	26956	0.38	1	1	1.396
1392	Virgin	54072	0.762	2	2	1.391
1393	apparel	27082	0.382	1	1	1.389
1394	defended	27388	0.386	1	1	1.373
1395	remarkable	27396	0.386	1	1	1.372
1396	brings	54834	0.773	2	1	1.371
1397	temples	27639	0.39	1	1	1.36
1398	suitable	27681	0.39	1	1	1.357
1399	stick	27742	0.391	1	1	1.354
1400	leaving	55555	0.783	2	2	1.352
1401	Sons	139530	1.967	5	5	1.346
1402	meant	112513	1.586	4	4	1.334
1403	appeal	28134	0.397	1	1	1.334
1404	beware	28157	0.397	1	1	1.333
1405	Followers	28164	0.397	1	1	1.332
1406	provoke	28409	0.401	1	1	1.32
1407	appears	142173	2.005	5	5	1.319
1408	narrow	28532	0.402	1	1	1.314
1409	st	28567	0.403	1	1	1.312
1410	Rulers	28709	0.405	1	1	1.305
1411	Vision	28960	0.408	1	1	1.292
1412	Ah	29075	0.41	1	1	1.287
1413	house	407406	5.744	14	13	1.285
1414	keeping	58223	0.821	2	2	1.285
1415	wont	58350	0.823	2	2	1.282
1416	titles	29194	0.412	1	1	1.281
1417	has	321926	4.539	11	10	1.277
1418	shown	29305	0.413	1	1	1.275
1419	Ezek.	29318	0.413	1	1	1.274
1420	spoken	147126	2.074	5	5	1.269
1421	throw	29481	0.416	1	1	1.266
1422	got	88984	1.255	3	2	1.258
1423	Thank	29699	0.419	1	1	1.256
1424	ou	29737	0.419	1	1	1.254
1425	pretty	29773	0.42	1	1	1.252
1426	walking	29776	0.42	1	1	1.252
1427	displeasure	30153	0.425	1	1	1.234
1428	revenge	60376	0.851	2	2	1.232
1429	Face	181454	2.558	6	5	1.23
1430	Gentlemen	60495	0.853	2	2	1.23
1431	ordinarily	30303	0.427	1	1	1.227
1432	veins	30344	0.428	1	1	1.225
1433	figures	30387	0.428	1	1	1.223
1434	Decrees	30530	0.43	1	1	1.216
1435	judges	91633	1.292	3	3	1.215
1436	Mothers	30565	0.431	1	1	1.215
1437	commend	30571	0.431	1	1	1.214
1438	Speeches	30693	0.433	1	1	1.209
1439	Unclean	30723	0.433	1	1	1.207
1440	harm	30750	0.434	1	1	1.206
1441	testify	30813	0.434	1	1	1.203
1442	en	61856	0.872	2	1	1.197
1443	Sir	371184	5.233	12	8	1.197
1444	Idols	30951	0.436	1	1	1.196
1445	represent	31012	0.437	1	1	1.194
1446	cares	31089	0.438	1	1	1.19
1447	upon	2522161	35.56	81	37	1.188
1448	'm	31244	0.441	1	1	1.183
1449	complete	31387	0.443	1	1	1.176
1450	shame	94222	1.328	3	3	1.175
1451	corrupt	63197	0.891	2	2	1.167
1452	draws	31643	0.446	1	1	1.165
1453	youth	63555	0.896	2	2	1.158
1454	later	31782	0.448	1	1	1.158
1455	hang	31830	0.449	1	1	1.156
1456	oaths	31854	0.449	1	1	1.155
1457	saw	191431	2.699	6	5	1.153
1458	whilst	127767	1.801	4	4	1.151
1459	opposite	31956	0.451	1	1	1.15
1460	cries	32046	0.452	1	1	1.146
1461	damnation	32064	0.452	1	1	1.145
1462	VIII	32081	0.452	1	1	1.145
1463	dogs	32101	0.453	1	1	1.144
1464	treat	32126	0.453	1	1	1.143
1465	Doubtless	32131	0.453	1	1	1.142
1466	fine	96522	1.361	3	3	1.14
1467	consequently	64502	0.909	2	2	1.137
1468	upper	32317	0.456	1	1	1.134
1469	conquest	32321	0.456	1	1	1.134
1470	bosom	32336	0.456	1	1	1.133
1471	insomuch	32477	0.458	1	1	1.127
1472	Maintenance	32482	0.458	1	1	1.127
1473	remaining	32552	0.459	1	1	1.123
1474	accused	32564	0.459	1	1	1.123
1475	Praises	32770	0.462	1	1	1.114
1476	tells	98449	1.388	3	3	1.112
1477	greatly	65797	0.928	2	2	1.108
1478	serves	32991	0.465	1	1	1.104
1479	peoples	33008	0.465	1	1	1.103
1480	executed	33017	0.466	1	1	1.103
1481	vices	33021	0.466	1	1	1.103
1482	Kings	363629	5.127	11	9	1.101
1483	Maid	33079	0.466	1	1	1.1
1484	Record	33094	0.467	1	1	1.1
1485	married	66560	0.938	2	2	1.092
1486	epist.	33418	0.471	1	1	1.086
1487	whose	468798	6.61	14	13	1.083
1488	concerns	33496	0.472	1	1	1.082
1489	wax	33550	0.473	1	1	1.08
1490	Hazard	33564	0.473	1	1	1.079
1491	sees	33635	0.474	1	1	1.076
1492	shed	33752	0.476	1	1	1.071
1493	fulfilled	33876	0.478	1	1	1.066
1494	Horse	136110	1.919	4	3	1.06
1495	whom	782727	11.036	23	19	1.059
1496	Judgments	34069	0.48	1	1	1.058
1497	bred	34100	0.481	1	1	1.056
1498	thousands	34120	0.481	1	1	1.056
1499	passes	34125	0.481	1	1	1.056
1500	advanced	34128	0.481	1	1	1.055
1501	relief	34491	0.486	1	1	1.04
1502	n't	34507	0.487	1	1	1.039
1503	certainty	34519	0.487	1	1	1.039
1504	dreadful	34583	0.488	1	1	1.036
1505	expression	34892	0.492	1	1	1.024
1506	Oft	69946	0.986	2	2	1.02
1507	denied	69953	0.986	2	2	1.02
1508	serious	35051	0.494	1	1	1.017
1509	?	2527462	35.635	72	45	1.015
1510	pride	105444	1.487	3	3	1.013
1511	l	70403	0.993	2	1	1.011
1512	questions	35216	0.497	1	1	1.01
1513	Fools	35223	0.497	1	1	1.01
1514	sends	35230	0.497	1	1	1.01
1515	breaking	35284	0.498	1	1	1.007
1516	seeking	35296	0.498	1	1	1.007
1517	frequently	35397	0.499	1	1	1.003
1518	shortly	35459	0.5	1	1	1
1519	blood	426566	6.014	12	9	0.997
1520	Protestants	71207	1.004	2	2	0.994
1521	Tower	35614	0.502	1	1	0.994
1522	laying	35626	0.502	1	1	0.993
1523	Song	35727	0.504	1	1	0.989
1524	Why	394748	5.566	11	11	0.983
1525	lift	35903	0.506	1	1	0.982
1526	38	35927	0.507	1	1	0.981
1527	trade	71989	1.015	2	2	0.979
1528	hither	36037	0.508	1	1	0.977
1529	double	72073	1.016	2	1	0.977
1530	dumb	36044	0.508	1	1	0.977
1531	Moreover	72198	1.018	2	2	0.974
1532	an	2497908	35.218	69	47	0.97
1533	beginning	182083	2.567	5	4	0.962
1534	F.	73082	1.03	2	2	0.957
1535	expect	73209	1.032	2	2	0.954
1536	turned	109846	1.549	3	3	0.954
1537	practised	36690	0.517	1	1	0.951
1538	became	73544	1.037	2	2	0.948
1539	subtle	36810	0.519	1	1	0.946
1540	quoth	36867	0.52	1	1	0.944
1541	mouths	36905	0.52	1	1	0.943
1542	flower	36901	0.52	1	1	0.943
1543	Palace	37162	0.524	1	1	0.933
1544	wilt	74391	1.049	2	2	0.931
1545	Jesuits	37256	0.525	1	1	0.929
1546	quite	74671	1.053	2	2	0.926
1547	kill	74750	1.054	2	2	0.924
1548	universal	74773	1.054	2	1	0.924
1549	Wilderness	37400	0.527	1	1	0.923
1550	intend	37477	0.528	1	1	0.92
1551	succession	37662	0.531	1	1	0.913
1552	old	414305	5.841	11	11	0.913
1553	caused	113016	1.593	3	2	0.913
1554	quality	75538	1.065	2	2	0.909
1555	masters	75576	1.066	2	2	0.908
1556	Vengeance	37813	0.533	1	1	0.908
1557	separated	37858	0.534	1	1	0.906
1558	Ages	75749	1.068	2	2	0.905
1559	evening	37929	0.535	1	1	0.903
1560	lips	38066	0.537	1	1	0.898
1561	Host	38170	0.538	1	1	0.894
1562	godliness	38251	0.539	1	1	0.891
1563	FINIS	38468	0.542	1	1	0.883
1564	chap	271060	3.822	7	5	0.873
1565	Direction	38731	0.546	1	1	0.873
1566	hide	38812	0.547	1	1	0.87
1567	Fourthly	38947	0.549	1	1	0.865
1568	28	77934	1.099	2	2	0.864
1569	Saints	194939	2.748	5	5	0.863
1570	follows	118360	1.669	3	2	0.846
1571	mountain	39556	0.558	1	1	0.842
1572	sleep	79160	1.116	2	2	0.842
1573	bestowed	39589	0.558	1	1	0.841
1574	cost	39743	0.56	1	1	0.836
1575	designed	39808	0.561	1	1	0.833
1576	Fashion	39934	0.563	1	1	0.829
1577	Wars	79970	1.128	2	2	0.827
1578	Tongues	40030	0.564	1	1	0.825
1579	[	280684	3.957	7	5	0.823
1580	greatest	200955	2.833	5	5	0.819
1581	viz.	161354	2.275	4	4	0.814
1582	respects	40341	0.569	1	1	0.814
1583	shall	2624249	36.999	65	36	0.813
1584	you	3714542	52.371	92	42	0.813
1585	deceive	40456	0.57	1	1	0.81
1586	comparison	40468	0.571	1	1	0.809
1587	Arts	40476	0.571	1	1	0.809
1588	Privilege	40519	0.571	1	1	0.808
1589	fain	40564	0.572	1	1	0.806
1590	converted	40728	0.574	1	1	0.8
1591	doctrines	40858	0.576	1	1	0.796
1592	govern	40926	0.577	1	1	0.793
1593	make	1313915	18.525	32	26	0.789
1594	the	59190422	834.525	1440	276	0.787
1595	Ladies	41212	0.581	1	1	0.783
1596	persecution	41265	0.582	1	1	0.781
1597	"	41388	0.584	1	1	0.777
1598	openly	41440	0.584	1	1	0.775
1599	C	292350	4.122	7	1	0.764
1600	Honey	41845	0.59	1	1	0.761
1601	manners	41947	0.591	1	1	0.758
1602	cure	84022	1.185	2	2	0.756
1603	Who	2315377	32.645	55	34	0.753
1604	milk	42416	0.598	1	1	0.742
1605	nine	42485	0.599	1	1	0.739
1606	tell	255280	3.599	6	5	0.737
1607	Fact	42577	0.6	1	1	0.736
1608	utter	42614	0.601	1	1	0.735
1609	virtuous	42661	0.602	1	1	0.733
1610	Grand	42729	0.602	1	1	0.731
1611	distinction	42763	0.603	1	1	0.73
1612	Rent	42785	0.603	1	1	0.729
1613	Sect	42803	0.604	1	1	0.729
1614	Glorious	128843	1.817	3	3	0.724
1615	]	429805	6.06	10	5	0.723
1616	Family	86324	1.217	2	2	0.717
1617	public	215912	3.044	5	5	0.716
1618	become	172873	2.437	4	4	0.715
1619	meeting	43320	0.611	1	1	0.711
1620	resist	43474	0.613	1	1	0.706
1621	Night	217853	3.072	5	5	0.703
1622	forms	43593	0.615	1	1	0.702
1623	spread	43759	0.617	1	1	0.697
1624	rise	87880	1.239	2	2	0.691
1625	Camp	43972	0.62	1	1	0.69
1626	bringing	44028	0.621	1	1	0.688
1627	perfectly	44031	0.621	1	1	0.688
1628	Yours	44031	0.621	1	1	0.688
1629	womb	44083	0.622	1	1	0.686
1630	beside	44252	0.624	1	1	0.681
1631	punish	44349	0.625	1	1	0.677
1632	famous	88824	1.252	2	2	0.675
1633	dust	44440	0.627	1	1	0.674
1634	having	579260	8.167	13	13	0.671
1635	appearance	44583	0.629	1	1	0.67
1636	Yes	44644	0.629	1	1	0.668
1637	privileges	44698	0.63	1	1	0.666
1638	run	134767	1.9	3	2	0.659
1639	private	134915	1.902	3	2	0.657
1640	enough	225014	3.173	5	5	0.656
1641	bid	45051	0.635	1	1	0.655
1642	Institution	45069	0.635	1	1	0.654
1643	Thou	1398203	19.713	31	21	0.653
1644	kindness	45136	0.636	1	1	0.652
1645	begun	45469	0.641	1	1	0.641
1646	Main	45562	0.642	1	1	0.638
1647	forth	410791	5.792	9	6	0.636
1648	Patient	45655	0.644	1	1	0.636
1649	Since	412107	5.81	9	8	0.631
1650	Jurisdiction	45854	0.647	1	1	0.629
1651	fled	45957	0.648	1	1	0.626
1652	cried	45966	0.648	1	1	0.626
1653	fully	92165	1.299	2	2	0.622
1654	rage	46100	0.65	1	1	0.621
1655	began	184715	2.604	4	4	0.619
1656	heresy	46327	0.653	1	1	0.614
1657	heads	93035	1.312	2	2	0.609
1658	like	1070087	15.087	23	22	0.608
1659	vice	46611	0.657	1	1	0.606
1660	Gate	46617	0.657	1	1	0.605
1661	t	186780	2.633	4	3	0.603
1662	eminent	46828	0.66	1	1	0.599
1663	crown	140652	1.983	3	2	0.597
1664	opportunity	46909	0.661	1	1	0.596
1665	Judgements	47124	0.664	1	1	0.59
1666	rightly	47299	0.667	1	1	0.584
1667	affected	47304	0.667	1	1	0.584
1668	following	142882	2.015	3	3	0.575
1669	Devil	190658	2.688	4	4	0.573
1670	beauty	95667	1.349	2	2	0.568
1671	Fury	47909	0.676	1	1	0.566
1672	;	9536348	134.453	199	105	0.566
1673	delight	95852	1.351	2	2	0.566
1674	post	47961	0.676	1	1	0.564
1675	Pope	240165	3.386	5	3	0.562
1676	ashamed	48199	0.68	1	1	0.557
1677	M.	193517	2.728	4	2	0.552
1678	eat	145185	2.047	3	3	0.551
1679	Knights	48428	0.683	1	1	0.55
1680	Kingdom	388117	5.472	8	8	0.548
1681	Enter	145726	2.055	3	3	0.546
1682	begin	97196	1.37	2	2	0.545
1683	wh	48807	0.688	1	1	0.539
1684	noted	48905	0.69	1	1	0.536
1685	times	394191	5.558	8	7	0.526
1686	Child	148012	2.087	3	3	0.524
1687	your	2073026	29.228	42	26	0.523
1688	feared	49375	0.696	1	1	0.523
1689	forget	49494	0.698	1	1	0.519
1690	been	1095200	15.441	22	15	0.511
1691	Hell	149518	2.108	3	3	0.509
1692	get	149760	2.112	3	3	0.507
1693	Whence	149816	2.112	3	3	0.506
1694	with	6743369	95.075	135	81	0.506
1695	write	99970	1.41	2	2	0.505
1696	belly	50036	0.706	1	1	0.503
1697	Lamb	50063	0.706	1	1	0.503
1698	needs	150472	2.122	3	3	0.5
1699	James	100348	1.415	2	2	0.499
1700	ever	652700	9.202	13	11	0.498
1701	7	251211	3.542	5	5	0.497
1702	every	1057014	14.903	21	13	0.495
1703	Dominion	50446	0.711	1	1	0.492
1704	Fortune	101130	1.426	2	2	0.488
1705	instruments	50653	0.714	1	1	0.486
1706	says	304429	4.292	6	5	0.483
1707	Sacraments	50743	0.715	1	1	0.483
1708	catholic	101512	1.431	2	2	0.483
1709	(	3147389	44.375	62	37	0.483
1710	revealed	50925	0.718	1	1	0.478
1711	F	50955	0.718	1	1	0.477
1712	lest	101960	1.438	2	2	0.476
1713	punished	51064	0.72	1	1	0.474
1714	comes	255457	3.602	5	4	0.473
1715	exercise	102303	1.442	2	2	0.472
1716	Robert	51164	0.721	1	1	0.471
1717	Confusion	51173	0.722	1	1	0.471
1718	danger	153644	2.166	3	3	0.47
1719	and	37698224	531.507	736	250	0.47
1720	g.	51419	0.725	1	1	0.464
1721	known	257669	3.633	5	5	0.461
1722	unless	154621	2.18	3	3	0.461
1723	Five	154870	2.184	3	2	0.458
1724	receiving	51659	0.728	1	1	0.457
1725	worship	206782	2.915	4	3	0.456
1726	Though	1040761	14.674	20	13	0.447
1727	learn	104113	1.468	2	2	0.446
1728	Green	52193	0.736	1	1	0.442
1729	poor	313465	4.42	6	6	0.441
1730	born	104623	1.475	2	2	0.439
1731	esteemed	52613	0.742	1	1	0.431
1732	excuse	52632	0.742	1	1	0.43
1733	Sinner	52649	0.742	1	1	0.43
1734	on	1948583	27.473	37	34	0.43
1735	self	948089	13.367	18	15	0.429
1736	Vain	158202	2.231	3	3	0.428
1737	fight	105643	1.49	2	2	0.425
1738	saying	211699	2.985	4	3	0.422
1739	loving	52941	0.746	1	1	0.422
1740	still	373001	5.259	7	6	0.413
1741	found	426408	6.012	8	8	0.412
1742	go	533648	7.524	10	10	0.41
1743	spent	53460	0.754	1	1	0.408
1744	removed	53515	0.755	1	1	0.406
1745	Count	53522	0.755	1	1	0.406
1746	setting	53750	0.758	1	1	0.4
1747	back	161359	2.275	3	3	0.399
1748	gross	53803	0.759	1	1	0.399
1749	manifest	107661	1.518	2	2	0.398
1750	secret	108173	1.525	2	2	0.391
1751	knew	162531	2.292	3	3	0.389
1752	next	271507	3.828	5	4	0.385
1753	sheweth	54422	0.767	1	1	0.382
1754	over	545201	7.687	10	7	0.38
1755	nor	1146191	16.16	21	19	0.378
1756	Decree	54592	0.77	1	1	0.378
1757	sing	54605	0.77	1	1	0.377
1758	Lusts	54617	0.77	1	1	0.377
1759	Seal	54620	0.77	1	1	0.377
1760	told	164509	2.319	3	3	0.371
1761	allow	54968	0.775	1	1	0.368
1762	talk	54978	0.775	1	1	0.368
1763	VI	55012	0.776	1	1	0.367
1764	hereby	55021	0.776	1	1	0.366
1765	prove	220093	3.103	4	4	0.366
1766	mentioned	110171	1.553	2	2	0.365
1767	Countenance	55145	0.778	1	1	0.363
1768	discover	55186	0.778	1	1	0.362
1769	name	607418	8.564	11	10	0.361
1770	Heb.	110708	1.561	2	2	0.358
1771	,	97296499	1371.782	1753	383	0.354
1772	plainly	111081	1.566	2	2	0.353
1773	published	55591	0.784	1	1	0.351
1774	does	222564	3.138	4	4	0.35
1775	sold	55694	0.785	1	1	0.349
1776	question	167153	2.357	3	3	0.348
1777	Satan	111662	1.574	2	2	0.345
1778	R.	112114	1.581	2	1	0.339
1779	away	504942	7.119	9	9	0.338
1780	breast	56115	0.791	1	1	0.338
1781	Principle	56247	0.793	1	1	0.335
1782	Consciences	56276	0.793	1	1	0.334
1783	accounted	56307	0.794	1	1	0.333
1784	Mass	56555	0.797	1	1	0.327
1785	filled	56573	0.798	1	1	0.326
1786	punishment	113533	1.601	2	2	0.321
1787	of	39170514	552.264	690	225	0.321
1788	Elect	56959	0.803	1	1	0.316
1789	young	171502	2.418	3	3	0.311
1790	dark	57339	0.808	1	1	0.307
1791	Yet	1835928	25.885	32	23	0.306
1792	wives	57399	0.809	1	1	0.305
1793	distance	57644	0.813	1	1	0.299
1794	touching	115302	1.626	2	2	0.299
1795	seeing	231216	3.26	4	4	0.295
1796	pretend	57850	0.816	1	1	0.294
1797	overcome	57959	0.817	1	1	0.291
1798	finding	57977	0.817	1	1	0.291
1799	gave	290757	4.099	5	5	0.287
1800	Believers	58227	0.821	1	1	0.285
1801	give	758276	10.691	13	10	0.282
1802	perish	58343	0.823	1	1	0.282
1803	10	233570	3.293	4	4	0.281
1804	should	1871070	26.38	32	20	0.279
1805	sea	233892	3.298	4	3	0.279
1806	or	6140246	86.571	105	64	0.278
1807	paid	58812	0.829	1	1	0.27
1808	many	1356675	19.128	23	15	0.266
1809	Gen.	118079	1.665	2	2	0.265
1810	Devils	59091	0.833	1	1	0.263
1811	proved	118293	1.668	2	2	0.262
1812	within	355110	5.007	6	4	0.261
1813	Ill	177562	2.503	3	3	0.261
1814	how	1244740	17.55	21	18	0.259
1815	John	415725	5.861	7	7	0.256
1816	23.	59639	0.841	1	1	0.25
1817	neither	537051	7.572	9	9	0.249
1818	&c.	299097	4.217	5	5	0.246
1819	love	838220	11.818	14	9	0.244
1820	e.	119746	1.688	2	2	0.244
1821	heavy	59956	0.845	1	1	0.242
1822	Names	120160	1.694	2	2	0.239
1823	kept	180349	2.543	3	3	0.239
1824	)	3126749	44.084	52	36	0.238
1825	War	243324	3.431	4	3	0.222
1826	always	304181	4.289	5	4	0.221
1827	Excellency	60896	0.859	1	1	0.22
1828	civil	121918	1.719	2	2	0.219
1829	asked	61036	0.861	1	1	0.217
1830	know	736780	10.388	12	12	0.208
1831	join	61462	0.867	1	1	0.207
1832	arise	61558	0.868	1	1	0.204
1833	base	61654	0.869	1	1	0.202
1834	past	123448	1.741	2	2	0.2
1835	Priest	123560	1.742	2	2	0.199
1836	me	1731164	24.408	28	19	0.198
1837	which	6940930	97.86	112	54	0.195
1838	scarce	62192	0.877	1	1	0.19
1839	changed	62232	0.877	1	1	0.189
1840	deed	62715	0.884	1	1	0.178
1841	money	188212	2.654	3	3	0.177
1842	Pleasures	62853	0.886	1	1	0.174
1843	City	377406	5.321	6	6	0.173
1844	rejoice	63078	0.889	1	1	0.169
1845	art	315875	4.454	5	4	0.167
1846	thereunto	63207	0.891	1	1	0.166
1847	Friends	189996	2.679	3	3	0.163
1848	have	4691254	66.142	74	44	0.162
1849	3	571164	8.053	9	9	0.16
1850	Servant	127075	1.792	2	2	0.159
1851	ours	63665	0.898	1	1	0.156
1852	am	509469	7.183	8	6	0.155
1853	Carnal	63756	0.899	1	1	0.154
1854	case	319514	4.505	5	5	0.15
1855	Miles	63925	0.901	1	1	0.15
1856	freely	63939	0.902	1	1	0.15
1857	remains	64087	0.904	1	1	0.146
1858	chiefly	64176	0.905	1	1	0.144
1859	taught	128541	1.812	2	2	0.142
1860	door	64326	0.907	1	1	0.141
1861	g	64551	0.91	1	1	0.136
1862	haste	258415	3.643	4	3	0.135
1863	absolute	64604	0.911	1	1	0.135
1864	off	323311	4.558	5	5	0.133
1865	that	17465266	246.243	270	145	0.133
1866	grant	129668	1.828	2	2	0.13
1867	ways	194504	2.742	3	2	0.13
1868	safe	64842	0.914	1	1	0.129
1869	18	129797	1.83	2	2	0.128
1870	Months	65020	0.917	1	1	0.125
1871	sacrifice	130353	1.838	2	2	0.122
1872	made	1503973	21.205	23	15	0.117
1873	brought	394377	5.56	6	4	0.11
1874	lying	65748	0.927	1	1	0.109
1875	I	6187300	87.235	94	60	0.108
1876	did	1515759	21.371	23	19	0.106
1877	uses	66025	0.931	1	1	0.103
1878	endure	66031	0.931	1	1	0.103
1879	Now	1519152	21.419	23	16	0.103
1880	few	199429	2.812	3	3	0.094
1881	Corruption	66477	0.937	1	1	0.093
1882	wherein	332751	4.692	5	3	0.092
1883	Beloved	66576	0.939	1	1	0.091
1884	simple	66612	0.939	1	1	0.09
1885	17	133873	1.888	2	2	0.084
1886	if	3293480	46.435	49	44	0.078
1887	Letter	134624	1.898	2	2	0.075
1888	Clergy	67422	0.951	1	1	0.073
1889	Religion	406309	5.729	6	5	0.067
1890	o	541781	7.639	8	8	0.067
1891	Jacob	67737	0.955	1	1	0.066
1892	dare	135920	1.916	2	2	0.062
1893	twelve	68218	0.962	1	1	0.056
1894	hear	273421	3.855	4	4	0.053
1895	Throne	68392	0.964	1	1	0.052
1896	Confession	68490	0.966	1	1	0.051
1897	one	2538275	35.787	37	28	0.048
1898	looked	68727	0.969	1	1	0.045
1899	real	68772	0.97	1	1	0.045
1900	Subject	206440	2.911	3	3	0.044
1901	Mary	68927	0.972	1	1	0.041
1902	do	2417629	34.086	35	27	0.038
1903	n	69208	0.976	1	1	0.035
1904	appeared	69228	0.976	1	1	0.035
1905	once	277740	3.916	4	4	0.031
1906	Soul	555660	7.834	8	7	0.03
1907	is	12301699	173.441	177	96	0.029
1908	under	696455	9.819	10	6	0.026
1909	shows	70001	0.987	1	1	0.019
1910	cut	140466	1.98	2	2	0.014
1911	had	2740575	38.639	39	34	0.013
1912	what	2320680	32.719	33	27	0.012
1913	for	9369441	132.1	133	86	0.01
1914	against	1339213	18.882	19	11	0.009
1915	farther	70765	0.998	1	1	0.003
1916	hundred	212307	2.993	3	3	0.003
1917	dwell	70987	1.001	1	1	-0.001
1918	thinks	71088	1.002	1	1	-0.003
1919	disease	71132	1.003	1	1	-0.004
1920	rich	142318	2.007	2	2	-0.005
1921	this	6548918	92.333	92	49	-0.005
1922	My	2492426	35.141	35	25	-0.006
1923	wrong	71272	1.005	1	1	-0.007
1924	long	571124	8.052	8	7	-0.009
1925	Almighty	71617	1.01	1	1	-0.014
1926	aut	71993	1.015	1	1	-0.021
1927	Home	144093	2.032	2	2	-0.023
1928	forward	72541	1.023	1	1	-0.033
1929	20	145215	2.047	2	2	-0.034
1930	pleasant	72707	1.025	1	1	-0.036
1931	19.	72769	1.026	1	1	-0.037
1932	thee	728077	10.265	10	7	-0.038
1933	preached	73136	1.031	1	1	-0.044
1934	de	804522	11.343	11	3	-0.044
1935	London	146866	2.071	2	2	-0.05
1936	noble	146938	2.072	2	2	-0.051
1937	fire	294315	4.15	4	4	-0.053
1938	proud	73660	1.039	1	1	-0.055
1939	People	885047	12.478	12	4	-0.056
1940	be	9896153	139.526	134	83	-0.058
1941	red	74028	1.044	1	1	-0.062
1942	during	74035	1.044	1	1	-0.062
1943	wherewith	74362	1.048	1	1	-0.068
1944	ruin	74606	1.052	1	1	-0.073
1945	care	224334	3.163	3	3	-0.076
1946	after	1272516	17.941	17	13	-0.078
1947	while	300747	4.24	4	4	-0.084
1948	expressed	75252	1.061	1	1	-0.085
1949	indeed	301803	4.255	4	4	-0.089
1950	agree	75479	1.064	1	1	-0.09
1951	shalt	151151	2.131	2	1	-0.092
1952	take	907131	12.79	12	11	-0.092
1953	7.	151741	2.139	2	2	-0.097
1954	seen	227877	3.213	3	3	-0.099
1955	wisdom	228022	3.215	3	1	-0.1
1956	gold	152169	2.145	2	2	-0.101
1957	no	2739631	38.626	36	34	-0.102
1958	none	383245	5.403	5	5	-0.112
1959	Popes	76677	1.081	1	1	-0.112
1960	formerly	76730	1.082	1	1	-0.113
1961	wish	76763	1.082	1	1	-0.114
1962	ignorance	77023	1.086	1	1	-0.119
1963	bring	310345	4.376	4	4	-0.129
1964	power	776557	10.949	10	6	-0.131
1965	Ships	77763	1.096	1	1	-0.133
1966	little	624322	8.802	8	7	-0.138
1967	birth	78181	1.102	1	1	-0.141
1968	Root	78309	1.104	1	1	-0.143
1969	than	940786	13.264	12	11	-0.144
1970	again	627628	8.849	8	7	-0.145
1971	was	5179337	73.023	66	48	-0.146
1972	stand	235721	3.323	3	3	-0.148
1973	Cruel	78662	1.109	1	1	-0.149
1974	hand	471988	6.655	6	5	-0.149
1975	maintain	78757	1.11	1	1	-0.151
1976	company	157530	2.221	2	2	-0.151
1977	whereupon	78977	1.114	1	1	-0.155
1978	.	39047260	550.527	489	187	-0.171
1979	ears	80061	1.129	1	1	-0.175
1980	intended	80059	1.129	1	1	-0.175
1981	taken	481305	6.786	6	4	-0.178
1982	but	6983890	98.466	87	56	-0.179
1983	doth	963309	13.582	12	10	-0.179
1984	mouth	161086	2.271	2	2	-0.183
1985	generally	80754	1.139	1	1	-0.187
1986	When	2343068	33.035	29	26	-0.188
1987	Lastly	81334	1.147	1	1	-0.197
1988	mean	244094	3.442	3	3	-0.198
1989	Bishop	244304	3.444	3	1	-0.199
1990	se	163405	2.304	2	2	-0.204
1991	Wine	164447	2.319	2	2	-0.213
1992	these	1985969	28	24	22	-0.222
1993	will	2993503	42.205	36	28	-0.229
1994	lead	83367	1.175	1	1	-0.233
1995	true	751380	10.594	9	4	-0.235
1996	acknowledge	83501	1.177	1	1	-0.235
1997	very	1174247	16.556	14	12	-0.242
1998	spake	83909	1.183	1	1	-0.242
1999	chosen	84591	1.193	1	1	-0.254
2000	gifts	84700	1.194	1	1	-0.256
2001	preaching	85136	1.2	1	1	-0.263
2002	all	5908829	83.309	69	44	-0.272
2003	wit	172149	2.427	2	2	-0.279
2004	close	86281	1.217	1	1	-0.283
2005	Tim	86301	1.217	1	1	-0.283
2006	are	5017099	70.736	58	38	-0.286
2007	never	778679	10.979	9	9	-0.287
2008	Fault	86579	1.221	1	1	-0.288
2009	righteous	86685	1.222	1	1	-0.289
2010	table	86761	1.223	1	1	-0.291
2011	even	607522	8.565	7	7	-0.291
2012	sight	174034	2.454	2	1	-0.295
2013	Queen	174640	2.462	2	1	-0.3
2014	hour	87383	1.232	1	1	-0.301
2015	returned	87529	1.234	1	1	-0.303
2016	p.	440626	6.212	5	3	-0.313
2017	went	264770	3.733	3	3	-0.315
2018	reward	88300	1.245	1	1	-0.316
2019	command	177468	2.502	2	2	-0.323
2020	better	443737	6.256	5	5	-0.323
2021	must	1333555	18.802	15	12	-0.326
2022	down	533657	7.524	6	6	-0.327
2023	because	1157094	16.314	13	12	-0.328
2024	satisfaction	89126	1.257	1	1	-0.33
2025	fall	267911	3.777	3	3	-0.332
2026	therein	178975	2.523	2	2	-0.335
2027	practice	89548	1.263	1	1	-0.336
2028	also	1433690	20.214	16	14	-0.337
2029	could	808277	11.396	9	9	-0.341
2030	forced	89873	1.267	1	1	-0.342
2031	last	450430	6.351	5	4	-0.345
2032	Earth	451529	6.366	5	4	-0.348
2033	willing	90371	1.274	1	1	-0.349
2034	affections	90463	1.275	1	1	-0.351
2035	half	181109	2.554	2	2	-0.352
2036	sin	729699	10.288	8	8	-0.363
2037	Easy	91240	1.286	1	1	-0.363
2038	possible	91250	1.287	1	1	-0.363
2039	strong	182777	2.577	2	2	-0.366
2040	Guilty	91473	1.29	1	1	-0.367
2041	first	1465032	20.656	16	15	-0.368
2042	Wherefore	183911	2.593	2	2	-0.375
2043	stay	91988	1.297	1	1	-0.375
2044	learning	92794	1.308	1	1	-0.388
2045	want	185706	2.618	2	2	-0.389
2046	oil	93227	1.314	1	1	-0.394
2047	up	1119358	15.782	12	10	-0.395
2048	pleasure	186565	2.63	2	2	-0.395
2049	Honour	374182	5.276	4	4	-0.399
2050	riches	93796	1.322	1	1	-0.403
2051	open	187653	2.646	2	2	-0.404
2052	ones	94155	1.328	1	1	-0.409
2053	more	2262327	31.897	24	23	-0.41
2054	History	94546	1.333	1	1	-0.415
2055	meat	94824	1.337	1	1	-0.419
2056	might	949632	13.389	10	10	-0.421
2057	may	2661871	37.53	28	19	-0.423
2058	suffer	191145	2.695	2	1	-0.43
2059	came	478712	6.749	5	4	-0.433
2060	see	961542	13.557	10	10	-0.439
2061	thy	1346327	18.982	14	10	-0.439
2062	:	8018849	113.058	83	66	-0.446
2063	Children	387096	5.458	4	4	-0.448
2064	speaking	96859	1.366	1	1	-0.45
2065	resolved	96934	1.367	1	1	-0.451
2066	his	9217642	129.959	95	70	-0.452
2067	Come	1165618	16.434	12	11	-0.454
2068	Degree	97277	1.372	1	1	-0.456
2069	2	973176	13.721	10	10	-0.456
2070	making	195439	2.756	2	2	-0.462
2071	St.	195546	2.757	2	2	-0.463
2072	strength	196140	2.765	2	2	-0.467
2073	through	491298	6.927	5	5	-0.47
2074	withal	98276	1.386	1	1	-0.471
2075	rather	393402	5.547	4	4	-0.472
2076	fit	197019	2.778	2	2	-0.474
2077	thus	788750	11.121	8	8	-0.475
2078	where	1086411	15.317	11	9	-0.478
2079	14.	99060	1.397	1	1	-0.482
2080	can	1982819	27.956	20	19	-0.483
2081	Image	99324	1.4	1	1	-0.486
2082	serve	198842	2.804	2	2	-0.487
2083	Beasts	99530	1.403	1	1	-0.489
2084	well	1096551	15.46	11	11	-0.491
2085	perhaps	99958	1.409	1	1	-0.495
2086	then	2700348	38.072	27	21	-0.496
2087	suffered	100182	1.413	1	1	-0.498
2088	not	8929558	125.898	89	54	-0.5
2089	declare	100528	1.417	1	1	-0.503
2090	Thomas	100867	1.422	1	1	-0.508
2091	said	1514302	21.35	15	15	-0.509
2092	age	202681	2.858	2	2	-0.515
2093	Churches	202693	2.858	2	2	-0.515
2094	several	304872	4.298	3	2	-0.519
2095	Communion	101932	1.437	1	1	-0.523
2096	SPEECH	103090	1.454	1	1	-0.54
2097	kind	310094	4.372	3	3	-0.543
2098	thousand	207672	2.928	2	2	-0.55
2099	Twenty	103869	1.464	1	1	-0.55
2100	suppose	104105	1.468	1	1	-0.554
2101	too	521045	7.346	5	5	-0.555
2102	immediately	104214	1.469	1	1	-0.555
2103	appear	209107	2.948	2	2	-0.56
2104	h.	104565	1.474	1	1	-0.56
2105	own	1256418	17.714	12	11	-0.562
2106	to	27864128	392.856	265	142	-0.568
2107	longer	105304	1.485	1	1	-0.57
2108	out	1686345	23.776	16	15	-0.571
2109	they	6960305	98.133	66	42	-0.572
2110	going	105462	1.487	1	1	-0.572
2111	sayeth	633645	8.934	6	6	-0.574
2112	account	211262	2.979	2	2	-0.575
2113	22	105972	1.494	1	1	-0.579
2114	b	106037	1.495	1	1	-0.58
2115	21	106558	1.502	1	1	-0.587
2116	pay	106691	1.504	1	1	-0.589
2117	nothing	640275	9.027	6	5	-0.589
2118	him	4270811	60.214	40	23	-0.59
2119	fathers	213875	3.015	2	2	-0.592
2120	pure	107081	1.51	1	1	-0.594
2121	special	107206	1.512	1	1	-0.596
2122	Break	107397	1.514	1	1	-0.599
2123	mighty	107406	1.514	1	1	-0.599
2124	live	322774	4.551	3	3	-0.601
2125	think	539870	7.612	5	4	-0.606
2126	Jerusalem	108264	1.526	1	1	-0.61
2127	Here	866663	12.219	8	7	-0.611
2128	drawn	108352	1.528	1	1	-0.611
2129	grow	108376	1.528	1	1	-0.612
2130	Error	108610	1.531	1	1	-0.615
2131	Witness	109825	1.548	1	1	-0.631
2132	State	329799	4.65	3	2	-0.632
2133	help	220081	3.103	2	2	-0.634
2134	otherwise	223302	3.148	2	2	-0.655
2135	as	9292085	131.009	83	60	-0.658
2136	from	3924250	55.328	35	27	-0.661
2137	creature	112250	1.583	1	1	-0.662
2138	gone	112323	1.584	1	1	-0.663
2139	offered	113433	1.599	1	1	-0.677
2140	wrath	113648	1.602	1	1	-0.68
2141	at	3182175	44.865	28	24	-0.68
2142	another	682313	9.62	6	6	-0.681
2143	end	571167	8.053	5	5	-0.688
2144	full	343239	4.839	3	3	-0.69
2145	houses	114523	1.615	1	1	-0.691
2146	often	229358	3.234	2	2	-0.693
2147	River	115702	1.631	1	1	-0.706
2148	Reign	115734	1.632	1	1	-0.706
2149	title	115960	1.635	1	1	-0.709
2150	man	1972758	27.814	17	14	-0.71
2151	most	1280269	18.051	11	10	-0.715
2152	Tongue	116704	1.645	1	1	-0.718
2153	parts	350458	4.941	3	2	-0.72
2154	length	117029	1.65	1	1	-0.722
2155	There	2595192	36.59	22	20	-0.734
2156	repentance	118567	1.672	1	1	-0.741
2157	certainly	118694	1.674	1	1	-0.743
2158	set	595126	8.391	5	3	-0.747
2159	such	2262212	31.895	19	19	-0.747
2160	19	119133	1.68	1	1	-0.748
2161	lay	238823	3.367	2	2	-0.752
2162	selves	358503	5.055	3	3	-0.753
2163	presently	119716	1.688	1	1	-0.755
2164	done	601055	8.474	5	5	-0.761
2165	send	120341	1.697	1	1	-0.763
2166	sins	361871	5.102	3	3	-0.766
2167	Answer	362673	5.113	3	3	-0.769
2168	say	1089806	15.365	9	9	-0.772
2169	pray	242183	3.415	2	2	-0.772
2170	took	243304	3.43	2	2	-0.778
2171	both	976138	13.763	8	7	-0.783
2172	Party	122702	1.73	1	1	-0.791
2173	certain	370843	5.229	3	3	-0.801
2174	amongst	251926	3.552	2	2	-0.829
2175	each	252025	3.553	2	2	-0.829
2176	trust	126242	1.78	1	1	-0.832
2177	receive	254239	3.585	2	2	-0.842
2178	so	5366625	75.664	42	36	-0.849
2179	confess	127821	1.802	1	1	-0.85
2180	Temple	127888	1.803	1	1	-0.85
2181	only	1544540	21.776	12	12	-0.86
2182	words	643917	9.079	5	5	-0.861
2183	before	1422340	20.054	11	11	-0.866
2184	pleased	129448	1.825	1	1	-0.868
2185	dead	259219	3.655	2	2	-0.87
2186	former	261116	3.682	2	2	-0.88
2187	Prayers	131302	1.851	1	1	-0.888
2188	judge	262867	3.706	2	2	-0.89
2189	in	20011385	282.14	152	90	-0.892
2190	Laws	264682	3.732	2	2	-0.9
2191	leave	264688	3.732	2	2	-0.9
2192	means	397591	5.606	3	3	-0.902
2193	Chapter	132959	1.875	1	1	-0.907
2194	Light	399350	5.63	3	2	-0.908
2195	please	133516	1.882	1	1	-0.913
2196	10.	134546	1.897	1	1	-0.924
2197	teach	134574	1.897	1	1	-0.924
2198	draw	134904	1.902	1	1	-0.928
2199	White	134914	1.902	1	1	-0.928
2200	fear	406154	5.726	3	3	-0.933
2201	ought	406522	5.732	3	2	-0.934
2202	any	2444028	34.458	18	16	-0.937
2203	Soldiers	136167	1.92	1	1	-0.941
2204	without	1089706	15.364	8	7	-0.941
2205	e	136544	1.925	1	1	-0.945
2206	therefore	1231317	17.36	9	7	-0.948
2207	large	136943	1.931	1	1	-0.949
2208	goodness	137312	1.936	1	1	-0.953
2209	father	550491	7.761	4	4	-0.956
2210	Friend	138523	1.953	1	1	-0.966
2211	other	2103223	29.653	15	13	-0.983
2212	high	281250	3.965	2	2	-0.987
2213	some	1845849	26.025	13	11	-1.001
2214	Angels	142073	2.003	1	1	-1.002
2215	showed	142959	2.016	1	1	-1.011
2216	eyes	285959	4.032	2	1	-1.011
2217	deny	143761	2.027	1	1	-1.019
2218	Air	144042	2.031	1	1	-1.022
2219	day	864384	12.187	6	6	-1.022
2220	David	144398	2.036	1	1	-1.026
2221	4	434750	6.13	3	3	-1.031
2222	Priests	145909	2.057	1	1	-1.041
2223	he	9215356	129.927	63	55	-1.044
2224	Foot	146629	2.067	1	1	-1.048
2225	afterwards	146805	2.07	1	1	-1.049
2226	their	5435041	76.629	37	31	-1.05
2227	commanded	147447	2.079	1	1	-1.056
2228	by	7416468	104.565	50	38	-1.064
2229	notwithstanding	148685	2.096	1	1	-1.068
2230	16	148850	2.099	1	1	-1.069
2231	Servants	149996	2.115	1	1	-1.081
2232	those	1667771	23.514	11	10	-1.096
2233	easily	151870	2.141	1	1	-1.098
2234	short	151930	2.142	1	1	-1.099
2235	Behold	152112	2.145	1	1	-1.101
2236	Moses	152440	2.149	1	1	-1.104
2237	Prince	306162	4.317	2	1	-1.11
2238	speaks	153099	2.159	1	1	-1.11
2239	Two	926661	13.065	6	5	-1.123
2240	plain	154580	2.179	1	1	-1.124
2241	England	309285	4.361	2	2	-1.125
2242	15	154905	2.184	1	1	-1.127
2243	Excellent	155285	2.189	1	1	-1.131
2244	sweet	155475	2.192	1	1	-1.132
2245	world	932868	13.153	6	6	-1.132
2246	unto	1880305	26.51	12	9	-1.144
2247	bread	156950	2.213	1	1	-1.146
2248	into	1727535	24.357	11	10	-1.147
2249	already	157133	2.215	1	1	-1.148
2250	Subjects	157137	2.216	1	1	-1.148
2251	Office	157520	2.221	1	1	-1.151
2252	would	1733888	24.446	11	11	-1.152
2253	causes	158986	2.242	1	1	-1.164
2254	Secondly	160056	2.257	1	1	-1.174
2255	&	2737777	38.6	17	16	-1.183
2256	act	322490	4.547	2	2	-1.185
2257	right	484646	6.833	3	3	-1.188
2258	Lives	161569	2.278	1	1	-1.188
2259	enemy	162072	2.285	1	1	-1.192
2260	late	162556	2.292	1	1	-1.197
2261	given	491070	6.924	3	3	-1.207
2262	seek	163878	2.311	1	1	-1.208
2263	lost	164242	2.316	1	1	-1.211
2264	seem	166761	2.351	1	1	-1.233
2265	comfort	167468	2.361	1	1	-1.239
2266	according	502781	7.089	3	3	-1.241
2267	best	335557	4.731	2	2	-1.242
2268	worthy	168026	2.369	1	1	-1.244
2269	favour	168241	2.372	1	1	-1.246
2270	Scriptures	168254	2.372	1	1	-1.246
2271	Head	338290	4.77	2	2	-1.254
2272	whatsoever	170245	2.4	1	1	-1.263
2273	we	4105074	57.877	24	13	-1.27
2274	Ministers	171247	2.414	1	1	-1.272
2275	thereby	172833	2.437	1	1	-1.285
2276	form	173701	2.449	1	1	-1.292
2277	Show	349122	4.922	2	2	-1.299
2278	year	352165	4.965	2	2	-1.312
2279	english	176398	2.487	1	1	-1.314
2280	being	1764433	24.877	10	10	-1.315
2281	death	707920	9.981	4	3	-1.319
2282	return	177443	2.502	1	1	-1.323
2283	himself	1068396	15.063	6	6	-1.328
2284	seems	178155	2.512	1	1	-1.329
2285	charge	178431	2.516	1	1	-1.331
2286	thing	892670	12.586	5	5	-1.332
2287	joy	178769	2.521	1	1	-1.334
2288	them	4855982	68.464	27	22	-1.342
2289	mine	181777	2.563	1	1	-1.358
2290	Town	184940	2.608	1	1	-1.383
2291	laid	184949	2.608	1	1	-1.383
2292	understand	185715	2.618	1	1	-1.389
2293	Christ	1858951	26.209	10	10	-1.39
2294	written	186305	2.627	1	1	-1.393
2295	heart	559805	7.893	3	3	-1.396
2296	Saint	186918	2.635	1	1	-1.398
2297	Army	188187	2.653	1	1	-1.408
2298	among	379416	5.349	2	2	-1.419
2299	life	948809	13.377	5	5	-1.42
2300	themselves	761621	10.738	4	4	-1.425
2301	Learned	191725	2.703	1	1	-1.435
2302	6.	191822	2.705	1	1	-1.435
2303	i.	191916	2.706	1	1	-1.436
2304	gives	192161	2.709	1	1	-1.438
2305	glory	384462	5.421	2	2	-1.438
2306	Liberty	193859	2.733	1	1	-1.451
2307	eternal	195016	2.75	1	1	-1.459
2308	days	393520	5.548	2	2	-1.472
2309	est	394171	5.557	2	2	-1.474
2310	Jews	197436	2.784	1	1	-1.477
2311	sort	197789	2.789	1	1	-1.48
2312	Et	199777	2.817	1	1	-1.494
2313	Jesus	399809	5.637	2	2	-1.495
2314	V.	202373	2.853	1	1	-1.513
2315	Nature	607747	8.569	3	3	-1.514
2316	coming	203089	2.863	1	1	-1.518
2317	Cor.	203716	2.872	1	1	-1.522
2318	it	11231693	158.355	55	41	-1.526
2319	fair	204535	2.884	1	1	-1.528
2320	part	827721	11.67	4	3	-1.545
2321	Consider	208021	2.933	1	1	-1.552
2322	divers	210634	2.97	1	1	-1.57
2323	follow	211834	2.987	1	1	-1.579
2324	although	212964	3.003	1	1	-1.586
2325	likewise	215998	3.045	1	1	-1.607
2326	free	216340	3.05	1	1	-1.609
2327	sure	217623	3.068	1	1	-1.617
2328	whether	435425	6.139	2	2	-1.618
2329	Apostles	218745	3.084	1	1	-1.625
2330	far	439291	6.194	2	2	-1.631
2331	Christians	219658	3.097	1	1	-1.631
2332	whereby	220196	3.105	1	1	-1.634
2333	about	661900	9.332	3	3	-1.637
2334	especially	220705	3.112	1	1	-1.638
2335	were	2871299	40.482	13	13	-1.639
2336	reason	664880	9.374	3	3	-1.644
2337	others	665440	9.382	3	3	-1.645
2338	service	222275	3.134	1	1	-1.648
2339	together	444738	6.27	2	2	-1.649
2340	ut	222815	3.142	1	1	-1.651
2341	sometimes	226924	3.199	1	1	-1.678
2342	Master	228418	3.221	1	1	-1.687
2343	Council	228985	3.229	1	1	-1.691
2344	Near	232787	3.282	1	1	-1.715
2345	hearts	239757	3.38	1	1	-1.757
2346	Virtue	240899	3.396	1	1	-1.764
2347	much	1448309	20.42	6	6	-1.767
2348	Wise	241600	3.406	1	1	-1.768
2349	8	242055	3.413	1	1	-1.771
2350	Justice	242072	3.413	1	1	-1.771
2351	let	968524	13.655	4	4	-1.771
2352	souls	242572	3.42	1	1	-1.774
2353	further	242781	3.423	1	1	-1.775
2354	hold	243646	3.435	1	1	-1.78
2355	wicked	246712	3.478	1	1	-1.798
2356	small	246878	3.481	1	1	-1.799
2357	natural	246892	3.481	1	1	-1.799
2358	word	751485	10.595	3	2	-1.82
2359	heaven	503504	7.099	2	2	-1.828
2360	page	252043	3.554	1	1	-1.829
2361	way	756236	10.662	3	3	-1.829
2362	Enemies	253975	3.581	1	1	-1.84
2363	Verse	254782	3.592	1	1	-1.845
2364	Look	255208	3.598	1	1	-1.847
2365	truth	521766	7.356	2	2	-1.879
2366	men	1835942	25.885	7	7	-1.887
2367	concerning	262903	3.707	1	1	-1.89
2368	whole	534092	7.53	2	2	-1.913
2369	things	1357990	19.146	5	5	-1.937
2370	Able	271961	3.834	1	1	-1.939
2371	ye	825703	11.642	3	3	-1.956
2372	God	4174430	58.855	15	14	-1.972
2373	just	281045	3.962	1	1	-1.986
2374	greater	281340	3.967	1	1	-1.988
2375	else	281410	3.968	1	1	-1.988
2376	Divine	282661	3.985	1	1	-1.995
2377	left	284479	4.011	1	1	-2.004
2378	die	284558	4.012	1	1	-2.004
2379	Sense	285637	4.027	1	1	-2.01
2380	Gospel	291769	4.114	1	1	-2.04
2381	cause	585252	8.252	2	2	-2.045
2382	c.	296045	4.174	1	1	-2.061
2383	Christian	303553	4.28	1	1	-2.098
2384	put	607656	8.567	2	2	-2.099
2385	6	304045	4.287	1	1	-2.1
2386	places	305157	4.302	1	1	-2.105
2387	desire	306364	4.319	1	1	-2.111
2388	land	307074	4.329	1	1	-2.114
2389	Country	310285	4.375	1	1	-2.129
2390	same	1256120	17.71	4	4	-2.146
2391	least	319491	4.505	1	1	-2.171
2392	Gods	640962	9.037	2	2	-2.176
2393	good	1608969	22.685	5	5	-2.182
2394	hands	327530	4.618	1	1	-2.207
2395	general	331599	4.675	1	1	-2.225
2396	less	337828	4.763	1	1	-2.252
2397	sent	348162	4.909	1	1	-2.295
2398	holy	701649	9.893	2	2	-2.306
2399	thought	352735	4.973	1	1	-2.314
2400	body	712249	10.042	2	2	-2.328
2401	Law	712338	10.043	2	2	-2.328
2402	time	1426900	20.118	4	4	-2.33
2403	evil	357919	5.046	1	1	-2.335
2404	makes	359288	5.066	1	1	-2.341
2405	1	1451762	20.468	4	4	-2.355
2406	person	366738	5.171	1	1	-2.37
2407	peace	369451	5.209	1	1	-2.381
2408	our	3333885	47.004	9	8	-2.385
2409	speak	374513	5.28	1	1	-2.401
2410	till	379902	5.356	1	1	-2.421
2411	rest	396125	5.585	1	1	-2.482
2412	S.	403850	5.694	1	1	-2.509
2413	Work	425644	6.001	1	1	-2.585
2414	years	427133	6.022	1	1	-2.59
2415	new	447014	6.302	1	1	-2.656
2416	thereof	458302	6.462	1	1	-2.692
2417	find	472931	6.668	1	1	-2.737
2418	three	474878	6.695	1	1	-2.743
2419	either	552589	7.791	1	1	-2.962
2420	King	1308410	18.447	2	2	-3.205
2421	Spirit	654859	9.233	1	1	-3.207
2422	faith	762492	10.75	1	1	-3.426
2423	place	808630	11.401	1	1	-3.511
2424	us	2216337	31.248	2	2	-3.966
2425	Lord	1459090	20.572	1	1	-4.363
2426	Damye	2	0	1	1	n/a
2427	Brunselle	1	0	1	1	n/a
2428	Mineral-race	1	0	1	1	n/a
2429	Anti-chirst	2	0	1	1	n/a
2430	Stanclift	2	0	2	2	n/a
2431	Quaerante	1	0	1	1	n/a
2432	Shiftwels	3	0	3	1	n/a
2433	streal	1	0	1	1	n/a
2434	mnmers	1	0	1	1	n/a
2435	inhatitant	1	0	1	1	n/a
2436	Madiction	1	0	1	1	n/a
2437	Cogly	1	0	1	1	n/a
2438	ulcering	3	0	1	1	n/a
2439	Mantoplicee	1	0	1	1	n/a
2440	Neplitan	1	0	1	1	n/a
2441	otherTwo	1	0	1	1	n/a
2442	Bawde	2	0	1	1	n/a
2443	Lollea	2	0	1	1	n/a
2444	handsommess	1	0	1	1	n/a
2445	Lincy-Wolcy	1	0	1	1	n/a
2446	Germinstreet	1	0	1	1	n/a
2447	Weerlings	1	0	1	1	n/a
2448	whosesoe	1	0	1	1	n/a
2449	SwimThe	1	0	1	1	n/a
2450	Presidentess	3	0	1	1	n/a
2451	Neaplin	1	0	1	1	n/a
2452	Gilflurt	3	0	1	1	n/a
2453	chejfly	1	0	1	1	n/a
2454	reputution	2	0	1	1	n/a
2455	whoremaster.	1	0	1	1	n/a
2456	Hanchest	1	0	1	1	n/a
2457	mongens	1	0	1	1	n/a
2458	Obricius	1	0	1	1	n/a
2459	Gameing-house	3	0	1	1	n/a
2460	lock-her	1	0	1	1	n/a
2461	Bedlam-men	2	0	1	1	n/a
2462	Strowling-Morts	3	0	2	1	n/a
2463	instead-Wife	1	0	1	1	n/a
2464	Sdomits.	1	0	1	1	n/a
2465	Fulchestan	1	0	1	1	n/a
2466	Germin-street	3	0	1	1	n/a
2467	meretricious-times	1	0	1	1	n/a
2468	Bryanum	1	0	1	1	n/a
2469	qoodo	1	0	1	1	n/a
2470	RumfordNovrint	1	0	1	1	n/a
2471	spokes-woman	3	0	1	1	n/a
2472	Cmmotions	3	0	1	1	n/a
2473	Neaplan	1	0	1	1	n/a
2474	VniversiSink	1	0	1	1	n/a
2475	WenchPlague	1	0	1	1	n/a
2476	Squab-skipers	1	0	1	1	n/a
2477	Yardfish	1	0	1	1	n/a
2478	rot'em	1	0	1	1	n/a
2479	prevish	2	0	1	1	n/a
2480	57.30.	1	0	1	1	n/a
2481	Demetrius's.	2	0	1	1	n/a
2482	Whoremonger.	3	0	1	1	n/a
