https://cqpweb.lancs.ac.uk/eebov3/concordance.php?pp=1&theData=%7Bwhore%2FN%7D&qmode=sq_nocase&del=begin%26t%3D-%7Cyear%7E1668%26t%3D-%7Cyear%7E1669%26t%3D-%7Cyear%7E1670%26t%3D-%7Cyear%7E1671%26t%3D-%7Cyear%7E1672%26t%3D-%7Cyear%7E1673%26t%3D-%7Cyear%7E1674%26t%3D-%7Cyear%7E1675%26t%3D-%7Cyear%7E1676%26t%3D-%7Cyear%7E1677&del=end&uT=yThere are 2,622 different words in your collocation database for "[lemma="(whore)_SUBST"%c]". (Your query "{whore/N}", restricted to texts meeting criteria "<em>year</em>: <em>1668</em> or <em>1669</em> or <em>1670</em> or <em>1671</em> or <em>1672</em> or <em>1673</em> or <em>1674</em> or <em>1675</em> or <em>1676</em> or <em>1677</em>",  returned 1,783 matches in 463 different texts)  
__________________

No.	Word	Total no. in whole corpus	Expected collocate frequency	Observed collocate frequency	In no. of texts	Mutual information value

1	Figgup	5	0	2	1	14.288
2	Arlotta	9	0	2	1	14.288
3	plundra	9	0	2	1	14.288
4	Cacque	10	0	2	1	14.288
5	Putain	66	0.001	15	1	13.873
6	Chatolins	4	0	1	1	13.288
7	approueing	5	0	1	1	13.288
8	Abandonnement	9	0	1	1	13.288
9	Dawbourne	6	0	1	1	13.288
10	twohorned	5	0	1	1	13.288
11	Herace	8	0	1	1	13.288
12	Garse	19	0	3	1	13.288
13	Goshall	6	0	1	1	13.288
14	mighily	10	0	1	1	13.288
15	scariet	7	0	1	1	13.288
16	Cyrcaean	6	0	1	1	13.288
17	Zoun	9	0	1	1	13.288
18	Teigh	6	0	1	1	13.288
19	prostituer	9	0	1	1	13.288
20	Brigidaccia	5	0	1	1	13.288
21	Nepolitan	9	0	1	1	13.288
22	Clarmounts	7	0	1	1	13.288
23	howgates	6	0	1	1	13.288
24	Menetus	9	0	1	1	13.288
25	Glucupicron	4	0	1	1	13.288
26	Inch-meal	7	0	1	1	13.288
27	Oppressious	4	0	1	1	13.288
28	cross-bit	8	0	1	1	13.288
29	won'	5	0	1	1	13.288
30	Idoltries	4	0	1	1	13.288
31	Romesh	5	0	1	1	13.288
32	Morcho	6	0	1	1	13.288
33	Putassier	4	0	1	1	13.288
34	Irish-English	4	0	1	1	13.288
35	Miswoman	4	0	1	1	13.288
36	17.5.7.	6	0	1	1	13.288
37	affrontednesse	6	0	1	1	13.288
38	antwoorde	4	0	1	1	13.288
39	tawdrey	22	0	2	1	12.703
40	Chevers	14	0	1	1	12.288
41	Masquarade	14	0	1	1	12.288
42	Clarindas	15	0	1	1	12.288
43	whomsoe	15	0	1	1	12.288
44	aominable	12	0	1	1	12.288
45	nvail	12	0	1	1	12.288
46	Srumpet	12	0	1	1	12.288
47	Iesper	15	0	1	1	12.288
48	Arletta	12	0	1	1	12.288
49	Sirwhat	12	0	1	1	12.288
50	Poorman	16	0	1	1	12.288
51	impudicae	16	0	1	1	12.288
52	fair-tongu	14	0	1	1	12.288
53	Flauntit	13	0	1	1	12.288
54	unpack	11	0	1	1	12.288
55	Emblematick	16	0	1	1	12.288
56	Cloantus	15	0	1	1	12.288
57	out-rail	12	0	1	1	12.288
58	Suburrana	16	0	1	1	12.288
59	sorehead	11	0	1	1	12.288
60	domn	13	0	1	1	12.288
61	two-horn	15	0	1	1	12.288
62	meShe	16	0	1	1	12.288
63	Foxians	11	0	1	1	12.288
64	Coteham	12	0	1	1	12.288
65	Beantosser	20	0	1	1	11.703
66	Whurl	22	0	1	1	11.703
67	Abrahall	21	0	1	1	11.703
68	Rossana	19	0	1	1	11.703
69	betra	23	0	1	1	11.703
70	Legacy.	22	0	1	1	11.703
71	peregrinarum	19	0	1	1	11.703
72	BabylonA	22	0	1	1	11.703
73	rba	20	0	1	1	11.703
74	Tatterdemalion	22	0	1	1	11.703
75	forchead	21	0	1	1	11.703
76	Pru.	22	0	1	1	11.703
77	'im	20	0	1	1	11.703
78	demostrate	20	0	1	1	11.703
79	ill-favor	17	0	1	1	11.703
80	bylon	17	0	1	1	11.703
81	illegitimately	17	0	1	1	11.703
82	refusedst	68	0.001	3	3	11.551
83	outlives	49	0.001	2	2	11.48
84	backslided	30	0	1	1	11.288
85	Bbylon	27	0	1	1	11.288
86	d'estime	24	0	1	1	11.288
87	fufficiently	27	0	1	1	11.288
88	Putains	27	0	1	1	11.288
89	Toldo	25	0	1	1	11.288
90	pily	24	0	1	1	11.288
91	Shroftide	30	0	1	1	11.288
92	latry	29	0	1	1	11.288
93	Sheese	25	0	1	1	11.288
94	Stroller	25	0	1	1	11.288
95	ulled	30	0	1	1	11.288
96	MDCLXXIII	30	0	1	1	11.288
97	Trayterly	24	0	1	1	11.288
98	forcerers	35	0.001	1	1	10.966
99	Prue	67	0.001	2	1	10.966
100	louge	37	0.001	1	1	10.966
101	I'ad	32	0.001	1	1	10.966
102	untile	37	0.001	1	1	10.966
103	Mps	35	0.001	1	1	10.966
104	afair	34	0.001	1	1	10.966
105	Decker	105	0.002	3	1	10.873
106	Scre	40	0.001	1	1	10.703
107	bilked	42	0.001	1	1	10.703
108	Super-annuated	42	0.001	1	1	10.703
109	56.9	39	0.001	1	1	10.703
110	Quarante	82	0.001	2	1	10.703
111	Conchylia	43	0.001	1	1	10.703
112	unmasks	42	0.001	1	1	10.703
113	Stainer	40	0.001	1	1	10.703
114	patch't	43	0.001	1	1	10.703
115	Fornicating	88	0.001	2	2	10.587
116	Snuff-box	49	0.001	1	1	10.48
117	itteth	46	0.001	1	1	10.48
118	Scarlet-colour	46	0.001	1	1	10.48
119	Clarmount	44	0.001	1	1	10.48
120	arrantest	101	0.002	2	2	10.381
121	answerd	54	0.001	1	1	10.288
122	whore-houses	54	0.001	1	1	10.288
123	beurre	57	0.001	1	1	10.288
124	Idolatress	51	0.001	1	1	10.288
125	Calk	55	0.001	1	1	10.288
126	Jupit	57	0.001	1	1	10.288
127	Salisbury-Court	54	0.001	1	1	10.288
128	stageplayes	60	0.001	1	1	10.118
129	Erycine	63	0.001	1	1	10.118
130	Whetston	58	0.001	1	1	10.118
131	defaire	64	0.001	1	1	10.118
132	Solomen	58	0.001	1	1	10.118
133	profaneth	62	0.001	1	1	10.118
134	Butes	63	0.001	1	1	10.118
135	whore-monger	60	0.001	1	1	10.118
136	scarlet-coloured	125	0.002	2	2	10.04
137	Bonasus	65	0.001	1	1	9.966
138	Driv	65	0.001	1	1	9.966
139	arrow-head	67	0.001	1	1	9.966
140	mongers	208	0.003	3	3	9.918
141	jilting	142	0.002	2	2	9.895
142	prettier	75	0.001	1	1	9.828
143	Excise-men	76	0.001	1	1	9.828
144	vieillesse	75	0.001	1	1	9.828
145	scrat	72	0.001	1	1	9.828
146	Papals	76	0.001	1	1	9.828
147	wine-bibbers	76	0.001	1	1	9.828
148	Iilt	163	0.002	2	1	9.703
149	Misy	80	0.001	1	1	9.703
150	Polices	84	0.001	1	1	9.703
151	gits	81	0.001	1	1	9.703
152	transgres	84	0.001	1	1	9.703
153	Close-stool	170	0.003	2	2	9.644
154	onother	85	0.001	1	1	9.587
155	politely	85	0.001	1	1	9.587
156	23.18.	91	0.001	1	1	9.587
157	Elyzium	91	0.001	1	1	9.587
158	Whored	180	0.003	2	2	9.533
159	Aphelia	181	0.003	2	1	9.533
160	Baber	95	0.001	1	1	9.48
161	vilaine	103	0.002	1	1	9.381
162	Togata	104	0.002	1	1	9.381
163	Linsey-Woolsey	98	0.002	1	1	9.381
164	Fenestram	99	0.002	1	1	9.381
165	shild	103	0.002	1	1	9.381
166	Man-slayers	98	0.002	1	1	9.381
167	punks	109	0.002	1	1	9.288
168	Josephum	111	0.002	1	1	9.288
169	Minx	106	0.002	1	1	9.288
170	trimmings	112	0.002	1	1	9.2
171	widdow	120	0.002	1	1	9.118
172	witching	131	0.002	1	1	9.04
173	17.16.	255	0.004	2	1	9.04
174	whosoe	130	0.002	1	1	9.04
175	Hermophrodite	131	0.002	1	1	9.04
176	veryest	128	0.002	1	1	9.04
177	Willie	136	0.002	1	1	8.966
178	Clerkenwell	136	0.002	1	1	8.966
179	643.	143	0.002	1	1	8.895
180	prononce	144	0.002	1	1	8.895
181	countenanceth	145	0.002	1	1	8.828
182	Succubus	148	0.002	1	1	8.828
183	Caca	149	0.002	1	1	8.828
184	Bocardo	148	0.002	1	1	8.828
185	17.16	459	0.007	3	3	8.785
186	derriere	156	0.002	1	1	8.764
187	912.	155	0.002	1	1	8.764
188	Sabbath-breaker	153	0.002	1	1	8.764
189	Cydaria	160	0.002	1	1	8.703
190	Euphranor	161	0.002	1	1	8.703
191	Flirt	163	0.002	1	1	8.703
192	vat	659	0.01	4	2	8.673
193	Snarl	328	0.005	2	1	8.673
194	Pimp	1027	0.015	6	6	8.625
195	Dol	1048	0.016	6	1	8.597
196	Slut	523	0.008	3	3	8.587
197	meretricious	176	0.003	1	1	8.587
198	foul-mouthed	182	0.003	1	1	8.533
199	24.10.	181	0.003	1	1	8.533
200	Franciscum	179	0.003	1	1	8.533
201	Preachments	183	0.003	1	1	8.533
202	909	191	0.003	1	1	8.48
203	hide-bound	188	0.003	1	1	8.48
204	brazen-faced	190	0.003	1	1	8.48
205	Synchronism	187	0.003	1	1	8.48
206	Fornications	1721	0.026	9	7	8.463
207	Baud	767	0.011	4	3	8.455
208	Midianitish	194	0.003	1	1	8.43
209	Ansam	195	0.003	1	1	8.43
210	suivre	194	0.003	1	1	8.43
211	pocky	594	0.009	3	3	8.413
212	mangy	395	0.006	2	1	8.405
213	ducked	200	0.003	1	1	8.381
214	'Sdeath	205	0.003	1	1	8.381
215	Concubinage	200	0.003	1	1	8.381
216	Iambics	203	0.003	1	1	8.381
217	Quean	412	0.006	2	2	8.357
218	Protesilaus	210	0.003	1	1	8.334
219	roundhead	209	0.003	1	1	8.334
220	werse	212	0.003	1	1	8.334
221	Georgium	212	0.003	1	1	8.334
222	ustice	217	0.003	1	1	8.288
223	filthiest	215	0.003	1	1	8.288
224	Hoseah	213	0.003	1	1	8.288
225	Sloven	214	0.003	1	1	8.288
226	Bawd	2878	0.043	13	9	8.25
227	Pre-contract	224	0.003	1	1	8.243
228	ten-horned	225	0.003	1	1	8.243
229	Whoremonger	678	0.01	3	2	8.214
230	Phancie	227	0.003	1	1	8.2
231	falfe	231	0.003	1	1	8.2
232	Ref	231	0.003	1	1	8.2
233	14.7.	235	0.004	1	1	8.158
234	carted	237	0.004	1	1	8.158
235	16.33.	233	0.004	1	1	8.158
236	Terret	245	0.004	1	1	8.118
237	Agellius	242	0.004	1	1	8.118
238	22.5.	245	0.004	1	1	8.118
239	Sorceries	1462	0.022	6	2	8.111
240	ick	493	0.007	2	1	8.098
241	huffing	489	0.007	2	2	8.098
242	him-self	247	0.004	1	1	8.078
243	Watt	249	0.004	1	1	8.078
244	Stage-play	251	0.004	1	1	8.078
245	imperiousness	253	0.004	1	1	8.04
246	leavings	519	0.008	2	2	8.021
247	swill	522	0.008	2	2	8.021
248	18.8.	263	0.004	1	1	8.002
249	CHRCH	263	0.004	1	1	8.002
250	Scap	273	0.004	1	1	7.966
251	CXXV	268	0.004	1	1	7.966
252	Almeria	267	0.004	1	1	7.966
253	823	278	0.004	1	1	7.93
254	16.5.	278	0.004	1	1	7.93
255	12.17.	275	0.004	1	1	7.93
256	Penknife	281	0.004	1	1	7.895
257	whordom	281	0.004	1	1	7.895
258	Craze	284	0.004	1	1	7.895
259	greased	297	0.004	1	1	7.828
260	19.2.	299	0.004	1	1	7.828
261	scolds	299	0.004	1	1	7.828
262	dalle	297	0.004	1	1	7.828
263	Baltazar	304	0.005	1	1	7.796
264	cauterized	305	0.005	1	1	7.796
265	Turd	301	0.005	1	1	7.796
266	Babylon	38888	0.577	128	73	7.794
267	weds	312	0.005	1	1	7.764
268	Killigrew	309	0.005	1	1	7.764
269	Belv	319	0.005	1	1	7.733
270	Nigr	322	0.005	1	1	7.703
271	VVhore	326	0.005	1	1	7.703
272	BABYLONS	987	0.015	3	3	7.683
273	Strumpet	3285	0.049	10	7	7.682
274	8.19.	333	0.005	1	1	7.673
275	t'	331	0.005	1	1	7.673
276	Hackney	1328	0.02	4	2	7.666
277	Whoremaster	337	0.005	1	1	7.644
278	Monkery	339	0.005	1	1	7.644
279	libidinis	337	0.005	1	1	7.644
280	two-horned	340	0.005	1	1	7.644
281	Trumperies	336	0.005	1	1	7.644
282	begar	680	0.01	2	1	7.63
283	Bumpkin	343	0.005	1	1	7.615
284	Brats	1042	0.016	3	2	7.597
285	Diable	350	0.005	1	1	7.587
286	round-head	349	0.005	1	1	7.587
287	19.19	357	0.005	1	1	7.56
288	insigne	718	0.011	2	1	7.56
289	Fardel	358	0.005	1	1	7.56
290	Inachus	365	0.005	1	1	7.533
291	scarlet	9179	0.136	25	18	7.521
292	whorish	1842	0.027	5	4	7.517
293	lude	368	0.006	1	1	7.506
294	superlatively	368	0.006	1	1	7.506
295	dawned	374	0.006	1	1	7.506
296	flashy	382	0.006	1	1	7.455
297	colorably	385	0.006	1	1	7.455
298	habiliments	797	0.012	2	2	7.405
299	jades	397	0.006	1	1	7.405
300	arrant	1596	0.024	4	4	7.399
301	Pru	405	0.006	1	1	7.381
302	PUNK	404	0.006	1	1	7.381
303	Cuff	413	0.006	1	1	7.357
304	t'a	420	0.006	1	1	7.334
305	acutely	418	0.006	1	1	7.334
306	plentious	420	0.006	1	1	7.334
307	Phebe	422	0.006	1	1	7.31
308	18.24	434	0.006	1	1	7.288
309	rides	4321	0.064	10	3	7.285
310	Scold	1303	0.019	3	3	7.28
311	Dam	5258	0.078	12	2	7.265
312	16.15.	437	0.007	1	1	7.265
313	Mob	884	0.013	2	1	7.254
314	whoremongers	1796	0.027	4	3	7.232
315	aperire	452	0.007	1	1	7.222
316	unhorsed	451	0.007	1	1	7.222
317	prostituting	452	0.007	1	1	7.222
318	Moll	454	0.007	1	1	7.222
319	scurvey	454	0.007	1	1	7.222
320	Noct	453	0.007	1	1	7.222
321	Chambermaid	461	0.007	1	1	7.2
322	Splendidly	459	0.007	1	1	7.2
323	17.1.	463	0.007	1	1	7.179
324	meretrix	474	0.007	1	1	7.158
325	reat	470	0.007	1	1	7.158
326	spelling	490	0.007	1	1	7.098
327	play-houses	495	0.007	1	1	7.098
328	Nothus	508	0.008	1	1	7.059
329	Haw	505	0.008	1	1	7.059
330	13.11.	511	0.008	1	1	7.04
331	sluggards	513	0.008	1	1	7.04
332	523	519	0.008	1	1	7.021
333	Welshman	520	0.008	1	1	7.021
334	Equipped	517	0.008	1	1	7.021
335	Prelatists	523	0.008	1	1	7.002
336	adulterer	4237	0.063	8	8	6.993
337	instigations	534	0.008	1	1	6.984
338	House-keeper	532	0.008	1	1	6.984
339	deflower	534	0.008	1	1	6.984
340	Relicts	539	0.008	1	1	6.966
341	6.15.	540	0.008	1	1	6.966
342	whore	20634	0.306	38	16	6.956
343	sisteth	553	0.008	1	1	6.93
344	14.19	559	0.008	1	1	6.913
345	dairy	561	0.008	1	1	6.913
346	s'est	559	0.008	1	1	6.913
347	Amazon	568	0.008	1	1	6.895
348	meth.	568	0.008	1	1	6.895
349	sits	23190	0.344	40	15	6.862
350	young-men	583	0.009	1	1	6.861
351	pollutes	588	0.009	1	1	6.845
352	adulterated	1175	0.017	2	1	6.845
353	sneak	595	0.009	1	1	6.828
354	Caterpillar	600	0.009	1	1	6.812
355	shuns	1200	0.018	2	2	6.812
356	brothel	610	0.009	1	1	6.796
357	Bawds	1844	0.027	3	3	6.78
358	Swag	613	0.009	1	1	6.78
359	Priscilla	1235	0.018	2	1	6.772
360	Fornication	14235	0.211	23	14	6.768
361	Unveiled	617	0.009	1	1	6.764
362	Bitch	1244	0.018	2	2	6.764
363	shell-fish	617	0.009	1	1	6.764
364	mre	625	0.009	1	1	6.749
365	prostitute	2508	0.037	4	3	6.749
366	unmask	629	0.009	1	1	6.749
367	revenges	1256	0.019	2	1	6.749
368	Courier	626	0.009	1	1	6.749
369	ill-natur	638	0.01	1	1	6.718
370	unsteady	643	0.01	1	1	6.718
371	Israelitish	644	0.01	1	1	6.703
372	Diver	652	0.01	1	1	6.688
373	7.12.	655	0.01	1	1	6.688
374	243.	664	0.01	1	1	6.673
375	Lieut	1999	0.03	3	1	6.663
376	Calvert	668	0.01	1	1	6.658
377	22.14	668	0.01	1	1	6.658
378	Smock	1342	0.02	2	2	6.651
379	Bully	673	0.01	1	1	6.644
380	leavened	1362	0.02	2	1	6.63
381	Cormorant	679	0.01	1	1	6.63
382	Huff	687	0.01	1	1	6.615
383	Carouse	690	0.01	1	1	6.615
384	Naylor	694	0.01	1	1	6.601
385	augm	695	0.01	1	1	6.601
386	Quack	696	0.01	1	1	6.601
387	Attires	703	0.01	1	1	6.587
388	geat	711	0.011	1	1	6.573
389	Sorceress	710	0.011	1	1	6.573
390	tracing	717	0.011	1	1	6.56
391	Ale-house	1435	0.021	2	2	6.553
392	metaphore	723	0.011	1	1	6.546
393	detecting	720	0.011	1	1	6.546
394	Jade	2169	0.032	3	3	6.542
395	babylonish	2911	0.043	4	3	6.533
396	Facetious	751	0.011	1	1	6.493
397	Extortioner	747	0.011	1	1	6.493
398	Harlots	5276	0.078	7	7	6.484
399	idolize	759	0.011	1	1	6.468
400	Pennington	759	0.011	1	1	6.468
401	Sophy	771	0.011	1	1	6.455
402	kicks	769	0.011	1	1	6.455
403	Grand-mother	768	0.011	1	1	6.455
404	Beast	81566	1.21	106	38	6.453
405	Rev	1545	0.023	2	2	6.449
406	looses	780	0.012	1	1	6.43
407	stripling	781	0.012	1	1	6.43
408	16.3	787	0.012	1	1	6.417
409	Paulina	792	0.012	1	1	6.417
410	brace	1591	0.024	2	2	6.405
411	hire	8785	0.13	11	8	6.4
412	Manent	802	0.012	1	1	6.393
413	gi	801	0.012	1	1	6.393
414	Sn	1617	0.024	2	2	6.381
415	Stanford	807	0.012	1	1	6.381
416	stares	818	0.012	1	1	6.369
417	1659.	820	0.012	1	1	6.357
418	ignorants	825	0.012	1	1	6.357
419	Hound	2485	0.037	3	3	6.345
420	Jezebel	835	0.012	1	1	6.334
421	intoxicated	850	0.013	1	1	6.31
422	forfeits	847	0.013	1	1	6.31
423	wager	2578	0.038	3	1	6.295
424	Virtuoso	861	0.013	1	1	6.288
425	Trumpery	893	0.013	1	1	6.243
426	insatiate	894	0.013	1	1	6.232
427	sneaking	900	0.013	1	1	6.232
428	Bead	897	0.013	1	1	6.232
429	Witchcrafts	901	0.013	1	1	6.222
430	debauch	1818	0.027	2	2	6.211
431	Jester	911	0.014	1	1	6.211
432	s'en	919	0.014	1	1	6.2
433	Fortunatus	921	0.014	1	1	6.19
434	Cup	48330	0.717	52	19	6.181
435	tipped	934	0.014	1	1	6.169
436	dethrone	937	0.014	1	1	6.169
437	Farce	935	0.014	1	1	6.169
438	Neapolitan	941	0.014	1	1	6.158
439	Comptroller	942	0.014	1	1	6.158
440	Talkers	951	0.014	1	1	6.148
441	wipes	954	0.014	1	1	6.148
442	erects	973	0.014	1	1	6.118
443	fouler	990	0.015	1	1	6.088
444	Bachelors	997	0.015	1	1	6.078
445	Rogue	6990	0.104	7	7	6.077
446	bewitching	2007	0.03	2	2	6.069
447	Wizards	1012	0.015	1	1	6.059
448	postern	1014	0.015	1	1	6.059
449	attire	8194	0.122	8	7	6.041
450	Ammianus	1022	0.015	1	1	6.04
451	Hatton	1026	0.015	1	1	6.04
452	Betty	1028	0.015	1	1	6.04
453	Errant	2050	0.03	2	1	6.04
454	florid	1031	0.015	1	1	6.03
455	17.1	1045	0.016	1	1	6.012
456	altri	1044	0.016	1	1	6.012
457	1.23.	1061	0.016	1	1	5.993
458	metamorphosed	1062	0.016	1	1	5.984
459	Beech	1067	0.016	1	1	5.984
460	Brat	1070	0.016	1	1	5.975
461	journeyed	1070	0.016	1	1	5.975
462	incommodities	1081	0.016	1	1	5.966
463	Prentice	1078	0.016	1	1	5.966
464	oppressive	1079	0.016	1	1	5.966
465	Piazza	1081	0.016	1	1	5.966
466	PUNY	1088	0.016	1	1	5.957
467	Sain	1095	0.016	1	1	5.948
468	avenging	1095	0.016	1	1	5.948
469	1st.	1096	0.016	1	1	5.939
470	Heathenism	1104	0.016	1	1	5.93
471	Courtesan	1103	0.016	1	1	5.93
472	Promotes	1115	0.017	1	1	5.921
473	Jezabel	1114	0.017	1	1	5.921
474	Cantharides	1119	0.017	1	1	5.913
475	Rampant	2244	0.033	2	2	5.908
476	decked	4505	0.067	4	3	5.904
477	Informant	3377	0.05	3	1	5.904
478	Wench	6793	0.101	6	5	5.897
479	French-man	1140	0.017	1	1	5.887
480	XXIV.	1149	0.017	1	1	5.878
481	discountenance	1153	0.017	1	1	5.87
482	Mercenary	4683	0.07	4	2	5.847
483	12.11	1173	0.017	1	1	5.845
484	inveighed	1181	0.018	1	1	5.837
485	Rant	1179	0.018	1	1	5.837
486	gelded	1178	0.018	1	1	5.837
487	13.3	1183	0.018	1	1	5.837
488	scolding	1186	0.018	1	1	5.828
489	Nevil	1186	0.018	1	1	5.828
490	cools	2431	0.036	2	2	5.792
491	drunk	35533	0.527	29	13	5.782
492	gaf	1225	0.018	1	1	5.78
493	fretted	1229	0.018	1	1	5.78
494	stumbles	1242	0.018	1	1	5.764
495	Rotterdam	1248	0.019	1	1	5.756
496	stewed	1245	0.019	1	1	5.756
497	Japan	2511	0.037	2	1	5.749
498	prostituted	1269	0.019	1	1	5.733
499	converses	1275	0.019	1	1	5.725
500	murderous	1283	0.019	1	1	5.718
501	Bridewell	1285	0.019	1	1	5.71
502	Cuckoo	1309	0.019	1	1	5.688
503	Heraldry	1307	0.019	1	1	5.688
504	Harlot	9167	0.136	7	4	5.686
505	Apocalypse	3947	0.059	3	3	5.68
506	Convent	3985	0.059	3	1	5.666
507	Babilon	5325	0.079	4	4	5.662
508	Surfeits	1332	0.02	1	1	5.658
509	sodomy	1349	0.02	1	1	5.644
510	forehead	12159	0.18	9	8	5.641
511	mutter	1355	0.02	1	1	5.637
512	Clout	1378	0.02	1	1	5.615
513	bastard	12394	0.184	9	6	5.614
514	Proverbs	6913	0.103	5	4	5.608
515	shamed	2762	0.041	2	1	5.608
516	Rag	2762	0.041	2	1	5.608
517	Fallacies	1379	0.021	1	1	5.608
518	Dragon	18054	0.268	13	7	5.601
519	Trine	1390	0.021	1	1	5.601
520	dine	4169	0.062	3	3	5.601
521	Kinswoman	1393	0.021	1	1	5.594
522	played	11334	0.168	8	6	5.573
523	Footman	1422	0.021	1	1	5.567
524	Menstruous	1426	0.021	1	1	5.567
525	conducts	1431	0.021	1	1	5.56
526	Ridicule	1432	0.021	1	1	5.56
527	Hyre	1435	0.021	1	1	5.553
528	attainments	1434	0.021	1	1	5.553
529	Wid	1439	0.021	1	1	5.553
530	Skirts	2878	0.043	2	2	5.55
531	adj.	1450	0.022	1	1	5.54
532	Opponent	1462	0.022	1	1	5.526
533	sie	1460	0.022	1	1	5.526
534	kicked	1462	0.022	1	1	5.526
535	Mulier	2936	0.044	2	2	5.523
536	Dresses	1473	0.022	1	1	5.52
537	studiously	1480	0.022	1	1	5.513
538	Midian	1497	0.022	1	1	5.493
539	paltry	1506	0.022	1	1	5.487
540	Whoredom	7526	0.112	5	4	5.486
541	Imps	1519	0.023	1	1	5.474
542	drenched	1537	0.023	1	1	5.455
543	denominate	1539	0.023	1	1	5.455
544	odds	6159	0.091	4	2	5.453
545	unconscionable	1543	0.023	1	1	5.449
546	Lawn	1552	0.023	1	1	5.442
547	Dice	6226	0.092	4	4	5.438
548	Blunt	4726	0.07	3	1	5.419
549	unmannerly	1578	0.023	1	1	5.417
550	Dea	1579	0.023	1	1	5.417
551	Chr	3187	0.047	2	1	5.402
552	pliant	1599	0.024	1	1	5.399
553	Dick	1602	0.024	1	1	5.393
554	Bewitched	6431	0.095	4	2	5.39
555	Frugal	1610	0.024	1	1	5.387
556	penetrate	4877	0.072	3	3	5.375
557	Idolatries	3266	0.048	2	2	5.369
558	downfall	3283	0.049	2	2	5.36
559	Thief	23047	0.342	14	12	5.356
560	frothy	1664	0.025	1	1	5.339
561	wee	1669	0.025	1	1	5.334
562	pillory	1670	0.025	1	1	5.334
563	halter	3343	0.05	2	1	5.334
564	strip	3365	0.05	2	1	5.325
565	Concubine	3397	0.05	2	2	5.31
566	hastes	1697	0.025	1	1	5.31
567	Hellebore	1726	0.026	1	1	5.288
568	ditch	10469	0.155	6	6	5.272
569	hurried	3494	0.052	2	2	5.271
570	Chevalier	1749	0.026	1	1	5.271
571	Exclamation	1758	0.026	1	1	5.26
572	Deu.	3539	0.053	2	1	5.252
573	smelt	1772	0.026	1	1	5.249
574	Iulia	1778	0.026	1	1	5.243
575	Tavern	5354	0.079	3	3	5.24
576	Hallelujah	1833	0.027	1	1	5.2
577	whores	5508	0.082	3	3	5.198
578	befitting	1857	0.028	1	1	5.184
579	falseness	1867	0.028	1	1	5.174
580	Liveries	1876	0.028	1	1	5.169
581	hate	65701	0.974	35	20	5.167
582	Flor	1884	0.028	1	1	5.164
583	misunderstanding	1892	0.028	1	1	5.153
584	brands	1898	0.028	1	1	5.153
585	upstart	1899	0.028	1	1	5.148
586	Flea	1913	0.028	1	1	5.138
587	Steph	1923	0.029	1	1	5.133
588	Adulteress	1919	0.029	1	1	5.133
589	Rags	5772	0.086	3	3	5.131
590	Wag	1933	0.029	1	1	5.123
591	patched	1934	0.029	1	1	5.123
592	solicitations	1942	0.029	1	1	5.118
593	Scorners	1948	0.029	1	1	5.113
594	Elisa	1975	0.029	1	1	5.093
595	sojourn	1978	0.029	1	1	5.093
596	Epicurus	3980	0.059	2	1	5.083
597	bastards	3979	0.059	2	2	5.083
598	scornfully	1994	0.03	1	1	5.078
599	Superscription	2000	0.03	1	1	5.073
600	trick	10039	0.149	5	5	5.07
601	fore-head	2008	0.03	1	1	5.069
602	carries	24147	0.358	12	4	5.067
603	peut	2021	0.03	1	1	5.059
604	Rustic	2041	0.03	1	1	5.045
605	wink	4136	0.061	2	1	5.028
606	Faggot	2069	0.031	1	1	5.026
607	XLIX	2080	0.031	1	1	5.021
608	heating	2074	0.031	1	1	5.021
609	Marcellinus	2075	0.031	1	1	5.021
610	Flora	2078	0.031	1	1	5.021
611	ugly	8331	0.124	4	3	5.016
612	Barns	2094	0.031	1	1	5.007
613	salted	2131	0.032	1	1	4.984
614	Abominations	10678	0.158	5	5	4.98
615	imperious	4278	0.063	2	1	4.979
616	haunt	4285	0.064	2	2	4.975
617	authoritative	2162	0.032	1	1	4.961
618	Magog	2171	0.032	1	1	4.957
619	Sirrah	4365	0.065	2	2	4.95
620	straightway	2206	0.033	1	1	4.935
621	Apoc.	11083	0.164	5	3	4.927
622	Boston	2219	0.033	1	1	4.926
623	Scenes	2217	0.033	1	1	4.926
624	Drawer	2220	0.033	1	1	4.926
625	Silken	2250	0.033	1	1	4.904
626	Nun	4515	0.067	2	2	4.9
627	Robertus	2307	0.034	1	1	4.87
628	Parenthesis	2329	0.035	1	1	4.857
629	unfolded	2356	0.035	1	1	4.841
630	painted	23662	0.351	10	9	4.833
631	unfaithfulness	2369	0.035	1	1	4.832
632	Frenchman	2370	0.035	1	1	4.832
633	Contemners	2366	0.035	1	1	4.832
634	racked	2371	0.035	1	1	4.828
635	Mystery	54678	0.811	23	13	4.826
636	Comedies	2395	0.036	1	1	4.816
637	Wizard	2415	0.036	1	1	4.804
638	keen	2424	0.036	1	1	4.796
639	wallow	2438	0.036	1	1	4.788
640	rotten	14651	0.217	6	6	4.787
641	sleeves	2453	0.036	1	1	4.78
642	thirsts	2496	0.037	1	1	4.756
643	ride	20257	0.3	8	2	4.735
644	Gog	2533	0.038	1	1	4.733
645	Menstruum	2546	0.038	1	1	4.725
646	Nic	2556	0.038	1	1	4.722
647	desolate	12933	0.192	5	5	4.704
648	roughly	2586	0.038	1	1	4.703
649	Stews	2587	0.038	1	1	4.703
650	kindnesses	2615	0.039	1	1	4.688
651	inded	2630	0.039	1	1	4.68
652	Barber	2646	0.039	1	1	4.673
653	envies	2650	0.039	1	1	4.669
654	hating	5297	0.079	2	2	4.669
655	bolt	2648	0.039	1	1	4.669
656	qucun	2680	0.04	1	1	4.655
657	Clap	5368	0.08	2	2	4.651
658	gorgeous	2688	0.04	1	1	4.647
659	ply	2720	0.04	1	1	4.633
660	Grim	2756	0.041	1	1	4.612
661	girl	5585	0.083	2	2	4.594
662	brags	2791	0.041	1	1	4.594
663	dined	2791	0.041	1	1	4.594
664	Stab	2798	0.042	1	1	4.591
665	scorched	2795	0.042	1	1	4.591
666	2d.	2802	0.042	1	1	4.587
667	costly	11277	0.167	4	4	4.58
668	accompanies	2828	0.042	1	1	4.577
669	industriously	2850	0.042	1	1	4.563
670	pillage	2862	0.042	1	1	4.56
671	Cloths	2867	0.043	1	1	4.556
672	crying	25811	0.383	9	5	4.555
673	Manger	2870	0.043	1	1	4.553
674	Alcibiades	2878	0.043	1	1	4.55
675	deceitful	17392	0.258	6	5	4.54
676	Trembles	2900	0.043	1	1	4.54
677	quand	2911	0.043	1	1	4.533
678	swearers	2927	0.043	1	1	4.526
679	faced	2948	0.044	1	1	4.516
680	Beelzebub	2959	0.044	1	1	4.51
681	noting	5928	0.088	2	1	4.508
682	drunken	11882	0.176	4	4	4.505
683	certum	2980	0.044	1	1	4.5
684	've	8950	0.133	3	3	4.499
685	downright	2995	0.044	1	1	4.493
686	Inhabitant	3014	0.045	1	1	4.484
687	impudent	12093	0.179	4	4	4.479
688	Pottage	3028	0.045	1	1	4.477
689	daunted	3057	0.045	1	1	4.464
690	lash	3070	0.046	1	1	4.458
691	insinuating	3074	0.046	1	1	4.455
692	Witch	9245	0.137	3	3	4.452
693	Canticles	3103	0.046	1	1	4.442
694	Quarrelling	3115	0.046	1	1	4.436
695	tricks	9354	0.139	3	3	4.435
696	surviving	3130	0.046	1	1	4.43
697	thorn	3129	0.046	1	1	4.43
698	pollute	3138	0.047	1	1	4.427
699	drinks	15747	0.234	5	2	4.42
700	horns	22193	0.329	7	6	4.411
701	Jack	6358	0.094	2	2	4.407
702	sat	47715	0.708	15	6	4.406
703	lucky	3186	0.047	1	1	4.402
704	177	3198	0.047	1	1	4.399
705	Rev.	51328	0.761	16	12	4.394
706	closer	3235	0.048	1	1	4.381
707	gaudy	3241	0.048	1	1	4.378
708	plotted	3245	0.048	1	1	4.378
709	3.6	3258	0.048	1	1	4.372
710	drunkard	6511	0.097	2	2	4.372
711	Babel	9790	0.145	3	3	4.369
712	contrivances	3269	0.049	1	1	4.366
713	Seller	3282	0.049	1	1	4.36
714	false	224466	3.329	68	22	4.352
715	high-way	3304	0.049	1	1	4.351
716	spin	3312	0.049	1	1	4.348
717	Lass	3315	0.049	1	1	4.345
718	dome	3321	0.049	1	1	4.342
719	quotations	3346	0.05	1	1	4.334
720	decently	3362	0.05	1	1	4.325
721	bribe	3369	0.05	1	1	4.322
722	divorced	3378	0.05	1	1	4.319
723	Cozen	3380	0.05	1	1	4.319
724	mori	3403	0.051	1	1	4.308
725	enticed	3439	0.051	1	1	4.293
726	cups	6881	0.102	2	2	4.292
727	Leper	3469	0.051	1	1	4.282
728	gear	3463	0.051	1	1	4.282
729	Idolater	3472	0.052	1	1	4.279
730	JOSIAH	3482	0.052	1	1	4.276
731	Blasphemer	3487	0.052	1	1	4.274
732	Bias	3503	0.052	1	1	4.265
733	Kick	3504	0.052	1	1	4.265
734	bewailed	3510	0.052	1	1	4.263
735	Apostasy	17588	0.261	5	3	4.261
736	kisses	7051	0.105	2	2	4.257
737	chained	3565	0.053	1	1	4.241
738	Bottle	7144	0.106	2	2	4.238
739	clapped	3587	0.053	1	1	4.232
740	Profanation	3603	0.053	1	1	4.227
741	ignoble	3602	0.053	1	1	4.227
742	rail	7220	0.107	2	2	4.223
743	Giles	3615	0.054	1	1	4.222
744	pox	10902	0.162	3	3	4.214
745	purple	18224	0.27	5	3	4.209
746	wipe	7298	0.108	2	2	4.208
747	Prithee	7377	0.109	2	2	4.192
748	insatiable	3697	0.055	1	1	4.19
749	Splendid	3733	0.055	1	1	4.174
750	judging	18760	0.278	5	3	4.168
751	Bundle	3754	0.056	1	1	4.166
752	crimson	3776	0.056	1	1	4.158
753	Rascal	3785	0.056	1	1	4.156
754	cheated	3803	0.056	1	1	4.148
755	damned	34243	0.508	9	8	4.147
756	arrayed	3816	0.057	1	1	4.143
757	Shirt	3819	0.057	1	1	4.143
758	boot	3835	0.057	1	1	4.135
759	sells	3915	0.058	1	1	4.105
760	sureties	3956	0.059	1	1	4.09
761	waters	83222	1.234	21	11	4.089
762	corrupts	3974	0.059	1	1	4.086
763	astringent	3977	0.059	1	1	4.083
764	Allen	3996	0.059	1	1	4.076
765	Plurality	4000	0.059	1	1	4.076
766	Regret	3999	0.059	1	1	4.076
767	Daughters	40010	0.593	10	8	4.075
768	plaid	4003	0.059	1	1	4.073
769	judged	56237	0.834	14	9	4.069
770	instigation	4033	0.06	1	1	4.064
771	obtains	4035	0.06	1	1	4.064
772	allured	4039	0.06	1	1	4.061
773	Marries	4061	0.06	1	1	4.054
774	Publicans	4075	0.06	1	1	4.049
775	consequents	4109	0.061	1	1	4.037
776	Med	4106	0.061	1	1	4.037
777	chide	4116	0.061	1	1	4.035
778	beholden	4120	0.061	1	1	4.033
779	Hector	8263	0.123	2	2	4.029
780	Desolation	12402	0.184	3	2	4.028
781	2dly	4207	0.062	1	1	4.002
782	Antichrist	50530	0.749	12	7	4.001
783	2.1	4239	0.063	1	1	3.991
784	trembled	4278	0.063	1	1	3.979
785	sly	4313	0.064	1	1	3.966
786	remiss	4323	0.064	1	1	3.964
787	spends	4330	0.064	1	1	3.961
788	Females	4334	0.064	1	1	3.959
789	Query	4359	0.065	1	1	3.952
790	play	61168	0.907	14	13	3.948
791	diseased	8769	0.13	2	2	3.942
792	bane	4390	0.065	1	1	3.941
793	Apparelled	4398	0.065	1	1	3.939
794	knave	8870	0.132	2	2	3.926
795	Stations	4457	0.066	1	1	3.919
796	impartially	4457	0.066	1	1	3.919
797	notorious	22363	0.332	5	5	3.914
798	paint	8989	0.133	2	2	3.907
799	slippery	4506	0.067	1	1	3.904
800	Prick	9007	0.134	2	2	3.904
801	Parishioners	4513	0.067	1	1	3.902
802	defiled	18090	0.268	4	3	3.898
803	Mother	150593	2.233	33	25	3.885
804	Sr	4563	0.068	1	1	3.885
805	regards	9143	0.136	2	2	3.883
806	Antichristian	13777	0.204	3	3	3.876
807	Stafford	4611	0.068	1	1	3.87
808	Unbelieving	4661	0.069	1	1	3.855
809	Warrants	4662	0.069	1	1	3.855
810	unstable	4680	0.069	1	1	3.849
811	sordid	4736	0.07	1	1	3.832
812	reclaim	4736	0.07	1	1	3.832
813	changeable	4757	0.071	1	1	3.824
814	Debauched	4771	0.071	1	1	3.82
815	insolency	4788	0.071	1	1	3.816
816	reservation	4824	0.072	1	1	3.806
817	scurvy	4826	0.072	1	1	3.804
818	intra	4839	0.072	1	1	3.8
819	Simon	29226	0.433	6	1	3.791
820	largeness	4922	0.073	1	1	3.776
821	oppressors	4931	0.073	1	1	3.774
822	Silk	14806	0.22	3	3	3.772
823	surer	4963	0.074	1	1	3.764
824	Perjured	4993	0.074	1	1	3.754
825	Gentile	10008	0.148	2	1	3.752
826	Wedlock	5013	0.074	1	1	3.75
827	Clamour	5016	0.074	1	1	3.749
828	undone	20337	0.302	4	4	3.729
829	Transgressors	5101	0.076	1	1	3.724
830	prudently	5115	0.076	1	1	3.72
831	Adulterers	5137	0.076	1	1	3.714
832	ignorantly	5139	0.076	1	1	3.714
833	playing	10275	0.152	2	2	3.714
834	lock	5149	0.076	1	1	3.71
835	guiltless	5157	0.077	1	1	3.708
836	Assyrians	5157	0.077	1	1	3.708
837	Merchandise	15488	0.23	3	2	3.707
838	coloured	10332	0.153	2	2	3.707
839	Dress	15539	0.231	3	3	3.702
840	moveable	5188	0.077	1	1	3.701
841	boasted	5195	0.077	1	1	3.699
842	Synagogue	10391	0.154	2	2	3.698
843	provocations	5242	0.078	1	1	3.686
844	'twixt	5238	0.078	1	1	3.686
845	knaves	5254	0.078	1	1	3.682
846	strives	5260	0.078	1	1	3.68
847	Bibles	5262	0.078	1	1	3.68
848	Potion	5269	0.078	1	1	3.679
849	gilded	5276	0.078	1	1	3.677
850	accuses	5277	0.078	1	1	3.675
851	Penitent	15876	0.236	3	2	3.671
852	Walter	10593	0.157	2	1	3.67
853	forsakes	5303	0.079	1	1	3.669
854	Cheat	10600	0.157	2	2	3.669
855	're	16048	0.238	3	3	3.656
856	hood	5353	0.079	1	1	3.655
857	Prophet	133904	1.986	25	20	3.654
858	Legacy	5380	0.08	1	1	3.647
859	widow	21540	0.32	4	4	3.646
860	Venus	26929	0.399	5	5	3.646
861	Amsterdam	5414	0.08	1	1	3.638
862	125	5416	0.08	1	1	3.638
863	Cod	5444	0.081	1	1	3.631
864	registered	5476	0.081	1	1	3.622
865	Gallows	5501	0.082	1	1	3.615
866	happening	5514	0.082	1	1	3.612
867	Helmet	5523	0.082	1	1	3.61
868	COAL	5526	0.082	1	1	3.608
869	fiercely	5527	0.082	1	1	3.608
870	un	83123	1.233	15	1	3.605
871	wandering	16735	0.248	3	3	3.595
872	Coward	5580	0.083	1	1	3.594
873	ruled	22509	0.334	4	2	3.583
874	hates	16898	0.251	3	3	3.582
875	foretell	5652	0.084	1	1	3.577
876	Esquire	11359	0.169	2	1	3.569
877	quorum	11386	0.169	2	2	3.566
878	badge	5699	0.085	1	1	3.565
879	Multitudes	17103	0.254	3	2	3.564
880	drank	11443	0.17	2	2	3.559
881	Incarnate	5722	0.085	1	1	3.558
882	65.	5737	0.085	1	1	3.555
883	handsome	11498	0.171	2	2	3.552
884	drinking	29093	0.432	5	5	3.534
885	Gall	17567	0.261	3	3	3.526
886	plays	17593	0.261	3	3	3.523
887	off-spring	5879	0.087	1	1	3.52
888	airy	5893	0.087	1	1	3.516
889	discovers	11783	0.175	2	2	3.516
890	grain	17694	0.262	3	2	3.515
891	licentious	5899	0.088	1	1	3.515
892	beholds	5976	0.089	1	1	3.497
893	preferment	11954	0.177	2	2	3.496
894	Appropriated	5982	0.089	1	1	3.495
895	Arabic	5985	0.089	1	1	3.493
896	betrayed	18001	0.267	3	3	3.49
897	Dishonest	6002	0.089	1	1	3.49
898	hunt	12065	0.179	2	2	3.483
899	Jordan	6062	0.09	1	1	3.476
900	brand	6073	0.09	1	1	3.472
901	window	12154	0.18	2	2	3.472
902	stink	6090	0.09	1	1	3.469
903	Painter	6102	0.091	1	1	3.466
904	polluted	12233	0.181	2	2	3.463
905	Squire	6126	0.091	1	1	3.46
906	accepts	6165	0.091	1	1	3.452
907	fetch	24696	0.366	4	1	3.449
908	reigned	31015	0.46	5	4	3.442
909	illegal	6218	0.092	1	1	3.439
910	Plagues	18774	0.278	3	3	3.43
911	spoiling	6265	0.093	1	1	3.428
912	Dregs	6317	0.094	1	1	3.416
913	stark	6325	0.094	1	1	3.414
914	marrying	6327	0.094	1	1	3.414
915	wave	6344	0.094	1	1	3.41
916	blinded	12718	0.189	2	2	3.407
917	whip	6373	0.095	1	1	3.404
918	Seat	51212	0.76	8	5	3.397
919	certified	6444	0.096	1	1	3.387
920	assail	6445	0.096	1	1	3.387
921	Sink	19378	0.287	3	3	3.384
922	neat	6464	0.096	1	1	3.382
923	110	6465	0.096	1	1	3.382
924	allows	12955	0.192	2	1	3.38
925	Son	570683	8.464	88	46	3.378
926	Tithe	6494	0.096	1	1	3.376
927	Wolf	13047	0.194	2	2	3.37
928	condemns	13190	0.196	2	2	3.354
929	Tacit	6596	0.098	1	1	3.354
930	whipped	6660	0.099	1	1	3.339
931	Rents	13329	0.198	2	2	3.339
932	Medicaments	6671	0.099	1	1	3.338
933	keeps	40024	0.594	6	6	3.337
934	brow	6696	0.099	1	1	3.332
935	Revelations	13397	0.199	2	2	3.331
936	renounced	6702	0.099	1	1	3.331
937	wears	6709	0.1	1	1	3.329
938	involved	6720	0.1	1	1	3.326
939	tired	6727	0.1	1	1	3.325
940	Wanton	20242	0.3	3	3	3.321
941	spy	6749	0.1	1	1	3.32
942	retaining	6754	0.1	1	1	3.319
943	burn	40670	0.603	6	5	3.314
944	inside	6781	0.101	1	1	3.313
945	Otho	6796	0.101	1	1	3.31
946	kindred	20409	0.303	3	3	3.309
947	Indicted	6808	0.101	1	1	3.308
948	Hor	6813	0.101	1	1	3.308
949	vail	6807	0.101	1	1	3.308
950	charming	6822	0.101	1	1	3.305
951	burned	20536	0.305	3	3	3.3
952	Lust	54865	0.814	8	5	3.297
953	Eschew	6866	0.102	1	1	3.296
954	Dragons	6883	0.102	1	1	3.292
955	Rack	6929	0.103	1	1	3.282
956	Sampson	6989	0.104	1	1	3.27
957	rewarded	14017	0.208	2	1	3.266
958	Drunkards	7021	0.104	1	1	3.264
959	Revel	21061	0.312	3	3	3.263
960	drink	140890	2.09	20	13	3.259
961	heathenish	7043	0.105	1	1	3.258
962	Mistress	42310	0.628	6	6	3.257
963	Begot	7053	0.105	1	1	3.257
964	Macedonia	7054	0.105	1	1	3.257
965	sitting	35270	0.523	5	5	3.257
966	High-priest	7087	0.105	1	1	3.25
967	Fortress	7099	0.105	1	1	3.247
968	Rome	271183	4.022	38	26	3.24
969	Leaven	7224	0.107	1	1	3.223
970	Idolatrous	14523	0.215	2	2	3.215
971	damn	7322	0.109	1	1	3.203
972	fairest	14727	0.218	2	2	3.195
973	compelled	22115	0.328	3	3	3.193
974	lap	7378	0.109	1	1	3.192
975	Virgins	22219	0.33	3	3	3.187
976	Engine	7413	0.11	1	1	3.186
977	boasting	7419	0.11	1	1	3.184
978	Papacy	7431	0.11	1	1	3.182
979	snare	14914	0.221	2	1	3.177
980	games	7473	0.111	1	1	3.174
981	weights	7530	0.112	1	1	3.162
982	Game	15105	0.224	2	1	3.158
983	filthy	30299	0.449	4	4	3.154
984	situated	7582	0.112	1	1	3.153
985	honest	83801	1.243	11	10	3.146
986	precise	7715	0.114	1	1	3.128
987	Bacon	7727	0.115	1	1	3.125
988	marry	38694	0.574	5	5	3.123
989	Zach.	7738	0.115	1	1	3.123
990	ruined	15482	0.23	2	2	3.123
991	establishing	7797	0.116	1	1	3.113
992	laughing	7845	0.116	1	1	3.104
993	intimated	7877	0.117	1	1	3.098
994	slighted	7957	0.118	1	1	3.083
995	facta	7986	0.118	1	1	3.078
996	beggars	8051	0.119	1	1	3.066
997	replied	40276	0.597	5	4	3.065
998	burning	48634	0.721	6	5	3.056
999	hostess	8115	0.12	1	1	3.054
1000	lain	8129	0.121	1	1	3.052
1001	silly	16358	0.243	2	2	3.043
1002	lists	8183	0.121	1	1	3.042
1003	Christopher	8248	0.122	1	1	3.032
1004	Solomon	41245	0.612	5	5	3.031
1005	Riot	8272	0.123	1	1	3.027
1006	Nations	132713	1.968	16	8	3.023
1007	Agrippa	8329	0.124	1	1	3.017
1008	Surgeon	8390	0.124	1	1	3.007
1009	parted	16901	0.251	2	2	2.996
1010	cheap	8467	0.126	1	1	2.993
1011	crew	8469	0.126	1	1	2.993
1012	undo	8485	0.126	1	1	2.991
1013	Baronius	8482	0.126	1	1	2.991
1014	Aye	17014	0.252	2	2	2.987
1015	Devices	8511	0.126	1	1	2.986
1016	Fellow	51208	0.76	6	4	2.982
1017	repute	8562	0.127	1	1	2.977
1018	thrive	8582	0.127	1	1	2.974
1019	patent	8637	0.128	1	1	2.965
1020	allowing	8667	0.129	1	1	2.96
1021	yields	17327	0.257	2	2	2.96
1022	Maria	8668	0.129	1	1	2.959
1023	luxury	8713	0.129	1	1	2.952
1024	lamentation	8729	0.13	1	1	2.949
1025	conveniently	8789	0.13	1	1	2.94
1026	eager	8791	0.13	1	1	2.939
1027	o.	17703	0.263	2	2	2.929
1028	forgot	17706	0.263	2	2	2.929
1029	Cat	8876	0.132	1	1	2.926
1030	kissed	8900	0.132	1	1	2.921
1031	bowed	8908	0.132	1	1	2.92
1032	Yes	44644	0.662	5	3	2.917
1033	Garments	26823	0.398	3	2	2.915
1034	destruction	89423	1.326	10	4	2.915
1035	Beggar	8945	0.133	1	1	2.914
1036	Lambs	8945	0.133	1	1	2.914
1037	Villain	8957	0.133	1	1	2.913
1038	product	8997	0.133	1	1	2.906
1039	trades	9008	0.134	1	1	2.904
1040	Predecessors	18045	0.268	2	2	2.902
1041	corrupted	36122	0.536	4	4	2.901
1042	ire	9043	0.134	1	1	2.899
1043	Revolt	9050	0.134	1	1	2.898
1044	Daughter	108707	1.612	12	9	2.896
1045	venerable	9145	0.136	1	1	2.883
1046	ses	9156	0.136	1	1	2.88
1047	enquired	9225	0.137	1	1	2.87
1048	defeat	9235	0.137	1	1	2.868
1049	outside	9291	0.138	1	1	2.859
1050	!	371996	5.517	40	22	2.858
1051	Demetrius	9307	0.138	1	1	2.857
1052	Wife	214853	3.187	23	20	2.852
1053	extract	9355	0.139	1	1	2.85
1054	definition	18738	0.278	2	1	2.847
1055	Hellish	9373	0.139	1	1	2.847
1056	Cupid	9383	0.139	1	1	2.845
1057	perplexed	9395	0.139	1	1	2.844
1058	embracing	9401	0.139	1	1	2.843
1059	hired	9416	0.14	1	1	2.841
1060	Affront	9421	0.14	1	1	2.84
1061	comprehends	9448	0.14	1	1	2.835
1062	destroyed	66138	0.981	7	5	2.835
1063	tot	9457	0.14	1	1	2.833
1064	Asses	9467	0.14	1	1	2.832
1065	partake	18988	0.282	2	2	2.828
1066	Indictment	9527	0.141	1	1	2.823
1067	cunning	28670	0.425	3	3	2.819
1068	opposing	9578	0.142	1	1	2.815
1069	horrid	19167	0.284	2	2	2.815
1070	increases	9612	0.143	1	1	2.81
1071	Bell	19417	0.288	2	2	2.796
1072	abhor	19419	0.288	2	2	2.796
1073	Exit	19436	0.288	2	2	2.794
1074	begotten	29211	0.433	3	3	2.792
1075	censured	9756	0.145	1	1	2.789
1076	flattering	9757	0.145	1	1	2.789
1077	nostrils	9776	0.145	1	1	2.786
1078	abhorred	9825	0.146	1	1	2.779
1079	ports	9887	0.147	1	1	2.77
1080	risen	19790	0.294	2	2	2.769
1081	wander	9904	0.147	1	1	2.767
1082	positively	9945	0.148	1	1	2.761
1083	omnipotent	9996	0.148	1	1	2.753
1084	headlong	10029	0.149	1	1	2.75
1085	Constable	20148	0.299	2	2	2.743
1086	Embraces	10141	0.15	1	1	2.733
1087	assign	10140	0.15	1	1	2.733
1088	subsist	10162	0.151	1	1	2.73
1089	Tragedy	10196	0.151	1	1	2.725
1090	adore	20395	0.303	2	2	2.725
1091	excellently	10217	0.152	1	1	2.723
1092	Glories	10254	0.152	1	1	2.717
1093	she	1006738	14.931	98	69	2.714
1094	Horn	20550	0.305	2	1	2.714
1095	wear	20558	0.305	2	2	2.714
1096	Impudence	10304	0.153	1	1	2.71
1097	discovering	10322	0.153	1	1	2.707
1098	dog	30988	0.46	3	3	2.707
1099	Husbands	30992	0.46	3	3	2.707
1100	match	20690	0.307	2	2	2.704
1101	magnificent	10359	0.154	1	1	2.703
1102	brazen	10407	0.154	1	1	2.696
1103	'm	31244	0.463	3	3	2.695
1104	Ans	20841	0.309	2	2	2.694
1105	sadness	10440	0.155	1	1	2.692
1106	loathsome	10486	0.156	1	1	2.685
1107	bed	73593	1.092	7	7	2.681
1108	Margaret	10516	0.156	1	1	2.68
1109	treated	21086	0.313	2	2	2.677
1110	Superstitious	21092	0.313	2	2	2.677
1111	68	10551	0.157	1	1	2.676
1112	mystical	21135	0.314	2	2	2.673
1113	desperate	31789	0.472	3	3	2.67
1114	Mal.	10647	0.158	1	1	2.663
1115	proverb	21331	0.316	2	2	2.66
1116	Windows	10698	0.159	1	1	2.656
1117	venture	21408	0.318	2	2	2.655
1118	plague	42909	0.636	4	4	2.652
1119	described	42932	0.637	4	4	2.651
1120	indifferently	10753	0.16	1	1	2.648
1121	Concupiscence	10773	0.16	1	1	2.646
1122	Floods	10792	0.16	1	1	2.643
1123	Thin	32659	0.484	3	3	2.631
1124	Diana	10894	0.162	1	1	2.63
1125	Stretch	10952	0.162	1	1	2.622
1126	placing	10949	0.162	1	1	2.622
1127	venom	11000	0.163	1	1	2.616
1128	infamous	11020	0.163	1	1	2.614
1129	Cock	11063	0.164	1	1	2.607
1130	Ch.	33232	0.493	3	3	2.606
1131	warned	11120	0.165	1	1	2.6
1132	Standard	11129	0.165	1	1	2.599
1133	insolent	11146	0.165	1	1	2.597
1134	Cor	22308	0.331	2	1	2.596
1135	Ephraim	11202	0.166	1	1	2.59
1136	Den	11211	0.166	1	1	2.588
1137	imaginable	11234	0.167	1	1	2.586
1138	Lady	112639	1.671	10	5	2.582
1139	Mountains	56383	0.836	5	2	2.58
1140	murderers	11345	0.168	1	1	2.571
1141	Symptoms	11363	0.169	1	1	2.569
1142	swear	56939	0.845	5	5	2.566
1143	price	57392	0.851	5	5	2.554
1144	revived	11511	0.171	1	1	2.55
1145	Cave	11519	0.171	1	1	2.55
1146	fitter	11535	0.171	1	1	2.547
1147	committing	11606	0.172	1	1	2.539
1148	punishing	11649	0.173	1	1	2.533
1149	preparing	11677	0.173	1	1	2.529
1150	her	1811491	26.866	155	93	2.528
1151	infamy	11689	0.173	1	1	2.528
1152	suits	11705	0.174	1	1	2.526
1153	returns	23425	0.347	2	2	2.525
1154	Madam	46920	0.696	4	3	2.523
1155	wondered	11794	0.175	1	1	2.515
1156	street	23649	0.351	2	2	2.512
1157	SONG	35727	0.53	3	2	2.501
1158	breathing	11927	0.177	1	1	2.499
1159	generality	11939	0.177	1	1	2.497
1160	pr	11953	0.177	1	1	2.496
1161	revenged	11966	0.178	1	1	2.494
1162	wickedness	71915	1.067	6	6	2.492
1163	contrived	11992	0.178	1	1	2.491
1164	carry	108052	1.603	9	4	2.49
1165	Bona	12019	0.178	1	1	2.488
1166	Bride	12056	0.179	1	1	2.484
1167	seven	120863	1.793	10	9	2.48
1168	49	24226	0.359	2	2	2.477
1169	translate	12144	0.18	1	1	2.473
1170	amorous	12171	0.181	1	1	2.47
1171	Exeunt	12174	0.181	1	1	2.469
1172	Woman	183598	2.723	15	14	2.462
1173	drove	12259	0.182	1	1	2.46
1174	Fortunes	24537	0.364	2	2	2.458
1175	1pageduplicate	49108	0.728	4	1	2.457
1176	Merchants	36943	0.548	3	1	2.453
1177	curse	61992	0.919	5	4	2.443
1178	fills	12448	0.185	1	1	2.438
1179	poisoned	12446	0.185	1	1	2.438
1180	potent	12467	0.185	1	1	2.435
1181	ded	12467	0.185	1	1	2.435
1182	envious	12527	0.186	1	1	2.428
1183	burnt	50113	0.743	4	3	2.428
1184	murderer	12581	0.187	1	1	2.422
1185	Heresies	25260	0.375	2	1	2.417
1186	Dan	38042	0.564	3	3	2.411
1187	pitiful	12709	0.189	1	1	2.407
1188	hated	25471	0.378	2	1	2.404
1189	temperance	12755	0.189	1	1	2.402
1190	abides	12792	0.19	1	1	2.398
1191	Darius	12799	0.19	1	1	2.397
1192	committed	115180	1.708	9	8	2.397
1193	Friar	12819	0.19	1	1	2.395
1194	crafty	12823	0.19	1	1	2.394
1195	Character	38558	0.572	3	3	2.391
1196	18.	77389	1.148	6	5	2.386
1197	sister	51618	0.766	4	4	2.386
1198	Pas	12920	0.192	1	1	2.384
1199	traffic	12930	0.192	1	1	2.382
1200	road	12952	0.192	1	1	2.38
1201	decline	12957	0.192	1	1	2.379
1202	forbidden	38907	0.577	3	3	2.378
1203	approaching	12995	0.193	1	1	2.376
1204	wo	26036	0.386	2	2	2.373
1205	George	39058	0.579	3	1	2.373
1206	ten	130362	1.933	10	7	2.371
1207	raging	13043	0.193	1	1	2.37
1208	streets	26115	0.387	2	2	2.368
1209	Champion	13133	0.195	1	1	2.36
1210	blush	13133	0.195	1	1	2.36
1211	'd	144543	2.144	11	11	2.359
1212	permission	13164	0.195	1	1	2.357
1213	kiss	26340	0.391	2	2	2.356
1214	Christo	13181	0.196	1	1	2.355
1215	calling	105619	1.566	8	8	2.353
1216	'll	158479	2.35	12	10	2.352
1217	Lev	13206	0.196	1	1	2.352
1218	delightful	13236	0.196	1	1	2.349
1219	Andrew	13250	0.197	1	1	2.347
1220	disturb	13350	0.198	1	1	2.336
1221	dressed	13382	0.199	1	1	2.333
1222	Purge	26806	0.398	2	1	2.331
1223	inflicted	13403	0.199	1	1	2.331
1224	stolen	13436	0.199	1	1	2.327
1225	regular	13469	0.2	1	1	2.323
1226	Western	13537	0.201	1	1	2.316
1227	Coals	13558	0.201	1	1	2.314
1228	Sealed	27229	0.404	2	2	2.308
1229	call	328774	4.876	24	22	2.299
1230	dares	13753	0.204	1	1	2.293
1231	manage	13853	0.206	1	1	2.283
1232	great	1790493	26.555	129	55	2.28
1233	Mrs.	13889	0.206	1	1	2.279
1234	sinning	13902	0.206	1	1	2.278
1235	Becomes	41957	0.622	3	3	2.269
1236	Worlds	28162	0.418	2	1	2.259
1237	mad	42332	0.628	3	3	2.257
1238	methinks	14132	0.21	1	1	2.254
1239	Roman	141472	2.098	10	10	2.253
1240	39.	14194	0.211	1	1	2.248
1241	included	14204	0.211	1	1	2.247
1242	pretends	14230	0.211	1	1	2.245
1243	affirming	14264	0.212	1	1	2.241
1244	Battles	14268	0.212	1	1	2.241
1245	doom	28591	0.424	2	1	2.238
1246	description	42949	0.637	3	3	2.236
1247	Ha	28655	0.425	2	2	2.234
1248	Heretic	14330	0.213	1	1	2.234
1249	Nephew	14378	0.213	1	1	2.23
1250	tasted	14389	0.213	1	1	2.228
1251	inflamed	14462	0.215	1	1	2.221
1252	reprobate	14526	0.215	1	1	2.215
1253	dispatch	14533	0.216	1	1	2.214
1254	Hills	29127	0.432	2	2	2.211
1255	Tent	14624	0.217	1	1	2.205
1256	cry	87922	1.304	6	6	2.202
1257	repented	14668	0.218	1	1	2.201
1258	shameful	14747	0.219	1	1	2.193
1259	reproof	14798	0.22	1	1	2.188
1260	Michael	14812	0.22	1	1	2.186
1261	Mar	14814	0.22	1	1	2.186
1262	shun	14847	0.22	1	1	2.183
1263	publicly	29824	0.442	2	2	2.177
1264	doors	29993	0.445	2	2	2.169
1265	seize	15038	0.223	1	1	2.165
1266	common	346098	5.133	23	17	2.164
1267	enlarge	15062	0.223	1	1	2.162
1268	Ale	15087	0.224	1	1	2.16
1269	deep	75511	1.12	5	5	2.159
1270	privately	15154	0.225	1	1	2.154
1271	ere	61209	0.908	4	3	2.14
1272	70	15439	0.229	1	1	2.127
1273	tear	15500	0.23	1	1	2.121
1274	Generations	15518	0.23	1	1	2.12
1275	's	1833403	27.191	118	55	2.118
1276	rode	15543	0.231	1	1	2.117
1277	Sodom	15597	0.231	1	1	2.112
1278	gain	78199	1.16	5	5	2.108
1279	incense	15760	0.234	1	1	2.097
1280	reigns	15787	0.234	1	1	2.095
1281	Idleness	15825	0.235	1	1	2.091
1282	confound	15864	0.235	1	1	2.087
1283	rebuke	15877	0.236	1	1	2.086
1284	wretch	15921	0.236	1	1	2.083
1285	slay	15920	0.236	1	1	2.083
1286	tormented	15920	0.236	1	1	2.083
1287	vow	31839	0.472	2	2	2.083
1288	Illustrious	15935	0.236	1	1	2.081
1289	Prophets	111696	1.657	7	3	2.079
1290	carried	127788	1.895	8	1	2.078
1291	lewd	15983	0.237	1	1	2.077
1292	cries	32046	0.475	2	2	2.073
1293	j.	48447	0.719	3	1	2.062
1294	meanest	16212	0.24	1	1	2.056
1295	Patriarch	16225	0.241	1	1	2.055
1296	JUdicious	16290	0.242	1	1	2.049
1297	Sale	16370	0.243	1	1	2.042
1298	strongest	16405	0.243	1	1	2.039
1299	Maid	33079	0.491	2	2	2.027
1300	iniquities	16575	0.246	1	1	2.024
1301	Members	116122	1.722	7	5	2.023
1302	Golden	49785	0.738	3	3	2.022
1303	abstain	16630	0.247	1	1	2.02
1304	Pulled	16685	0.248	1	1	2.014
1305	turn	167524	2.485	10	7	2.009
1306	Censures	16762	0.249	1	1	2.008
1307	extant	16836	0.25	1	1	2.002
1308	complained	16882	0.25	1	1	1.998
1309	caught	16892	0.251	1	1	1.997
1310	Women	152987	2.269	9	8	1.988
1311	commit	51155	0.759	3	3	1.983
1312	Infidels	17053	0.253	1	1	1.983
1313	Kin	17056	0.253	1	1	1.983
1314	Prophecy	51210	0.76	3	3	1.982
1315	support	34167	0.507	2	2	1.981
1316	rid	17118	0.254	1	1	1.978
1317	professed	34256	0.508	2	2	1.977
1318	Board	17171	0.255	1	1	1.973
1319	ornaments	17222	0.255	1	1	1.969
1320	Aside	51692	0.767	3	3	1.968
1321	Mary	68927	1.022	4	2	1.968
1322	discerned	17249	0.256	1	1	1.967
1323	Esau	17268	0.256	1	1	1.965
1324	sisters	17302	0.257	1	1	1.962
1325	reproach	34657	0.514	2	2	1.96
1326	Coin	17339	0.257	1	1	1.959
1327	scorn	34703	0.515	2	2	1.958
1328	confounded	17397	0.258	1	1	1.955
1329	XX	17400	0.258	1	1	1.954
1330	meetings	17499	0.26	1	1	1.946
1331	fools	35223	0.522	2	2	1.937
1332	Papist	17633	0.262	1	1	1.935
1333	urge	17702	0.263	1	1	1.93
1334	Fancies	17761	0.263	1	1	1.925
1335	rejoicing	17783	0.264	1	1	1.923
1336	Characters	17893	0.265	1	1	1.914
1337	Stage	17895	0.265	1	1	1.914
1338	steal	17906	0.266	1	1	1.913
1339	bloody	53730	0.797	3	2	1.912
1340	Esa	17912	0.266	1	1	1.912
1341	buy	35853	0.532	2	1	1.911
1342	Gallant	17961	0.266	1	1	1.908
1343	Heir	53990	0.801	3	3	1.906
1344	trade	71989	1.068	4	3	1.905
1345	troubled	72125	1.07	4	2	1.903
1346	Oh	126299	1.873	7	7	1.902
1347	deceived	54539	0.809	3	3	1.891
1348	Dear	109293	1.621	6	4	1.888
1349	Drunkenness	18268	0.271	1	1	1.884
1350	brings	54834	0.813	3	2	1.883
1351	heretofore	36652	0.544	2	2	1.879
1352	largely	18351	0.272	1	1	1.877
1353	bids	18389	0.273	1	1	1.875
1354	heap	18409	0.273	1	1	1.873
1355	Courtesy	18515	0.275	1	1	1.865
1356	spend	37287	0.553	2	2	1.855
1357	Lie	168129	2.494	9	9	1.852
1358	Wilderness	37400	0.555	2	2	1.85
1359	adorned	18908	0.28	1	1	1.834
1360	Bull	18950	0.281	1	1	1.831
1361	Italian	18997	0.282	1	1	1.828
1362	loves	76043	1.128	4	4	1.826
1363	brave	38044	0.564	2	2	1.826
1364	immortality	19100	0.283	1	1	1.82
1365	encouraged	19234	0.285	1	1	1.809
1366	Chains	19298	0.286	1	1	1.805
1367	Weeks	19316	0.287	1	1	1.803
1368	drew	38764	0.575	2	2	1.799
1369	worse	96916	1.437	5	4	1.798
1370	invented	19383	0.288	1	1	1.798
1371	keeping	58223	0.864	3	3	1.797
1372	horror	19604	0.291	1	1	1.782
1373	favourable	19618	0.291	1	1	1.781
1374	Pomp	19649	0.291	1	1	1.779
1375	whereon	19704	0.292	1	1	1.775
1376	Lyon	19709	0.292	1	1	1.774
1377	lovely	19737	0.293	1	1	1.773
1378	signifies	79472	1.179	4	4	1.763
1379	reputed	19893	0.295	1	1	1.761
1380	spiritual	239256	3.548	12	7	1.758
1381	practices	19984	0.296	1	1	1.754
1382	probably	19999	0.297	1	1	1.753
1383	profane	40020	0.594	2	2	1.753
1384	revenge	60376	0.895	3	3	1.744
1385	runs	40288	0.598	2	2	1.743
1386	a	14471665	214.629	715	214	1.736
1387	Severity	20285	0.301	1	1	1.733
1388	Lion	20323	0.301	1	1	1.73
1389	calls	121932	1.808	6	6	1.73
1390	Israel	162651	2.412	8	6	1.73
1391	nere	20350	0.302	1	1	1.728
1392	arose	20382	0.302	1	1	1.726
1393	tie	20437	0.303	1	1	1.722
1394	sell	41041	0.609	2	2	1.716
1395	les	41080	0.609	2	1	1.715
1396	Fool	41266	0.612	2	2	1.708
1397	chaste	20646	0.306	1	1	1.707
1398	17.	83120	1.233	4	3	1.698
1399	habet	20783	0.308	1	1	1.698
1400	Pit	20801	0.309	1	1	1.697
1401	Pity	62915	0.933	3	3	1.685
1402	step	20981	0.311	1	1	1.684
1403	ne'er	20984	0.311	1	1	1.684
1404	sa	20987	0.311	1	1	1.684
1405	es	21017	0.312	1	1	1.682
1406	persecuted	21044	0.312	1	1	1.68
1407	discovered	63467	0.941	3	3	1.672
1408	slave	21201	0.314	1	1	1.669
1409	fee	21237	0.315	1	1	1.667
1410	Priesthood	21290	0.316	1	1	1.663
1411	Grand	42729	0.634	2	2	1.658
1412	flying	21405	0.318	1	1	1.655
1413	Deuteronomy	64271	0.953	3	3	1.654
1414	pence	21465	0.318	1	1	1.652
1415	Troops	21505	0.319	1	1	1.649
1416	spoiled	21514	0.319	1	1	1.648
1417	destroy	86113	1.277	4	4	1.647
1418	prefer	21583	0.32	1	1	1.643
1419	Sovereignty	21633	0.321	1	1	1.64
1420	lack	21685	0.322	1	1	1.637
1421	Confesses	21697	0.322	1	1	1.636
1422	Church	1175787	17.438	54	20	1.631
1423	Mark	131282	1.947	6	5	1.624
1424	tempted	22002	0.326	1	1	1.616
1425	Gentleman	66021	0.979	3	3	1.615
1426	murdered	22105	0.328	1	1	1.609
1427	tedious	22140	0.328	1	1	1.606
1428	knees	22165	0.329	1	1	1.605
1429	married	66560	0.987	3	3	1.604
1430	s	133183	1.975	6	5	1.603
1431	Eighth	22214	0.33	1	1	1.602
1432	thieves	22285	0.331	1	1	1.597
1433	secrets	22386	0.332	1	1	1.591
1434	poor	313465	4.649	14	9	1.59
1435	34.	22411	0.332	1	1	1.589
1436	Ancestors	22418	0.333	1	1	1.589
1437	ver	22436	0.333	1	1	1.588
1438	Beat	45020	0.668	2	2	1.583
1439	oppression	22522	0.334	1	1	1.582
1440	abuse	45195	0.67	2	2	1.577
1441	weeping	22605	0.335	1	1	1.576
1442	Alas	67915	1.007	3	3	1.575
1443	indignation	22811	0.338	1	1	1.564
1444	picture	22820	0.338	1	1	1.563
1445	admire	22861	0.339	1	1	1.56
1446	adding	22908	0.34	1	1	1.558
1447	Traditions	22980	0.341	1	1	1.553
1448	Friendship	46387	0.688	2	2	1.54
1449	naked	46459	0.689	2	2	1.537
1450	odious	23239	0.345	1	1	1.537
1451	struck	23297	0.346	1	1	1.533
1452	Corruptions	23463	0.348	1	1	1.523
1453	Wall	47250	0.701	2	2	1.513
1454	dance	23697	0.351	1	1	1.509
1455	Mercury	23710	0.352	1	1	1.508
1456	accounts	23870	0.354	1	1	1.498
1457	Rob	23959	0.355	1	1	1.493
1458	public	215912	3.202	9	5	1.491
1459	shake	24043	0.357	1	1	1.488
1460	fine	96522	1.432	4	4	1.482
1461	redeemed	24139	0.358	1	1	1.482
1462	puts	48280	0.716	2	2	1.482
1463	affect	24146	0.358	1	1	1.482
1464	imputed	24284	0.36	1	1	1.473
1465	F.	73082	1.084	3	3	1.469
1466	Pull	24362	0.361	1	1	1.469
1467	expect	73209	1.086	3	3	1.466
1468	apprehend	24467	0.363	1	1	1.462
1469	25.	48971	0.726	2	2	1.461
1470	Garment	24609	0.365	1	1	1.454
1471	hath	1823449	27.044	74	26	1.452
1472	strangers	49348	0.732	2	2	1.45
1473	adultery	24714	0.367	1	1	1.448
1474	Sir	371184	5.505	15	9	1.446
1475	has	321926	4.775	13	12	1.445
1476	woods	24782	0.368	1	1	1.444
1477	quite	74671	1.107	3	3	1.438
1478	evermore	24903	0.369	1	1	1.437
1479	prevailed	25057	0.372	1	1	1.428
1480	Prov.	50161	0.744	2	2	1.427
1481	Isa.	75282	1.117	3	3	1.426
1482	hair	50335	0.747	2	1	1.422
1483	quality	75538	1.12	3	3	1.421
1484	dread	25184	0.374	1	1	1.421
1485	&c	479189	7.107	19	15	1.419
1486	Fortune	101130	1.5	4	4	1.415
1487	excess	25352	0.376	1	1	1.411
1488	dull	25362	0.376	1	1	1.411
1489	Flesh	279311	4.143	11	9	1.409
1490	termed	25438	0.377	1	1	1.406
1491	returning	25466	0.378	1	1	1.405
1492	Celestial	25497	0.378	1	1	1.403
1493	Covetous	25513	0.378	1	1	1.402
1494	Re	25840	0.383	1	1	1.384
1495	top	52060	0.772	2	1	1.373
1496	keep	313074	4.643	12	10	1.37
1497	seed	130549	1.936	5	2	1.369
1498	looks	52264	0.775	2	2	1.368
1499	strongly	26140	0.388	1	1	1.367
1500	Judgment	235552	3.494	9	8	1.365
1501	sit	131502	1.95	5	4	1.358
1502	Matthew	26367	0.391	1	1	1.355
1503	Husband	105631	1.567	4	4	1.352
1504	called	768363	11.396	29	23	1.348
1505	Attended	26513	0.393	1	1	1.347
1506	Flood	26569	0.394	1	1	1.344
1507	lays	26622	0.395	1	1	1.341
1508	list	26655	0.395	1	1	1.339
1509	usually	53352	0.791	2	2	1.338
1510	Richard	53481	0.793	2	1	1.334
1511	Britain	26773	0.397	1	1	1.332
1512	lovers	26913	0.399	1	1	1.325
1513	mere	80762	1.198	3	3	1.325
1514	Virgin	54072	0.802	2	2	1.319
1515	apparel	27082	0.402	1	1	1.316
1516	house	407406	6.042	15	14	1.312
1517	saw	191431	2.839	7	6	1.302
1518	defended	27388	0.406	1	1	1.3
1519	remarkable	27396	0.406	1	1	1.299
1520	turned	109846	1.629	4	4	1.296
1521	pound	54933	0.815	2	2	1.296
1522	VI	55012	0.816	2	2	1.294
1523	temples	27639	0.41	1	1	1.287
1524	suitable	27681	0.411	1	1	1.285
1525	stick	27742	0.411	1	1	1.281
1526	leaving	55555	0.824	2	2	1.279
1527	Sons	139530	2.069	5	5	1.273
1528	judgement	111780	1.658	4	4	1.271
1529	care	224334	3.327	8	5	1.266
1530	meant	112513	1.669	4	4	1.261
1531	appeal	28134	0.417	1	1	1.261
1532	beware	28157	0.418	1	1	1.26
1533	Followers	28164	0.418	1	1	1.259
1534	Why	394748	5.855	14	13	1.258
1535	provoke	28409	0.421	1	1	1.247
1536	narrow	28532	0.423	1	1	1.241
1537	st	28567	0.424	1	1	1.239
1538	young	171502	2.544	6	6	1.238
1539	Rulers	28709	0.426	1	1	1.232
1540	Vision	28960	0.43	1	1	1.219
1541	Ah	29075	0.431	1	1	1.214
1542	wont	58350	0.865	2	2	1.209
1543	favours	29174	0.433	1	1	1.209
1544	titles	29194	0.433	1	1	1.208
1545	yea	321813	4.773	11	8	1.205
1546	shown	29305	0.435	1	1	1.202
1547	Ezek.	29318	0.435	1	1	1.202
1548	throw	29481	0.437	1	1	1.194
1549	Thank	29699	0.441	1	1	1.183
1550	ou	29737	0.441	1	1	1.181
1551	walking	29776	0.442	1	1	1.179
1552	pretty	29773	0.442	1	1	1.179
1553	Rank	29920	0.444	1	1	1.172
1554	displeasure	30153	0.447	1	1	1.161
1555	Face	181454	2.691	6	5	1.157
1556	Gentlemen	60495	0.897	2	2	1.156
1557	ordinarily	30303	0.449	1	1	1.154
1558	figures	30387	0.451	1	1	1.15
1559	Decrees	30530	0.453	1	1	1.143
1560	Mothers	30565	0.453	1	1	1.141
1561	commend	30571	0.453	1	1	1.141
1562	Speeches	30693	0.455	1	1	1.135
1563	Unclean	30723	0.456	1	1	1.134
1564	harm	30750	0.456	1	1	1.133
1565	takes	123079	1.825	4	4	1.132
1566	testify	30813	0.457	1	1	1.13
1567	?	2527462	37.485	82	49	1.129
1568	en	61856	0.917	2	1	1.124
1569	Idols	30951	0.459	1	1	1.123
1570	represent	31012	0.46	1	1	1.121
1571	consumed	31042	0.46	1	1	1.119
1572	cares	31089	0.461	1	1	1.117
1573	[	280684	4.163	9	7	1.112
1574	complete	31387	0.466	1	1	1.103
1575	shame	94222	1.397	3	3	1.102
1576	company	157530	2.336	5	5	1.098
1577	abused	31590	0.469	1	1	1.094
1578	corrupt	63197	0.937	2	2	1.093
1579	draws	31643	0.469	1	1	1.091
1580	youth	63555	0.943	2	2	1.085
1581	later	31782	0.471	1	1	1.085
1582	hang	31830	0.472	1	1	1.083
1583	oaths	31854	0.472	1	1	1.082
1584	upon	2522161	37.406	79	35	1.079
1585	whilst	127767	1.895	4	4	1.078
1586	delight	95852	1.422	3	3	1.077
1587	opposite	31956	0.474	1	1	1.077
1588	damnation	32064	0.476	1	1	1.072
1589	VIII	32081	0.476	1	1	1.072
1590	treat	32126	0.477	1	1	1.069
1591	Doubtless	32131	0.477	1	1	1.069
1592	door	64326	0.954	2	2	1.068
1593	consequently	64502	0.957	2	2	1.064
1594	m.	193517	2.87	6	3	1.064
1595	upper	32317	0.479	1	1	1.061
1596	conquest	32321	0.479	1	1	1.061
1597	bosom	32336	0.48	1	1	1.06
1598	Fleet	32439	0.481	1	1	1.056
1599	insomuch	32477	0.482	1	1	1.054
1600	Maintenance	32482	0.482	1	1	1.054
1601	remaining	32552	0.483	1	1	1.051
1602	accused	32564	0.483	1	1	1.05
1603	Praises	32770	0.486	1	1	1.041
1604	blood	426566	6.326	13	10	1.039
1605	tells	98449	1.46	3	3	1.039
1606	greatly	65797	0.976	2	2	1.035
1607	serves	32991	0.489	1	1	1.031
1608	peoples	33008	0.49	1	1	1.031
1609	executed	33017	0.49	1	1	1.03
1610	vices	33021	0.49	1	1	1.03
1611	Record	33094	0.491	1	1	1.027
1612	entrance	33397	0.495	1	1	1.014
1613	epist.	33418	0.496	1	1	1.013
1614	James	100348	1.488	3	3	1.011
1615	goes	100413	1.489	3	3	1.01
1616	concerns	33496	0.497	1	1	1.009
1617	wax	33550	0.498	1	1	1.007
1618	Hazard	33564	0.498	1	1	1.006
1619	sees	33635	0.499	1	1	1.003
1620	declares	33877	0.502	1	1	0.993
1621	fulfilled	33876	0.502	1	1	0.993
1622	Horse	136110	2.019	4	3	0.987
1623	Spanish	34036	0.505	1	1	0.986
1624	Judgments	34069	0.505	1	1	0.985
1625	bred	34100	0.506	1	1	0.984
1626	thousands	34120	0.506	1	1	0.983
1627	advanced	34128	0.506	1	1	0.982
1628	an	2497908	37.046	73	47	0.979
1629	relief	34491	0.512	1	1	0.967
1630	n't	34507	0.512	1	1	0.966
1631	certainty	34519	0.512	1	1	0.966
1632	dreadful	34583	0.513	1	1	0.963
1633	expression	34892	0.518	1	1	0.95
1634	Oft	69946	1.037	2	2	0.947
1635	denied	69953	1.038	2	2	0.947
1636	serious	35051	0.52	1	1	0.944
1637	pride	105444	1.564	3	3	0.94
1638	l	70403	1.044	2	1	0.938
1639	questions	35216	0.522	1	1	0.937
1640	sends	35230	0.523	1	1	0.936
1641	breaking	35284	0.523	1	1	0.934
1642	frequently	35397	0.525	1	1	0.93
1643	shortly	35459	0.526	1	1	0.927
1644	appears	142173	2.109	4	4	0.924
1645	Whom	782727	11.609	22	18	0.922
1646	Protestants	71207	1.056	2	2	0.921
1647	Tower	35614	0.528	1	1	0.921
1648	laying	35626	0.528	1	1	0.92
1649	Poverty	35712	0.53	1	1	0.917
1650	lift	35903	0.533	1	1	0.909
1651	Arguments	71833	1.065	2	2	0.909
1652	38	35927	0.533	1	1	0.908
1653	double	72073	1.069	2	1	0.904
1654	hither	36037	0.535	1	1	0.904
1655	whose	468798	6.953	13	12	0.903
1656	moreover	72198	1.071	2	2	0.901
1657	Kings	363629	5.393	10	8	0.891
1658	beginning	182083	2.701	5	4	0.889
1659	you	3714542	55.09	102	46	0.889
1660	tell	255280	3.786	7	6	0.887
1661	practised	36690	0.544	1	1	0.878
1662	became	73544	1.091	2	2	0.875
1663	spoken	147126	2.182	4	4	0.874
1664	subtle	36810	0.546	1	1	0.873
1665	proud	73660	1.092	2	2	0.872
1666	quoth	36867	0.547	1	1	0.871
1667	flower	36901	0.547	1	1	0.87
1668	mouths	36905	0.547	1	1	0.87
1669	Palace	37162	0.551	1	1	0.86
1670	wilt	74391	1.103	2	2	0.858
1671	Jesuits	37256	0.553	1	1	0.856
1672	kill	74750	1.109	2	2	0.851
1673	universal	74773	1.109	2	1	0.851
1674	intend	37477	0.556	1	1	0.847
1675	needs	150472	2.232	4	4	0.842
1676	old	414305	6.145	11	11	0.84
1677	succession	37662	0.559	1	1	0.84
1678	caused	113016	1.676	3	2	0.84
1679	masters	75576	1.121	2	2	0.835
1680	Vengeance	37813	0.561	1	1	0.834
1681	separated	37858	0.562	1	1	0.833
1682	evening	37929	0.563	1	1	0.83
1683	lips	38066	0.565	1	1	0.825
1684	Host	38170	0.566	1	1	0.821
1685	godliness	38251	0.567	1	1	0.818
1686	tyranny	38301	0.568	1	1	0.816
1687	FINIS	38468	0.571	1	1	0.81
1688	Direction	38731	0.574	1	1	0.8
1689	hide	38812	0.576	1	1	0.797
1690	thou	1398203	20.737	36	25	0.796
1691	Fourthly	38947	0.578	1	1	0.792
1692	28	77934	1.156	2	2	0.791
1693	Saints	194939	2.891	5	5	0.79
1694	Cruel	78662	1.167	2	2	0.778
1695	follows	118360	1.755	3	2	0.773
1696	mountain	39556	0.587	1	1	0.769
1697	sleep	79160	1.174	2	2	0.769
1698	bestowed	39589	0.587	1	1	0.768
1699	cost	39743	0.589	1	1	0.763
1700	designed	39808	0.59	1	1	0.76
1701	make	1313915	19.487	33	27	0.76
1702	Fashion	39934	0.592	1	1	0.756
1703	Wars	79970	1.186	2	2	0.754
1704	Tongues	40030	0.594	1	1	0.752
1705	viz.	161354	2.393	4	4	0.741
1706	respects	40341	0.598	1	1	0.741
1707	deceive	40456	0.6	1	1	0.737
1708	comparison	40468	0.6	1	1	0.736
1709	Arts	40476	0.6	1	1	0.736
1710	fain	40564	0.602	1	1	0.733
1711	converted	40728	0.604	1	1	0.727
1712	doctrines	40858	0.606	1	1	0.723
1713	govern	40926	0.607	1	1	0.72
1714	since	412107	6.112	10	9	0.71
1715	Ladies	41212	0.611	1	1	0.71
1716	the	59190422	877.851	1436	285	0.71
1717	persecution	41265	0.612	1	1	0.708
1718	having	579260	8.591	14	14	0.705
1719	"	41388	0.614	1	1	0.704
1720	openly	41440	0.615	1	1	0.702
1721	shall	2624249	38.92	63	34	0.695
1722	C	292350	4.336	7	1	0.691
1723	Honey	41845	0.621	1	1	0.688
1724	manners	41947	0.622	1	1	0.685
1725	Revelation	41988	0.623	1	1	0.683
1726	cure	84022	1.246	2	2	0.683
1727	gifts	84700	1.256	2	2	0.671
1728	milk	42416	0.629	1	1	0.669
1729	nine	42485	0.63	1	1	0.666
1730	Fact	42577	0.632	1	1	0.663
1731	virtuous	42661	0.633	1	1	0.66
1732	distinction	42763	0.634	1	1	0.657
1733	Rent	42785	0.635	1	1	0.656
1734	Sect	42803	0.635	1	1	0.656
1735	]	429805	6.374	10	5	0.65
1736	Family	86324	1.28	2	2	0.644
1737	become	172873	2.564	4	4	0.642
1738	meeting	43320	0.643	1	1	0.638
1739	resist	43474	0.645	1	1	0.633
1740	forms	43593	0.647	1	1	0.629
1741	who	2315377	34.339	53	32	0.626
1742	spread	43759	0.649	1	1	0.624
1743	rise	87880	1.303	2	2	0.618
1744	perfectly	44031	0.653	1	1	0.615
1745	Yours	44031	0.653	1	1	0.615
1746	womb	44083	0.654	1	1	0.613
1747	punish	44349	0.658	1	1	0.604
1748	poison	44407	0.659	1	1	0.603
1749	famous	88824	1.317	2	2	0.602
1750	dust	44440	0.659	1	1	0.601
1751	got	88984	1.32	2	1	0.6
1752	does	222564	3.301	5	5	0.599
1753	appearance	44583	0.661	1	1	0.597
1754	privileges	44698	0.663	1	1	0.593
1755	practice	89548	1.328	2	2	0.591
1756	Letter	134624	1.997	3	3	0.587
1757	private	134915	2.001	3	2	0.584
1758	enough	225014	3.337	5	5	0.583
1759	bid	45051	0.668	1	1	0.582
1760	your	2073026	30.745	46	28	0.581
1761	Institution	45069	0.668	1	1	0.581
1762	kindness	45136	0.669	1	1	0.579
1763	begun	45469	0.674	1	1	0.569
1764	Main	45562	0.676	1	1	0.566
1765	judges	91633	1.359	2	2	0.557
1766	Jurisdiction	45854	0.68	1	1	0.556
1767	fled	45957	0.682	1	1	0.553
1768	cried	45966	0.682	1	1	0.553
1769	stay	91988	1.364	2	2	0.552
1770	fully	92165	1.367	2	2	0.549
1771	rage	46100	0.684	1	1	0.549
1772	how	1244740	18.461	27	22	0.549
1773	began	184715	2.74	4	4	0.546
1774	heresy	46327	0.687	1	1	0.541
1775	heads	93035	1.38	2	2	0.536
1776	;	9536348	141.433	205	108	0.536
1777	like	1070087	15.87	23	22	0.535
1778	vice	46611	0.691	1	1	0.533
1779	Gate	46617	0.691	1	1	0.532
1780	bitter	46679	0.692	1	1	0.531
1781	name	607418	9.009	13	12	0.529
1782	eminent	46828	0.695	1	1	0.526
1783	opportunity	46909	0.696	1	1	0.523
1784	with	6743369	100.011	143	85	0.516
1785	Hot	94567	1.403	2	2	0.512
1786	rightly	47299	0.702	1	1	0.511
1787	affected	47304	0.702	1	1	0.511
1788	though	1040761	15.436	22	15	0.511
1789	following	142882	2.119	3	3	0.502
1790	Devil	190658	2.828	4	4	0.5
1791	beauty	95667	1.419	2	2	0.495
1792	Fury	47909	0.711	1	1	0.493
1793	i.	191916	2.846	4	2	0.491
1794	Pope	240165	3.562	5	3	0.489
1795	every	1057014	15.677	22	14	0.489
1796	me	1731164	25.675	36	21	0.488
1797	Quid	48136	0.714	1	1	0.486
1798	ashamed	48199	0.715	1	1	0.484
1799	eat	145185	2.153	3	3	0.478
1800	Kingdom	388117	5.756	8	8	0.475
1801	Enter	145726	2.161	3	3	0.473
1802	begin	97196	1.442	2	2	0.472
1803	Degree	97277	1.443	2	2	0.471
1804	noted	48905	0.725	1	1	0.463
1805	(	3147389	46.679	64	36	0.455
1806	Times	394191	5.846	8	7	0.453
1807	Child	148012	2.195	3	3	0.451
1808	feared	49375	0.732	1	1	0.449
1809	cruelty	49468	0.734	1	1	0.447
1810	forget	49494	0.734	1	1	0.446
1811	been	1095200	16.243	22	15	0.438
1812	nor	1146191	16.999	23	21	0.436
1813	Hell	149518	2.218	3	3	0.436
1814	get	149760	2.221	3	3	0.434
1815	Whence	149816	2.222	3	3	0.433
1816	on	1948583	28.899	39	35	0.432
1817	write	99970	1.483	2	2	0.432
1818	belly	50036	0.742	1	1	0.43
1819	Lamb	50063	0.743	1	1	0.43
1820	ever	652700	9.68	13	11	0.425
1821	greatest	200955	2.98	4	4	0.424
1822	7	251211	3.726	5	5	0.424
1823	indeed	301803	4.476	6	5	0.423
1824	Dominion	50446	0.748	1	1	0.419
1825	instruments	50653	0.751	1	1	0.413
1826	always	304181	4.511	6	5	0.411
1827	Sacraments	50743	0.753	1	1	0.41
1828	catholic	101512	1.506	2	2	0.41
1829	revealed	50925	0.755	1	1	0.405
1830	F	50955	0.756	1	1	0.404
1831	lest	101960	1.512	2	2	0.403
1832	punished	51064	0.757	1	1	0.401
1833	comes	255457	3.789	5	4	0.4
1834	exercise	102303	1.517	2	2	0.398
1835	Robert	51164	0.759	1	1	0.398
1836	Confusion	51173	0.759	1	1	0.398
1837	danger	153644	2.279	3	3	0.397
1838	Commandments	51345	0.762	1	1	0.393
1839	forth	410791	6.092	8	5	0.393
1840	and	37698224	559.101	734	249	0.393
1841	g.	51419	0.763	1	1	0.391
1842	known	257669	3.822	5	5	0.388
1843	unless	154621	2.293	3	3	0.388
1844	Five	154870	2.297	3	2	0.385
1845	single	51634	0.766	1	1	0.385
1846	John	415725	6.166	8	8	0.376
1847	or	6140246	91.066	118	70	0.374
1848	learn	104113	1.544	2	2	0.373
1849	Bless	52076	0.772	1	1	0.373
1850	Green	52193	0.774	1	1	0.369
1851	born	104623	1.552	2	2	0.366
1852	excuse	52632	0.781	1	1	0.357
1853	Art	315875	4.685	6	5	0.357
1854	Sinner	52649	0.781	1	1	0.357
1855	self	948089	14.061	18	15	0.356
1856	,	97296499	1443.001	1847	392	0.356
1857	fight	105643	1.567	2	2	0.352
1858	saying	211699	3.14	4	3	0.349
1859	loving	52941	0.785	1	1	0.349
1860	suddenly	53066	0.787	1	1	0.346
1861	go	533648	7.915	10	10	0.337
1862	spent	53460	0.793	1	1	0.335
1863	removed	53515	0.794	1	1	0.333
1864	Count	53522	0.794	1	1	0.333
1865	setting	53750	0.797	1	1	0.327
1866	back	161359	2.393	3	3	0.326
1867	gross	53803	0.798	1	1	0.326
1868	manifest	107661	1.597	2	2	0.325
1869	Vanity	53871	0.799	1	1	0.324
1870	yet	1835928	27.229	34	25	0.32
1871	secret	108173	1.604	2	2	0.318
1872	knew	162531	2.411	3	3	0.316
1873	grow	108376	1.607	2	2	0.315
1874	Chap	271060	4.02	5	4	0.315
1875	next	271507	4.027	5	4	0.312
1876	sheweth	54422	0.807	1	1	0.309
1877	Night	217853	3.231	4	4	0.308
1878	se	163405	2.424	3	3	0.308
1879	over	545201	8.086	10	7	0.307
1880	Decree	54592	0.81	1	1	0.305
1881	sing	54605	0.81	1	1	0.304
1882	Lusts	54617	0.81	1	1	0.304
1883	Seal	54620	0.81	1	1	0.304
1884	)	3126749	46.373	57	36	0.298
1885	of	39170514	580.937	713	239	0.296
1886	allow	54968	0.815	1	1	0.295
1887	talk	54978	0.815	1	1	0.294
1888	hereby	55021	0.816	1	1	0.293
1889	prove	220093	3.264	4	4	0.293
1890	mentioned	110171	1.634	2	2	0.292
1891	Countenance	55145	0.818	1	1	0.29
1892	discover	55186	0.819	1	1	0.289
1893	Heb.	110708	1.642	2	2	0.285
1894	plainly	111081	1.647	2	2	0.28
1895	published	55591	0.825	1	1	0.278
1896	sold	55694	0.826	1	1	0.276
1897	question	167153	2.479	3	3	0.275
1898	Love	838220	12.432	15	10	0.271
1899	R.	112114	1.663	2	1	0.266
1900	away	504942	7.489	9	9	0.265
1901	breast	56115	0.832	1	1	0.265
1902	Principle	56247	0.834	1	1	0.262
1903	I	6187300	91.764	110	66	0.262
1904	Consciences	56276	0.835	1	1	0.261
1905	accounted	56307	0.835	1	1	0.26
1906	Mass	56555	0.839	1	1	0.254
1907	filled	56573	0.839	1	1	0.253
1908	am	509469	7.556	9	7	0.252
1909	know	736780	10.927	13	13	0.251
1910	take	907131	13.454	16	14	0.25
1911	punishment	113533	1.684	2	2	0.248
1912	Elect	56959	0.845	1	1	0.243
1913	seen	227877	3.38	4	4	0.243
1914	Idolatry	57073	0.846	1	1	0.241
1915	houses	114523	1.699	2	2	0.236
1916	dark	57339	0.85	1	1	0.234
1917	wives	57399	0.851	1	1	0.232
1918	distance	57644	0.855	1	1	0.226
1919	seeing	231216	3.429	4	4	0.222
1920	pretend	57850	0.858	1	1	0.221
1921	overcome	57959	0.86	1	1	0.218
1922	finding	57977	0.86	1	1	0.218
1923	gave	290757	4.312	5	5	0.214
1924	Queen	174640	2.59	3	2	0.212
1925	Believers	58227	0.864	1	1	0.212
1926	perish	58343	0.865	1	1	0.209
1927	10	233570	3.464	4	4	0.208
1928	should	1871070	27.75	32	20	0.206
1929	Sea	233892	3.469	4	3	0.206
1930	paid	58812	0.872	1	1	0.197
1931	fire	294315	4.365	5	5	0.196
1932	One	2538275	37.645	43	32	0.192
1933	Gen.	118079	1.751	2	2	0.192
1934	Devils	59091	0.876	1	1	0.19
1935	proved	118293	1.754	2	2	0.189
1936	command	177468	2.632	3	3	0.189
1937	within	355110	5.267	6	4	0.188
1938	Ill	177562	2.633	3	3	0.188
1939	what	2320680	34.418	39	32	0.18
1940	23.	59639	0.885	1	1	0.177
1941	neither	537051	7.965	9	9	0.176
1942	&c.	299097	4.436	5	5	0.173
1943	E.	119746	1.776	2	2	0.171
1944	heavy	59956	0.889	1	1	0.169
1945	kept	180349	2.675	3	3	0.166
1946	o	541781	8.035	9	9	0.164
1947	hardly	60401	0.896	1	1	0.159
1948	War	243324	3.609	4	3	0.149
1949	says	304429	4.515	5	4	0.147
1950	Excellency	60896	0.903	1	1	0.147
1951	found	426408	6.324	7	7	0.147
1952	civil	121918	1.808	2	2	0.145
1953	asked	61036	0.905	1	1	0.144
1954	join	61462	0.912	1	1	0.134
1955	arise	61558	0.913	1	1	0.131
1956	base	61654	0.914	1	1	0.129
1957	many	1356675	20.121	22	14	0.129
1958	heed	61679	0.915	1	1	0.128
1959	wild	61696	0.915	1	1	0.128
1960	have	4691254	69.576	76	44	0.127
1961	Priest	123560	1.833	2	2	0.126
1962	de	804522	11.932	13	4	0.124
1963	still	373001	5.532	6	5	0.117
1964	scarce	62192	0.922	1	1	0.117
1965	changed	62232	0.923	1	1	0.116
1966	T	186780	2.77	3	2	0.115
1967	little	624322	9.259	10	8	0.111
1968	value	62647	0.929	1	1	0.106
1969	made	1503973	22.305	24	16	0.106
1970	deed	62715	0.93	1	1	0.105
1971	Money	188212	2.791	3	3	0.104
1972	Pleasures	62853	0.932	1	1	0.101
1973	rejoice	63078	0.936	1	1	0.096
1974	did	1515759	22.48	24	20	0.094
1975	give	758276	11.246	12	9	0.094
1976	thereunto	63207	0.937	1	1	0.093
1977	Now	1519152	22.531	24	17	0.091
1978	Friends	189996	2.818	3	3	0.09
1979	sooner	63462	0.941	1	1	0.087
1980	Servant	127075	1.885	2	2	0.086
1981	ours	63665	0.944	1	1	0.083
1982	suffer	191145	2.835	3	2	0.082
1983	that	17465266	259.027	274	146	0.081
1984	Carnal	63756	0.946	1	1	0.081
1985	case	319514	4.739	5	5	0.077
1986	Miles	63925	0.948	1	1	0.077
1987	freely	63939	0.948	1	1	0.077
1988	b.	127907	1.897	2	1	0.076
1989	remains	64087	0.951	1	1	0.073
1990	thy	1346327	19.967	21	15	0.073
1991	chiefly	64176	0.952	1	1	0.071
1992	which	6940930	102.941	108	51	0.069
1993	taught	128541	1.906	2	2	0.069
1994	Glorious	128843	1.911	2	2	0.066
1995	g	64551	0.957	1	1	0.063
1996	absolute	64604	0.958	1	1	0.062
1997	haste	258415	3.833	4	3	0.062
1998	grant	129668	1.923	2	2	0.057
1999	ways	194504	2.885	3	2	0.057
2000	safe	64842	0.962	1	1	0.056
2001	18	129797	1.925	2	2	0.055
2002	Months	65020	0.964	1	1	0.052
2003	making	195439	2.899	3	3	0.05
2004	do	2417629	35.856	37	28	0.045
2005	fit	197019	2.922	3	3	0.038
2006	brought	394377	5.849	6	4	0.037
2007	lying	65748	0.975	1	1	0.036
2008	but	6983890	103.578	106	66	0.033
2009	uses	66025	0.979	1	1	0.03
2010	endure	66031	0.979	1	1	0.03
2011	meet	132574	1.966	2	2	0.025
2012	gathered	66412	0.985	1	1	0.022
2013	Corruption	66477	0.986	1	1	0.02
2014	few	199429	2.958	3	3	0.02
2015	wherein	332751	4.935	5	3	0.019
2016	Beloved	66576	0.987	1	1	0.018
2017	simple	66612	0.988	1	1	0.018
2018	than	940786	13.953	14	13	0.005
2019	if	3293480	48.846	49	43	0.005
2020	my	2492426	36.965	37	27	0.001
2021	for	9369441	138.958	139	85	0
2022	Clergy	67422	1	1	1	0
2023	white	134914	2.001	2	1	-0.001
2024	Religion	406309	6.026	6	5	-0.006
2025	Jacob	67737	1.005	1	1	-0.007
2026	Dare	135920	2.016	2	2	-0.011
2027	twelve	68218	1.012	1	1	-0.017
2028	hear	273421	4.055	4	4	-0.02
2029	Throne	68392	1.014	1	1	-0.02
2030	Confession	68490	1.016	1	1	-0.023
2031	looked	68727	1.019	1	1	-0.028
2032	real	68772	1.02	1	1	-0.029
2033	doth	963309	14.287	14	12	-0.029
2034	subject	206440	3.062	3	3	-0.029
2035	.	39047260	579.109	567	199	-0.03
2036	worship	206782	3.067	3	2	-0.032
2037	n	69208	1.026	1	1	-0.038
2038	appeared	69228	1.027	1	1	-0.038
2039	once	277740	4.119	4	4	-0.042
2040	is	12301699	182.446	177	94	-0.044
2041	under	696455	10.329	10	6	-0.047
2042	shows	70001	1.038	1	1	-0.054
2043	cut	140466	2.083	2	2	-0.059
2044	Crown	140652	2.086	2	1	-0.061
2045	against	1339213	19.862	19	11	-0.064
2046	after	1272516	18.873	18	14	-0.068
2047	farther	70765	1.05	1	1	-0.07
2048	hundred	212307	3.149	3	3	-0.07
2049	dwell	70987	1.053	1	1	-0.074
2050	thinks	71088	1.054	1	1	-0.076
2051	disease	71132	1.055	1	1	-0.077
2052	rich	142318	2.111	2	2	-0.078
2053	wrong	71272	1.057	1	1	-0.08
2054	long	571124	8.47	8	7	-0.082
2055	3	571164	8.471	8	8	-0.083
2056	Almighty	71617	1.062	1	1	-0.087
2057	deny	143761	2.132	2	2	-0.092
2058	aut	71993	1.068	1	1	-0.095
2059	Home	144093	2.137	2	2	-0.096
2060	no	2739631	40.631	38	33	-0.097
2061	had	2740575	40.645	38	33	-0.097
2062	forward	72541	1.076	1	1	-0.106
2063	20	145215	2.154	2	2	-0.107
2064	pleasant	72707	1.078	1	1	-0.109
2065	this	6548918	97.127	90	48	-0.11
2066	19.	72769	1.079	1	1	-0.11
2067	thee	728077	10.798	10	7	-0.111
2068	was	5179337	76.815	71	50	-0.114
2069	preached	73136	1.085	1	1	-0.117
2070	first	1465032	21.728	20	19	-0.12
2071	fail	73352	1.088	1	1	-0.122
2072	help	220081	3.264	3	3	-0.122
2073	noble	146938	2.179	2	2	-0.124
2074	People	885047	13.126	12	4	-0.129
2075	be	9896153	146.77	134	80	-0.131
2076	red	74028	1.098	1	1	-0.135
2077	during	74035	1.098	1	1	-0.135
2078	wherewith	74362	1.103	1	1	-0.141
2079	ruin	74606	1.107	1	1	-0.146
2080	placed	75106	1.114	1	1	-0.156
2081	true	751380	11.144	10	5	-0.156
2082	While	300747	4.46	4	4	-0.157
2083	expressed	75252	1.116	1	1	-0.158
2084	agree	75479	1.119	1	1	-0.163
2085	shalt	151151	2.242	2	1	-0.165
2086	Ages	75749	1.123	1	1	-0.168
2087	7.	151741	2.251	2	2	-0.17
2088	short	151930	2.253	2	2	-0.172
2089	wisdom	228022	3.382	3	1	-0.173
2090	none	383245	5.684	5	5	-0.185
2091	Popes	76677	1.137	1	1	-0.185
2092	formerly	76730	1.138	1	1	-0.187
2093	wish	76763	1.139	1	1	-0.187
2094	ignorance	77023	1.142	1	1	-0.192
2095	think	539870	8.007	7	4	-0.194
2096	kind	310094	4.599	4	4	-0.201
2097	power	776557	11.517	10	6	-0.204
2098	Ships	77763	1.153	1	1	-0.206
2099	never	778679	11.549	10	10	-0.208
2100	credit	77984	1.157	1	1	-0.21
2101	birth	78181	1.16	1	1	-0.214
2102	very	1174247	17.415	15	13	-0.215
2103	must	1333555	19.778	17	14	-0.218
2104	again	627628	9.308	8	7	-0.219
2105	stand	235721	3.496	3	3	-0.221
2106	rather	393402	5.835	5	5	-0.223
2107	maintain	78757	1.168	1	1	-0.224
2108	Will	2993503	44.397	38	29	-0.224
2109	whereupon	78977	1.171	1	1	-0.228
2110	Vain	158202	2.346	2	2	-0.23
2111	soul	555660	8.241	7	6	-0.235
2112	intended	80059	1.187	1	1	-0.248
2113	ears	80061	1.187	1	1	-0.248
2114	taken	481305	7.138	6	4	-0.251
2115	mouth	161086	2.389	2	2	-0.256
2116	when	2343068	34.75	29	26	-0.261
2117	off	323311	4.795	4	4	-0.262
2118	sin	729699	10.822	9	9	-0.266
2119	hold	243646	3.614	3	3	-0.268
2120	late	162556	2.411	2	2	-0.27
2121	Lastly	81334	1.206	1	1	-0.271
2122	mean	244094	3.62	3	3	-0.271
2123	Bishop	244304	3.623	3	1	-0.272
2124	Wine	164447	2.439	2	2	-0.286
2125	told	164509	2.44	2	2	-0.287
2126	can	1982819	29.407	24	22	-0.293
2127	because	1157094	17.161	14	13	-0.294
2128	lead	83367	1.236	1	1	-0.306
2129	acknowledge	83501	1.238	1	1	-0.308
2130	own	1256418	18.634	15	14	-0.313
2131	say	1089806	16.163	13	12	-0.314
2132	spake	83909	1.245	1	1	-0.316
2133	favour	168241	2.495	2	2	-0.319
2134	out	1686345	25.01	20	18	-0.323
2135	also	1433690	21.263	17	14	-0.323
2136	all	5908829	87.634	70	45	-0.324
2137	chosen	84591	1.255	1	1	-0.327
2138	are	5017099	74.408	59	39	-0.335
2139	preaching	85136	1.263	1	1	-0.336
2140	another	682313	10.119	8	7	-0.339
2141	wit	172149	2.553	2	2	-0.352
2142	enjoy	86143	1.278	1	1	-0.353
2143	close	86281	1.28	1	1	-0.356
2144	Tim	86301	1.28	1	1	-0.356
2145	righteous	86685	1.286	1	1	-0.362
2146	table	86761	1.287	1	1	-0.364
2147	even	607522	9.01	7	7	-0.364
2148	too	521045	7.728	6	6	-0.365
2149	sight	174034	2.581	2	1	-0.368
2150	hour	87383	1.296	1	1	-0.374
2151	returned	87529	1.298	1	1	-0.376
2152	thus	788750	11.698	9	9	-0.378
2153	p.	440626	6.535	5	3	-0.386
2154	went	264770	3.927	3	3	-0.388
2155	reward	88300	1.31	1	1	-0.389
2156	better	443737	6.581	5	5	-0.396
2157	:	8018849	118.927	90	72	-0.402
2158	satisfaction	89126	1.322	1	1	-0.403
2159	fall	267911	3.973	3	3	-0.405
2160	joy	178769	2.651	2	2	-0.407
2161	therein	178975	2.654	2	2	-0.408
2162	could	808277	11.988	9	9	-0.414
2163	makes	359288	5.329	4	4	-0.414
2164	forced	89873	1.333	1	1	-0.415
2165	Then	2700348	40.049	30	23	-0.417
2166	these	1985969	29.454	22	20	-0.421
2167	earth	451529	6.697	5	4	-0.422
2168	willing	90371	1.34	1	1	-0.423
2169	affections	90463	1.342	1	1	-0.424
2170	sins	361871	5.367	4	4	-0.424
2171	half	181109	2.686	2	2	-0.425
2172	black	90820	1.347	1	1	-0.43
2173	mine	181777	2.696	2	2	-0.431
2174	Easy	91240	1.353	1	1	-0.436
2175	possible	91250	1.353	1	1	-0.436
2176	well	1096551	16.263	12	12	-0.439
2177	strong	182777	2.711	2	2	-0.439
2178	nothing	640275	9.496	7	6	-0.44
2179	Guilty	91473	1.357	1	1	-0.44
2180	may	2661871	39.478	29	20	-0.445
2181	Wherefore	183911	2.728	2	2	-0.448
2182	not	8929558	132.434	97	61	-0.449
2183	laid	184949	2.743	2	2	-0.456
2184	learning	92794	1.376	1	1	-0.461
2185	want	185706	2.754	2	2	-0.462
2186	written	186305	2.763	2	2	-0.466
2187	oil	93227	1.383	1	1	-0.467
2188	pleasure	186565	2.767	2	2	-0.468
2189	Saint	186918	2.772	2	2	-0.471
2190	ask	93732	1.39	1	1	-0.475
2191	riches	93796	1.391	1	1	-0.476
2192	open	187653	2.783	2	2	-0.477
2193	ones	94155	1.396	1	1	-0.482
2194	City	377406	5.597	4	4	-0.485
2195	hand	471988	7	5	4	-0.485
2196	History	94546	1.402	1	1	-0.488
2197	meat	94824	1.406	1	1	-0.492
2198	came	478712	7.1	5	4	-0.506
2199	Children	387096	5.741	4	4	-0.521
2200	speaking	96859	1.437	1	1	-0.523
2201	resolved	96934	1.438	1	1	-0.524
2202	his	9217642	136.707	95	69	-0.525
2203	Come	1165618	17.287	12	11	-0.527
2204	2	973176	14.433	10	10	-0.529
2205	St.	195546	2.9	2	2	-0.536
2206	strength	196140	2.909	2	2	-0.54
2207	through	491298	7.286	5	5	-0.543
2208	withal	98276	1.458	1	1	-0.543
2209	Where	1086411	16.113	11	9	-0.551
2210	him	4270811	63.34	43	25	-0.559
2211	serve	198842	2.949	2	2	-0.56
2212	they	6960305	103.228	70	45	-0.56
2213	Beasts	99530	1.476	1	1	-0.562
2214	perhaps	99958	1.483	1	1	-0.568
2215	suffered	100182	1.486	1	1	-0.571
2216	declare	100528	1.491	1	1	-0.576
2217	Thomas	100867	1.496	1	1	-0.581
2218	said	1514302	22.459	15	15	-0.582
2219	V.	202373	3.001	2	2	-0.586
2220	age	202681	3.006	2	2	-0.588
2221	Churches	202693	3.006	2	2	-0.588
2222	several	304872	4.522	3	2	-0.592
2223	to	27864128	413.252	274	148	-0.593
2224	up	1119358	16.601	11	9	-0.594
2225	Communion	101932	1.512	1	1	-0.596
2226	Holiness	103065	1.529	1	1	-0.612
2227	SPEECH	103090	1.529	1	1	-0.612
2228	bring	310345	4.603	3	3	-0.618
2229	thousand	207672	3.08	2	2	-0.623
2230	Twenty	103869	1.541	1	1	-0.623
2231	Consider	208021	3.085	2	2	-0.625
2232	suppose	104105	1.544	1	1	-0.627
2233	Sign	104160	1.545	1	1	-0.627
2234	immediately	104214	1.546	1	1	-0.628
2235	appear	209107	3.101	2	2	-0.633
2236	h.	104565	1.551	1	1	-0.633
2237	longer	105304	1.562	1	1	-0.643
2238	going	105462	1.564	1	1	-0.645
2239	might	949632	14.084	9	9	-0.646
2240	account	211262	3.133	2	2	-0.648
2241	22	105972	1.572	1	1	-0.652
2242	b	106037	1.573	1	1	-0.653
2243	at	3182175	47.195	30	26	-0.654
2244	21	106558	1.58	1	1	-0.66
2245	pay	106691	1.582	1	1	-0.662
2246	down	533657	7.915	5	5	-0.663
2247	fathers	213875	3.172	2	2	-0.665
2248	pure	107081	1.588	1	1	-0.667
2249	special	107206	1.59	1	1	-0.669
2250	mighty	107406	1.593	1	1	-0.672
2251	live	322774	4.787	3	3	-0.674
2252	more	2262327	33.553	21	20	-0.676
2253	sound	107925	1.601	1	1	-0.679
2254	Jerusalem	108264	1.606	1	1	-0.683
2255	drawn	108352	1.607	1	1	-0.684
2256	Error	108610	1.611	1	1	-0.688
2257	sure	217623	3.228	2	2	-0.69
2258	from	3924250	58.2	36	28	-0.693
2259	as	9292085	137.811	85	61	-0.697
2260	Witness	109825	1.629	1	1	-0.704
2261	State	329799	4.891	3	2	-0.705
2262	Le	110821	1.644	1	1	-0.717
2263	Satan	111662	1.656	1	1	-0.728
2264	m	111752	1.657	1	1	-0.729
2265	best	335557	4.977	3	3	-0.73
2266	creature	112250	1.665	1	1	-0.735
2267	gone	112323	1.666	1	1	-0.736
2268	such	2262212	33.551	20	20	-0.746
2269	offered	113433	1.682	1	1	-0.75
2270	wrath	113648	1.686	1	1	-0.753
2271	end	571167	8.471	5	5	-0.761
2272	often	229358	3.402	2	2	-0.766
2273	touching	115302	1.71	1	1	-0.774
2274	River	115702	1.716	1	1	-0.779
2275	Reign	115734	1.716	1	1	-0.779
2276	title	115960	1.72	1	1	-0.782
2277	most	1280269	18.988	11	10	-0.788
2278	Tongue	116704	1.731	1	1	-0.791
2279	parts	350458	5.198	3	2	-0.793
2280	before	1422340	21.095	12	12	-0.814
2281	repentance	118567	1.759	1	1	-0.814
2282	certainly	118694	1.76	1	1	-0.816
2283	only	1544540	22.907	13	13	-0.817
2284	set	595126	8.826	5	3	-0.82
2285	19	119133	1.767	1	1	-0.821
2286	so	5366625	79.592	45	37	-0.823
2287	lay	238823	3.542	2	2	-0.825
2288	selves	358503	5.317	3	3	-0.826
2289	presently	119716	1.776	1	1	-0.828
2290	Names	120160	1.782	1	1	-0.834
2291	see	961542	14.261	8	8	-0.834
2292	done	601055	8.914	5	5	-0.834
2293	send	120341	1.785	1	1	-0.836
2294	Answer	362673	5.379	3	3	-0.842
2295	Pray	242183	3.592	2	2	-0.845
2296	took	243304	3.608	2	2	-0.851
2297	Party	122702	1.82	1	1	-0.864
2298	given	491070	7.283	4	4	-0.865
2299	therefore	1231317	18.262	10	8	-0.869
2300	Man	1972758	29.258	16	13	-0.871
2301	past	123448	1.831	1	1	-0.873
2302	certain	370843	5.5	3	3	-0.874
2303	here	866663	12.853	7	6	-0.877
2304	counsel	124075	1.84	1	1	-0.88
2305	Honour	374182	5.55	3	3	-0.887
2306	according	502781	7.457	4	4	-0.899
2307	amongst	251926	3.736	2	2	-0.902
2308	each	252025	3.738	2	2	-0.902
2309	trust	126242	1.872	1	1	-0.905
2310	among	379416	5.627	3	3	-0.907
2311	sayeth	633645	9.398	5	5	-0.91
2312	receive	254239	3.771	2	2	-0.915
2313	confess	127821	1.896	1	1	-0.923
2314	Temple	127888	1.897	1	1	-0.923
2315	words	643917	9.55	5	5	-0.934
2316	pleased	129448	1.92	1	1	-0.941
2317	dead	259219	3.845	2	2	-0.943
2318	there	2595192	38.489	20	18	-0.944
2319	sacrifice	130353	1.933	1	1	-0.951
2320	Prayers	131302	1.947	1	1	-0.961
2321	judge	262867	3.899	2	2	-0.963
2322	other	2103223	31.193	16	14	-0.963
2323	some	1845849	27.376	14	12	-0.967
2324	happy	132157	1.96	1	1	-0.971
2325	Laws	264682	3.926	2	2	-0.973
2326	leave	264688	3.926	2	2	-0.973
2327	means	397591	5.897	3	3	-0.975
2328	Chapter	132959	1.972	1	1	-0.98
2329	Light	399350	5.923	3	2	-0.981
2330	please	133516	1.98	1	1	-0.986
2331	17	133873	1.986	1	1	-0.99
2332	10.	134546	1.995	1	1	-0.997
2333	teach	134574	1.996	1	1	-0.997
2334	run	134767	1.999	1	1	-0.999
2335	draw	134904	2.001	1	1	-1.001
2336	in	20011385	296.788	148	88	-1.004
2337	ought	406522	6.029	3	2	-1.007
2338	life	948809	14.072	7	6	-1.007
2339	any	2444028	36.247	18	16	-1.01
2340	Soldiers	136167	2.02	1	1	-1.014
2341	without	1089706	16.161	8	7	-1.014
2342	e	136544	2.025	1	1	-1.018
2343	large	136943	2.031	1	1	-1.022
2344	goodness	137312	2.037	1	1	-1.026
2345	Father	550491	8.164	4	4	-1.029
2346	part	827721	12.276	6	4	-1.033
2347	lawful	138238	2.05	1	1	-1.036
2348	Friend	138523	2.054	1	1	-1.039
2349	those	1667771	24.735	12	11	-1.044
2350	both	976138	14.477	7	6	-1.048
2351	heart	559805	8.302	4	4	-1.054
2352	high	281250	4.171	2	2	-1.06
2353	death	707920	10.499	5	4	-1.07
2354	left	284479	4.219	2	2	-1.077
2355	by	7416468	109.993	52	41	-1.081
2356	showed	142959	2.12	1	1	-1.084
2357	eyes	285959	4.241	2	1	-1.084
2358	he	9215356	136.673	64	56	-1.095
2359	Air	144042	2.136	1	1	-1.095
2360	David	144398	2.142	1	1	-1.099
2361	would	1733888	25.715	12	12	-1.1
2362	4	434750	6.448	3	3	-1.104
2363	Priests	145909	2.164	1	1	-1.114
2364	Foot	146629	2.175	1	1	-1.121
2365	afterwards	146805	2.177	1	1	-1.123
2366	London	146866	2.178	1	1	-1.123
2367	commanded	147447	2.187	1	1	-1.129
2368	together	444738	6.596	3	3	-1.137
2369	Nation	148522	2.203	1	1	-1.139
2370	notwithstanding	148685	2.205	1	1	-1.141
2371	16	148850	2.208	1	1	-1.142
2372	last	450430	6.68	3	3	-1.155
2373	their	5435041	80.607	36	30	-1.163
2374	easily	151870	2.252	1	1	-1.171
2375	&	2737777	40.604	18	17	-1.174
2376	Behold	152112	2.256	1	1	-1.174
2377	Gold	152169	2.257	1	1	-1.174
2378	Moses	152440	2.261	1	1	-1.177
2379	Prince	306162	4.541	2	1	-1.183
2380	speaks	153099	2.271	1	1	-1.183
2381	two	926661	13.743	6	5	-1.196
2382	plain	154580	2.293	1	1	-1.197
2383	England	309285	4.587	2	2	-1.198
2384	15	154905	2.297	1	1	-1.2
2385	Excellent	155285	2.303	1	1	-1.204
2386	sweet	155475	2.306	1	1	-1.205
2387	World	932868	13.835	6	6	-1.205
2388	bread	156950	2.328	1	1	-1.219
2389	into	1727535	25.621	11	10	-1.22
2390	Subjects	157137	2.331	1	1	-1.221
2391	nay	158341	2.348	1	1	-1.232
2392	causes	158986	2.358	1	1	-1.238
2393	Secondly	160056	2.374	1	1	-1.247
2394	Lives	161569	2.396	1	1	-1.261
2395	enemy	162072	2.404	1	1	-1.265
2396	seek	163878	2.431	1	1	-1.281
2397	We	4105074	60.882	25	14	-1.284
2398	lost	164242	2.436	1	1	-1.284
2399	about	661900	9.817	4	4	-1.295
2400	Course	166149	2.464	1	1	-1.301
2401	comfort	167468	2.484	1	1	-1.312
2402	worthy	168026	2.492	1	1	-1.317
2403	Scriptures	168254	2.495	1	1	-1.319
2404	Christ	1858951	27.57	11	9	-1.326
2405	Head	338290	5.017	2	2	-1.327
2406	whatsoever	170245	2.525	1	1	-1.336
2407	Ministers	171247	2.54	1	1	-1.345
2408	full	343239	5.091	2	2	-1.348
2409	thereby	172833	2.563	1	1	-1.358
2410	day	864384	12.82	5	5	-1.358
2411	form	173701	2.576	1	1	-1.365
2412	show	349122	5.178	2	2	-1.372
2413	english	176398	2.616	1	1	-1.387
2414	return	177443	2.632	1	1	-1.396
2415	11	177974	2.64	1	1	-1.4
2416	whole	534092	7.921	3	3	-1.401
2417	himself	1068396	15.845	6	6	-1.401
2418	seems	178155	2.642	1	1	-1.402
2419	charge	178431	2.646	1	1	-1.404
2420	thing	892670	13.239	5	5	-1.405
2421	Bishops	179221	2.658	1	1	-1.41
2422	them	4855982	72.019	27	22	-1.415
2423	mans	181090	2.686	1	1	-1.425
2424	Person	366738	5.439	2	2	-1.443
2425	Town	184940	2.743	1	1	-1.456
2426	understand	185715	2.754	1	1	-1.462
2427	unto	1880305	27.887	10	7	-1.48
2428	Army	188187	2.791	1	1	-1.481
2429	themselves	761621	11.296	4	4	-1.498
2430	Learned	191725	2.844	1	1	-1.508
2431	6.	191822	2.845	1	1	-1.508
2432	gives	192161	2.85	1	1	-1.511
2433	it	11231693	166.577	58	44	-1.522
2434	let	968524	14.364	5	5	-1.522
2435	Liberty	193859	2.875	1	1	-1.524
2436	eternal	195016	2.892	1	1	-1.532
2437	being	1764433	26.168	9	9	-1.54
2438	days	393520	5.836	2	2	-1.545
2439	est	394171	5.846	2	2	-1.547
2440	Jews	197436	2.928	1	1	-1.55
2441	sort	197789	2.933	1	1	-1.553
2442	Et	199777	2.963	1	1	-1.567
2443	Jesus	399809	5.93	2	2	-1.568
2444	put	607656	9.012	3	3	-1.587
2445	Nature	607747	9.014	3	3	-1.587
2446	fear	406154	6.024	2	2	-1.591
2447	coming	203089	3.012	1	1	-1.591
2448	Cor.	203716	3.021	1	1	-1.595
2449	were	2871299	42.584	14	14	-1.605
2450	rule	207621	3.079	1	1	-1.623
2451	divers	210634	3.124	1	1	-1.643
2452	need	211437	3.136	1	1	-1.649
2453	follow	211834	3.142	1	1	-1.652
2454	although	212964	3.159	1	1	-1.659
2455	point	214098	3.175	1	1	-1.667
2456	likewise	215998	3.204	1	1	-1.68
2457	free	216340	3.209	1	1	-1.682
2458	whether	435425	6.458	2	2	-1.691
2459	Apostles	218745	3.244	1	1	-1.698
2460	far	439291	6.515	2	2	-1.704
2461	whereby	220196	3.266	1	1	-1.707
2462	especially	220705	3.273	1	1	-1.711
2463	Reason	664880	9.861	3	3	-1.717
2464	Others	665440	9.869	3	3	-1.718
2465	service	222275	3.297	1	1	-1.721
2466	ut	222815	3.305	1	1	-1.724
2467	otherwise	223302	3.312	1	1	-1.728
2468	heard	225126	3.339	1	1	-1.739
2469	blessed	226222	3.355	1	1	-1.746
2470	sometimes	226924	3.366	1	1	-1.751
2471	Master	228418	3.388	1	1	-1.76
2472	Council	228985	3.396	1	1	-1.764
2473	besides	231481	3.433	1	1	-1.78
2474	Near	232787	3.453	1	1	-1.788
2475	hearts	239757	3.556	1	1	-1.83
2476	Virtue	240899	3.573	1	1	-1.837
2477	8	242055	3.59	1	1	-1.844
2478	Justice	242072	3.59	1	1	-1.844
2479	right	484646	7.188	2	2	-1.846
2480	souls	242572	3.598	1	1	-1.847
2481	further	242781	3.601	1	1	-1.848
2482	wicked	246712	3.659	1	1	-1.871
2483	small	246878	3.661	1	1	-1.872
2484	natural	246892	3.662	1	1	-1.872
2485	4.	246979	3.663	1	1	-1.873
2486	word	751485	11.145	3	2	-1.893
2487	Heaven	503504	7.467	2	2	-1.901
2488	page	252043	3.738	1	1	-1.902
2489	way	756236	11.216	3	3	-1.902
2490	Enemies	253975	3.767	1	1	-1.913
2491	Verse	254782	3.779	1	1	-1.918
2492	Look	255208	3.785	1	1	-1.92
2493	truth	521766	7.738	2	2	-1.952
2494	former	261116	3.873	1	1	-1.953
2495	concerning	262903	3.899	1	1	-1.963
2496	things	1357990	20.14	5	5	-2.01
2497	Mr.	271819	4.031	1	1	-2.011
2498	ye	825703	12.246	3	3	-2.029
2499	God	4174430	61.911	15	14	-2.045
2500	received	280865	4.166	1	1	-2.058
2501	just	281045	4.168	1	1	-2.059
2502	greater	281340	4.173	1	1	-2.061
2503	else	281410	4.174	1	1	-2.061
2504	Divine	282661	4.192	1	1	-2.068
2505	die	284558	4.22	1	1	-2.077
2506	time	1426900	21.162	5	5	-2.081
2507	Sense	285637	4.236	1	1	-2.083
2508	much	1448309	21.48	5	5	-2.103
2509	cause	585252	8.68	2	2	-2.118
2510	hope	292642	4.34	1	1	-2.118
2511	Christian	303553	4.502	1	1	-2.171
2512	6	304045	4.509	1	1	-2.173
2513	places	305157	4.526	1	1	-2.178
2514	desire	306364	4.544	1	1	-2.184
2515	land	307074	4.554	1	1	-2.187
2516	Country	310285	4.602	1	1	-2.202
2517	same	1256120	18.63	4	4	-2.22
2518	least	319491	4.738	1	1	-2.244
2519	Gods	640962	9.506	2	2	-2.249
2520	good	1608969	23.863	5	5	-2.255
2521	act	322490	4.783	1	1	-2.258
2522	general	331599	4.918	1	1	-2.298
2523	less	337828	5.01	1	1	-2.325
2524	sent	348162	5.164	1	1	-2.368
2525	year	352165	5.223	1	1	-2.385
2526	thought	352735	5.231	1	1	-2.387
2527	body	712249	10.563	2	2	-2.401
2528	Law	712338	10.565	2	2	-2.401
2529	evil	357919	5.308	1	1	-2.408
2530	non	359411	5.33	1	1	-2.414
2531	men	1835942	27.229	5	5	-2.445
2532	peace	369451	5.479	1	1	-2.454
2533	our	3333885	49.445	9	8	-2.458
2534	speak	374513	5.554	1	1	-2.474
2535	till	379902	5.634	1	1	-2.494
2536	faith	762492	11.309	2	2	-2.499
2537	Glory	384462	5.702	1	1	-2.511
2538	rest	396125	5.875	1	1	-2.555
2539	S.	403850	5.99	1	1	-2.582
2540	Work	425644	6.313	1	1	-2.658
2541	years	427133	6.335	1	1	-2.663
2542	King	1308410	19.405	3	3	-2.693
2543	new	447014	6.63	1	1	-2.729
2544	thereof	458302	6.797	1	1	-2.765
2545	find	472931	7.014	1	1	-2.81
2546	three	474878	7.043	1	1	-2.816
2547	1	1451762	21.531	3	3	-2.843
2548	either	552589	8.195	1	1	-3.035
2549	use	603174	8.946	1	1	-3.161
2550	Spirit	654859	9.712	1	1	-3.28
2551	holy	701649	10.406	1	1	-3.379
2552	place	808630	11.993	1	1	-3.584
2553	us	2216337	32.87	2	2	-4.039
2554	Lord	1459090	21.64	1	1	-4.436
2555	inhatitant	1	0	1	1	n/a
2556	mongens	1	0	1	1	n/a
2557	Sdomits.	1	0	1	1	n/a
2558	reputution	2	0	1	1	n/a
2559	rot'em	1	0	1	1	n/a
2560	Obricius	1	0	1	1	n/a
2561	Arlotha	3	0	1	1	n/a
2562	Yardfish	1	0	1	1	n/a
2563	Presidentess	3	0	1	1	n/a
2564	ulcering	3	0	1	1	n/a
2565	VniversiSink	1	0	1	1	n/a
2566	Cogly	1	0	1	1	n/a
2567	Weerlings	1	0	1	1	n/a
2568	otherTwo	1	0	1	1	n/a
2569	Demetrius's.	2	0	1	1	n/a
2570	Patacoone	1	0	1	1	n/a
2571	spokes-woman	3	0	1	1	n/a
2572	Mantoplicee	1	0	1	1	n/a
2573	prevish	2	0	1	1	n/a
2574	qoodo	1	0	1	1	n/a
2575	Brunselle	1	0	1	1	n/a
2576	mnmers	1	0	1	1	n/a
2577	Neaplin	1	0	1	1	n/a
2578	Germinstreet	1	0	1	1	n/a
2579	Copper-	1	0	1	1	n/a
2580	Squab-skipers	1	0	1	1	n/a
2581	streal	1	0	1	1	n/a
2582	SwimThe	1	0	1	1	n/a
2583	57.30.	1	0	1	1	n/a
2584	out-rout	1	0	1	1	n/a
2585	holoure	1	0	1	1	n/a
2586	Gilflurt	3	0	1	1	n/a
2587	meretricious-times	1	0	1	1	n/a
2588	&Drawers	1	0	1	1	n/a
2589	Mineral-race	1	0	1	1	n/a
2590	Gameing-house	3	0	1	1	n/a
2591	Madiction	1	0	1	1	n/a
2592	Hanchest	1	0	1	1	n/a
2593	Lollea	2	0	1	1	n/a
2594	handsommess	1	0	1	1	n/a
2595	Stanclift	2	0	2	2	n/a
2596	Strowling-Morts	3	0	2	1	n/a
2597	Horelet	2	0	1	1	n/a
2598	Neaplan	1	0	1	1	n/a
2599	Germin-street	3	0	1	1	n/a
2600	WenchPlague	1	0	1	1	n/a
2601	Lincy-Wolcy	1	0	1	1	n/a
2602	Bawde	2	0	1	1	n/a
2603	Quaerante	1	0	1	1	n/a
2604	treaster	1	0	1	1	n/a
2605	RumfordNovrint	1	0	1	1	n/a
2606	whoremaster.	1	0	1	1	n/a
2607	chejfly	1	0	1	1	n/a
2608	Cmmotions	3	0	1	1	n/a
2609	Shiftwels	3	0	3	1	n/a
2610	effronte	3	0	1	1	n/a
2611	Neplitan	1	0	1	1	n/a
2612	whosesoe	1	0	1	1	n/a
2613	invindication	1	0	1	1	n/a
2614	Fulchestan	1	0	1	1	n/a
2615	lock-her	1	0	1	1	n/a
2616	Anti-chirst	2	0	1	1	n/a
2617	Damye	2	0	1	1	n/a
2618	Bitchhow	1	0	1	1	n/a
2619	instead-Wife	1	0	1	1	n/a
2620	GASCHE	3	0	1	1	n/a
2621	Bedlam-men	2	0	1	1	n/a
2622	Bryanum	1	0	1	1	n/a
