https://cqpweb.lancs.ac.uk/eebov3/concordance.php?pp=1&theData=%7Bwhore%2FN%7D&qmode=sq_nocase&del=begin%26t%3D-%7Cyear%7E1669%26t%3D-%7Cyear%7E1670%26t%3D-%7Cyear%7E1671%26t%3D-%7Cyear%7E1672%26t%3D-%7Cyear%7E1673%26t%3D-%7Cyear%7E1674%26t%3D-%7Cyear%7E1675%26t%3D-%7Cyear%7E1676%26t%3D-%7Cyear%7E1677%26t%3D-%7Cyear%7E1678&del=end&uT=yThere are 2,641 different words in your collocation database for "[lemma="(whore)_SUBST"%c]". (Your query "{whore/N}", restricted to texts meeting criteria "<em>year</em>: <em>1669</em> or <em>1670</em> or <em>1671</em> or <em>1672</em> or <em>1673</em> or <em>1674</em> or <em>1675</em> or <em>1676</em> or <em>1677</em> or <em>1678</em>",  returned 1,835 matches in 472 different texts)  
__________________

No.	Word	Total no. in whole corpus	Expected collocate frequency	Observed collocate frequency	In no. of texts	Mutual information value

1	Figgup	5	0	2	1	14.288
2	Arlotta	9	0	2	1	14.288
3	plundra	9	0	2	1	14.288
4	Putain	66	0.001	15	1	13.873
5	Oppressious	4	0	1	1	13.288
6	lying'st	6	0	1	1	13.288
7	Dawbourne	6	0	1	1	13.288
8	won'	5	0	1	1	13.288
9	Clarmounts	7	0	1	1	13.288
10	Goshall	6	0	1	1	13.288
11	Idoltries	4	0	1	1	13.288
12	Teigh	6	0	1	1	13.288
13	prostituer	9	0	1	1	13.288
14	Brigidaccia	5	0	1	1	13.288
15	Morcho	6	0	1	1	13.288
16	Nepolitan	9	0	1	1	13.288
17	Srumpet	12	0	2	2	13.288
18	Menetus	9	0	1	1	13.288
19	Putassier	4	0	1	1	13.288
20	Foxians	11	0	2	2	13.288
21	Miswoman	4	0	1	1	13.288
22	Glucupicron	4	0	1	1	13.288
23	Zoun	9	0	1	1	13.288
24	Cadgers	6	0	1	1	13.288
25	Chatolins	4	0	1	1	13.288
26	cross-bit	8	0	1	1	13.288
27	Irish-English	4	0	1	1	13.288
28	approueing	5	0	1	1	13.288
29	Herace	8	0	1	1	13.288
30	wrankest	4	0	1	1	13.288
31	howgates	6	0	1	1	13.288
32	17.5.7.	6	0	1	1	13.288
33	scariet	7	0	1	1	13.288
34	Inch-meal	7	0	1	1	13.288
35	Abandonnement	9	0	1	1	13.288
36	Garse	19	0	3	1	13.288
37	Cacque	10	0	2	1	13.288
38	antwoorde	4	0	1	1	13.288
39	twohorned	5	0	1	1	13.288
40	Cyrcaean	6	0	1	1	13.288
41	tawdrey	22	0	2	1	12.703
42	domn	13	0	1	1	12.288
43	Flauntit	13	0	1	1	12.288
44	sorehead	11	0	1	1	12.288
45	Cloantus	15	0	1	1	12.288
46	whomsoe	15	0	1	1	12.288
47	aominable	12	0	1	1	12.288
48	nvail	12	0	1	1	12.288
49	Arletta	12	0	1	1	12.288
50	meShe	16	0	1	1	12.288
51	Suburrana	16	0	1	1	12.288
52	Emblematick	16	0	1	1	12.288
53	Kelvedon	10	0	1	1	12.288
54	Sirwhat	12	0	1	1	12.288
55	mighily	10	0	1	1	12.288
56	out-rail	12	0	1	1	12.288
57	impudicae	16	0	1	1	12.288
58	unpack	11	0	1	1	12.288
59	Chevers	14	0	1	1	12.288
60	fair-tongu	14	0	1	1	12.288
61	Clarindas	15	0	1	1	12.288
62	Coteham	12	0	1	1	12.288
63	Wooss	14	0	1	1	12.288
64	Iesper	15	0	1	1	12.288
65	Poorman	16	0	1	1	12.288
66	Masquarade	14	0	1	1	12.288
67	Menstru	17	0	1	1	11.703
68	bylon	17	0	1	1	11.703
69	Beantosser	20	0	1	1	11.703
70	Legacy.	22	0	1	1	11.703
71	BabylonA	22	0	1	1	11.703
72	ill-favor	17	0	1	1	11.703
73	illegitimately	17	0	1	1	11.703
74	demostrate	20	0	1	1	11.703
75	Tatterdemalion	22	0	1	1	11.703
76	Whurl	22	0	1	1	11.703
77	Pru.	22	0	1	1	11.703
78	Rossana	19	0	1	1	11.703
79	'im	20	0	1	1	11.703
80	rba	20	0	1	1	11.703
81	peregrinarum	19	0	1	1	11.703
82	refusedst	68	0.001	3	3	11.551
83	outlives	49	0.001	2	2	11.48
84	latry	29	0	1	1	11.288
85	fufficiently	27	0	1	1	11.288
86	Bbylon	27	0	1	1	11.288
87	Sheese	25	0	1	1	11.288
88	Stroller	25	0	1	1	11.288
89	Toldo	25	0	1	1	11.288
90	pily	24	0	1	1	11.288
91	d'estime	24	0	1	1	11.288
92	Putains	27	0	1	1	11.288
93	Trayterly	24	0	1	1	11.288
94	withan	24	0	1	1	11.288
95	betra	23	0	1	1	11.288
96	MDCLXXIII	30	0.001	1	1	10.966
97	backslided	30	0.001	1	1	10.966
98	afair	34	0.001	1	1	10.966
99	Shroftide	30	0.001	1	1	10.966
100	I'ad	32	0.001	1	1	10.966
101	Mps	35	0.001	1	1	10.966
102	forcerers	35	0.001	1	1	10.966
103	Prue	67	0.001	2	1	10.966
104	Decker	105	0.002	3	1	10.873
105	unmasks	42	0.001	1	1	10.703
106	louge	37	0.001	1	1	10.703
107	Bugger	37	0.001	1	1	10.703
108	56.9	39	0.001	1	1	10.703
109	Scre	40	0.001	1	1	10.703
110	Super-annuated	42	0.001	1	1	10.703
111	untile	37	0.001	1	1	10.703
112	Stainer	40	0.001	1	1	10.703
113	bilked	42	0.001	1	1	10.703
114	Quarante	82	0.001	2	1	10.587
115	itteth	46	0.001	1	1	10.48
116	Scarlet-colour	46	0.001	1	1	10.48
117	Clarmount	44	0.001	1	1	10.48
118	Snuff-box	49	0.001	1	1	10.48
119	patch't	43	0.001	1	1	10.48
120	Conchylia	43	0.001	1	1	10.48
121	arrantest	101	0.002	2	2	10.381
122	Idolatress	51	0.001	1	1	10.288
123	answerd	54	0.001	1	1	10.288
124	Salisbury-Court	54	0.001	1	1	10.288
125	stageplayes	60	0.001	1	1	10.118
126	whore-monger	60	0.001	1	1	10.118
127	Whetston	58	0.001	1	1	10.118
128	beurre	57	0.001	1	1	10.118
129	Jupit	57	0.001	1	1	10.118
130	scarlet-coloured	125	0.002	2	2	10.04
131	Butes	63	0.001	1	1	9.966
132	arrow-head	67	0.001	1	1	9.966
133	Bonasus	65	0.001	1	1	9.966
134	defaire	64	0.001	1	1	9.966
135	Erycine	63	0.001	1	1	9.966
136	Driv	65	0.001	1	1	9.966
137	mongers	208	0.003	3	3	9.873
138	scrat	72	0.001	1	1	9.828
139	vieillesse	75	0.001	1	1	9.828
140	prettier	75	0.001	1	1	9.828
141	jilting	142	0.002	2	2	9.828
142	Misy	80	0.001	1	1	9.703
143	Excise-men	76	0.001	1	1	9.703
144	Papals	76	0.001	1	1	9.703
145	wine-bibbers	76	0.001	1	1	9.703
146	Iilt	163	0.003	2	1	9.644
147	transgres	84	0.001	1	1	9.587
148	politely	85	0.001	1	1	9.587
149	fornicating	88	0.001	1	1	9.587
150	onother	85	0.001	1	1	9.587
151	Close-stool	170	0.003	2	2	9.587
152	Polices	84	0.001	1	1	9.587
153	whored	180	0.003	2	2	9.533
154	Aphelia	181	0.003	2	1	9.48
155	Elyzium	91	0.001	1	1	9.48
156	Linsey-Woolsey	98	0.002	1	1	9.381
157	Man-slayers	98	0.002	1	1	9.381
158	Baber	95	0.002	1	1	9.381
159	Midianitish	194	0.003	2	2	9.381
160	Fenestram	99	0.002	1	1	9.381
161	vilaine	103	0.002	1	1	9.288
162	Togata	104	0.002	1	1	9.288
163	Minx	106	0.002	1	1	9.288
164	scurra	106	0.002	1	1	9.288
165	shild	103	0.002	1	1	9.288
166	trimmings	112	0.002	1	1	9.2
167	punks	109	0.002	1	1	9.2
168	widdow	120	0.002	1	1	9.118
169	cognizable	127	0.002	1	1	9.04
170	Hermophrodite	131	0.002	1	1	8.966
171	witching	131	0.002	1	1	8.966
172	whosoe	130	0.002	1	1	8.966
173	Quean	412	0.006	3	3	8.895
174	Clerkenwell	136	0.002	1	1	8.895
175	Willie	136	0.002	1	1	8.895
176	643.	143	0.002	1	1	8.828
177	prononce	144	0.002	1	1	8.828
178	countenanceth	145	0.002	1	1	8.828
179	pocky	594	0.009	4	4	8.78
180	Caca	149	0.002	1	1	8.764
181	Sabbath-breaker	153	0.002	1	1	8.764
182	Bocardo	148	0.002	1	1	8.764
183	Succubus	148	0.002	1	1	8.764
184	revelled	154	0.002	1	1	8.703
185	Cydaria	160	0.002	1	1	8.703
186	912.	155	0.002	1	1	8.703
187	derriere	156	0.002	1	1	8.703
188	Flirt	163	0.003	1	1	8.644
189	Snarl	328	0.005	2	1	8.644
190	Euphranor	161	0.003	1	1	8.644
191	vat	659	0.01	4	2	8.63
192	Parnell	169	0.003	1	1	8.587
193	Pimp	1027	0.016	6	6	8.578
194	Dol	1048	0.016	6	1	8.551
195	meretricious	176	0.003	1	1	8.533
196	Preachments	183	0.003	1	1	8.48
197	foul-mouthed	182	0.003	1	1	8.48
198	brazen-faced	190	0.003	1	1	8.43
199	Synchronism	187	0.003	1	1	8.43
200	hide-bound	188	0.003	1	1	8.43
201	909	191	0.003	1	1	8.43
202	Baud	767	0.012	4	3	8.417
203	suivre	194	0.003	1	1	8.381
204	Ansam	195	0.003	1	1	8.381
205	mangy	395	0.006	2	1	8.381
206	Concubinage	200	0.003	1	1	8.334
207	'Sdeath	205	0.003	1	1	8.334
208	ducked	200	0.003	1	1	8.334
209	Bawd	2878	0.044	14	10	8.317
210	Protesilaus	210	0.003	1	1	8.288
211	werse	212	0.003	1	1	8.288
212	roundhead	209	0.003	1	1	8.288
213	fornications	1721	0.026	8	6	8.249
214	Bood	215	0.003	1	1	8.243
215	ustice	217	0.003	1	1	8.243
216	filthiest	215	0.003	1	1	8.243
217	Hoseah	213	0.003	1	1	8.243
218	Pre-contract	224	0.003	1	1	8.2
219	17.16	459	0.007	2	2	8.158
220	Rme	229	0.004	1	1	8.158
221	Arrand	229	0.004	1	1	8.158
222	Phancie	227	0.004	1	1	8.158
223	falfe	231	0.004	1	1	8.158
224	carted	237	0.004	1	1	8.118
225	Agellius	242	0.004	1	1	8.078
226	Terret	245	0.004	1	1	8.078
227	Sorceries	1462	0.022	6	2	8.072
228	huffing	489	0.008	2	2	8.059
229	ick	493	0.008	2	1	8.059
230	him-self	247	0.004	1	1	8.04
231	Stage-play	251	0.004	1	1	8.04
232	Watt	249	0.004	1	1	8.04
233	accurat	504	0.008	2	2	8.021
234	imperiousness	253	0.004	1	1	8.002
235	leavings	519	0.008	2	2	7.984
236	swill	522	0.008	2	2	7.966
237	18.8.	263	0.004	1	1	7.966
238	CHRCH	263	0.004	1	1	7.966
239	slut	523	0.008	2	2	7.966
240	CXXV	268	0.004	1	1	7.93
241	Almeria	267	0.004	1	1	7.93
242	12.17.	275	0.004	1	1	7.895
243	823	278	0.004	1	1	7.895
244	Scap	273	0.004	1	1	7.895
245	Craze	284	0.004	1	1	7.861
246	Penknife	281	0.004	1	1	7.861
247	whordom	281	0.004	1	1	7.861
248	dalle	297	0.005	1	1	7.796
249	Wilding	292	0.005	1	1	7.796
250	greased	297	0.005	1	1	7.796
251	Turd	301	0.005	1	1	7.764
252	scolds	299	0.005	1	1	7.764
253	Baltazar	304	0.005	1	1	7.764
254	cauterized	305	0.005	1	1	7.733
255	Killigrew	309	0.005	1	1	7.733
256	weds	312	0.005	1	1	7.703
257	Arrant	1596	0.024	5	5	7.679
258	Belv	319	0.005	1	1	7.673
259	Nigr	322	0.005	1	1	7.673
260	Babylon	38888	0.594	120	67	7.659
261	VVhore	326	0.005	1	1	7.644
262	Babylons	987	0.015	3	3	7.634
263	hackney	1328	0.02	4	2	7.622
264	Franklin	336	0.005	1	1	7.615
265	Trumperies	336	0.005	1	1	7.615
266	Whoremaster	337	0.005	1	1	7.615
267	libidinis	337	0.005	1	1	7.615
268	t'	331	0.005	1	1	7.615
269	scarlet	9179	0.14	27	20	7.59
270	Bumpkin	343	0.005	1	1	7.587
271	begar	680	0.01	2	1	7.587
272	Monkery	339	0.005	1	1	7.587
273	round-head	349	0.005	1	1	7.56
274	Diable	350	0.005	1	1	7.56
275	19.19	357	0.005	1	1	7.533
276	quarelling	354	0.005	1	1	7.533
277	insigne	718	0.011	2	1	7.506
278	Fardel	358	0.006	1	1	7.506
279	superlatively	368	0.006	1	1	7.48
280	lude	368	0.006	1	1	7.48
281	Inachus	365	0.006	1	1	7.48
282	whorish	1842	0.028	5	4	7.475
283	Jog	372	0.006	1	1	7.455
284	Gadbury	374	0.006	1	1	7.455
285	dawned	374	0.006	1	1	7.455
286	flashy	382	0.006	1	1	7.43
287	colorably	385	0.006	1	1	7.405
288	garbs	391	0.006	1	1	7.381
289	jades	397	0.006	1	1	7.357
290	habiliments	797	0.012	2	2	7.357
291	PUNK	404	0.006	1	1	7.334
292	Pru	405	0.006	1	1	7.334
293	Cuff	413	0.006	1	1	7.31
294	Peeps	411	0.006	1	1	7.31
295	Phebe	422	0.006	1	1	7.288
296	t'a	420	0.006	1	1	7.288
297	acutely	418	0.006	1	1	7.288
298	plentious	420	0.006	1	1	7.288
299	Scold	1303	0.02	3	3	7.236
300	Dam	5258	0.08	12	2	7.223
301	16.15.	437	0.007	1	1	7.222
302	Mob	884	0.014	2	1	7.211
303	Trumpery	893	0.014	2	2	7.2
304	whoremongers	1796	0.027	4	3	7.19
305	Moll	454	0.007	1	1	7.179
306	unhorsed	451	0.007	1	1	7.179
307	Noct	453	0.007	1	1	7.179
308	prostituting	452	0.007	1	1	7.179
309	scurvey	454	0.007	1	1	7.179
310	aperire	452	0.007	1	1	7.179
311	Splendidly	459	0.007	1	1	7.158
312	Chambermaid	461	0.007	1	1	7.158
313	undoes	466	0.007	1	1	7.138
314	whore	20634	0.315	44	19	7.126
315	Strumpet	3285	0.05	7	5	7.126
316	meretrix	474	0.007	1	1	7.118
317	reat	470	0.007	1	1	7.118
318	rides	4321	0.066	9	2	7.091
319	babylonish	2911	0.044	6	5	7.078
320	spelling	490	0.008	1	1	7.059
321	play-houses	495	0.008	1	1	7.04
322	Haw	505	0.008	1	1	7.021
323	13.11.	511	0.008	1	1	7.002
324	Nothus	508	0.008	1	1	7.002
325	sluggards	513	0.008	1	1	7.002
326	sits	23190	0.354	45	16	6.99
327	Equipped	517	0.008	1	1	6.984
328	Welshman	520	0.008	1	1	6.984
329	523	519	0.008	1	1	6.984
330	Brats	1042	0.016	2	2	6.975
331	6d	523	0.008	1	1	6.966
332	Prelatists	523	0.008	1	1	6.966
333	adulterer	4237	0.065	8	8	6.95
334	House-keeper	532	0.008	1	1	6.948
335	deflower	534	0.008	1	1	6.93
336	Relicts	539	0.008	1	1	6.93
337	leman	537	0.008	1	1	6.93
338	Jade	2169	0.033	4	4	6.917
339	sisteth	553	0.008	1	1	6.895
340	Chloe	558	0.009	1	1	6.878
341	Jezabel	1114	0.017	2	2	6.878
342	s'est	559	0.009	1	1	6.878
343	dairy	561	0.009	1	1	6.861
344	meth.	568	0.009	1	1	6.845
345	Amazon	568	0.009	1	1	6.845
346	young-men	583	0.009	1	1	6.812
347	scratches	582	0.009	1	1	6.812
348	adulterated	1175	0.018	2	1	6.804
349	pollutes	588	0.009	1	1	6.796
350	sneak	595	0.009	1	1	6.78
351	shuns	1200	0.018	2	2	6.772
352	Caterpillar	600	0.009	1	1	6.764
353	brothel	610	0.009	1	1	6.749
354	Bawds	1844	0.028	3	3	6.738
355	Unveiled	617	0.009	1	1	6.733
356	Swag	613	0.009	1	1	6.733
357	shell-fish	617	0.009	1	1	6.733
358	Priscilla	1235	0.019	2	1	6.725
359	mre	625	0.01	1	1	6.718
360	Bitch	1244	0.019	2	2	6.718
361	Prostitute	2508	0.038	4	3	6.707
362	revenges	1256	0.019	2	1	6.703
363	Courier	626	0.01	1	1	6.703
364	ill-natur	638	0.01	1	1	6.688
365	unsteady	643	0.01	1	1	6.673
366	Israelitish	644	0.01	1	1	6.673
367	7.12.	655	0.01	1	1	6.644
368	Diver	652	0.01	1	1	6.644
369	243.	664	0.01	1	1	6.63
370	Lieut	1999	0.031	3	1	6.62
371	Calvert	668	0.01	1	1	6.615
372	Whoremonger	678	0.01	1	1	6.601
373	Bully	673	0.01	1	1	6.601
374	Fornication	14235	0.217	21	13	6.595
375	Cormorant	679	0.01	1	1	6.587
376	leavened	1362	0.021	2	1	6.587
377	Huff	687	0.011	1	1	6.573
378	Carouse	690	0.011	1	1	6.573
379	Hobart	688	0.011	1	1	6.573
380	Naylor	694	0.011	1	1	6.56
381	Quack	696	0.011	1	1	6.56
382	Attires	703	0.011	1	1	6.546
383	Sorceress	710	0.011	1	1	6.533
384	geat	711	0.011	1	1	6.52
385	tracing	717	0.011	1	1	6.52
386	Ale-house	1435	0.022	2	2	6.513
387	metaphore	723	0.011	1	1	6.506
388	Suburb	730	0.011	1	1	6.493
389	Extortioner	747	0.011	1	1	6.455
390	Harlots	5276	0.081	7	7	6.442
391	idolize	759	0.012	1	1	6.43
392	Pennington	759	0.012	1	1	6.43
393	kicks	769	0.012	1	1	6.417
394	Grand-mother	768	0.012	1	1	6.417
395	Sophy	771	0.012	1	1	6.405
396	stripling	781	0.012	1	1	6.393
397	looses	780	0.012	1	1	6.393
398	Beast	81566	1.245	104	37	6.384
399	Paulina	792	0.012	1	1	6.369
400	brace	1591	0.024	2	2	6.363
401	gi	801	0.012	1	1	6.357
402	Manent	802	0.012	1	1	6.357
403	Sn	1617	0.025	2	2	6.339
404	Timon	815	0.012	1	1	6.334
405	1659.	820	0.013	1	1	6.322
406	stares	818	0.013	1	1	6.322
407	ignorants	825	0.013	1	1	6.31
408	Hound	2485	0.038	3	3	6.307
409	Jezebel	835	0.013	1	1	6.299
410	forfeits	847	0.013	1	1	6.276
411	wager	2578	0.039	3	1	6.254
412	Virtuoso	861	0.013	1	1	6.254
413	smelt	1772	0.027	2	2	6.211
414	insatiate	894	0.014	1	1	6.2
415	Bead	897	0.014	1	1	6.19
416	sneaking	900	0.014	1	1	6.19
417	debauch	1818	0.028	2	2	6.174
418	s'en	919	0.014	1	1	6.158
419	Fortunatus	921	0.014	1	1	6.148
420	Cup	48330	0.738	52	19	6.139
421	dethrone	937	0.014	1	1	6.128
422	Farce	935	0.014	1	1	6.128
423	Neapolitan	941	0.014	1	1	6.118
424	Comptroller	942	0.014	1	1	6.118
425	Talkers	951	0.015	1	1	6.108
426	wipes	954	0.015	1	1	6.098
427	bawling	970	0.015	1	1	6.078
428	admirers	1943	0.03	2	1	6.073
429	hire	8785	0.134	9	7	6.069
430	erects	973	0.015	1	1	6.069
431	fouler	990	0.015	1	1	6.049
432	Bachelors	997	0.015	1	1	6.04
433	Rogue	6990	0.107	7	7	6.036
434	Wizards	1012	0.015	1	1	6.021
435	postern	1014	0.016	1	1	6.012
436	Ammianus	1022	0.016	1	1	6.002
437	attire	8194	0.125	8	7	5.999
438	Errant	2050	0.031	2	1	5.998
439	Betty	1028	0.016	1	1	5.993
440	Hatton	1026	0.016	1	1	5.993
441	florid	1031	0.016	1	1	5.993
442	altri	1044	0.016	1	1	5.975
443	pours	2091	0.032	2	2	5.97
444	17.1	1045	0.016	1	1	5.966
445	metamorphosed	1062	0.016	1	1	5.948
446	Brat	1070	0.016	1	1	5.939
447	journeyed	1070	0.016	1	1	5.939
448	Beech	1067	0.016	1	1	5.939
449	incommodities	1081	0.017	1	1	5.921
450	Prentice	1078	0.017	1	1	5.921
451	oppressive	1079	0.017	1	1	5.921
452	Piazza	1081	0.017	1	1	5.921
453	Dorothy	1090	0.017	1	1	5.913
454	PUNY	1088	0.017	1	1	5.913
455	Sain	1095	0.017	1	1	5.904
456	1st.	1096	0.017	1	1	5.904
457	Heathenism	1104	0.017	1	1	5.887
458	Promotes	1115	0.017	1	1	5.878
459	Cantharides	1119	0.017	1	1	5.87
460	Rampant	2244	0.034	2	2	5.866
461	Informant	3377	0.052	3	1	5.864
462	Bastard	12394	0.189	11	8	5.861
463	decked	4505	0.069	4	3	5.861
464	Wench	6793	0.104	6	5	5.854
465	French-man	1140	0.017	1	1	5.845
466	drunk	35533	0.542	31	13	5.837
467	XXIV.	1149	0.018	1	1	5.837
468	discountenance	1153	0.018	1	1	5.828
469	mercenary	4683	0.072	4	2	5.806
470	12.11	1173	0.018	1	1	5.804
471	gelded	1178	0.018	1	1	5.796
472	Rant	1179	0.018	1	1	5.796
473	13.3	1183	0.018	1	1	5.788
474	Nevil	1186	0.018	1	1	5.788
475	scolding	1186	0.018	1	1	5.788
476	Arth	1205	0.018	1	1	5.764
477	cools	2431	0.037	2	2	5.752
478	gaf	1225	0.019	1	1	5.741
479	fretted	1229	0.019	1	1	5.733
480	Profoundly	1238	0.019	1	1	5.725
481	stewed	1245	0.019	1	1	5.718
482	stumbles	1242	0.019	1	1	5.718
483	Rotterdam	1248	0.019	1	1	5.718
484	Japan	2511	0.038	2	1	5.707
485	prostituted	1269	0.019	1	1	5.688
486	converses	1275	0.02	1	1	5.68
487	Bridewell	1285	0.02	1	1	5.673
488	murderous	1283	0.02	1	1	5.673
489	Heraldry	1307	0.02	1	1	5.651
490	Cuckoo	1309	0.02	1	1	5.644
491	Convent	3985	0.061	3	1	5.625
492	Surfeits	1332	0.02	1	1	5.622
493	Babilon	5325	0.081	4	4	5.621
494	Smock	1342	0.021	1	1	5.608
495	sodomy	1349	0.021	1	1	5.601
496	forehead	12159	0.186	9	9	5.6
497	mutter	1355	0.021	1	1	5.594
498	Fallacies	1379	0.021	1	1	5.573
499	Clout	1378	0.021	1	1	5.573
500	shamed	2762	0.042	2	1	5.567
501	Rag	2762	0.042	2	1	5.567
502	Proverbs	6913	0.106	5	4	5.567
503	Dine	4169	0.064	3	3	5.56
504	Kinswoman	1393	0.021	1	1	5.553
505	Footman	1422	0.022	1	1	5.526
506	conducts	1431	0.022	1	1	5.52
507	Menstruous	1426	0.022	1	1	5.52
508	Ridicule	1432	0.022	1	1	5.513
509	Hyre	1435	0.022	1	1	5.513
510	attainments	1434	0.022	1	1	5.513
511	Gloucestershire	1438	0.022	1	1	5.513
512	Skirts	2878	0.044	2	2	5.51
513	Wid	1439	0.022	1	1	5.506
514	fore-told	1444	0.022	1	1	5.506
515	Opponent	1462	0.022	1	1	5.487
516	kicked	1462	0.022	1	1	5.487
517	sie	1460	0.022	1	1	5.487
518	Mulier	2936	0.045	2	2	5.48
519	Dresses	1473	0.023	1	1	5.474
520	studiously	1480	0.023	1	1	5.468
521	Midian	1497	0.023	1	1	5.455
522	Whoredom	7526	0.115	5	4	5.443
523	paltry	1506	0.023	1	1	5.442
524	Imps	1519	0.023	1	1	5.43
525	Harlot	9167	0.14	6	3	5.422
526	drenched	1537	0.024	1	1	5.411
527	denominate	1539	0.024	1	1	5.411
528	odds	6159	0.094	4	2	5.411
529	Rev	1545	0.024	1	1	5.405
530	unconscionable	1543	0.024	1	1	5.405
531	Dice	6226	0.095	4	4	5.396
532	Blunt	4726	0.072	3	1	5.379
533	unmannerly	1578	0.024	1	1	5.375
534	Dea	1579	0.024	1	1	5.375
535	Dick	1602	0.025	1	1	5.351
536	Frugal	1610	0.025	1	1	5.345
537	penetrate	4877	0.074	3	3	5.334
538	Idolatries	3266	0.05	2	2	5.325
539	Dragon	18054	0.276	11	6	5.319
540	frothy	1664	0.025	1	1	5.299
541	halter	3343	0.051	2	1	5.293
542	wee	1669	0.026	1	1	5.293
543	pillory	1670	0.026	1	1	5.293
544	Goldsmith	1679	0.026	1	1	5.288
545	strip	3365	0.051	2	1	5.282
546	Hellebore	1726	0.026	1	1	5.249
547	hurried	3494	0.053	2	2	5.23
548	Chevalier	1749	0.027	1	1	5.227
549	Actionable	1765	0.027	1	1	5.216
550	Thief	23047	0.352	13	11	5.208
551	Iulia	1778	0.027	1	1	5.206
552	Topic	1781	0.027	1	1	5.2
553	Tavern	5354	0.082	3	3	5.198
554	hate	65701	1.003	36	22	5.166
555	Hallelujah	1833	0.028	1	1	5.158
556	Whores	5508	0.084	3	3	5.157
557	befitting	1857	0.028	1	1	5.143
558	falseness	1867	0.029	1	1	5.133
559	Liveries	1876	0.029	1	1	5.128
560	Flor	1884	0.029	1	1	5.118
561	played	11334	0.173	6	6	5.116
562	misunderstanding	1892	0.029	1	1	5.113
563	brands	1898	0.029	1	1	5.108
564	upstart	1899	0.029	1	1	5.108
565	Flea	1913	0.029	1	1	5.098
566	Adulteress	1919	0.029	1	1	5.093
567	Rags	5772	0.088	3	3	5.09
568	Steph	1923	0.029	1	1	5.088
569	patched	1934	0.03	1	1	5.083
570	solicitations	1942	0.03	1	1	5.078
571	Scorners	1948	0.03	1	1	5.073
572	Apocalypse	3947	0.06	2	2	5.054
573	Elisa	1975	0.03	1	1	5.054
574	Epicurus	3980	0.061	2	1	5.042
575	scornfully	1994	0.03	1	1	5.04
576	Superscription	2000	0.031	1	1	5.035
577	plaid	4003	0.061	2	1	5.033
578	bewitching	2007	0.031	1	1	5.03
579	carries	24147	0.369	12	4	5.025
580	peut	2021	0.031	1	1	5.021
581	descriptions	4060	0.062	2	2	5.012
582	XLIX	2080	0.032	1	1	4.979
583	Marcellinus	2075	0.032	1	1	4.979
584	heating	2074	0.032	1	1	4.979
585	Flora	2078	0.032	1	1	4.979
586	ugly	8331	0.127	4	3	4.975
587	ditch	10469	0.16	5	5	4.968
588	Barns	2094	0.032	1	1	4.966
589	salted	2131	0.033	1	1	4.943
590	Abominations	10678	0.163	5	5	4.939
591	imperious	4278	0.065	2	1	4.937
592	haunt	4285	0.065	2	2	4.935
593	painted	23662	0.361	11	10	4.929
594	authoritative	2162	0.033	1	1	4.921
595	Magog	2171	0.033	1	1	4.917
596	drunkard	6511	0.099	3	3	4.916
597	sirrah	4365	0.067	2	2	4.908
598	straightway	2206	0.034	1	1	4.891
599	Scenes	2217	0.034	1	1	4.887
600	Drawer	2220	0.034	1	1	4.883
601	Boston	2219	0.034	1	1	4.883
602	Silken	2250	0.034	1	1	4.866
603	Mystery	54678	0.835	24	16	4.846
604	Robertus	2307	0.035	1	1	4.828
605	Parenthesis	2329	0.036	1	1	4.816
606	Ital	2329	0.036	1	1	4.816
607	unfolded	2356	0.036	1	1	4.796
608	Contemners	2366	0.036	1	1	4.792
609	sordid	4736	0.072	2	2	4.79
610	unfaithfulness	2369	0.036	1	1	4.788
611	Frenchman	2370	0.036	1	1	4.788
612	racked	2371	0.036	1	1	4.788
613	drunken	11882	0.181	5	5	4.785
614	assignation	2375	0.036	1	1	4.784
615	Debauched	4771	0.073	2	2	4.78
616	Comedies	2395	0.037	1	1	4.772
617	scurvy	4826	0.074	2	2	4.762
618	Wizard	2415	0.037	1	1	4.76
619	wallow	2438	0.037	1	1	4.749
620	rotten	14651	0.224	6	6	4.746
621	Babel	9790	0.149	4	4	4.743
622	thirsts	2496	0.038	1	1	4.714
623	trick	10039	0.153	4	4	4.707
624	ride	20257	0.309	8	2	4.693
625	Gog	2533	0.039	1	1	4.692
626	Menstruum	2546	0.039	1	1	4.684
627	Nic	2556	0.039	1	1	4.68
628	crying	25811	0.394	10	6	4.666
629	roughly	2586	0.04	1	1	4.662
630	Stews	2587	0.04	1	1	4.662
631	kindnesses	2615	0.04	1	1	4.647
632	bolt	2648	0.04	1	1	4.63
633	Barber	2646	0.04	1	1	4.63
634	Cuckold	2667	0.041	1	1	4.619
635	qucun	2680	0.041	1	1	4.612
636	Clap	5368	0.082	2	2	4.61
637	ply	2720	0.042	1	1	4.591
638	gallows	5501	0.084	2	2	4.573
639	Grim	2756	0.042	1	1	4.57
640	girl	5585	0.085	2	2	4.553
641	brags	2791	0.043	1	1	4.553
642	dined	2791	0.043	1	1	4.553
643	scorched	2795	0.043	1	1	4.55
644	Stab	2798	0.043	1	1	4.55
645	2d.	2802	0.043	1	1	4.546
646	Prohibitions	2820	0.043	1	1	4.54
647	costly	11277	0.172	4	4	4.539
648	accompanies	2828	0.043	1	1	4.533
649	industriously	2850	0.044	1	1	4.523
650	damned	34243	0.523	12	11	4.521
651	pillage	2862	0.044	1	1	4.516
652	Manger	2870	0.044	1	1	4.513
653	Cloths	2867	0.044	1	1	4.513
654	Alcibiades	2878	0.044	1	1	4.51
655	Quaker	5785	0.088	2	1	4.501
656	Deceitful	17392	0.266	6	5	4.498
657	Trembles	2900	0.044	1	1	4.497
658	quand	2911	0.044	1	1	4.493
659	swearers	2927	0.045	1	1	4.484
660	Apostasy	17588	0.269	6	4	4.482
661	Welsh	5885	0.09	2	1	4.477
662	faced	2948	0.045	1	1	4.474
663	knave	8870	0.135	3	3	4.47
664	Beelzebub	2959	0.045	1	1	4.468
665	noting	5928	0.091	2	1	4.466
666	certum	2980	0.046	1	1	4.458
667	've	8950	0.137	3	3	4.457
668	downright	2995	0.046	1	1	4.452
669	Inhabitant	3014	0.046	1	1	4.442
670	impudent	12093	0.185	4	4	4.438
671	Pottage	3028	0.046	1	1	4.436
672	Purple	18224	0.278	6	4	4.431
673	daunted	3057	0.047	1	1	4.42
674	insinuating	3074	0.047	1	1	4.414
675	lash	3070	0.047	1	1	4.414
676	Witch	9245	0.141	3	3	4.41
677	Pistol	3091	0.047	1	1	4.405
678	melts	3102	0.047	1	1	4.402
679	Canticles	3103	0.047	1	1	4.399
680	Quarrelling	3115	0.048	1	1	4.396
681	Tricks	9354	0.143	3	3	4.393
682	surviving	3130	0.048	1	1	4.387
683	thorn	3129	0.048	1	1	4.387
684	drinks	15747	0.24	5	2	4.378
685	Jack	6358	0.097	2	2	4.366
686	sat	47715	0.728	15	6	4.364
687	lucky	3186	0.049	1	1	4.363
688	Atheist	6384	0.097	2	2	4.36
689	177	3198	0.049	1	1	4.357
690	desolate	12933	0.197	4	4	4.341
691	closer	3235	0.049	1	1	4.339
692	plotted	3245	0.05	1	1	4.336
693	gaudy	3241	0.05	1	1	4.336
694	3.6	3258	0.05	1	1	4.331
695	contrivances	3269	0.05	1	1	4.325
696	downfall	3283	0.05	1	1	4.319
697	Credence	3284	0.05	1	1	4.319
698	Seller	3282	0.05	1	1	4.319
699	Lass	3315	0.051	1	1	4.305
700	spin	3312	0.051	1	1	4.305
701	Mares	3323	0.051	1	1	4.302
702	dome	3321	0.051	1	1	4.302
703	quotations	3346	0.051	1	1	4.291
704	Revelations	13397	0.205	4	4	4.29
705	bribe	3369	0.051	1	1	4.282
706	Antichrist	50530	0.771	15	8	4.282
707	saucy	3374	0.052	1	1	4.279
708	divorced	3378	0.052	1	1	4.276
709	Cozen	3380	0.052	1	1	4.276
710	mori	3403	0.052	1	1	4.268
711	Concubine	3397	0.052	1	1	4.268
712	Rev.	51328	0.783	15	11	4.259
713	sentenced	3447	0.053	1	1	4.249
714	false	224466	3.426	65	20	4.246
715	Leper	3469	0.053	1	1	4.241
716	gear	3463	0.053	1	1	4.241
717	Mrs.	13889	0.212	4	2	4.238
718	Idolater	3472	0.053	1	1	4.238
719	punishable	3482	0.053	1	1	4.235
720	JOSIAH	3482	0.053	1	1	4.235
721	Blasphemer	3487	0.053	1	1	4.232
722	Bias	3503	0.054	1	1	4.224
723	Kick	3504	0.054	1	1	4.224
724	Rival	7012	0.107	2	1	4.224
725	bewailed	3510	0.054	1	1	4.222
726	kisses	7051	0.108	2	2	4.216
727	chained	3565	0.054	1	1	4.2
728	Bottle	7144	0.109	2	2	4.198
729	clapped	3587	0.055	1	1	4.19
730	ignoble	3602	0.055	1	1	4.184
731	Profanation	3603	0.055	1	1	4.184
732	rail	7220	0.11	2	2	4.182
733	Giles	3615	0.055	1	1	4.179
734	pox	10902	0.166	3	3	4.172
735	wipe	7298	0.111	2	2	4.166
736	prithee	7377	0.113	2	2	4.151
737	insatiable	3697	0.056	1	1	4.148
738	notorious	22363	0.341	6	6	4.136
739	Splendid	3733	0.057	1	1	4.133
740	Bundle	3754	0.057	1	1	4.125
741	crimson	3776	0.058	1	1	4.118
742	Waters	83222	1.27	22	12	4.114
743	Rascal	3785	0.058	1	1	4.113
744	cheated	3803	0.058	1	1	4.108
745	arrayed	3816	0.058	1	1	4.103
746	Shirt	3819	0.058	1	1	4.1
747	sinks	3833	0.059	1	1	4.095
748	boot	3835	0.059	1	1	4.095
749	sells	3915	0.06	1	1	4.064
750	sureties	3956	0.06	1	1	4.049
751	Bastards	3979	0.061	1	1	4.042
752	astringent	3977	0.061	1	1	4.042
753	corrupts	3974	0.061	1	1	4.042
754	Allen	3996	0.061	1	1	4.035
755	Regret	3999	0.061	1	1	4.035
756	Plurality	4000	0.061	1	1	4.033
757	judged	56237	0.858	14	9	4.028
758	Mel	4030	0.062	1	1	4.023
759	allured	4039	0.062	1	1	4.021
760	obtains	4035	0.062	1	1	4.021
761	Marries	4061	0.062	1	1	4.012
762	Publicans	4075	0.062	1	1	4.007
763	Med	4106	0.063	1	1	3.995
764	consequents	4109	0.063	1	1	3.995
765	chide	4116	0.063	1	1	3.993
766	beholden	4120	0.063	1	1	3.991
767	Hector	8263	0.126	2	2	3.987
768	Desolation	12402	0.189	3	2	3.986
769	2dly	4207	0.064	1	1	3.961
770	2.1	4239	0.065	1	1	3.95
771	New-England	4274	0.065	1	1	3.939
772	trembled	4278	0.065	1	1	3.937
773	widow	21540	0.329	5	5	3.927
774	sly	4313	0.066	1	1	3.926
775	remiss	4323	0.066	1	1	3.921
776	spends	4330	0.066	1	1	3.919
777	Females	4334	0.066	1	1	3.917
778	Query	4359	0.067	1	1	3.911
779	diseased	8769	0.134	2	2	3.902
780	bane	4390	0.067	1	1	3.9
781	Apparelled	4398	0.067	1	1	3.898
782	plays	17593	0.269	4	4	3.897
783	horns	22193	0.339	5	5	3.884
784	Stations	4457	0.068	1	1	3.878
785	impartially	4457	0.068	1	1	3.878
786	paint	8989	0.137	2	2	3.866
787	Prick	9007	0.138	2	2	3.862
788	slippery	4506	0.069	1	1	3.861
789	Parishioners	4513	0.069	1	1	3.859
790	Nun	4515	0.069	1	1	3.859
791	ERRATA	4522	0.069	1	1	3.857
792	Mother	150593	2.299	33	25	3.844
793	regards	9143	0.14	2	2	3.841
794	Antichristian	13777	0.21	3	3	3.834
795	Stafford	4611	0.07	1	1	3.828
796	Unbelieving	4661	0.071	1	1	3.814
797	Warrants	4662	0.071	1	1	3.812
798	unstable	4680	0.071	1	1	3.808
799	judging	18760	0.286	4	2	3.804
800	reclaim	4736	0.072	1	1	3.79
801	changeable	4757	0.073	1	1	3.784
802	insolency	4788	0.073	1	1	3.774
803	reservation	4824	0.074	1	1	3.764
804	intra	4839	0.074	1	1	3.758
805	semel	4864	0.074	1	1	3.752
806	Simon	29226	0.446	6	1	3.75
807	Pleasantly	4926	0.075	1	1	3.733
808	oppressors	4931	0.075	1	1	3.731
809	silk	14806	0.226	3	3	3.731
810	surer	4963	0.076	1	1	3.722
811	Solon	4981	0.076	1	1	3.718
812	Perjured	4993	0.076	1	1	3.714
813	daughters	40010	0.611	8	6	3.711
814	Gentile	10008	0.153	2	1	3.71
815	Wedlock	5013	0.077	1	1	3.708
816	Clamour	5016	0.077	1	1	3.707
817	dis	5030	0.077	1	1	3.703
818	undone	20337	0.31	4	4	3.688
819	play	61168	0.934	12	11	3.684
820	Transgressors	5101	0.078	1	1	3.682
821	prudently	5115	0.078	1	1	3.679
822	diversion	5121	0.078	1	1	3.677
823	Romes	5130	0.078	1	1	3.675
824	Adulterers	5137	0.078	1	1	3.673
825	lock	5149	0.079	1	1	3.669
826	guiltless	5157	0.079	1	1	3.667
827	Merchandise	15488	0.236	3	2	3.666
828	coloured	10332	0.158	2	2	3.665
829	Dress	15539	0.237	3	3	3.661
830	moveable	5188	0.079	1	1	3.658
831	boasted	5195	0.079	1	1	3.657
832	Synagogue	10391	0.159	2	2	3.657
833	provocations	5242	0.08	1	1	3.644
834	'twixt	5238	0.08	1	1	3.644
835	knaves	5254	0.08	1	1	3.64
836	strives	5260	0.08	1	1	3.638
837	Bibles	5262	0.08	1	1	3.638
838	Potion	5269	0.08	1	1	3.637
839	accuses	5277	0.081	1	1	3.635
840	Penitent	15876	0.242	3	2	3.63
841	Walter	10593	0.162	2	1	3.629
842	hating	5297	0.081	1	1	3.628
843	Cheat	10600	0.162	2	2	3.628
844	're	16048	0.245	3	3	3.615
845	hood	5353	0.082	1	1	3.614
846	Legacy	5380	0.082	1	1	3.606
847	Venus	26929	0.411	5	5	3.605
848	wed	5405	0.083	1	1	3.599
849	Amsterdam	5414	0.083	1	1	3.598
850	125	5416	0.083	1	1	3.596
851	Cod	5444	0.083	1	1	3.589
852	registered	5476	0.084	1	1	3.58
853	troth	5489	0.084	1	1	3.577
854	happening	5514	0.084	1	1	3.57
855	Br	5518	0.084	1	1	3.57
856	COAL	5526	0.084	1	1	3.568
857	Helmet	5523	0.084	1	1	3.568
858	fiercely	5527	0.084	1	1	3.567
859	Mantle	5533	0.085	1	1	3.565
860	un	83123	1.269	15	1	3.564
861	Apoc.	11083	0.169	2	2	3.563
862	wandering	16735	0.255	3	3	3.554
863	Coward	5580	0.085	1	1	3.553
864	ruled	22509	0.344	4	2	3.541
865	hates	16898	0.258	3	3	3.54
866	foretell	5652	0.086	1	1	3.534
867	Williams	5670	0.087	1	1	3.531
868	Esquire	11359	0.173	2	1	3.528
869	Seat	51212	0.782	9	6	3.525
870	Quorum	11386	0.174	2	2	3.525
871	badge	5699	0.087	1	1	3.523
872	Multitudes	17103	0.261	3	2	3.522
873	Tongues	40030	0.611	7	3	3.518
874	Incarnate	5722	0.087	1	1	3.518
875	drank	11443	0.175	2	2	3.517
876	65.	5737	0.088	1	1	3.513
877	handsome	11498	0.176	2	2	3.51
878	drinking	29093	0.444	5	5	3.493
879	Prophet	133904	2.044	23	19	3.492
880	Gall	17567	0.268	3	3	3.484
881	off-spring	5879	0.09	1	1	3.479
882	airy	5893	0.09	1	1	3.476
883	discovers	11783	0.18	2	2	3.476
884	licentious	5899	0.09	1	1	3.474
885	grain	17694	0.27	3	2	3.473
886	beholds	5976	0.091	1	1	3.455
887	preferment	11954	0.183	2	2	3.454
888	revenged	11966	0.183	2	2	3.453
889	Arabic	5985	0.091	1	1	3.452
890	betrayed	18001	0.275	3	3	3.449
891	Dishonest	6002	0.092	1	1	3.449
892	defiled	18090	0.276	3	2	3.442
893	barn	6053	0.092	1	1	3.436
894	Jordan	6062	0.093	1	1	3.434
895	window	12154	0.186	2	2	3.431
896	Plin.	6085	0.093	1	1	3.428
897	stink	6090	0.093	1	1	3.427
898	Painter	6102	0.093	1	1	3.425
899	polluted	12233	0.187	2	2	3.421
900	Squire	6126	0.094	1	1	3.419
901	accepts	6165	0.094	1	1	3.41
902	Fetch	24696	0.377	4	1	3.408
903	reigned	31015	0.473	5	4	3.401
904	illegal	6218	0.095	1	1	3.397
905	'm	31244	0.477	5	5	3.39
906	Plagues	18774	0.287	3	3	3.388
907	spoiling	6265	0.096	1	1	3.387
908	Slander	12613	0.193	2	1	3.377
909	Dregs	6317	0.096	1	1	3.375
910	stark	6325	0.097	1	1	3.373
911	marrying	6327	0.097	1	1	3.372
912	wave	6344	0.097	1	1	3.369
913	whip	6373	0.097	1	1	3.361
914	Yes	44644	0.681	7	5	3.361
915	Bewitched	6431	0.098	1	1	3.348
916	assail	6445	0.098	1	1	3.345
917	certified	6444	0.098	1	1	3.345
918	Sink	19378	0.296	3	3	3.342
919	neat	6464	0.099	1	1	3.341
920	110	6465	0.099	1	1	3.341
921	allows	12955	0.198	2	1	3.339
922	Son	570683	8.711	88	48	3.337
923	Tithe	6494	0.099	1	1	3.335
924	Wolf	13047	0.199	2	2	3.328
925	Tacit	6596	0.101	1	1	3.312
926	Rents	13329	0.203	2	2	3.298
927	whipped	6660	0.102	1	1	3.298
928	Medicaments	6671	0.102	1	1	3.296
929	keeps	40024	0.611	6	6	3.296
930	renounced	6702	0.102	1	1	3.289
931	wears	6709	0.102	1	1	3.288
932	drink	140890	2.151	21	14	3.288
933	involved	6720	0.103	1	1	3.285
934	tired	6727	0.103	1	1	3.283
935	spy	6749	0.103	1	1	3.279
936	Wanton	20242	0.309	3	3	3.279
937	retaining	6754	0.103	1	1	3.278
938	fleshy	6777	0.103	1	1	3.274
939	burn	40670	0.621	6	5	3.273
940	inside	6781	0.104	1	1	3.272
941	Otho	6796	0.104	1	1	3.27
942	Hey	6793	0.104	1	1	3.27
943	Indicted	6808	0.104	1	1	3.267
944	Hor	6813	0.104	1	1	3.265
945	charming	6822	0.104	1	1	3.264
946	burned	20536	0.314	3	3	3.258
947	wear	20558	0.314	3	3	3.257
948	Eschew	6866	0.105	1	1	3.254
949	Solomon	41245	0.63	6	5	3.253
950	cups	6881	0.105	1	1	3.252
951	Dragons	6883	0.105	1	1	3.25
952	liberally	6929	0.106	1	1	3.241
953	Rack	6929	0.106	1	1	3.241
954	Rome	271183	4.139	39	26	3.236
955	honest	83801	1.279	12	11	3.23
956	Sampson	6989	0.107	1	1	3.228
957	rewarded	14017	0.214	2	1	3.225
958	Revel	21061	0.322	3	3	3.222
959	Drunkards	7021	0.107	1	1	3.222
960	ding	7037	0.107	1	1	3.219
961	heathenish	7043	0.108	1	1	3.218
962	Mistress	42310	0.646	6	6	3.216
963	sitting	35270	0.538	5	5	3.215
964	Macedonia	7054	0.108	1	1	3.215
965	Begot	7053	0.108	1	1	3.215
966	Fortress	7099	0.108	1	1	3.206
967	expounded	14226	0.217	2	1	3.204
968	Rabble	7160	0.109	1	1	3.194
969	Heretic	14330	0.219	2	2	3.193
970	Leaven	7224	0.11	1	1	3.18
971	Idolatrous	14523	0.222	2	2	3.173
972	damn	7322	0.112	1	1	3.161
973	woman	183598	2.802	25	22	3.157
974	fairest	14727	0.225	2	2	3.153
975	compelled	22115	0.338	3	3	3.152
976	Virgins	22219	0.339	3	3	3.145
977	Engine	7413	0.113	1	1	3.144
978	bestows	7419	0.113	1	1	3.143
979	boasting	7419	0.113	1	1	3.143
980	Papacy	7431	0.113	1	1	3.141
981	snare	14914	0.228	2	1	3.135
982	games	7473	0.114	1	1	3.132
983	Lance	7498	0.114	1	1	3.128
984	Game	15105	0.231	2	1	3.117
985	filthy	30299	0.463	4	4	3.112
986	situated	7582	0.116	1	1	3.112
987	precise	7715	0.118	1	1	3.086
988	Bacon	7727	0.118	1	1	3.084
989	define	7725	0.118	1	1	3.084
990	Zach.	7738	0.118	1	1	3.082
991	ruined	15482	0.236	2	2	3.081
992	Husbands	30992	0.473	4	4	3.08
993	Val	7789	0.119	1	1	3.072
994	establishing	7797	0.119	1	1	3.071
995	83	7828	0.12	1	1	3.065
996	laughing	7845	0.12	1	1	3.063
997	intimated	7877	0.12	1	1	3.056
998	slighted	7957	0.122	1	1	3.041
999	facta	7986	0.122	1	1	3.036
1000	replied	40276	0.615	5	4	3.024
1001	hostess	8115	0.124	1	1	3.013
1002	calling	105619	1.612	13	9	3.011
1003	lain	8129	0.124	1	1	3.01
1004	Suburbs	8156	0.125	1	1	3.006
1005	silly	16358	0.25	2	2	3.002
1006	lists	8183	0.125	1	1	3.001
1007	Christopher	8248	0.126	1	1	2.99
1008	Riot	8272	0.126	1	1	2.985
1009	Nations	132713	2.026	16	8	2.982
1010	Agrippa	8329	0.127	1	1	2.976
1011	Daughter	108707	1.659	13	10	2.97
1012	Surgeon	8390	0.128	1	1	2.965
1013	parted	16901	0.258	2	2	2.955
1014	cheap	8467	0.129	1	1	2.952
1015	crew	8469	0.129	1	1	2.951
1016	Baronius	8482	0.13	1	1	2.949
1017	undo	8485	0.13	1	1	2.949
1018	Aye	17014	0.26	2	2	2.945
1019	Devices	8511	0.13	1	1	2.945
1020	fellow	51208	0.782	6	4	2.94
1021	repute	8562	0.131	1	1	2.936
1022	thrive	8582	0.131	1	1	2.932
1023	patent	8637	0.132	1	1	2.924
1024	yields	17327	0.265	2	2	2.919
1025	Maria	8668	0.132	1	1	2.918
1026	allowing	8667	0.132	1	1	2.918
1027	lamentation	8729	0.133	1	1	2.908
1028	eager	8791	0.134	1	1	2.898
1029	conveniently	8789	0.134	1	1	2.898
1030	forgot	17706	0.27	2	2	2.887
1031	Cat	8876	0.136	1	1	2.884
1032	kissed	8900	0.136	1	1	2.88
1033	bowed	8908	0.136	1	1	2.878
1034	Garments	26823	0.409	3	2	2.873
1035	destruction	89423	1.365	10	4	2.873
1036	Lambs	8945	0.137	1	1	2.873
1037	Beggar	8945	0.137	1	1	2.873
1038	wife	214853	3.279	24	20	2.872
1039	steal	17906	0.273	2	2	2.871
1040	Villain	8957	0.137	1	1	2.871
1041	product	8997	0.137	1	1	2.865
1042	trades	9008	0.138	1	1	2.862
1043	Predecessors	18045	0.275	2	2	2.86
1044	ire	9043	0.138	1	1	2.857
1045	Revolt	9050	0.138	1	1	2.856
1046	obliging	9101	0.139	1	1	2.848
1047	Lust	54865	0.837	6	4	2.841
1048	venerable	9145	0.14	1	1	2.841
1049	ses	9156	0.14	1	1	2.839
1050	enquired	9225	0.141	1	1	2.828
1051	defeat	9235	0.141	1	1	2.826
1052	outside	9291	0.142	1	1	2.818
1053	!	371996	5.678	40	22	2.817
1054	Demetrius	9307	0.142	1	1	2.815
1055	extract	9355	0.143	1	1	2.808
1056	Inconstant	9357	0.143	1	1	2.808
1057	definition	18738	0.286	2	1	2.806
1058	73	9377	0.143	1	1	2.805
1059	Hellish	9373	0.143	1	1	2.805
1060	Cupid	9383	0.143	1	1	2.804
1061	perplexed	9395	0.143	1	1	2.802
1062	embracing	9401	0.144	1	1	2.801
1063	hired	9416	0.144	1	1	2.799
1064	Affront	9421	0.144	1	1	2.798
1065	comprehends	9448	0.144	1	1	2.794
1066	tot	9457	0.144	1	1	2.793
1067	Asses	9467	0.145	1	1	2.791
1068	partake	18988	0.29	2	2	2.787
1069	Indictment	9527	0.145	1	1	2.782
1070	opposing	9578	0.146	1	1	2.774
1071	horrid	19167	0.293	2	2	2.773
1072	increases	9612	0.147	1	1	2.769
1073	Marry	38694	0.591	4	4	2.76
1074	Bell	19417	0.296	2	2	2.754
1075	Exit	19436	0.297	2	2	2.753
1076	burning	48634	0.742	5	4	2.752
1077	censured	9756	0.149	1	1	2.748
1078	flattering	9757	0.149	1	1	2.748
1079	parsons	9768	0.149	1	1	2.746
1080	cry	87922	1.342	9	8	2.746
1081	nostrils	9776	0.149	1	1	2.745
1082	abhorred	9825	0.15	1	1	2.737
1083	she	1006738	15.366	102	73	2.731
1084	nunquam	9878	0.151	1	1	2.729
1085	ports	9887	0.151	1	1	2.728
1086	risen	19790	0.302	2	2	2.727
1087	wander	9904	0.151	1	1	2.725
1088	positively	9945	0.152	1	1	2.72
1089	begat	9977	0.152	1	1	2.715
1090	omnipotent	9996	0.153	1	1	2.712
1091	doors	29993	0.458	3	3	2.712
1092	headlong	10029	0.153	1	1	2.707
1093	Constable	20148	0.308	2	2	2.701
1094	Embraces	10141	0.155	1	1	2.692
1095	assign	10140	0.155	1	1	2.692
1096	subsist	10162	0.155	1	1	2.689
1097	Tragedy	10196	0.156	1	1	2.684
1098	adore	20395	0.311	2	2	2.684
1099	kindred	20409	0.312	2	2	2.683
1100	excellently	10217	0.156	1	1	2.681
1101	Glories	10254	0.157	1	1	2.676
1102	playing	10275	0.157	1	1	2.673
1103	Impudence	10304	0.157	1	1	2.668
1104	discovering	10322	0.158	1	1	2.667
1105	Dog	30988	0.473	3	3	2.665
1106	match	20690	0.316	2	2	2.663
1107	suppressed	10353	0.158	1	1	2.662
1108	magnificent	10359	0.158	1	1	2.661
1109	Pit	20801	0.318	2	2	2.655
1110	brazen	10407	0.159	1	1	2.655
1111	Ans	20841	0.318	2	2	2.652
1112	sadness	10440	0.159	1	1	2.649
1113	apples	10469	0.16	1	1	2.646
1114	loathsome	10486	0.16	1	1	2.643
1115	bed	73593	1.123	7	7	2.64
1116	Margaret	10516	0.161	1	1	2.639
1117	implies	10523	0.161	1	1	2.638
1118	treated	21086	0.322	2	2	2.636
1119	superstitious	21092	0.322	2	2	2.635
1120	68	10551	0.161	1	1	2.635
1121	Mystical	21135	0.323	2	2	2.632
1122	Mal.	10647	0.163	1	1	2.621
1123	Windows	10698	0.163	1	1	2.614
1124	venture	21408	0.327	2	2	2.614
1125	plague	42909	0.655	4	4	2.611
1126	described	42932	0.655	4	4	2.61
1127	indifferently	10753	0.164	1	1	2.607
1128	Floods	10792	0.165	1	1	2.602
1129	carry	108052	1.649	10	5	2.6
1130	Thin	32659	0.499	3	3	2.589
1131	Diana	10894	0.166	1	1	2.588
1132	placing	10949	0.167	1	1	2.581
1133	seven	120863	1.845	11	10	2.576
1134	venom	11000	0.168	1	1	2.574
1135	infamous	11020	0.168	1	1	2.572
1136	destroyed	66138	1.01	6	4	2.571
1137	Cock	11063	0.169	1	1	2.566
1138	Ch.	33232	0.507	3	3	2.564
1139	Knees	22165	0.338	2	2	2.564
1140	warned	11120	0.17	1	1	2.559
1141	Standard	11129	0.17	1	1	2.557
1142	insolent	11146	0.17	1	1	2.556
1143	Cor	22308	0.341	2	1	2.554
1144	Ephraim	11202	0.171	1	1	2.548
1145	Den	11211	0.171	1	1	2.547
1146	imaginable	11234	0.172	1	1	2.544
1147	Lady	112639	1.719	10	5	2.54
1148	Mountains	56383	0.861	5	2	2.539
1149	murderers	11345	0.173	1	1	2.529
1150	Symptoms	11363	0.173	1	1	2.528
1151	Mary	68927	1.052	6	4	2.512
1152	revived	11511	0.176	1	1	2.509
1153	Cave	11519	0.176	1	1	2.508
1154	fitter	11535	0.176	1	1	2.506
1155	her	1811491	27.65	157	94	2.505
1156	committing	11606	0.177	1	1	2.497
1157	punishing	11649	0.178	1	1	2.492
1158	stroke	23344	0.356	2	2	2.489
1159	preparing	11677	0.178	1	1	2.488
1160	infamy	11689	0.178	1	1	2.487
1161	suits	11705	0.179	1	1	2.484
1162	Madam	46920	0.716	4	3	2.482
1163	call	328774	5.018	28	25	2.48
1164	wondered	11794	0.18	1	1	2.474
1165	street	23649	0.361	2	2	2.47
1166	SONG	35727	0.545	3	2	2.46
1167	breathing	11927	0.182	1	1	2.458
1168	generality	11939	0.182	1	1	2.456
1169	pr	11953	0.182	1	1	2.455
1170	wickedness	71915	1.098	6	6	2.45
1171	contrived	11992	0.183	1	1	2.45
1172	Bona	12019	0.184	1	1	2.446
1173	corrupted	36122	0.551	3	3	2.444
1174	'd	144543	2.206	12	11	2.443
1175	Bride	12056	0.184	1	1	2.442
1176	affect	24146	0.369	2	2	2.44
1177	jointly	12082	0.184	1	1	2.439
1178	translate	12144	0.185	1	1	2.431
1179	Exeunt	12174	0.186	1	1	2.428
1180	amorous	12171	0.186	1	1	2.428
1181	Pull	24362	0.372	2	2	2.427
1182	drove	12259	0.187	1	1	2.418
1183	Fortunes	24537	0.375	2	2	2.417
1184	1pageduplicate	49108	0.75	4	1	2.416
1185	Merchants	36943	0.564	3	1	2.411
1186	poisoned	12446	0.19	1	1	2.396
1187	fills	12448	0.19	1	1	2.396
1188	ded	12467	0.19	1	1	2.394
1189	potent	12467	0.19	1	1	2.394
1190	envious	12527	0.191	1	1	2.387
1191	murderer	12581	0.192	1	1	2.381
1192	Heresies	25260	0.386	2	1	2.375
1193	Roger	12679	0.194	1	1	2.37
1194	dan	38042	0.581	3	3	2.369
1195	pitiful	12709	0.194	1	1	2.366
1196	blinded	12718	0.194	1	1	2.365
1197	hated	25471	0.389	2	1	2.363
1198	temperance	12755	0.195	1	1	2.361
1199	abides	12792	0.195	1	1	2.356
1200	committed	115180	1.758	9	8	2.356
1201	Darius	12799	0.195	1	1	2.355
1202	crafty	12823	0.196	1	1	2.353
1203	18.	77389	1.181	6	5	2.345
1204	Sister	51618	0.788	4	4	2.344
1205	Pas	12920	0.197	1	1	2.342
1206	traffic	12930	0.197	1	1	2.341
1207	road	12952	0.198	1	1	2.339
1208	decline	12957	0.198	1	1	2.338
1209	forbidden	38907	0.594	3	3	2.337
1210	approaching	12995	0.198	1	1	2.334
1211	wo	26036	0.397	2	2	2.331
1212	George	39058	0.596	3	1	2.331
1213	raging	13043	0.199	1	1	2.328
1214	Streets	26115	0.399	2	2	2.327
1215	Champion	13133	0.201	1	1	2.318
1216	blush	13133	0.201	1	1	2.318
1217	permission	13164	0.201	1	1	2.315
1218	Christo	13181	0.201	1	1	2.313
1219	condemns	13190	0.201	1	1	2.313
1220	'll	158479	2.419	12	10	2.311
1221	delightful	13236	0.202	1	1	2.308
1222	Andrew	13250	0.202	1	1	2.306
1223	passive	13248	0.202	1	1	2.306
1224	disturb	13350	0.204	1	1	2.295
1225	dressed	13382	0.204	1	1	2.291
1226	inflicted	13403	0.205	1	1	2.289
1227	Purge	26806	0.409	2	1	2.289
1228	bloody	53730	0.82	4	3	2.286
1229	stolen	13436	0.205	1	1	2.286
1230	regular	13469	0.206	1	1	2.282
1231	Western	13537	0.207	1	1	2.275
1232	Coals	13558	0.207	1	1	2.273
1233	Sealed	27229	0.416	2	2	2.267
1234	Flatter	13665	0.209	1	1	2.261
1235	dares	13753	0.21	1	1	2.252
1236	great	1790493	27.329	130	55	2.25
1237	manage	13853	0.211	1	1	2.242
1238	sinning	13902	0.212	1	1	2.237
1239	Becomes	41957	0.64	3	3	2.228
1240	Worlds	28162	0.43	2	1	2.218
1241	mad	42332	0.646	3	3	2.215
1242	methinks	14132	0.216	1	1	2.213
1243	39.	14194	0.217	1	1	2.206
1244	included	14204	0.217	1	1	2.206
1245	pretends	14230	0.217	1	1	2.203
1246	swear	56939	0.869	4	4	2.202
1247	affirming	14264	0.218	1	1	2.2
1248	Battles	14268	0.218	1	1	2.199
1249	doom	28591	0.436	2	1	2.196
1250	description	42949	0.656	3	3	2.194
1251	Ha	28655	0.437	2	2	2.193
1252	cunning	28670	0.438	2	2	2.192
1253	price	57392	0.876	4	4	2.191
1254	destroy	86113	1.314	6	6	2.191
1255	Nephew	14378	0.22	1	1	2.188
1256	tasted	14389	0.22	1	1	2.187
1257	common	346098	5.283	24	17	2.184
1258	Diocese	14451	0.221	1	1	2.18
1259	inflamed	14462	0.221	1	1	2.18
1260	ten	130362	1.99	9	7	2.177
1261	reprobate	14526	0.222	1	1	2.173
1262	dispatch	14533	0.222	1	1	2.173
1263	Hills	29127	0.445	2	2	2.169
1264	begotten	29211	0.446	2	2	2.165
1265	Tent	14624	0.223	1	1	2.164
1266	repented	14668	0.224	1	1	2.159
1267	shameful	14747	0.225	1	1	2.151
1268	reproof	14798	0.226	1	1	2.146
1269	Michael	14812	0.226	1	1	2.145
1270	Mar	14814	0.226	1	1	2.145
1271	shun	14847	0.227	1	1	2.142
1272	thank	29699	0.453	2	2	2.141
1273	publicly	29824	0.455	2	2	2.135
1274	's	1833403	27.984	122	59	2.124
1275	seize	15038	0.23	1	1	2.123
1276	enlarge	15062	0.23	1	1	2.121
1277	Ale	15087	0.23	1	1	2.118
1278	privately	15154	0.231	1	1	2.112
1279	loves	76043	1.161	5	5	2.107
1280	Women	152987	2.335	10	9	2.098
1281	Ere	61209	0.934	4	3	2.098
1282	wild	61696	0.942	4	2	2.087
1283	Generations	15518	0.237	1	1	2.078
1284	rode	15543	0.237	1	1	2.076
1285	Candle	15553	0.237	1	1	2.075
1286	Sodom	15597	0.238	1	1	2.07
1287	gain	78199	1.194	5	5	2.067
1288	Pity	62915	0.96	4	4	2.058
1289	Wall	47250	0.721	3	3	2.056
1290	incense	15760	0.241	1	1	2.055
1291	reigns	15787	0.241	1	1	2.053
1292	abused	31590	0.482	2	2	2.052
1293	Idleness	15825	0.242	1	1	2.05
1294	confound	15864	0.242	1	1	2.046
1295	rebuke	15877	0.242	1	1	2.045
1296	desperate	31789	0.485	2	2	2.043
1297	slay	15920	0.243	1	1	2.041
1298	tormented	15920	0.243	1	1	2.041
1299	vow	31839	0.486	2	2	2.041
1300	wretch	15921	0.243	1	1	2.041
1301	Illustrious	15935	0.243	1	1	2.04
1302	Prophets	111696	1.705	7	3	2.038
1303	carried	127788	1.951	8	1	2.036
1304	lewd	15983	0.244	1	1	2.035
1305	cries	32046	0.489	2	2	2.032
1306	befall	16025	0.245	1	1	2.032
1307	damnation	32064	0.489	2	2	2.031
1308	Sir	371184	5.666	23	10	2.021
1309	meanest	16212	0.248	1	1	2.014
1310	Patriarch	16225	0.248	1	1	2.013
1311	JUdicious	16290	0.249	1	1	2.008
1312	Sale	16370	0.25	1	1	2.001
1313	strongest	16405	0.25	1	1	1.998
1314	Maid	33079	0.505	2	2	1.986
1315	iniquities	16575	0.253	1	1	1.983
1316	Members	116122	1.772	7	5	1.982
1317	Golden	49785	0.76	3	3	1.981
1318	17.	83120	1.269	5	4	1.979
1319	abstain	16630	0.254	1	1	1.978
1320	married	66560	1.016	4	4	1.977
1321	Pulled	16685	0.255	1	1	1.973
1322	burnt	50113	0.765	3	2	1.972
1323	epist.	33418	0.51	2	2	1.971
1324	turn	167524	2.557	10	7	1.967
1325	Censures	16762	0.256	1	1	1.967
1326	lie	168129	2.566	10	10	1.962
1327	extant	16836	0.257	1	1	1.96
1328	complained	16882	0.258	1	1	1.956
1329	caught	16892	0.258	1	1	1.956
1330	bred	34100	0.521	2	2	1.942
1331	commit	51155	0.781	3	3	1.942
1332	Kin	17056	0.26	1	1	1.942
1333	Infidels	17053	0.26	1	1	1.942
1334	Prophecy	51210	0.782	3	3	1.94
1335	support	34167	0.522	2	2	1.939
1336	spiritual	239256	3.652	14	8	1.939
1337	professed	34256	0.523	2	2	1.935
1338	Board	17171	0.262	1	1	1.932
1339	ornaments	17222	0.263	1	1	1.927
1340	Aside	51692	0.789	3	3	1.927
1341	discerned	17249	0.263	1	1	1.925
1342	Esau	17268	0.264	1	1	1.924
1343	sisters	17302	0.264	1	1	1.921
1344	reproach	34657	0.529	2	2	1.919
1345	Coin	17339	0.265	1	1	1.918
1346	scorn	34703	0.53	2	2	1.917
1347	confounded	17397	0.266	1	1	1.913
1348	XX	17400	0.266	1	1	1.913
1349	calls	121932	1.861	7	7	1.911
1350	meetings	17499	0.267	1	1	1.905
1351	Fools	35223	0.538	2	2	1.895
1352	Papist	17633	0.269	1	1	1.894
1353	breaking	35284	0.539	2	2	1.893
1354	Roman	141472	2.159	8	8	1.889
1355	urge	17702	0.27	1	1	1.888
1356	o.	17703	0.27	1	1	1.888
1357	Fancies	17761	0.271	1	1	1.883
1358	rejoicing	17783	0.271	1	1	1.882
1359	enforced	17825	0.272	1	1	1.878
1360	Characters	17893	0.273	1	1	1.872
1361	Stage	17895	0.273	1	1	1.872
1362	Esa	17912	0.273	1	1	1.871
1363	buy	35853	0.547	2	1	1.87
1364	Gallant	17961	0.274	1	1	1.867
1365	trade	71989	1.099	4	3	1.864
1366	Heir	53990	0.824	3	3	1.864
1367	transgression	18016	0.275	1	1	1.862
1368	troubled	72125	1.101	4	2	1.861
1369	oh	126299	1.928	7	7	1.86
1370	deceived	54539	0.833	3	3	1.849
1371	Drunkenness	18268	0.279	1	1	1.843
1372	brings	54834	0.837	3	2	1.842
1373	heretofore	36652	0.559	2	2	1.838
1374	largely	18351	0.28	1	1	1.836
1375	bids	18389	0.281	1	1	1.833
1376	heap	18409	0.281	1	1	1.831
1377	spend	37287	0.569	2	2	1.813
1378	a	14471665	220.888	776	224	1.813
1379	Wilderness	37400	0.571	2	2	1.809
1380	Mark	131282	2.004	7	6	1.805
1381	concludes	18755	0.286	1	1	1.804
1382	deep	75511	1.153	4	4	1.795
1383	quality	75538	1.153	4	4	1.795
1384	Bull	18950	0.289	1	1	1.79
1385	Italian	18997	0.29	1	1	1.786
1386	brave	38044	0.581	2	2	1.784
1387	immortality	19100	0.292	1	1	1.778
1388	encouraged	19234	0.294	1	1	1.768
1389	Character	38558	0.589	2	2	1.765
1390	Chains	19298	0.295	1	1	1.763
1391	Weeks	19316	0.295	1	1	1.762
1392	Throat	19344	0.295	1	1	1.76
1393	drew	38764	0.592	2	2	1.757
1394	worse	96916	1.479	5	4	1.757
1395	invented	19383	0.296	1	1	1.757
1396	keeping	58223	0.889	3	3	1.755
1397	Abhor	19419	0.296	1	1	1.754
1398	horror	19604	0.299	1	1	1.741
1399	favourable	19618	0.299	1	1	1.74
1400	Pomp	19649	0.3	1	1	1.737
1401	whereon	19704	0.301	1	1	1.733
1402	Lyon	19709	0.301	1	1	1.733
1403	lovely	19737	0.301	1	1	1.731
1404	signifies	79472	1.213	4	4	1.721
1405	reputed	19893	0.304	1	1	1.72
1406	practices	19984	0.305	1	1	1.713
1407	probably	19999	0.305	1	1	1.712
1408	Revenge	60376	0.922	3	3	1.703
1409	runs	40288	0.615	2	2	1.702
1410	Gentlemen	60495	0.923	3	3	1.7
1411	mere	80762	1.233	4	4	1.698
1412	Severity	20285	0.31	1	1	1.692
1413	Lion	20323	0.31	1	1	1.689
1414	nere	20350	0.311	1	1	1.687
1415	arose	20382	0.311	1	1	1.685
1416	tie	20437	0.312	1	1	1.681
1417	sell	41041	0.626	2	2	1.675
1418	les	41080	0.627	2	1	1.673
1419	Fool	41266	0.63	2	2	1.667
1420	chaste	20646	0.315	1	1	1.666
1421	curse	61992	0.946	3	2	1.665
1422	"	41388	0.632	2	2	1.663
1423	habet	20783	0.317	1	1	1.657
1424	keep	313074	4.779	15	13	1.65
1425	poor	313465	4.785	15	10	1.648
1426	step	20981	0.32	1	1	1.643
1427	ne'er	20984	0.32	1	1	1.643
1428	sa	20987	0.32	1	1	1.643
1429	persecuted	21044	0.321	1	1	1.638
1430	discovered	63467	0.969	3	3	1.631
1431	slave	21201	0.324	1	1	1.628
1432	Priesthood	21290	0.325	1	1	1.621
1433	proverb	21331	0.326	1	1	1.619
1434	Grand	42729	0.652	2	2	1.617
1435	flying	21405	0.327	1	1	1.614
1436	young	171502	2.618	8	7	1.612
1437	pence	21465	0.328	1	1	1.61
1438	Troops	21505	0.328	1	1	1.607
1439	spoiled	21514	0.328	1	1	1.606
1440	prefer	21583	0.329	1	1	1.602
1441	Sovereignty	21633	0.33	1	1	1.599
1442	lack	21685	0.331	1	1	1.595
1443	Chair	21959	0.335	1	1	1.577
1444	tempted	22002	0.336	1	1	1.574
1445	Gentleman	66021	1.008	3	3	1.574
1446	Turk	22087	0.337	1	1	1.569
1447	murdered	22105	0.337	1	1	1.567
1448	tedious	22140	0.338	1	1	1.565
1449	Church	1175787	17.947	53	19	1.562
1450	s	133183	2.033	6	5	1.561
1451	thieves	22285	0.34	1	1	1.556
1452	secrets	22386	0.342	1	1	1.549
1453	34.	22411	0.342	1	1	1.548
1454	Ancestors	22418	0.342	1	1	1.547
1455	ver	22436	0.343	1	1	1.546
1456	Beat	45020	0.687	2	2	1.541
1457	oppression	22522	0.344	1	1	1.54
1458	abuse	45195	0.69	2	2	1.536
1459	weeping	22605	0.345	1	1	1.535
1460	Plaintiff	22631	0.345	1	1	1.534
1461	Alas	67915	1.037	3	3	1.533
1462	face	181454	2.77	8	7	1.53
1463	indignation	22811	0.348	1	1	1.522
1464	&c	479189	7.314	21	17	1.522
1465	picture	22820	0.348	1	1	1.522
1466	admire	22861	0.349	1	1	1.519
1467	singing	22908	0.35	1	1	1.516
1468	adding	22908	0.35	1	1	1.516
1469	Traditions	22980	0.351	1	1	1.511
1470	has	321926	4.914	14	13	1.511
1471	Friendship	46387	0.708	2	2	1.498
1472	naked	46459	0.709	2	2	1.496
1473	odious	23239	0.355	1	1	1.495
1474	called	768363	11.728	33	26	1.493
1475	struck	23297	0.356	1	1	1.492
1476	returns	23425	0.358	1	1	1.484
1477	Corruptions	23463	0.358	1	1	1.482
1478	Merchant	23511	0.359	1	1	1.478
1479	Mercury	23710	0.362	1	1	1.466
1480	Rob	23959	0.366	1	1	1.451
1481	public	215912	3.296	9	5	1.449
1482	shake	24043	0.367	1	1	1.446
1483	fine	96522	1.473	4	4	1.441
1484	redeemed	24139	0.368	1	1	1.441
1485	puts	48280	0.737	2	2	1.44
1486	49	24226	0.37	1	1	1.435
1487	imputed	24284	0.371	1	1	1.432
1488	F.	73082	1.116	3	3	1.427
1489	Defendant	24378	0.372	1	1	1.426
1490	expect	73209	1.117	3	3	1.425
1491	apprehend	24467	0.374	1	1	1.421
1492	25.	48971	0.748	2	2	1.42
1493	Garment	24609	0.376	1	1	1.413
1494	hath	1823449	27.832	74	26	1.411
1495	Why	394748	6.025	16	15	1.409
1496	strangers	49348	0.753	2	2	1.409
1497	woods	24782	0.378	1	1	1.402
1498	wilt	74391	1.136	3	3	1.402
1499	quite	74671	1.14	3	3	1.396
1500	evermore	24903	0.38	1	1	1.396
1501	kill	74750	1.141	3	3	1.395
1502	prevailed	25057	0.383	1	1	1.386
1503	Prov.	50161	0.766	2	2	1.385
1504	Fortune	101130	1.544	4	4	1.374
1505	excess	25352	0.387	1	1	1.37
1506	dull	25362	0.387	1	1	1.369
1507	termed	25438	0.388	1	1	1.365
1508	house	407406	6.218	16	15	1.363
1509	returning	25466	0.389	1	1	1.363
1510	Celestial	25497	0.389	1	1	1.361
1511	Covetous	25513	0.389	1	1	1.361
1512	Re	25840	0.394	1	1	1.342
1513	Relations	25968	0.396	1	1	1.335
1514	top	52060	0.795	2	1	1.332
1515	looks	52264	0.798	2	2	1.326
1516	strongly	26140	0.399	1	1	1.326
1517	judgment	235552	3.595	9	8	1.324
1518	sit	131502	2.007	5	4	1.317
1519	kiss	26340	0.402	1	1	1.315
1520	Matthew	26367	0.403	1	1	1.313
1521	Ass	26382	0.403	1	1	1.312
1522	Husband	105631	1.612	4	4	1.311
1523	Attended	26513	0.405	1	1	1.305
1524	Flood	26569	0.406	1	1	1.302
1525	lays	26622	0.406	1	1	1.299
1526	list	26655	0.407	1	1	1.298
1527	usually	53352	0.814	2	2	1.296
1528	Richard	53481	0.816	2	1	1.293
1529	Britain	26773	0.409	1	1	1.291
1530	Yea	321813	4.912	12	9	1.289
1531	viz.	161354	2.463	6	5	1.285
1532	leads	26956	0.411	1	1	1.281
1533	Virgin	54072	0.825	2	2	1.277
1534	apparel	27082	0.413	1	1	1.274
1535	sing	54605	0.834	2	2	1.263
1536	Dear	109293	1.668	4	3	1.262
1537	loath	27335	0.417	1	1	1.261
1538	saw	191431	2.922	7	6	1.26
1539	defended	27388	0.418	1	1	1.258
1540	remarkable	27396	0.418	1	1	1.258
1541	turned	109846	1.677	4	4	1.254
1542	pound	54933	0.839	2	2	1.254
1543	vi	55012	0.84	2	2	1.252
1544	old	414305	6.324	15	13	1.246
1545	temples	27639	0.422	1	1	1.245
1546	Boy	27639	0.422	1	1	1.245
1547	suitable	27681	0.423	1	1	1.243
1548	stick	27742	0.423	1	1	1.24
1549	leaving	55555	0.848	2	2	1.238
1550	Sons	139530	2.13	5	5	1.231
1551	Flesh	279311	4.263	10	8	1.23
1552	care	224334	3.424	8	5	1.224
1553	appeal	28134	0.429	1	1	1.22
1554	Followers	28164	0.43	1	1	1.218
1555	Mass	56555	0.863	2	2	1.212
1556	provoke	28409	0.434	1	1	1.206
1557	appears	142173	2.17	5	5	1.204
1558	narrow	28532	0.436	1	1	1.199
1559	st	28567	0.436	1	1	1.198
1560	upon	2522161	38.497	88	41	1.193
1561	Rulers	28709	0.438	1	1	1.19
1562	Family	86324	1.318	3	3	1.187
1563	Vision	28960	0.442	1	1	1.178
1564	Ah	29075	0.444	1	1	1.172
1565	favours	29174	0.445	1	1	1.167
1566	titles	29194	0.446	1	1	1.166
1567	shown	29305	0.447	1	1	1.161
1568	?	2527462	38.578	86	49	1.157
1569	paid	58812	0.898	2	2	1.156
1570	throw	29481	0.45	1	1	1.152
1571	pretty	29773	0.454	1	1	1.138
1572	walking	29776	0.455	1	1	1.138
1573	Rank	29920	0.457	1	1	1.131
1574	get	149760	2.286	5	5	1.129
1575	merry	30040	0.459	1	1	1.125
1576	displeasure	30153	0.46	1	1	1.12
1577	blood	426566	6.511	14	11	1.104
1578	Decrees	30530	0.466	1	1	1.102
1579	Mothers	30565	0.467	1	1	1.1
1580	commend	30571	0.467	1	1	1.1
1581	speaks	153099	2.337	5	4	1.097
1582	Speeches	30693	0.469	1	1	1.094
1583	Unclean	30723	0.469	1	1	1.093
1584	harm	30750	0.469	1	1	1.091
1585	testify	30813	0.47	1	1	1.088
1586	base	61654	0.941	2	2	1.088
1587	heed	61679	0.941	2	2	1.087
1588	en	61856	0.944	2	1	1.083
1589	Idols	30951	0.472	1	1	1.082
1590	represent	31012	0.473	1	1	1.079
1591	whom	782727	11.947	25	20	1.065
1592	complete	31387	0.479	1	1	1.062
1593	shame	94222	1.438	3	3	1.061
1594	company	157530	2.405	5	5	1.056
1595	corrupt	63197	0.965	2	2	1.052
1596	draws	31643	0.483	1	1	1.05
1597	youth	63555	0.97	2	2	1.044
1598	later	31782	0.485	1	1	1.044
1599	hang	31830	0.486	1	1	1.042
1600	oaths	31854	0.486	1	1	1.04
1601	whilst	127767	1.95	4	4	1.036
1602	I.	191916	2.929	6	4	1.034
1603	treat	32126	0.49	1	1	1.028
1604	Deuteronomy	64271	0.981	2	2	1.028
1605	door	64326	0.982	2	2	1.026
1606	consequently	64502	0.985	2	2	1.023
1607	m.	193517	2.954	6	3	1.022
1608	upper	32317	0.493	1	1	1.019
1609	conquest	32321	0.493	1	1	1.019
1610	bosom	32336	0.494	1	1	1.019
1611	begin	97196	1.484	3	3	1.016
1612	Fleet	32439	0.495	1	1	1.014
1613	insomuch	32477	0.496	1	1	1.012
1614	Maintenance	32482	0.496	1	1	1.012
1615	Saints	194939	2.976	6	6	1.012
1616	Israel	162651	2.483	5	4	1.01
1617	remaining	32552	0.497	1	1	1.009
1618	Seed	130549	1.993	4	1	1.005
1619	Praises	32770	0.5	1	1	0.999
1620	serves	32991	0.504	1	1	0.99
1621	peoples	33008	0.504	1	1	0.989
1622	executed	33017	0.504	1	1	0.989
1623	Record	33094	0.505	1	1	0.985
1624	entrance	33397	0.51	1	1	0.972
1625	James	100348	1.532	3	3	0.97
1626	goes	100413	1.533	3	3	0.969
1627	concerns	33496	0.511	1	1	0.968
1628	Hazard	33564	0.512	1	1	0.965
1629	sees	33635	0.513	1	1	0.962
1630	shed	33752	0.515	1	1	0.957
1631	fulfilled	33876	0.517	1	1	0.951
1632	declares	33877	0.517	1	1	0.951
1633	triumph	33934	0.518	1	1	0.949
1634	Horse	136110	2.078	4	3	0.945
1635	Spanish	34036	0.52	1	1	0.945
1636	Judgments	34069	0.52	1	1	0.943
1637	thou	1398203	21.342	41	28	0.942
1638	thousands	34120	0.521	1	1	0.941
1639	advanced	34128	0.521	1	1	0.941
1640	ever	652700	9.963	19	14	0.931
1641	you	3714542	56.697	108	50	0.93
1642	relief	34491	0.527	1	1	0.925
1643	certainty	34519	0.527	1	1	0.924
1644	dreadful	34583	0.528	1	1	0.922
1645	expression	34892	0.533	1	1	0.909
1646	Oft	69946	1.068	2	2	0.906
1647	denied	69953	1.068	2	2	0.905
1648	shows	70001	1.069	2	2	0.904
1649	serious	35051	0.535	1	1	0.902
1650	Art	315875	4.821	9	6	0.9
1651	an	2497908	38.127	71	46	0.897
1652	l	70403	1.075	2	1	0.896
1653	questions	35216	0.538	1	1	0.896
1654	sends	35230	0.538	1	1	0.895
1655	saying	211699	3.231	6	4	0.893
1656	frequently	35397	0.54	1	1	0.888
1657	shortly	35459	0.541	1	1	0.886
1658	Fate	35533	0.542	1	1	0.883
1659	Protestants	71207	1.087	2	2	0.88
1660	Tower	35614	0.544	1	1	0.879
1661	laying	35626	0.544	1	1	0.879
1662	Poverty	35712	0.545	1	1	0.875
1663	lift	35903	0.548	1	1	0.868
1664	Arguments	71833	1.096	2	2	0.867
1665	38	35927	0.548	1	1	0.867
1666	double	72073	1.1	2	1	0.862
1667	hither	36037	0.55	1	1	0.862
1668	whose	468798	7.156	13	12	0.861
1669	moreover	72198	1.102	2	2	0.86
1670	beginning	182083	2.779	5	4	0.847
1671	Enter	145726	2.224	4	3	0.847
1672	tell	255280	3.897	7	6	0.845
1673	Quarter	36659	0.56	1	1	0.838
1674	subtle	36810	0.562	1	1	0.832
1675	proud	73660	1.124	2	2	0.831
1676	quoth	36867	0.563	1	1	0.83
1677	flower	36901	0.563	1	1	0.828
1678	mouths	36905	0.563	1	1	0.828
1679	Red	74028	1.13	2	2	0.824
1680	Palace	37162	0.567	1	1	0.818
1681	Jesuits	37256	0.569	1	1	0.814
1682	fat	37322	0.57	1	1	0.812
1683	Saint	186918	2.853	5	3	0.809
1684	universal	74773	1.141	2	1	0.809
1685	since	412107	6.29	11	10	0.806
1686	intend	37477	0.572	1	1	0.806
1687	meant	112513	1.717	3	3	0.805
1688	needs	150472	2.297	4	4	0.8
1689	succession	37662	0.575	1	1	0.799
1690	caused	113016	1.725	3	2	0.798
1691	agree	75479	1.152	2	2	0.796
1692	masters	75576	1.154	2	2	0.794
1693	Vengeance	37813	0.577	1	1	0.793
1694	evening	37929	0.579	1	1	0.789
1695	stranger	38063	0.581	1	1	0.783
1696	lips	38066	0.581	1	1	0.783
1697	Host	38170	0.583	1	1	0.779
1698	godliness	38251	0.584	1	1	0.776
1699	tyranny	38301	0.585	1	1	0.774
1700	FINIS	38468	0.587	1	1	0.768
1701	deserved	38662	0.59	1	1	0.761
1702	Direction	38731	0.591	1	1	0.758
1703	hide	38812	0.592	1	1	0.755
1704	Fourthly	38947	0.595	1	1	0.75
1705	Cruel	78662	1.201	2	2	0.736
1706	Gen.	118079	1.802	3	3	0.735
1707	maintain	78757	1.202	2	2	0.734
1708	teeth	39404	0.601	1	1	0.734
1709	fit	197019	3.007	5	4	0.734
1710	follows	118360	1.807	3	2	0.732
1711	mountain	39556	0.604	1	1	0.728
1712	bestowed	39589	0.604	1	1	0.727
1713	cost	39743	0.607	1	1	0.721
1714	designed	39808	0.608	1	1	0.719
1715	make	1313915	20.055	33	26	0.719
1716	plead	39869	0.609	1	1	0.717
1717	e.	119746	1.828	3	3	0.715
1718	Fashion	39934	0.61	1	1	0.714
1719	Wars	79970	1.221	2	2	0.712
1720	profane	40020	0.611	1	1	0.711
1721	[	280684	4.284	7	6	0.708
1722	respects	40341	0.616	1	1	0.7
1723	Kings	363629	5.55	9	8	0.697
1724	deceive	40456	0.618	1	1	0.695
1725	comparison	40468	0.618	1	1	0.695
1726	Arts	40476	0.618	1	1	0.695
1727	fain	40564	0.619	1	1	0.692
1728	late	162556	2.481	4	4	0.689
1729	converted	40728	0.622	1	1	0.686
1730	doctrines	40858	0.624	1	1	0.681
1731	govern	40926	0.625	1	1	0.679
1732	forth	410791	6.27	10	7	0.673
1733	Wine	164447	2.51	4	4	0.672
1734	Priest	123560	1.886	3	3	0.67
1735	Ladies	41212	0.629	1	1	0.669
1736	persecution	41265	0.63	1	1	0.667
1737	having	579260	8.842	14	14	0.663
1738	probable	41438	0.633	1	1	0.661
1739	openly	41440	0.633	1	1	0.661
1740	shall	2624249	40.055	63	37	0.653
1741	C	292350	4.462	7	1	0.65
1742	Honey	41845	0.639	1	1	0.647
1743	manners	41947	0.64	1	1	0.643
1744	the	59190422	903.453	1410	285	0.642
1745	Revelation	41988	0.641	1	1	0.642
1746	cure	84022	1.283	2	2	0.641
1747	assure	42163	0.644	1	1	0.636
1748	your	2073026	31.642	49	30	0.631
1749	nine	42485	0.649	1	1	0.625
1750	Fact	42577	0.65	1	1	0.622
1751	virtuous	42661	0.651	1	1	0.619
1752	distinction	42763	0.653	1	1	0.616
1753	Rent	42785	0.653	1	1	0.615
1754	who	2315377	35.341	54	33	0.612
1755	become	172873	2.639	4	4	0.6
1756	meeting	43320	0.661	1	1	0.597
1757	Table	86761	1.324	2	2	0.595
1758	resist	43474	0.664	1	1	0.592
1759	sure	217623	3.322	5	5	0.59
1760	forms	43593	0.665	1	1	0.588
1761	spread	43759	0.668	1	1	0.582
1762	rise	87880	1.341	2	2	0.576
1763	prove	220093	3.359	5	5	0.574
1764	Yours	44031	0.672	1	1	0.573
1765	perfectly	44031	0.672	1	1	0.573
1766	every	1057014	16.134	24	16	0.573
1767	womb	44083	0.673	1	1	0.572
1768	meet	132574	2.024	3	3	0.568
1769	punish	44349	0.677	1	1	0.563
1770	poison	44407	0.678	1	1	0.561
1771	Famous	88824	1.356	2	2	0.561
1772	dust	44440	0.678	1	1	0.56
1773	go	533648	8.145	12	12	0.559
1774	got	88984	1.358	2	1	0.558
1775	does	222564	3.397	5	5	0.558
1776	appearance	44583	0.681	1	1	0.555
1777	privileges	44698	0.682	1	1	0.552
1778	practice	89548	1.367	2	2	0.549
1779	Letter	134624	2.055	3	3	0.546
1780	private	134915	2.059	3	2	0.543
1781	enough	225014	3.435	5	5	0.542
1782	bid	45051	0.688	1	1	0.54
1783	Institution	45069	0.688	1	1	0.54
1784	kindness	45136	0.689	1	1	0.538
1785	mine	181777	2.775	4	4	0.528
1786	begun	45469	0.694	1	1	0.527
1787	me	1731164	26.424	38	22	0.524
1788	Main	45562	0.695	1	1	0.524
1789	judges	91633	1.399	2	2	0.516
1790	nor	1146191	17.495	25	23	0.515
1791	;	9536348	145.558	208	113	0.515
1792	Jurisdiction	45854	0.7	1	1	0.515
1793	fled	45957	0.702	1	1	0.511
1794	cried	45966	0.702	1	1	0.511
1795	stay	91988	1.404	2	2	0.51
1796	fully	92165	1.407	2	2	0.508
1797	rage	46100	0.704	1	1	0.507
1798	how	1244740	18.999	27	22	0.507
1799	began	184715	2.819	4	4	0.505
1800	once	277740	4.239	6	5	0.501
1801	heresy	46327	0.707	1	1	0.5
1802	heads	93035	1.42	2	2	0.494
1803	like	1070087	16.333	23	21	0.494
1804	vice	46611	0.711	1	1	0.491
1805	Gate	46617	0.712	1	1	0.491
1806	bitter	46679	0.713	1	1	0.489
1807	10	233570	3.565	5	4	0.488
1808	cut	140466	2.144	3	3	0.485
1809	eminent	46828	0.715	1	1	0.484
1810	opportunity	46909	0.716	1	1	0.482
1811	Hot	94567	1.443	2	2	0.471
1812	rightly	47299	0.722	1	1	0.47
1813	affected	47304	0.722	1	1	0.47
1814	Though	1040761	15.886	22	15	0.47
1815	rich	142318	2.172	3	3	0.466
1816	Devotion	47524	0.725	1	1	0.463
1817	been	1095200	16.717	23	16	0.46
1818	Devil	190658	2.91	4	4	0.459
1819	lay	238823	3.645	5	5	0.456
1820	beauty	95667	1.46	2	2	0.454
1821	Fury	47909	0.731	1	1	0.451
1822	delight	95852	1.463	2	2	0.451
1823	home	144093	2.199	3	3	0.448
1824	Pope	240165	3.666	5	3	0.448
1825	Quid	48136	0.735	1	1	0.445
1826	ashamed	48199	0.736	1	1	0.443
1827	lies	96467	1.472	2	2	0.442
1828	eat	145185	2.216	3	3	0.437
1829	(	3147389	48.04	65	37	0.436
1830	speaking	96859	1.478	2	2	0.436
1831	Kingdom	388117	5.924	8	8	0.433
1832	and	37698224	575.407	777	261	0.433
1833	degree	97277	1.485	2	2	0.43
1834	noted	48905	0.747	1	1	0.422
1835	spoken	147126	2.246	3	3	0.418
1836	think	539870	8.24	11	7	0.417
1837	times	394191	6.017	8	7	0.411
1838	Child	148012	2.259	3	3	0.409
1839	feared	49375	0.754	1	1	0.408
1840	cruelty	49468	0.755	1	1	0.405
1841	forget	49494	0.756	1	1	0.404
1842	Id	49498	0.756	1	1	0.404
1843	over	545201	8.322	11	8	0.403
1844	Beasts	99530	1.519	2	2	0.397
1845	Hell	149518	2.282	3	3	0.395
1846	few	199429	3.044	4	4	0.394
1847	Whence	149816	2.287	3	3	0.392
1848	on	1948583	29.742	39	35	0.391
1849	write	99970	1.526	2	2	0.39
1850	belly	50036	0.764	1	1	0.389
1851	Lamb	50063	0.764	1	1	0.388
1852	7	251211	3.834	5	5	0.383
1853	indeed	301803	4.607	6	5	0.381
1854	take	907131	13.846	18	16	0.379
1855	Dominion	50446	0.77	1	1	0.377
1856	should	1871070	28.559	37	25	0.374
1857	name	607418	9.271	12	11	0.372
1858	instruments	50653	0.773	1	1	0.371
1859	always	304181	4.643	6	5	0.37
1860	with	6743369	102.927	133	85	0.37
1861	I	6187300	94.44	122	71	0.369
1862	Sacraments	50743	0.775	1	1	0.369
1863	Catholic	101512	1.549	2	2	0.368
1864	revealed	50925	0.777	1	1	0.363
1865	F	50955	0.778	1	1	0.363
1866	punished	51064	0.779	1	1	0.36
1867	comes	255457	3.899	5	4	0.359
1868	exercise	102303	1.562	2	2	0.357
1869	Robert	51164	0.781	1	1	0.357
1870	Confusion	51173	0.781	1	1	0.356
1871	danger	153644	2.345	3	3	0.355
1872	,	97296499	1485.085	1899	397	0.355
1873	Commandments	51345	0.784	1	1	0.352
1874	known	257669	3.933	5	5	0.346
1875	unless	154621	2.36	3	3	0.346
1876	Five	154870	2.364	3	2	0.344
1877	single	51634	0.788	1	1	0.344
1878	worship	206782	3.156	4	3	0.342
1879	John	415725	6.345	8	8	0.334
1880	little	624322	9.529	12	8	0.333
1881	or	6140246	93.722	118	69	0.332
1882	learn	104113	1.589	2	2	0.332
1883	Bless	52076	0.795	1	1	0.331
1884	)	3126749	47.725	60	38	0.33
1885	Green	52193	0.797	1	1	0.328
1886	born	104623	1.597	2	2	0.325
1887	yet	1835928	28.023	35	26	0.321
1888	excuse	52632	0.803	1	1	0.316
1889	Pride	105444	1.609	2	2	0.313
1890	Vain	158202	2.415	3	3	0.313
1891	fight	105643	1.613	2	2	0.311
1892	loving	52941	0.808	1	1	0.307
1893	suddenly	53066	0.81	1	1	0.304
1894	removed	53515	0.817	1	1	0.292
1895	Count	53522	0.817	1	1	0.292
1896	setting	53750	0.82	1	1	0.286
1897	back	161359	2.463	3	3	0.285
1898	gross	53803	0.821	1	1	0.284
1899	manifest	107661	1.643	2	2	0.283
1900	Vanity	53871	0.822	1	1	0.282
1901	secret	108173	1.651	2	2	0.277
1902	knew	162531	2.481	3	3	0.274
1903	grow	108376	1.654	2	2	0.274
1904	next	271507	4.144	5	4	0.271
1905	sheweth	54422	0.831	1	1	0.268
1906	night	217853	3.325	4	4	0.267
1907	Decree	54592	0.833	1	1	0.263
1908	Lusts	54617	0.834	1	1	0.263
1909	Seal	54620	0.834	1	1	0.262
1910	hear	273421	4.173	5	5	0.261
1911	Accordingly	54707	0.835	1	1	0.26
1912	allow	54968	0.839	1	1	0.253
1913	hereby	55021	0.84	1	1	0.252
1914	mentioned	110171	1.682	2	2	0.25
1915	Countenance	55145	0.842	1	1	0.249
1916	discover	55186	0.842	1	1	0.248
1917	My	2492426	38.043	45	30	0.242
1918	published	55591	0.849	1	1	0.237
1919	never	778679	11.885	14	12	0.236
1920	sold	55694	0.85	1	1	0.234
1921	question	167153	2.551	3	3	0.234
1922	self	948089	14.471	17	14	0.232
1923	of	39170514	597.879	701	243	0.23
1924	Love	838220	12.794	15	10	0.229
1925	Judgement	111780	1.706	2	2	0.229
1926	R.	112114	1.711	2	1	0.225
1927	away	504942	7.707	9	9	0.224
1928	breast	56115	0.857	1	1	0.223
1929	Principle	56247	0.859	1	1	0.22
1930	Consciences	56276	0.859	1	1	0.219
1931	accounted	56307	0.859	1	1	0.219
1932	24.	56559	0.863	1	1	0.212
1933	filled	56573	0.864	1	1	0.212
1934	what	2320680	35.422	41	34	0.211
1935	Elect	56959	0.869	1	1	0.202
1936	seen	227877	3.478	4	4	0.202
1937	Idolatry	57073	0.871	1	1	0.199
1938	Master	228418	3.487	4	3	0.198
1939	3	571164	8.718	10	10	0.198
1940	houses	114523	1.748	2	2	0.194
1941	dark	57339	0.875	1	1	0.192
1942	apply	57357	0.876	1	1	0.192
1943	wit	172149	2.628	3	3	0.191
1944	wives	57399	0.876	1	1	0.191
1945	distance	57644	0.88	1	1	0.185
1946	one	2538275	38.743	44	32	0.184
1947	seeing	231216	3.529	4	4	0.181
1948	pretend	57850	0.883	1	1	0.18
1949	overcome	57959	0.885	1	1	0.177
1950	finding	57977	0.885	1	1	0.176
1951	Queen	174640	2.666	3	2	0.171
1952	Believers	58227	0.889	1	1	0.17
1953	perish	58343	0.891	1	1	0.167
1954	wont	58350	0.891	1	1	0.167
1955	sea	233892	3.57	4	3	0.164
1956	than	940786	14.36	16	15	0.156
1957	fire	294315	4.492	5	5	0.154
1958	Devils	59091	0.902	1	1	0.149
1959	proved	118293	1.806	2	2	0.148
1960	command	177468	2.709	3	3	0.147
1961	within	355110	5.42	6	4	0.147
1962	ill	177562	2.71	3	3	0.147
1963	Sect.	59519	0.909	1	1	0.138
1964	23.	59639	0.91	1	1	0.136
1965	neither	537051	8.197	9	9	0.135
1966	&c.	299097	4.565	5	5	0.131
1967	makes	359288	5.484	6	6	0.13
1968	Magistrates	59888	0.914	1	1	0.13
1969	heavy	59956	0.915	1	1	0.128
1970	Supper	60000	0.916	1	1	0.127
1971	kept	180349	2.753	3	3	0.124
1972	Story	60177	0.919	1	1	0.123
1973	o	541781	8.27	9	9	0.122
1974	half	181109	2.764	3	3	0.118
1975	hardly	60401	0.922	1	1	0.117
1976	did	1515759	23.136	25	21	0.112
1977	War	243324	3.714	4	3	0.107
1978	Excellency	60896	0.93	1	1	0.105
1979	found	426408	6.509	7	7	0.105
1980	have	4691254	71.605	77	45	0.105
1981	civil	121918	1.861	2	2	0.104
1982	mean	244094	3.726	4	4	0.102
1983	asked	61036	0.932	1	1	0.102
1984	know	736780	11.246	12	12	0.094
1985	join	61462	0.938	1	1	0.092
1986	takes	123079	1.879	2	2	0.09
1987	many	1356675	20.708	22	14	0.087
1988	England	309285	4.721	5	5	0.083
1989	de	804522	12.28	13	4	0.082
1990	kind	310094	4.733	5	5	0.079
1991	For	9369441	143.011	151	88	0.078
1992	that	17465266	266.581	281	149	0.076
1993	scarce	62192	0.949	1	1	0.075
1994	changed	62232	0.95	1	1	0.074
1995	T	186780	2.851	3	2	0.074
1996	.	39047260	595.998	625	211	0.069
1997	open	187653	2.864	3	3	0.067
1998	true	751380	11.469	12	6	0.065
1999	value	62647	0.956	1	1	0.065
2000	made	1503973	22.956	24	16	0.064
2001	deed	62715	0.957	1	1	0.063
2002	Money	188212	2.873	3	3	0.063
2003	Pleasures	62853	0.959	1	1	0.06
2004	rejoice	63078	0.963	1	1	0.055
2005	thereunto	63207	0.965	1	1	0.052
2006	now	1519152	23.188	24	17	0.05
2007	friends	189996	2.9	3	3	0.049
2008	sooner	63462	0.969	1	1	0.046
2009	but	6983890	106.599	110	67	0.045
2010	Servant	127075	1.94	2	2	0.044
2011	ours	63665	0.972	1	1	0.041
2012	suffer	191145	2.918	3	2	0.04
2013	Carnal	63756	0.973	1	1	0.039
2014	case	319514	4.877	5	5	0.036
2015	Miles	63925	0.976	1	1	0.035
2016	freely	63939	0.976	1	1	0.035
2017	Temple	127888	1.952	2	2	0.035
2018	b.	127907	1.952	2	1	0.035
2019	chiefly	64176	0.98	1	1	0.03
2020	taught	128541	1.962	2	2	0.028
2021	Glorious	128843	1.967	2	2	0.024
2022	g	64551	0.985	1	1	0.021
2023	ways	194504	2.969	3	2	0.015
2024	safe	64842	0.99	1	1	0.015
2025	which	6940930	105.943	107	50	0.014
2026	18	129797	1.981	2	2	0.014
2027	Months	65020	0.992	1	1	0.011
2028	making	195439	2.983	3	3	0.008
2029	affirm	65605	1.001	1	1	-0.002
2030	lying	65748	1.004	1	1	-0.005
2031	greatly	65797	1.004	1	1	-0.006
2032	uses	66025	1.008	1	1	-0.011
2033	errors	66120	1.009	1	1	-0.013
2034	gathered	66412	1.014	1	1	-0.02
2035	Corruption	66477	1.015	1	1	-0.021
2036	wherein	332751	5.079	5	3	-0.023
2037	Beloved	66576	1.016	1	1	-0.023
2038	simple	66612	1.017	1	1	-0.024
2039	after	1272516	19.423	19	15	-0.032
2040	greatest	200955	3.067	3	3	-0.032
2041	if	3293480	50.27	49	45	-0.037
2042	Clergy	67422	1.029	1	1	-0.041
2043	V.	202373	3.089	3	3	-0.042
2044	white	134914	2.059	2	1	-0.042
2045	Jacob	67737	1.034	1	1	-0.048
2046	dare	135920	2.075	2	2	-0.053
2047	people	885047	13.509	13	5	-0.055
2048	say	1089806	16.634	16	15	-0.056
2049	twelve	68218	1.041	1	1	-0.058
2050	e	136544	2.084	2	2	-0.059
2051	Confession	68490	1.045	1	1	-0.064
2052	looked	68727	1.049	1	1	-0.069
2053	real	68772	1.05	1	1	-0.07
2054	Subject	206440	3.151	3	3	-0.071
2055	give	758276	11.574	11	9	-0.073
2056	was	5179337	79.055	75	51	-0.076
2057	do	2417629	36.902	35	26	-0.076
2058	appeared	69228	1.057	1	1	-0.08
2059	tender	69450	1.06	1	1	-0.084
2060	Is	12301699	187.767	177	93	-0.085
2061	strange	139257	2.126	2	2	-0.088
2062	under	696455	10.63	10	6	-0.088
2063	first	1465032	22.362	21	20	-0.091
2064	Crown	140652	2.147	2	1	-0.102
2065	this	6548918	99.959	93	50	-0.104
2066	farther	70765	1.08	1	1	-0.111
2067	hundred	212307	3.241	3	3	-0.111
2068	dwell	70987	1.084	1	1	-0.116
2069	thinks	71088	1.085	1	1	-0.118
2070	disease	71132	1.086	1	1	-0.119
2071	nothing	640275	9.773	9	8	-0.119
2072	wrong	71272	1.088	1	1	-0.122
2073	following	142882	2.181	2	2	-0.125
2074	]	429805	6.56	6	5	-0.129
2075	be	9896153	151.05	138	83	-0.13
2076	deny	143761	2.194	2	2	-0.134
2077	aut	71993	1.099	1	1	-0.136
2078	had	2740575	41.831	38	33	-0.139
2079	because	1157094	17.661	16	15	-0.143
2080	forward	72541	1.107	1	1	-0.147
2081	met	72645	1.109	1	1	-0.149
2082	gave	290757	4.438	4	4	-0.15
2083	pleasant	72707	1.11	1	1	-0.15
2084	19.	72769	1.111	1	1	-0.151
2085	am	509469	7.776	7	7	-0.152
2086	Priests	145909	2.227	2	2	-0.155
2087	preached	73136	1.116	1	1	-0.159
2088	fail	73352	1.12	1	1	-0.163
2089	help	220081	3.359	3	3	-0.163
2090	p.	440626	6.726	6	4	-0.165
2091	noble	146938	2.243	2	2	-0.165
2092	became	73544	1.123	1	1	-0.167
2093	during	74035	1.13	1	1	-0.176
2094	no	2739631	41.816	37	33	-0.177
2095	must	1333555	20.355	18	15	-0.177
2096	doth	963309	14.704	13	11	-0.178
2097	wherewith	74362	1.135	1	1	-0.183
2098	set	595126	9.084	8	6	-0.183
2099	still	373001	5.693	5	4	-0.187
2100	ruin	74606	1.139	1	1	-0.187
2101	thy	1346327	20.55	18	14	-0.191
2102	placed	75106	1.146	1	1	-0.197
2103	while	300747	4.591	4	4	-0.199
2104	expressed	75252	1.149	1	1	-0.2
2105	Isa.	75282	1.149	1	1	-0.201
2106	shalt	151151	2.307	2	1	-0.206
2107	Ages	75749	1.156	1	1	-0.209
2108	another	682313	10.415	9	8	-0.211
2109	7.	151741	2.316	2	2	-0.212
2110	short	151930	2.319	2	2	-0.214
2111	says	304429	4.647	4	3	-0.216
2112	none	383245	5.85	5	5	-0.226
2113	Popes	76677	1.17	1	1	-0.227
2114	formerly	76730	1.171	1	1	-0.228
2115	wish	76763	1.172	1	1	-0.229
2116	ignorance	77023	1.176	1	1	-0.233
2117	power	776557	11.853	10	6	-0.245
2118	Ships	77763	1.187	1	1	-0.247
2119	28	77934	1.19	1	1	-0.25
2120	credit	77984	1.19	1	1	-0.251
2121	birth	78181	1.193	1	1	-0.255
2122	own	1256418	19.177	16	15	-0.261
2123	rather	393402	6.005	5	5	-0.264
2124	will	2993503	45.691	38	29	-0.266
2125	whereupon	78977	1.206	1	1	-0.27
2126	sleep	79160	1.208	1	1	-0.273
2127	soul	555660	8.481	7	6	-0.277
2128	means	397591	6.069	5	5	-0.279
2129	intended	80059	1.222	1	1	-0.289
2130	ears	80061	1.222	1	1	-0.289
2131	taken	481305	7.346	6	4	-0.292
2132	out	1686345	25.74	21	19	-0.294
2133	mouth	161086	2.459	2	2	-0.298
2134	off	323311	4.935	4	4	-0.303
2135	are	5017099	76.579	62	43	-0.305
2136	all	5908829	90.189	73	48	-0.305
2137	sin	729699	11.138	9	9	-0.307
2138	hold	243646	3.719	3	3	-0.31
2139	Religion	406309	6.202	5	4	-0.311
2140	Lastly	81334	1.241	1	1	-0.312
2141	Bishop	244304	3.729	3	1	-0.314
2142	long	571124	8.717	7	6	-0.317
2143	se	163405	2.494	2	2	-0.319
2144	conceive	81841	1.249	1	1	-0.321
2145	told	164509	2.511	2	2	-0.328
2146	lead	83367	1.273	1	1	-0.348
2147	when	2343068	35.763	28	25	-0.353
2148	against	1339213	20.441	16	9	-0.353
2149	very	1174247	17.923	14	12	-0.356
2150	spake	83909	1.281	1	1	-0.357
2151	page	252043	3.847	3	3	-0.359
2152	favour	168241	2.568	2	2	-0.361
2153	chosen	84591	1.291	1	1	-0.369
2154	gifts	84700	1.293	1	1	-0.37
2155	fly	84799	1.294	1	1	-0.372
2156	preaching	85136	1.3	1	1	-0.378
2157	haste	258415	3.944	3	2	-0.395
2158	enjoy	86143	1.315	1	1	-0.395
2159	:	8018849	122.396	93	73	-0.396
2160	close	86281	1.317	1	1	-0.397
2161	Tim	86301	1.317	1	1	-0.398
2162	these	1985969	30.313	23	21	-0.398
2163	righteous	86685	1.323	1	1	-0.404
2164	too	521045	7.953	6	6	-0.407
2165	named	86879	1.326	1	1	-0.407
2166	sight	174034	2.656	2	1	-0.409
2167	whether	435425	6.646	5	5	-0.411
2168	see	961542	14.677	11	11	-0.416
2169	returned	87529	1.336	1	1	-0.418
2170	reward	88300	1.348	1	1	-0.431
2171	at	3182175	48.571	36	32	-0.432
2172	may	2661871	40.63	30	21	-0.438
2173	better	443737	6.773	5	5	-0.438
2174	seems	178155	2.719	2	2	-0.443
2175	satisfaction	89126	1.36	1	1	-0.444
2176	therein	178975	2.732	2	2	-0.45
2177	Ignorant	89578	1.367	1	1	-0.451
2178	again	627628	9.58	7	6	-0.453
2179	forced	89873	1.372	1	1	-0.456
2180	then	2700348	41.217	30	23	-0.458
2181	Earth	451529	6.892	5	4	-0.463
2182	chap	271060	4.137	3	2	-0.464
2183	willing	90371	1.379	1	1	-0.464
2184	affections	90463	1.381	1	1	-0.466
2185	sins	361871	5.523	4	4	-0.466
2186	Where	1086411	16.582	12	10	-0.467
2187	black	90820	1.386	1	1	-0.471
2188	Easy	91240	1.393	1	1	-0.478
2189	possible	91250	1.393	1	1	-0.478
2190	well	1096551	16.737	12	12	-0.48
2191	strong	182777	2.79	2	2	-0.48
2192	Guilty	91473	1.396	1	1	-0.482
2193	Wherefore	183911	2.807	2	2	-0.489
2194	not	8929558	136.296	97	61	-0.491
2195	laid	184949	2.823	2	2	-0.497
2196	surely	92689	1.415	1	1	-0.501
2197	learning	92794	1.416	1	1	-0.502
2198	want	185706	2.835	2	2	-0.503
2199	written	186305	2.844	2	2	-0.508
2200	oil	93227	1.423	1	1	-0.509
2201	up	1119358	17.085	12	10	-0.51
2202	pleasure	186565	2.848	2	2	-0.51
2203	ask	93732	1.431	1	1	-0.517
2204	riches	93796	1.432	1	1	-0.518
2205	ones	94155	1.437	1	1	-0.523
2206	Marriage	94195	1.438	1	1	-0.524
2207	City	377406	5.761	4	4	-0.526
2208	hand	471988	7.204	5	4	-0.527
2209	can	1982819	30.265	21	19	-0.527
2210	History	94546	1.443	1	1	-0.529
2211	said	1514302	23.114	16	16	-0.531
2212	sacred	94725	1.446	1	1	-0.532
2213	meat	94824	1.447	1	1	-0.533
2214	also	1433690	21.883	15	12	-0.545
2215	came	478712	7.307	5	4	-0.547
2216	gives	192161	2.933	2	2	-0.552
2217	sorrow	96091	1.467	1	1	-0.553
2218	Children	387096	5.908	4	4	-0.563
2219	as	9292085	141.83	96	64	-0.563
2220	resolved	96934	1.48	1	1	-0.565
2221	his	9217642	140.694	95	70	-0.567
2222	Come	1165618	17.791	12	11	-0.568
2223	hope	292642	4.467	3	2	-0.574
2224	St.	195546	2.985	2	2	-0.578
2225	strength	196140	2.994	2	2	-0.582
2226	withal	98276	1.5	1	1	-0.585
2227	granted	98434	1.502	1	1	-0.587
2228	most	1280269	19.541	13	12	-0.588
2229	thus	788750	12.039	8	8	-0.59
2230	brought	394377	6.02	4	2	-0.59
2231	serve	198842	3.035	2	2	-0.602
2232	they	6960305	106.239	70	46	-0.602
2233	perhaps	99958	1.526	1	1	-0.609
2234	suffered	100182	1.529	1	1	-0.613
2235	to	27864128	425.304	278	149	-0.613
2236	declare	100528	1.534	1	1	-0.618
2237	Thomas	100867	1.54	1	1	-0.623
2238	could	808277	12.337	8	8	-0.625
2239	even	607522	9.273	6	6	-0.628
2240	Age	202681	3.094	2	2	-0.629
2241	Churches	202693	3.094	2	2	-0.629
2242	several	304872	4.653	3	2	-0.633
2243	ought	406522	6.205	4	3	-0.633
2244	Communion	101932	1.556	1	1	-0.638
2245	lest	101960	1.556	1	1	-0.638
2246	Holiness	103065	1.573	1	1	-0.654
2247	SPEECH	103090	1.574	1	1	-0.654
2248	bring	310345	4.737	3	3	-0.659
2249	morning	103706	1.583	1	1	-0.663
2250	Man	1972758	30.111	19	16	-0.664
2251	thousand	207672	3.17	2	2	-0.664
2252	Twenty	103869	1.585	1	1	-0.665
2253	Consider	208021	3.175	2	2	-0.667
2254	thee	728077	11.113	7	5	-0.667
2255	suppose	104105	1.589	1	1	-0.668
2256	Sign	104160	1.59	1	1	-0.669
2257	him	4270811	65.188	41	27	-0.669
2258	appear	209107	3.192	2	2	-0.674
2259	pain	105190	1.606	1	1	-0.683
2260	longer	105304	1.607	1	1	-0.685
2261	going	105462	1.61	1	1	-0.687
2262	might	949632	14.495	9	9	-0.688
2263	account	211262	3.225	2	2	-0.689
2264	b	106037	1.619	1	1	-0.695
2265	21	106558	1.626	1	1	-0.702
2266	pay	106691	1.629	1	1	-0.704
2267	down	533657	8.146	5	5	-0.704
2268	pure	107081	1.634	1	1	-0.709
2269	mighty	107406	1.639	1	1	-0.713
2270	live	322774	4.927	3	3	-0.716
2271	more	2262327	34.531	21	21	-0.718
2272	sound	107925	1.647	1	1	-0.72
2273	2	973176	14.854	9	9	-0.723
2274	Jerusalem	108264	1.653	1	1	-0.725
2275	here	866663	13.228	8	7	-0.726
2276	drawn	108352	1.654	1	1	-0.726
2277	Error	108610	1.658	1	1	-0.729
2278	from	3924250	59.898	36	29	-0.735
2279	Witness	109825	1.676	1	1	-0.745
2280	State	329799	5.034	3	2	-0.747
2281	only	1544540	23.575	14	14	-0.752
2282	Heb.	110708	1.69	1	1	-0.757
2283	Le	110821	1.692	1	1	-0.758
2284	plainly	111081	1.696	1	1	-0.762
2285	any	2444028	37.304	22	20	-0.762
2286	Satan	111662	1.704	1	1	-0.769
2287	m	111752	1.706	1	1	-0.77
2288	best	335557	5.122	3	3	-0.772
2289	therefore	1231317	18.794	11	9	-0.773
2290	heart	559805	8.545	5	5	-0.773
2291	equal	111972	1.709	1	1	-0.773
2292	creature	112250	1.713	1	1	-0.777
2293	gone	112323	1.714	1	1	-0.778
2294	punishment	113533	1.733	1	1	-0.793
2295	end	571167	8.718	5	5	-0.802
2296	often	229358	3.501	2	2	-0.808
2297	River	115702	1.766	1	1	-0.82
2298	Reign	115734	1.767	1	1	-0.821
2299	two	926661	14.144	8	7	-0.822
2300	title	115960	1.77	1	1	-0.824
2301	so	5366625	81.914	46	37	-0.832
2302	Tongue	116704	1.781	1	1	-0.833
2303	parts	350458	5.349	3	2	-0.834
2304	length	117029	1.786	1	1	-0.837
2305	stand	235721	3.598	2	2	-0.847
2306	ye	825703	12.603	7	4	-0.848
2307	before	1422340	21.71	12	12	-0.855
2308	repentance	118567	1.81	1	1	-0.856
2309	life	948809	14.482	8	7	-0.856
2310	certainly	118694	1.812	1	1	-0.857
2311	such	2262212	34.529	19	19	-0.862
2312	19	119133	1.818	1	1	-0.863
2313	selves	358503	5.472	3	3	-0.867
2314	presently	119716	1.827	1	1	-0.87
2315	Names	120160	1.834	1	1	-0.875
2316	done	601055	9.174	5	5	-0.876
2317	send	120341	1.837	1	1	-0.877
2318	Answer	362673	5.536	3	3	-0.884
2319	without	1089706	16.633	9	8	-0.886
2320	pray	242183	3.697	2	2	-0.886
2321	took	243304	3.714	2	2	-0.893
2322	Party	122702	1.873	1	1	-0.905
2323	given	491070	7.495	4	4	-0.906
2324	through	491298	7.499	4	4	-0.907
2325	past	123448	1.884	1	1	-0.914
2326	day	864384	13.194	7	7	-0.914
2327	certain	370843	5.66	3	3	-0.916
2328	would	1733888	26.465	14	14	-0.919
2329	counsel	124075	1.894	1	1	-0.921
2330	Honour	374182	5.711	3	3	-0.929
2331	according	502781	7.674	4	4	-0.94
2332	each	252025	3.847	2	2	-0.944
2333	trust	126242	1.927	1	1	-0.946
2334	among	379416	5.791	3	3	-0.949
2335	Books	126983	1.938	1	1	-0.955
2336	receive	254239	3.881	2	2	-0.956
2337	confess	127821	1.951	1	1	-0.964
2338	grant	129668	1.979	1	1	-0.985
2339	in	20011385	305.444	154	92	-0.988
2340	former	261116	3.986	2	2	-0.995
2341	Prayers	131302	2.004	1	1	-1.003
2342	judge	262867	4.012	2	2	-1.004
2343	other	2103223	32.103	16	14	-1.005
2344	some	1845849	28.174	14	12	-1.009
2345	happy	132157	2.017	1	1	-1.012
2346	Laws	264682	4.04	2	2	-1.014
2347	leave	264688	4.04	2	2	-1.014
2348	about	661900	10.103	5	5	-1.015
2349	went	264770	4.041	2	2	-1.015
2350	please	133516	2.038	1	1	-1.027
2351	he	9215356	140.659	69	59	-1.028
2352	17	133873	2.043	1	1	-1.031
2353	fall	267911	4.089	2	2	-1.032
2354	10.	134546	2.054	1	1	-1.038
2355	teach	134574	2.054	1	1	-1.039
2356	S.	403850	6.164	3	3	-1.039
2357	run	134767	2.057	1	1	-1.041
2358	draw	134904	2.059	1	1	-1.042
2359	Soldiers	136167	2.078	1	1	-1.055
2360	large	136943	2.09	1	1	-1.064
2361	goodness	137312	2.096	1	1	-1.068
2362	part	827721	12.634	6	4	-1.074
2363	lawful	138238	2.11	1	1	-1.077
2364	Friend	138523	2.114	1	1	-1.08
2365	bound	138712	2.117	1	1	-1.082
2366	both	976138	14.899	7	6	-1.09
2367	by	7416468	113.201	53	42	-1.095
2368	high	281250	4.293	2	2	-1.102
2369	else	281410	4.295	2	2	-1.103
2370	death	707920	10.805	5	4	-1.112
2371	Angels	142073	2.169	1	1	-1.117
2372	left	284479	4.342	2	2	-1.118
2373	die	284558	4.343	2	2	-1.119
2374	showed	142959	2.182	1	1	-1.126
2375	Air	144042	2.199	1	1	-1.137
2376	David	144398	2.204	1	1	-1.14
2377	4	434750	6.636	3	3	-1.145
2378	20	145215	2.217	1	1	-1.148
2379	far	439291	6.705	3	3	-1.16
2380	Foot	146629	2.238	1	1	-1.162
2381	afterwards	146805	2.241	1	1	-1.164
2382	London	146866	2.242	1	1	-1.165
2383	their	5435041	82.958	37	30	-1.165
2384	commanded	147447	2.251	1	1	-1.17
2385	together	444738	6.788	3	3	-1.178
2386	Nation	148522	2.267	1	1	-1.181
2387	notwithstanding	148685	2.27	1	1	-1.182
2388	thing	892670	13.625	6	6	-1.183
2389	taking	148788	2.271	1	1	-1.183
2390	last	450430	6.875	3	3	-1.196
2391	those	1667771	25.456	11	11	-1.211
2392	easily	151870	2.318	1	1	-1.213
2393	&	2737777	41.788	18	17	-1.215
2394	Behold	152112	2.322	1	1	-1.215
2395	Gold	152169	2.323	1	1	-1.216
2396	Moses	152440	2.327	1	1	-1.218
2397	There	2595192	39.612	17	16	-1.22
2398	Prince	306162	4.673	2	1	-1.224
2399	plain	154580	2.359	1	1	-1.238
2400	15	154905	2.364	1	1	-1.241
2401	Christ	1858951	28.374	12	10	-1.242
2402	Excellent	155285	2.37	1	1	-1.245
2403	sweet	155475	2.373	1	1	-1.247
2404	bread	156950	2.396	1	1	-1.26
2405	Subjects	157137	2.399	1	1	-1.262
2406	nay	158341	2.417	1	1	-1.273
2407	sayeth	633645	9.672	4	4	-1.274
2408	causes	158986	2.427	1	1	-1.279
2409	least	319491	4.877	2	2	-1.286
2410	Secondly	160056	2.443	1	1	-1.289
2411	words	643917	9.828	4	4	-1.297
2412	Lives	161569	2.466	1	1	-1.302
2413	enemy	162072	2.474	1	1	-1.307
2414	seek	163878	2.501	1	1	-1.323
2415	we	4105074	62.658	25	14	-1.326
2416	lost	164242	2.507	1	1	-1.326
2417	Course	166149	2.536	1	1	-1.343
2418	them	4855982	74.119	29	24	-1.354
2419	comfort	167468	2.556	1	1	-1.354
2420	Heaven	503504	7.685	3	2	-1.357
2421	worthy	168026	2.565	1	1	-1.359
2422	Scriptures	168254	2.568	1	1	-1.361
2423	head	338290	5.164	2	2	-1.368
2424	whatsoever	170245	2.599	1	1	-1.378
2425	Whereas	170273	2.599	1	1	-1.378
2426	Ministers	171247	2.614	1	1	-1.386
2427	full	343239	5.239	2	2	-1.389
2428	into	1727535	26.368	10	9	-1.399
2429	thereby	172833	2.638	1	1	-1.399
2430	Arms	173309	2.645	1	1	-1.403
2431	form	173701	2.651	1	1	-1.407
2432	Show	349122	5.329	2	2	-1.414
2433	english	176398	2.693	1	1	-1.429
2434	being	1764433	26.931	10	10	-1.429
2435	return	177443	2.708	1	1	-1.437
2436	Obedience	177681	2.712	1	1	-1.439
2437	11	177974	2.717	1	1	-1.442
2438	whole	534092	8.152	3	3	-1.442
2439	Law	712338	10.873	4	3	-1.443
2440	charge	178431	2.724	1	1	-1.445
2441	joy	178769	2.729	1	1	-1.448
2442	Bishops	179221	2.736	1	1	-1.452
2443	Qui	180997	2.763	1	1	-1.466
2444	mans	181090	2.764	1	1	-1.467
2445	Person	366738	5.598	2	2	-1.485
2446	Father	550491	8.402	3	3	-1.486
2447	town	184940	2.823	1	1	-1.497
2448	understand	185715	2.835	1	1	-1.503
2449	world	932868	14.239	5	5	-1.51
2450	Army	188187	2.872	1	1	-1.522
2451	themselves	761621	11.625	4	4	-1.539
2452	Learned	191725	2.926	1	1	-1.549
2453	6.	191822	2.928	1	1	-1.55
2454	it	11231693	171.435	58	47	-1.564
2455	let	968524	14.783	5	5	-1.564
2456	Liberty	193859	2.959	1	1	-1.565
2457	eternal	195016	2.977	1	1	-1.574
2458	days	393520	6.007	2	2	-1.587
2459	est	394171	6.016	2	2	-1.589
2460	Jews	197436	3.014	1	1	-1.591
2461	sort	197789	3.019	1	1	-1.594
2462	light	399350	6.096	2	1	-1.608
2463	Et	199777	3.049	1	1	-1.608
2464	use	603174	9.207	3	3	-1.618
2465	nature	607747	9.276	3	3	-1.629
2466	fear	406154	6.199	2	2	-1.632
2467	coming	203089	3.1	1	1	-1.632
2468	were	2871299	43.826	14	14	-1.646
2469	rule	207621	3.169	1	1	-1.664
2470	unto	1880305	28.7	9	6	-1.673
2471	need	211437	3.227	1	1	-1.69
2472	follow	211834	3.233	1	1	-1.693
2473	although	212964	3.251	1	1	-1.701
2474	himself	1068396	16.308	5	5	-1.706
2475	Fathers	213875	3.265	1	1	-1.707
2476	point	214098	3.268	1	1	-1.708
2477	likewise	215998	3.297	1	1	-1.721
2478	free	216340	3.302	1	1	-1.723
2479	opinion	217543	3.321	1	1	-1.731
2480	Apostles	218745	3.339	1	1	-1.739
2481	whereby	220196	3.361	1	1	-1.749
2482	especially	220705	3.369	1	1	-1.752
2483	Reason	664880	10.148	3	3	-1.758
2484	service	222275	3.393	1	1	-1.762
2485	ut	222815	3.401	1	1	-1.766
2486	otherwise	223302	3.408	1	1	-1.769
2487	heard	225126	3.436	1	1	-1.781
2488	blessed	226222	3.453	1	1	-1.788
2489	sometimes	226924	3.464	1	1	-1.792
2490	Council	228985	3.495	1	1	-1.805
2491	cast	229673	3.506	1	1	-1.81
2492	good	1608969	24.559	7	6	-1.811
2493	besides	231481	3.533	1	1	-1.821
2494	Near	232787	3.553	1	1	-1.829
2495	find	472931	7.219	2	2	-1.852
2496	body	712249	10.871	3	3	-1.858
2497	time	1426900	21.78	6	6	-1.86
2498	hearts	239757	3.66	1	1	-1.872
2499	much	1448309	22.106	6	6	-1.881
2500	8	242055	3.695	1	1	-1.885
2501	Justice	242072	3.695	1	1	-1.886
2502	souls	242572	3.703	1	1	-1.888
2503	further	242781	3.706	1	1	-1.89
2504	wicked	246712	3.766	1	1	-1.913
2505	small	246878	3.768	1	1	-1.914
2506	4.	246979	3.77	1	1	-1.914
2507	word	751485	11.47	3	2	-1.935
2508	same	1256120	19.173	5	5	-1.939
2509	amongst	251926	3.845	1	1	-1.943
2510	Enemies	253975	3.877	1	1	-1.955
2511	Faith	762492	11.638	3	3	-1.956
2512	Verse	254782	3.889	1	1	-1.959
2513	Look	255208	3.895	1	1	-1.962
2514	dead	259219	3.957	1	1	-1.984
2515	truth	521766	7.964	2	2	-1.993
2516	God	4174430	63.716	16	14	-1.994
2517	concerning	262903	4.013	1	1	-2.005
2518	number	269531	4.114	1	1	-2.041
2519	things	1357990	20.728	5	5	-2.052
2520	Mr.	271819	4.149	1	1	-2.053
2521	read	271950	4.151	1	1	-2.053
2522	Mercy	275937	4.212	1	1	-2.074
2523	received	280865	4.287	1	1	-2.1
2524	greater	281340	4.294	1	1	-2.102
2525	Divine	282661	4.314	1	1	-2.109
2526	Sense	285637	4.36	1	1	-2.124
2527	C.	296045	4.519	1	1	-2.176
2528	our	3333885	50.887	11	10	-2.21
2529	Christian	303553	4.633	1	1	-2.212
2530	Put	607656	9.275	2	2	-2.213
2531	6	304045	4.641	1	1	-2.214
2532	places	305157	4.658	1	1	-2.22
2533	desire	306364	4.676	1	1	-2.225
2534	Country	310285	4.736	1	1	-2.244
2535	Gods	640962	9.783	2	2	-2.29
2536	Between	321208	4.903	1	1	-2.294
2537	act	322490	4.922	1	1	-2.299
2538	Spirit	654859	9.995	2	2	-2.321
2539	general	331599	5.061	1	1	-2.34
2540	others	665440	10.157	2	2	-2.344
2541	less	337828	5.156	1	1	-2.366
2542	sent	348162	5.314	1	1	-2.41
2543	year	352165	5.375	1	1	-2.426
2544	thought	352735	5.384	1	1	-2.429
2545	water	355806	5.431	1	1	-2.441
2546	evil	357919	5.463	1	1	-2.45
2547	non	359411	5.486	1	1	-2.456
2548	Men	1835942	28.023	5	5	-2.487
2549	peace	369451	5.639	1	1	-2.495
2550	speak	374513	5.716	1	1	-2.515
2551	way	756236	11.543	2	2	-2.529
2552	till	379902	5.799	1	1	-2.536
2553	Glory	384462	5.868	1	1	-2.553
2554	rest	396125	6.046	1	1	-2.596
2555	Jesus	399809	6.103	1	1	-2.609
2556	Work	425644	6.497	1	1	-2.7
2557	years	427133	6.52	1	1	-2.705
2558	King	1308410	19.971	3	3	-2.735
2559	new	447014	6.823	1	1	-2.77
2560	thereof	458302	6.995	1	1	-2.806
2561	three	474878	7.248	1	1	-2.858
2562	right	484646	7.397	1	1	-2.887
2563	either	552589	8.434	1	1	-3.076
2564	cause	585252	8.933	1	1	-3.159
2565	holy	701649	10.71	1	1	-3.421
2566	1	1451762	22.159	2	2	-3.47
2567	place	808630	12.343	1	1	-3.626
2568	us	2216337	33.829	2	2	-4.08
2569	ulcering	3	0	1	1	n/a
2570	WenchPlague	1	0	1	1	n/a
2571	Cowhithe	1	0	1	1	n/a
2572	Bawde	2	0	1	1	n/a
2573	Bedlam-men	2	0	1	1	n/a
2574	Mineral-race	1	0	1	1	n/a
2575	57.30.	1	0	1	1	n/a
2576	RumfordNovrint	1	0	1	1	n/a
2577	Arlotha	3	0	1	1	n/a
2578	Horelet	2	0	1	1	n/a
2579	illuk	1	0	1	1	n/a
2580	oneVel	1	0	1	1	n/a
2581	SwimThe	1	0	1	1	n/a
2582	inhatitant	1	0	1	1	n/a
2583	Quaerante	1	0	1	1	n/a
2584	Neaplin	1	0	1	1	n/a
2585	Germin-street	3	0	1	1	n/a
2586	maerly	1	0	1	1	n/a
2587	whosesoe	1	0	1	1	n/a
2588	plaguePrithee	1	0	1	1	n/a
2589	Shiftwels	3	0	3	1	n/a
2590	Yardfish	1	0	1	1	n/a
2591	lock-her	1	0	1	1	n/a
2592	chejfly	1	0	1	1	n/a
2593	Cmmotions	3	0	1	1	n/a
2594	Lincy-Wolcy	1	0	1	1	n/a
2595	Gilflurt	3	0	1	1	n/a
2596	out-rout	1	0	1	1	n/a
2597	Mantoplicee	1	0	1	1	n/a
2598	Bitchhow	1	0	1	1	n/a
2599	Farlee	2	0	1	1	n/a
2600	meretricious-times	1	0	1	1	n/a
2601	Gameing-house	3	0	1	1	n/a
2602	effronte	3	0	1	1	n/a
2603	reputution	2	0	1	1	n/a
2604	Obricius	1	0	1	1	n/a
2605	Whoremy	1	0	1	1	n/a
2606	Damye	2	0	1	1	n/a
2607	Bliborouh	1	0	1	1	n/a
2608	Brunselle	1	0	1	1	n/a
2609	&Drawers	1	0	1	1	n/a
2610	treaster	1	0	1	1	n/a
2611	Neaplan	1	0	1	1	n/a
2612	GASCHE	3	0	1	1	n/a
2613	rot'em	1	0	1	1	n/a
2614	Madiction	1	0	1	1	n/a
2615	invindication	1	0	1	1	n/a
2616	Rascullian	1	0	1	1	n/a
2617	VniversiSink	1	0	1	1	n/a
2618	Weerlings	1	0	1	1	n/a
2619	Stanclift	2	0	2	2	n/a
2620	Presidentess	3	0	1	1	n/a
2621	mongens	1	0	1	1	n/a
2622	Neplitan	1	0	1	1	n/a
2623	Hanchest	1	0	1	1	n/a
2624	streal	1	0	1	1	n/a
2625	prevish	2	0	1	1	n/a
2626	Fulchestan	1	0	1	1	n/a
2627	Cogly	1	0	1	1	n/a
2628	handsommess	1	0	1	1	n/a
2629	Demetrius's.	2	0	1	1	n/a
2630	qoodo	1	0	1	1	n/a
2631	Gentlewomanthis	1	0	1	1	n/a
2632	otherTwo	1	0	1	1	n/a
2633	Anti-chirst	2	0	1	1	n/a
2634	mnmers	1	0	1	1	n/a
2635	Rascallian	1	0	1	1	n/a
2636	Germinstreet	1	0	1	1	n/a
2637	Copper-	1	0	1	1	n/a
2638	holoure	1	0	1	1	n/a
2639	Lollea	2	0	1	1	n/a
2640	Patacoone	1	0	1	1	n/a
2641	Strowling-Morts	3	0	2	1	n/a
