https://cqpweb.lancs.ac.uk/eebov3/concordance.php?pp=1&theData=%7Bwhore%2FN%7D&qmode=sq_nocase&del=begin%26t%3D-%7Cyear%7E1670%26t%3D-%7Cyear%7E1671%26t%3D-%7Cyear%7E1672%26t%3D-%7Cyear%7E1673%26t%3D-%7Cyear%7E1674%26t%3D-%7Cyear%7E1675%26t%3D-%7Cyear%7E1676%26t%3D-%7Cyear%7E1677%26t%3D-%7Cyear%7E1678%26t%3D-%7Cyear%7E1679&del=end&uT=yThere are 2,874 different words in your collocation database for "[lemma="(whore)_SUBST"%c]". (Your query "{whore/N}", restricted to texts meeting criteria "<em>year</em>: <em>1670</em> or <em>1671</em> or <em>1672</em> or <em>1673</em> or <em>1674</em> or <em>1675</em> or <em>1676</em> or <em>1677</em> or <em>1678</em> or <em>1679</em>",  returned 2,078 matches in 532 different texts)  
__________________

No.	Word	Total no. in whole corpus	Expected collocate frequency	Observed collocate frequency	In no. of texts	Mutual information value

1	Shiftwels	3	0	3	1	14.873
2	Strowling-Morts	3	0	2	1	14.288
3	Figgup	5	0	2	1	14.288
4	Putain	66	0.001	15	1	13.735
5	Presidentess	3	0	1	1	13.288
6	Irish-English	4	0	1	1	13.288
7	approueing	5	0	1	1	13.288
8	howgates	6	0	1	1	13.288
9	ulcering	3	0	1	1	13.288
10	17.5.7.	6	0	1	1	13.288
11	Cacque	10	0	2	1	13.288
12	Srumpet	12	0	2	2	13.288
13	GASCHE	3	0	1	1	13.288
14	Dawbourne	6	0	1	1	13.288
15	effronte	3	0	1	1	13.288
16	plundra	9	0	2	1	13.288
17	Cmmotions	3	0	1	1	13.288
18	Putassier	4	0	1	1	13.288
19	Glucupicron	4	0	1	1	13.288
20	Brigidaccia	5	0	1	1	13.288
21	Chatolins	4	0	1	1	13.288
22	Foxians	11	0	2	2	13.288
23	Clarmounts	7	0	1	1	13.288
24	Gameing-house	3	0	1	1	13.288
25	scariet	7	0	1	1	13.288
26	Morcho	6	0	1	1	13.288
27	Idoltries	4	0	1	1	13.288
28	Inch-meal	7	0	1	1	13.288
29	Germin-street	3	0	1	1	13.288
30	Arlotta	9	0	2	1	13.288
31	Miswoman	4	0	1	1	13.288
32	Pelerine	4	0	1	1	13.288
33	Cancerd	3	0	1	1	13.288
34	coening	4	0	1	1	13.288
35	cross-bit	8	0	1	1	13.288
36	Gilflurt	3	0	1	1	13.288
37	Teigh	6	0	1	1	13.288
38	Cyrcaean	6	0	1	1	13.288
39	Garse	19	0	3	1	13.288
40	wrankest	4	0	1	1	13.288
41	Cadgers	6	0	1	1	13.288
42	57.34	3	0	1	1	13.288
43	Arlotha	3	0	1	1	13.288
44	lying'st	6	0	1	1	13.288
45	antwoorde	4	0	1	1	13.288
46	Goshall	6	0	1	1	13.288
47	Herace	8	0	1	1	13.288
48	Oppressious	4	0	1	1	13.288
49	Abandonnement	9	0	1	1	12.288
50	domn	13	0	1	1	12.288
51	mighily	10	0	1	1	12.288
52	prostituer	9	0	1	1	12.288
53	fair-tongu	14	0	1	1	12.288
54	Menetus	9	0	1	1	12.288
55	Eecute	10	0	1	1	12.288
56	Flauntit	13	0	1	1	12.288
57	Arletta	12	0	1	1	12.288
58	Nepolitan	9	0	1	1	12.288
59	unpack	11	0	1	1	12.288
60	Wooss	14	0	1	1	12.288
61	out-rail	12	0	1	1	12.288
62	Sirwhat	12	0	1	1	12.288
63	aominable	12	0	1	1	12.288
64	tawdrey	22	0	2	1	12.288
65	Kelvedon	10	0	1	1	12.288
66	Ribaulde	12	0	1	1	12.288
67	Coteham	12	0	1	1	12.288
68	Masquarade	14	0	1	1	12.288
69	Zoun	9	0	1	1	12.288
70	Harpour	10	0	1	1	12.288
71	nvail	12	0	1	1	12.288
72	Chevers	14	0	1	1	12.288
73	Scarlot	29	0.001	2	1	11.966
74	Clarindas	15	0	1	1	11.703
75	Suburrana	16	0	1	1	11.703
76	demostrate	20	0	1	1	11.703
77	smme	20	0	1	1	11.703
78	impudicae	16	0	1	1	11.703
79	bylon	17	0	1	1	11.703
80	Cloantus	15	0	1	1	11.703
81	meShe	16	0	1	1	11.703
82	Iesper	15	0	1	1	11.703
83	Pelet	19	0	1	1	11.703
84	Beantosser	20	0	1	1	11.703
85	Emblematick	16	0	1	1	11.703
86	peregrinarum	19	0	1	1	11.703
87	Fougade	17	0	1	1	11.703
88	whomsoe	15	0	1	1	11.703
89	ill-favor	17	0	1	1	11.703
90	illegitimately	17	0	1	1	11.703
91	Menstru	17	0	1	1	11.703
92	rba	20	0	1	1	11.703
93	Paillarde	19	0	1	1	11.703
94	Poorman	16	0	1	1	11.703
95	Rossana	19	0	1	1	11.703
96	Whurl	22	0	1	1	11.288
97	Legacy.	22	0	1	1	11.288
98	Pru.	22	0	1	1	11.288
99	Toldo	25	0	1	1	11.288
100	betra	23	0	1	1	11.288
101	Trayterly	24	0	1	1	11.288
102	withan	24	0	1	1	11.288
103	Tatterdemalion	22	0	1	1	11.288
104	Stroller	25	0	1	1	11.288
105	BabylonA	22	0	1	1	11.288
106	d'estime	24	0	1	1	11.288
107	refusedst	68	0.001	3	3	11.288
108	pily	24	0	1	1	11.288
109	outlives	49	0.001	2	2	11.288
110	Sheese	25	0	1	1	11.288
111	Charactor	21	0	1	1	11.288
112	Shroftide	30	0.001	1	1	10.966
113	Putains	27	0.001	1	1	10.966
114	Paill	30	0.001	1	1	10.966
115	Bbylon	27	0.001	1	1	10.966
116	latry	29	0.001	1	1	10.966
117	fufficiently	27	0.001	1	1	10.966
118	backslided	30	0.001	1	1	10.966
119	MDCLXXIII	30	0.001	1	1	10.966
120	forcerers	35	0.001	1	1	10.703
121	Mps	35	0.001	1	1	10.703
122	Decker	105	0.002	3	1	10.703
123	Prue	67	0.001	2	1	10.703
124	Bugger	37	0.001	1	1	10.703
125	louge	37	0.001	1	1	10.703
126	I'ad	32	0.001	1	1	10.703
127	untile	37	0.001	1	1	10.703
128	Quarante	82	0.001	2	1	10.48
129	Conchylia	43	0.001	1	1	10.48
130	patch't	43	0.001	1	1	10.48
131	Harlots.	38	0.001	1	1	10.48
132	56.9	39	0.001	1	1	10.48
133	unmasks	42	0.001	1	1	10.48
134	Stainer	40	0.001	1	1	10.48
135	Scre	40	0.001	1	1	10.48
136	bilked	42	0.001	1	1	10.48
137	Super-annuated	42	0.001	1	1	10.48
138	Pathick	48	0.001	1	1	10.288
139	straw-bed	44	0.001	1	1	10.288
140	itteth	46	0.001	1	1	10.288
141	Clarmount	44	0.001	1	1	10.288
142	Scarlet-colour	46	0.001	1	1	10.288
143	Snuff-box	49	0.001	1	1	10.288
144	Arrantest	101	0.002	2	2	10.2
145	Salisbury-Court	54	0.001	1	1	10.118
146	answerd	54	0.001	1	1	10.118
147	Idolatress	51	0.001	1	1	10.118
148	Rost-meat	50	0.001	1	1	10.118
149	whore-monger	60	0.001	1	1	9.966
150	Jupit	57	0.001	1	1	9.966
151	Kingd.	59	0.001	1	1	9.966
152	beurre	57	0.001	1	1	9.966
153	Whetston	58	0.001	1	1	9.966
154	Bilbao	124	0.002	2	1	9.895
155	Butes	63	0.001	1	1	9.828
156	defaire	64	0.001	1	1	9.828
157	scarlet-coloured	125	0.002	2	2	9.828
158	Driv	65	0.001	1	1	9.828
159	Erycine	63	0.001	1	1	9.828
160	Bonasus	65	0.001	1	1	9.828
161	scrat	72	0.001	1	1	9.703
162	arrow-head	67	0.001	1	1	9.703
163	Forune	68	0.001	1	1	9.703
164	Jilting	142	0.003	2	2	9.644
165	Papals	76	0.001	1	1	9.587
166	prettier	75	0.001	1	1	9.587
167	Excise-men	76	0.001	1	1	9.587
168	vieillesse	75	0.001	1	1	9.587
169	wine-bibbers	76	0.001	1	1	9.587
170	Misy	80	0.001	1	1	9.48
171	Iilt	163	0.003	2	1	9.48
172	Close-stool	170	0.003	2	2	9.43
173	politely	85	0.002	1	1	9.381
174	fornicating	88	0.002	1	1	9.381
175	Polices	84	0.002	1	1	9.381
176	transgres	84	0.002	1	1	9.381
177	onother	85	0.002	1	1	9.381
178	thievs	85	0.002	1	1	9.381
179	whored	180	0.003	2	2	9.334
180	Aphelia	181	0.003	2	1	9.334
181	Baber	95	0.002	1	1	9.288
182	Elyzium	91	0.002	1	1	9.288
183	brazen-faced	190	0.003	2	2	9.243
184	Pentioner	100	0.002	1	1	9.2
185	Fenestram	99	0.002	1	1	9.2
186	Linsey-Woolsey	98	0.002	1	1	9.2
187	vilaine	103	0.002	1	1	9.118
188	Togata	104	0.002	1	1	9.118
189	scurra	106	0.002	1	1	9.118
190	fellow-soldiers	107	0.002	1	1	9.118
191	mongers	208	0.004	2	2	9.118
192	nworthy	103	0.002	1	1	9.118
193	shild	103	0.002	1	1	9.118
194	Minx	106	0.002	1	1	9.118
195	punks	109	0.002	1	1	9.04
196	trimmings	112	0.002	1	1	9.04
197	Carted	237	0.004	2	2	8.93
198	debauch't	121	0.002	1	1	8.895
199	widdow	120	0.002	1	1	8.895
200	cognizable	127	0.002	1	1	8.828
201	whosoe	130	0.002	1	1	8.828
202	witching	131	0.002	1	1	8.764
203	pacifi	132	0.002	1	1	8.764
204	Whore-masters	131	0.002	1	1	8.764
205	Hermophrodite	131	0.002	1	1	8.764
206	Quean	412	0.007	3	3	8.723
207	Clerkenwell	136	0.002	1	1	8.703
208	Willie	136	0.002	1	1	8.703
209	prononce	144	0.003	1	1	8.644
210	countenanceth	145	0.003	1	1	8.644
211	643.	143	0.003	1	1	8.644
212	S'death	142	0.003	1	1	8.644
213	Pimp	1027	0.018	7	7	8.619
214	pocky	594	0.01	4	4	8.601
215	Sabbath-breaker	153	0.003	1	1	8.587
216	Bocardo	148	0.003	1	1	8.587
217	Succubus	148	0.003	1	1	8.587
218	revelled	154	0.003	1	1	8.533
219	derriere	156	0.003	1	1	8.533
220	912.	155	0.003	1	1	8.533
221	Cydaria	160	0.003	1	1	8.48
222	Flirt	163	0.003	1	1	8.48
223	Euphranor	161	0.003	1	1	8.48
224	vat	659	0.011	4	2	8.455
225	Snarl	328	0.006	2	1	8.455
226	Parnell	169	0.003	1	1	8.43
227	meretricious	176	0.003	1	1	8.381
228	Dol	1048	0.018	6	1	8.373
229	Arrant	1596	0.028	9	9	8.349
230	foul-mouthed	182	0.003	1	1	8.334
231	inebriate	187	0.003	1	1	8.288
232	hide-bound	188	0.003	1	1	8.288
233	Synchronism	187	0.003	1	1	8.288
234	Preachments	183	0.003	1	1	8.288
235	fornications	1721	0.03	9	7	8.243
236	909	191	0.003	1	1	8.243
237	Bawd	2878	0.05	15	11	8.238
238	Baud	767	0.013	4	3	8.232
239	Triumphat	197	0.003	1	1	8.2
240	mangy	395	0.007	2	1	8.2
241	suivre	194	0.003	1	1	8.2
242	Duarte	197	0.003	1	1	8.2
243	Midianitish	194	0.003	1	1	8.2
244	Ansam	195	0.003	1	1	8.2
245	ducked	200	0.004	1	1	8.158
246	'Sdeath	205	0.004	1	1	8.158
247	Concubinage	200	0.004	1	1	8.158
248	roundhead	209	0.004	1	1	8.118
249	Protesilaus	210	0.004	1	1	8.118
250	Hoseah	213	0.004	1	1	8.078
251	Bood	215	0.004	1	1	8.078
252	werse	212	0.004	1	1	8.078
253	filthiest	215	0.004	1	1	8.078
254	Apostatical	220	0.004	1	1	8.04
255	ustice	217	0.004	1	1	8.04
256	Phancie	227	0.004	1	1	8.002
257	Pre-contract	224	0.004	1	1	8.002
258	Panders	464	0.008	2	2	7.966
259	falfe	231	0.004	1	1	7.966
260	Arrand	229	0.004	1	1	7.966
261	Rme	229	0.004	1	1	7.966
262	scarlet	9179	0.159	39	31	7.941
263	meretrix	474	0.008	2	2	7.93
264	Agellius	242	0.004	1	1	7.895
265	Terret	245	0.004	1	1	7.895
266	Sorceries	1462	0.025	6	2	7.89
267	ick	493	0.009	2	1	7.878
268	huffing	489	0.009	2	2	7.878
269	Babylons	987	0.017	4	4	7.87
270	Stage-play	251	0.004	1	1	7.861
271	him-self	247	0.004	1	1	7.861
272	Watt	249	0.004	1	1	7.861
273	Daup	246	0.004	1	1	7.861
274	accurat	504	0.009	2	2	7.845
275	Souldier	256	0.004	1	1	7.828
276	imperiousness	253	0.004	1	1	7.828
277	leavings	519	0.009	2	2	7.796
278	slut	523	0.009	2	2	7.796
279	CHRCH	263	0.005	1	1	7.796
280	18.8.	263	0.005	1	1	7.796
281	17.1	1045	0.018	4	4	7.788
282	CXXV	268	0.005	1	1	7.764
283	Almeria	267	0.005	1	1	7.764
284	Scap	273	0.005	1	1	7.733
285	Creeple	274	0.005	1	1	7.733
286	Babylon	38888	0.672	143	87	7.733
287	12.17.	275	0.005	1	1	7.703
288	823	278	0.005	1	1	7.703
289	Penknife	281	0.005	1	1	7.673
290	Craze	284	0.005	1	1	7.673
291	whordom	281	0.005	1	1	7.673
292	Wilding	292	0.005	1	1	7.644
293	dalle	297	0.005	1	1	7.615
294	scolds	299	0.005	1	1	7.587
295	Baltazar	304	0.005	1	1	7.56
296	Killigrew	309	0.005	1	1	7.56
297	weds	312	0.005	1	1	7.533
298	Woman-kind	316	0.006	1	1	7.506
299	Belv	319	0.006	1	1	7.506
300	Nigr	322	0.006	1	1	7.48
301	VVhore	326	0.006	1	1	7.48
302	t'	331	0.006	1	1	7.455
303	Hackney	1328	0.023	4	2	7.442
304	Franklin	336	0.006	1	1	7.43
305	Whoremaster	337	0.006	1	1	7.43
306	Europaean	333	0.006	1	1	7.43
307	libidinis	337	0.006	1	1	7.43
308	Trumperies	336	0.006	1	1	7.43
309	Monkery	339	0.006	1	1	7.405
310	Begar	680	0.012	2	1	7.405
311	Bumpkin	343	0.006	1	1	7.405
312	Diable	350	0.006	1	1	7.381
313	round-head	349	0.006	1	1	7.381
314	Harlots	5276	0.091	15	9	7.362
315	quarelling	354	0.006	1	1	7.357
316	Fardel	358	0.006	1	1	7.334
317	19.19	357	0.006	1	1	7.334
318	insigne	718	0.012	2	1	7.334
319	17.18.	360	0.006	1	1	7.334
320	Babylonish	2911	0.05	8	7	7.313
321	Inachus	365	0.006	1	1	7.31
322	whorish	1842	0.032	5	4	7.297
323	Whore	20634	0.357	56	24	7.295
324	bawds	1844	0.032	5	5	7.292
325	Jog	372	0.006	1	1	7.288
326	superlatively	368	0.006	1	1	7.288
327	Jezabel	1114	0.019	3	3	7.28
328	Gadbury	374	0.007	1	1	7.265
329	dawned	374	0.007	1	1	7.265
330	flashy	382	0.007	1	1	7.243
331	Hermaphrodite	383	0.007	1	1	7.243
332	Walterus	384	0.007	1	1	7.243
333	colorably	385	0.007	1	1	7.222
334	bewitches	387	0.007	1	1	7.222
335	garbs	391	0.007	1	1	7.2
336	scolding	1186	0.021	3	2	7.193
337	jades	397	0.007	1	1	7.179
338	habiliments	797	0.014	2	2	7.179
339	PUNK	404	0.007	1	1	7.158
340	Pru	405	0.007	1	1	7.158
341	Cuff	413	0.007	1	1	7.138
342	Peeps	411	0.007	1	1	7.138
343	sits	23190	0.401	56	22	7.126
344	acutely	418	0.007	1	1	7.118
345	Phebe	422	0.007	1	1	7.098
346	t'a	420	0.007	1	1	7.098
347	plentious	420	0.007	1	1	7.098
348	Jade	2169	0.038	5	5	7.059
349	Corinna	436	0.008	1	1	7.059
350	dam	5258	0.091	12	2	7.045
351	16.15.	437	0.008	1	1	7.04
352	Mob	884	0.015	2	1	7.03
353	Trumpery	893	0.015	2	2	7.021
354	Smock	1342	0.023	3	3	7.015
355	whoremongers	1796	0.031	4	3	7.012
356	prostituting	452	0.008	1	1	7.002
357	Noct	453	0.008	1	1	7.002
358	Moll	454	0.008	1	1	7.002
359	aperire	452	0.008	1	1	7.002
360	scurvey	454	0.008	1	1	7.002
361	unhorsed	451	0.008	1	1	7.002
362	17.16	459	0.008	1	1	6.984
363	Splendidly	459	0.008	1	1	6.984
364	Chambermaid	461	0.008	1	1	6.966
365	Polus	464	0.008	1	1	6.966
366	11.8.	471	0.008	1	1	6.948
367	reat	470	0.008	1	1	6.948
368	undoes	466	0.008	1	1	6.948
369	Strumpet	3285	0.057	7	5	6.945
370	adulterer	4237	0.073	9	9	6.942
371	rides	4321	0.075	9	2	6.913
372	spelling	490	0.009	1	1	6.878
373	Haw	505	0.009	1	1	6.845
374	13.11.	511	0.009	1	1	6.828
375	Nothus	508	0.009	1	1	6.828
376	Equipped	517	0.009	1	1	6.812
377	sluggards	513	0.009	1	1	6.812
378	6d	523	0.009	1	1	6.796
379	Prelatists	523	0.009	1	1	6.796
380	Welshman	520	0.009	1	1	6.796
381	mispend	520	0.009	1	1	6.796
382	Brats	1042	0.018	2	2	6.796
383	523	519	0.009	1	1	6.796
384	deflower	534	0.009	1	1	6.764
385	House-keeper	532	0.009	1	1	6.764
386	Relicts	539	0.009	1	1	6.749
387	leman	537	0.009	1	1	6.749
388	Chloe	558	0.01	1	1	6.703
389	sisteth	553	0.01	1	1	6.703
390	s'est	559	0.01	1	1	6.688
391	dairy	561	0.01	1	1	6.688
392	meth.	568	0.01	1	1	6.673
393	scratches	582	0.01	1	1	6.63
394	young-men	583	0.01	1	1	6.63
395	adulterated	1175	0.02	2	1	6.622
396	pollutes	588	0.01	1	1	6.615
397	sneak	595	0.01	1	1	6.601
398	shuns	1200	0.021	2	2	6.594
399	Thersites	600	0.01	1	1	6.587
400	Caterpillar	600	0.01	1	1	6.587
401	brothel	610	0.011	1	1	6.573
402	Swag	613	0.011	1	1	6.56
403	Priscilla	1235	0.021	2	1	6.553
404	Fornication	14235	0.246	23	15	6.547
405	Unveiled	617	0.011	1	1	6.546
406	shell-fish	617	0.011	1	1	6.546
407	stumbles	1242	0.022	2	2	6.54
408	bitch	1244	0.022	2	2	6.54
409	Courier	626	0.011	1	1	6.533
410	mre	625	0.011	1	1	6.533
411	revenges	1256	0.022	2	1	6.526
412	Prostitute	2508	0.043	4	3	6.526
413	ill-natur	638	0.011	1	1	6.506
414	unsteady	643	0.011	1	1	6.493
415	stack	642	0.011	1	1	6.493
416	7.12.	655	0.011	1	1	6.468
417	Diver	652	0.011	1	1	6.468
418	18.7	660	0.011	1	1	6.455
419	243.	664	0.012	1	1	6.442
420	Lieut	1999	0.035	3	1	6.438
421	expensive	1342	0.023	2	1	6.43
422	Bully	673	0.012	1	1	6.43
423	filthily	677	0.012	1	1	6.417
424	Whoremonger	678	0.012	1	1	6.417
425	Cormorant	679	0.012	1	1	6.417
426	leavened	1362	0.024	2	1	6.411
427	Service-Book	691	0.012	1	1	6.393
428	Carouse	690	0.012	1	1	6.393
429	Huff	687	0.012	1	1	6.393
430	Hobart	688	0.012	1	1	6.393
431	Naylor	694	0.012	1	1	6.381
432	Quack	696	0.012	1	1	6.381
433	Attires	703	0.012	1	1	6.357
434	geat	711	0.012	1	1	6.345
435	tracing	717	0.012	1	1	6.334
436	Ale-house	1435	0.025	2	2	6.334
437	metaphore	723	0.013	1	1	6.322
438	Suburb	730	0.013	1	1	6.31
439	Blood-thirsty	737	0.013	1	1	6.299
440	Napkins	742	0.013	1	1	6.288
441	Effigies	2224	0.038	3	1	6.288
442	Extortioner	747	0.013	1	1	6.276
443	Beast	81566	1.41	108	40	6.259
444	idolize	759	0.013	1	1	6.254
445	maul	756	0.013	1	1	6.254
446	Pennington	759	0.013	1	1	6.254
447	Harlot	9167	0.158	12	6	6.243
448	kicks	769	0.013	1	1	6.232
449	Sophy	771	0.013	1	1	6.232
450	Grand-mother	768	0.013	1	1	6.232
451	Rev	1545	0.027	2	2	6.227
452	Rogue	6990	0.121	9	9	6.219
453	stripling	781	0.014	1	1	6.211
454	looses	780	0.014	1	1	6.211
455	whores	5508	0.095	7	4	6.2
456	Paulina	792	0.014	1	1	6.19
457	gi	801	0.014	1	1	6.179
458	Manent	802	0.014	1	1	6.169
459	Sn	1617	0.028	2	2	6.164
460	stares	818	0.014	1	1	6.148
461	Timon	815	0.014	1	1	6.148
462	1659.	820	0.014	1	1	6.138
463	ignorants	825	0.014	1	1	6.128
464	Hound	2485	0.043	3	3	6.124
465	forfeits	847	0.015	1	1	6.098
466	Effigy	843	0.015	1	1	6.098
467	wager	2578	0.045	3	1	6.072
468	Virtuoso	861	0.015	1	1	6.069
469	upholds	1761	0.03	2	1	6.04
470	smelt	1772	0.031	2	2	6.03
471	insatiate	894	0.016	1	1	6.012
472	Bead	897	0.016	1	1	6.012
473	sneaking	900	0.016	1	1	6.002
474	Teeming	907	0.016	1	1	5.993
475	cup	48330	0.835	53	20	5.987
476	s'en	919	0.016	1	1	5.975
477	Fortunatus	921	0.016	1	1	5.975
478	Farce	935	0.016	1	1	5.948
479	dethrone	937	0.016	1	1	5.948
480	Neapolitan	941	0.016	1	1	5.939
481	Comptroller	942	0.016	1	1	5.939
482	misunderstanding	1892	0.033	2	2	5.935
483	Talkers	951	0.016	1	1	5.93
484	wipes	954	0.017	1	1	5.921
485	adulteress	1919	0.033	2	2	5.913
486	bawling	970	0.017	1	1	5.895
487	admirers	1943	0.034	2	1	5.895
488	hire	8785	0.152	9	7	5.89
489	Proverbs	6913	0.12	7	6	5.872
490	fouler	990	0.017	1	1	5.87
491	Bachelors	997	0.017	1	1	5.861
492	Wizards	1012	0.018	1	1	5.837
493	postern	1014	0.018	1	1	5.837
494	drunk	35533	0.614	35	17	5.833
495	attire	8194	0.142	8	7	5.82
496	Hatton	1026	0.018	1	1	5.82
497	Ammianus	1022	0.018	1	1	5.82
498	errant	2050	0.035	2	1	5.82
499	florid	1031	0.018	1	1	5.812
500	Betty	1028	0.018	1	1	5.812
501	altri	1044	0.018	1	1	5.796
502	pours	2091	0.036	2	2	5.792
503	17.5	1057	0.018	1	1	5.772
504	Babilon	5325	0.092	5	5	5.764
505	metamorphosed	1062	0.018	1	1	5.764
506	Beech	1067	0.018	1	1	5.764
507	Brat	1070	0.019	1	1	5.756
508	journeyed	1070	0.019	1	1	5.756
509	Prentice	1078	0.019	1	1	5.749
510	Piazza	1081	0.019	1	1	5.741
511	oppressive	1079	0.019	1	1	5.741
512	incommodities	1081	0.019	1	1	5.741
513	Dorothy	1090	0.019	1	1	5.733
514	PUNY	1088	0.019	1	1	5.733
515	1st.	1096	0.019	1	1	5.725
516	Sain	1095	0.019	1	1	5.725
517	Heathenism	1104	0.019	1	1	5.71
518	forehead	12159	0.21	11	10	5.71
519	Cantharides	1119	0.019	1	1	5.695
520	Promotes	1115	0.019	1	1	5.695
521	Rampant	2244	0.039	2	2	5.688
522	Informant	3377	0.058	3	1	5.683
523	Bastard	12394	0.214	11	8	5.682
524	decked	4505	0.078	4	3	5.682
525	Wench	6793	0.117	6	5	5.675
526	Requiem	1134	0.02	1	1	5.673
527	French-man	1140	0.02	1	1	5.666
528	discountenance	1153	0.02	1	1	5.651
529	XXIV.	1149	0.02	1	1	5.651
530	glorifies	1152	0.02	1	1	5.651
531	Crabbed	1153	0.02	1	1	5.651
532	Howel	1158	0.02	1	1	5.644
533	facing	1160	0.02	1	1	5.637
534	Mercenary	4683	0.081	4	2	5.628
535	12.11	1173	0.02	1	1	5.622
536	gelded	1178	0.02	1	1	5.615
537	13.3	1183	0.02	1	1	5.615
538	Rant	1179	0.02	1	1	5.615
539	greasy	1182	0.02	1	1	5.615
540	Nevil	1186	0.021	1	1	5.608
541	chained	3565	0.062	3	2	5.606
542	Arth	1205	0.021	1	1	5.587
543	Wizard	2415	0.042	2	2	5.584
544	free-born	1219	0.021	1	1	5.567
545	gaf	1225	0.021	1	1	5.56
546	fretted	1229	0.021	1	1	5.56
547	Profoundly	1238	0.021	1	1	5.546
548	stewed	1245	0.022	1	1	5.54
549	teneri	1252	0.022	1	1	5.533
550	Rotterdam	1248	0.022	1	1	5.533
551	Whoredom	7526	0.13	6	5	5.527
552	Japan	2511	0.043	2	1	5.526
553	terming	1256	0.022	1	1	5.526
554	Anti-Christ	1261	0.022	1	1	5.52
555	prostituted	1269	0.022	1	1	5.513
556	converses	1275	0.022	1	1	5.506
557	Bridewell	1285	0.022	1	1	5.493
558	Dragon	18054	0.312	14	9	5.487
559	Scold	1303	0.023	1	1	5.474
560	Cuckoo	1309	0.023	1	1	5.468
561	Heraldry	1307	0.023	1	1	5.468
562	hate	65701	1.136	50	27	5.46
563	Bastards	3979	0.069	3	3	5.446
564	Convent	3985	0.069	3	1	5.444
565	Surfeits	1332	0.023	1	1	5.442
566	Fallacies	1379	0.024	1	1	5.393
567	Rag	2762	0.048	2	1	5.39
568	shamed	2762	0.048	2	1	5.39
569	Kinswoman	1393	0.024	1	1	5.375
570	cashiered	1422	0.025	1	1	5.345
571	Menstruous	1426	0.025	1	1	5.345
572	Footman	1422	0.025	1	1	5.345
573	brawl	1431	0.025	1	1	5.339
574	conducts	1431	0.025	1	1	5.339
575	attainments	1434	0.025	1	1	5.334
576	Ridicule	1432	0.025	1	1	5.334
577	Hyre	1435	0.025	1	1	5.334
578	Skirts	2878	0.05	2	2	5.331
579	Gloucestershire	1438	0.025	1	1	5.328
580	Wid	1439	0.025	1	1	5.328
581	doted	1442	0.025	1	1	5.328
582	fore-told	1444	0.025	1	1	5.322
583	sie	1460	0.025	1	1	5.31
584	Opponent	1462	0.025	1	1	5.305
585	kicked	1462	0.025	1	1	5.305
586	Mulier	2936	0.051	2	2	5.302
587	Dresses	1473	0.026	1	1	5.293
588	studiously	1480	0.026	1	1	5.288
589	cheating	2996	0.052	2	1	5.271
590	Midian	1497	0.026	1	1	5.271
591	paltry	1506	0.026	1	1	5.265
592	Imps	1519	0.026	1	1	5.249
593	insinuating	3074	0.053	2	2	5.235
594	denominate	1539	0.027	1	1	5.232
595	drenched	1537	0.027	1	1	5.232
596	odds	6159	0.107	4	2	5.231
597	unconscionable	1543	0.027	1	1	5.227
598	Treacheries	1566	0.027	1	1	5.206
599	Blunt	4726	0.082	3	1	5.198
600	Dea	1579	0.027	1	1	5.195
601	unmannerly	1578	0.027	1	1	5.195
602	brace	1591	0.028	1	1	5.184
603	Dick	1602	0.028	1	1	5.174
604	Frugal	1610	0.028	1	1	5.169
605	frothy	1664	0.029	1	1	5.118
606	wee	1669	0.029	1	1	5.118
607	halter	3343	0.058	2	1	5.113
608	pillory	1670	0.029	1	1	5.113
609	Goldsmith	1679	0.029	1	1	5.108
610	strip	3365	0.058	2	1	5.103
611	Courting	1698	0.029	1	1	5.093
612	Hellebore	1726	0.03	1	1	5.069
613	carries	24147	0.417	14	6	5.068
614	ditch	10469	0.181	6	6	5.051
615	Chevalier	1749	0.03	1	1	5.049
616	hurried	3494	0.06	2	2	5.049
617	Actionable	1765	0.031	1	1	5.035
618	Thief	23047	0.398	13	11	5.028
619	Topic	1781	0.031	1	1	5.021
620	Carlos	1807	0.031	1	1	5.002
621	debauch	1818	0.031	1	1	4.993
622	pox	10902	0.188	6	6	4.993
623	Hallelujah	1833	0.032	1	1	4.979
624	desolate	12933	0.224	7	6	4.969
625	befitting	1857	0.032	1	1	4.961
626	falseness	1867	0.032	1	1	4.952
627	Liveries	1876	0.032	1	1	4.948
628	played	11334	0.196	6	6	4.937
629	crimson	3776	0.065	2	2	4.937
630	upstart	1899	0.033	1	1	4.93
631	Flea	1913	0.033	1	1	4.917
632	Steph	1923	0.033	1	1	4.913
633	Rags	5772	0.1	3	3	4.91
634	patched	1934	0.033	1	1	4.904
635	solicitations	1942	0.034	1	1	4.895
636	Scorners	1948	0.034	1	1	4.891
637	Babel	9790	0.169	5	5	4.885
638	painted	23662	0.409	12	11	4.875
639	Elisa	1975	0.034	1	1	4.874
640	Looking-glass	1971	0.034	1	1	4.874
641	Whoredoms	1981	0.034	1	1	4.87
642	Epicurus	3980	0.069	2	1	4.861
643	scornfully	1994	0.035	1	1	4.857
644	Superscription	2000	0.035	1	1	4.853
645	plaid	4003	0.069	2	1	4.853
646	bewitching	2007	0.035	1	1	4.849
647	impudent	12093	0.209	6	4	4.843
648	Mel	4030	0.07	2	2	4.843
649	peut	2021	0.035	1	1	4.841
650	mystery	54678	0.945	27	18	4.836
651	descriptions	4060	0.07	2	2	4.832
652	suborned	2055	0.036	1	1	4.816
653	coloured	10332	0.179	5	4	4.807
654	heating	2074	0.036	1	1	4.804
655	Dice	6226	0.108	3	3	4.801
656	Marcellinus	2075	0.036	1	1	4.8
657	Flora	2078	0.036	1	1	4.8
658	ugly	8331	0.144	4	3	4.796
659	XLIX	2080	0.036	1	1	4.796
660	Barns	2094	0.036	1	1	4.788
661	salted	2131	0.037	1	1	4.764
662	abominations	10678	0.185	5	5	4.759
663	imperious	4278	0.074	2	1	4.758
664	haunt	4285	0.074	2	2	4.754
665	bewitched	6431	0.111	3	3	4.754
666	Respondent	2147	0.037	1	1	4.752
667	Baffled	2155	0.037	1	1	4.749
668	Hah	2157	0.037	1	1	4.745
669	authoritative	2162	0.037	1	1	4.741
670	Canton	2162	0.037	1	1	4.741
671	Magog	2171	0.038	1	1	4.737
672	Drunkard	6511	0.113	3	3	4.737
673	unsatiable	2178	0.038	1	1	4.733
674	Sirrah	4365	0.075	2	2	4.729
675	straightway	2206	0.038	1	1	4.714
676	Scenes	2217	0.038	1	1	4.707
677	Drawer	2220	0.038	1	1	4.703
678	Boston	2219	0.038	1	1	4.703
679	paint	8989	0.155	4	4	4.686
680	nasty	2252	0.039	1	1	4.684
681	Silken	2250	0.039	1	1	4.684
682	Purple	18224	0.315	8	5	4.667
683	Market-Place	2285	0.04	1	1	4.662
684	Antichrist	50530	0.873	22	14	4.655
685	Robertus	2307	0.04	1	1	4.647
686	Ital	2329	0.04	1	1	4.633
687	Parenthesis	2329	0.04	1	1	4.633
688	crying	25811	0.446	11	7	4.624
689	exposes	2357	0.041	1	1	4.619
690	unfolded	2356	0.041	1	1	4.619
691	Cheshire	2366	0.041	1	1	4.612
692	Contemners	2366	0.041	1	1	4.612
693	unfaithfulness	2369	0.041	1	1	4.612
694	sordid	4736	0.082	2	2	4.61
695	Frenchman	2370	0.041	1	1	4.608
696	racked	2371	0.041	1	1	4.608
697	drunken	11882	0.205	5	5	4.605
698	assignation	2375	0.041	1	1	4.605
699	quandam	2385	0.041	1	1	4.601
700	Debauched	4771	0.083	2	2	4.599
701	Comedies	2395	0.041	1	1	4.594
702	scurvy	4826	0.083	2	2	4.584
703	cools	2431	0.042	1	1	4.573
704	wallow	2438	0.042	1	1	4.57
705	rotten	14651	0.253	6	6	4.567
706	Conventicle	2449	0.042	1	1	4.563
707	Horned	2489	0.043	1	1	4.54
708	thirsts	2496	0.043	1	1	4.536
709	Jehu	2504	0.043	1	1	4.529
710	trick	10039	0.174	4	4	4.527
711	ride	20257	0.35	8	2	4.514
712	Gog	2533	0.044	1	1	4.513
713	Menstruum	2546	0.044	1	1	4.506
714	Nic	2556	0.044	1	1	4.5
715	gloried	2562	0.044	1	1	4.497
716	Rev.	51328	0.887	20	16	4.495
717	roughly	2586	0.045	1	1	4.484
718	Stews	2587	0.045	1	1	4.484
719	kindnesses	2615	0.045	1	1	4.468
720	drinks	15747	0.272	6	3	4.462
721	Barber	2646	0.046	1	1	4.452
722	bolt	2648	0.046	1	1	4.449
723	Cuckold	2667	0.046	1	1	4.439
724	hood	5353	0.093	2	2	4.434
725	Tavern	5354	0.093	2	2	4.434
726	qucun	2680	0.046	1	1	4.433
727	Clap	5368	0.093	2	2	4.43
728	ply	2720	0.047	1	1	4.411
729	whoring	2742	0.047	1	1	4.399
730	Gallows	5501	0.095	2	2	4.394
731	Grim	2756	0.048	1	1	4.393
732	waters	83222	1.439	30	19	4.382
733	dined	2791	0.048	1	1	4.375
734	brags	2791	0.048	1	1	4.375
735	girl	5585	0.097	2	2	4.373
736	scorched	2795	0.048	1	1	4.372
737	naughtiness	2792	0.048	1	1	4.372
738	Stab	2798	0.048	1	1	4.369
739	Usages	2798	0.048	1	1	4.369
740	2d.	2802	0.048	1	1	4.369
741	Intrigues	2809	0.049	1	1	4.363
742	Prohibitions	2820	0.049	1	1	4.36
743	costly	11277	0.195	4	4	4.359
744	Bate	2821	0.049	1	1	4.357
745	accompanies	2828	0.049	1	1	4.354
746	industriously	2850	0.049	1	1	4.342
747	pillage	2862	0.05	1	1	4.336
748	Cloths	2867	0.05	1	1	4.334
749	Alcibiades	2878	0.05	1	1	4.331
750	Quaker	5785	0.1	2	1	4.322
751	Oct	2897	0.05	1	1	4.319
752	Deceitful	17392	0.301	6	5	4.319
753	quand	2911	0.05	1	1	4.313
754	swearers	2927	0.051	1	1	4.305
755	Apostasy	17588	0.304	6	4	4.303
756	Welsh	5885	0.102	2	1	4.298
757	Airy	5893	0.102	2	2	4.295
758	faced	2948	0.051	1	1	4.293
759	Babylonian	2956	0.051	1	1	4.291
760	Beelzebub	2959	0.051	1	1	4.291
761	noting	5928	0.103	2	1	4.286
762	certum	2980	0.052	1	1	4.279
763	've	8950	0.155	3	3	4.277
764	downright	2995	0.052	1	1	4.271
765	Inhabitant	3014	0.052	1	1	4.263
766	Pottage	3028	0.052	1	1	4.257
767	daunted	3057	0.053	1	1	4.243
768	lash	3070	0.053	1	1	4.235
769	Pistol	3091	0.053	1	1	4.227
770	Merchandise	15488	0.268	5	3	4.223
771	melts	3102	0.054	1	1	4.222
772	Canticles	3103	0.054	1	1	4.222
773	Quarrelling	3115	0.054	1	1	4.216
774	damned	34243	0.592	11	10	4.216
775	Tricks	9354	0.162	3	3	4.214
776	thorn	3129	0.054	1	1	4.208
777	surviving	3130	0.054	1	1	4.208
778	horns	22193	0.384	7	7	4.19
779	Jack	6358	0.11	2	2	4.186
780	sat	47715	0.825	15	6	4.185
781	lucky	3186	0.055	1	1	4.182
782	Atheist	6384	0.11	2	2	4.18
783	177	3198	0.055	1	1	4.177
784	closer	3235	0.056	1	1	4.161
785	gaudy	3241	0.056	1	1	4.158
786	plotted	3245	0.056	1	1	4.156
787	descry	3254	0.056	1	1	4.153
788	3.6	3258	0.056	1	1	4.151
789	Idolatries	3266	0.057	1	1	4.146
790	contrivances	3269	0.057	1	1	4.146
791	downfall	3283	0.057	1	1	4.141
792	Seller	3282	0.057	1	1	4.141
793	Credence	3284	0.057	1	1	4.138
794	spin	3312	0.057	1	1	4.128
795	lass	3315	0.057	1	1	4.125
796	Mares	3323	0.057	1	1	4.123
797	dome	3321	0.057	1	1	4.123
798	quotations	3346	0.058	1	1	4.113
799	Revelations	13397	0.232	4	4	4.11
800	shameless	6711	0.116	2	2	4.108
801	bribe	3369	0.058	1	1	4.103
802	saucy	3374	0.058	1	1	4.1
803	Cozen	3380	0.058	1	1	4.098
804	divorced	3378	0.058	1	1	4.098
805	degenerated	3378	0.058	1	1	4.098
806	Concubine	3397	0.059	1	1	4.09
807	mori	3403	0.059	1	1	4.088
808	Disdained	3404	0.059	1	1	4.088
809	3ly	3428	0.059	1	1	4.076
810	Antichristian	13777	0.238	4	4	4.07
811	sentenced	3447	0.06	1	1	4.069
812	false	224466	3.88	65	20	4.066
813	gear	3463	0.06	1	1	4.061
814	Leper	3469	0.06	1	1	4.059
815	Idolater	3472	0.06	1	1	4.059
816	Mrs.	13889	0.24	4	2	4.058
817	JOSIAH	3482	0.06	1	1	4.054
818	punishable	3482	0.06	1	1	4.054
819	Blasphemer	3487	0.06	1	1	4.052
820	Mag	3500	0.061	1	1	4.047
821	Rival	7012	0.121	2	1	4.045
822	Kick	3504	0.061	1	1	4.045
823	bewailed	3510	0.061	1	1	4.042
824	plays	17593	0.304	5	5	4.039
825	kisses	7051	0.122	2	2	4.036
826	Cheat	10600	0.183	3	3	4.033
827	orations	3552	0.061	1	1	4.026
828	Bottle	7144	0.124	2	2	4.017
829	Mother	150593	2.603	42	28	4.012
830	clapped	3587	0.062	1	1	4.012
831	ignoble	3602	0.062	1	1	4.005
832	Profanation	3603	0.062	1	1	4.005
833	rail	7220	0.125	2	2	4.002
834	wipe	7298	0.126	2	2	3.987
835	Prithee	7377	0.128	2	2	3.971
836	Voluptuous	3706	0.064	1	1	3.964
837	Rome	271183	4.687	73	36	3.961
838	Splendid	3733	0.065	1	1	3.955
839	Lance	7498	0.13	2	2	3.948
840	Bundle	3754	0.065	1	1	3.946
841	Rascal	3785	0.065	1	1	3.935
842	cheated	3803	0.066	1	1	3.928
843	drank	11443	0.198	3	3	3.923
844	Shirt	3819	0.066	1	1	3.921
845	boot	3835	0.066	1	1	3.915
846	sinks	3833	0.066	1	1	3.915
847	hew	3901	0.067	1	1	3.891
848	attested	3900	0.067	1	1	3.891
849	stripped	7820	0.135	2	1	3.887
850	sells	3915	0.068	1	1	3.885
851	Apocalypse	3947	0.068	1	1	3.874
852	sureties	3956	0.068	1	1	3.87
853	astringent	3977	0.069	1	1	3.864
854	corrupts	3974	0.069	1	1	3.864
855	Allen	3996	0.069	1	1	3.855
856	Regret	3999	0.069	1	1	3.855
857	Plurality	4000	0.069	1	1	3.855
858	're	16048	0.277	4	4	3.85
859	judged	56237	0.972	14	9	3.848
860	Bride	12056	0.208	3	2	3.848
861	obtains	4035	0.07	1	1	3.843
862	allured	4039	0.07	1	1	3.841
863	Marries	4061	0.07	1	1	3.832
864	consequents	4109	0.071	1	1	3.816
865	Med	4106	0.071	1	1	3.816
866	chide	4116	0.071	1	1	3.814
867	beholden	4120	0.071	1	1	3.812
868	Hector	8263	0.143	2	2	3.808
869	Desolation	12402	0.214	3	2	3.807
870	desirable	8298	0.143	2	1	3.802
871	dine	4169	0.072	1	1	3.794
872	wandering	16735	0.289	4	4	3.789
873	2dly	4207	0.073	1	1	3.782
874	reproachful	4237	0.073	1	1	3.772
875	2.1	4239	0.073	1	1	3.77
876	New-England	4274	0.074	1	1	3.758
877	trembled	4278	0.074	1	1	3.758
878	widow	21540	0.372	5	5	3.747
879	sly	4313	0.075	1	1	3.747
880	remiss	4323	0.075	1	1	3.743
881	spends	4330	0.075	1	1	3.741
882	Poole	4327	0.075	1	1	3.741
883	Females	4334	0.075	1	1	3.739
884	Query	4359	0.075	1	1	3.731
885	play	61168	1.057	14	12	3.727
886	diseased	8769	0.152	2	2	3.722
887	bane	4390	0.076	1	1	3.72
888	147	4392	0.076	1	1	3.72
889	Apparelled	4398	0.076	1	1	3.718
890	Knave	8870	0.153	2	2	3.706
891	Stations	4457	0.077	1	1	3.699
892	impartially	4457	0.077	1	1	3.699
893	notorious	22363	0.387	5	5	3.693
894	Characters	17893	0.309	4	3	3.693
895	Villain	8957	0.155	2	2	3.692
896	Prick	9007	0.156	2	2	3.683
897	slippery	4506	0.078	1	1	3.682
898	Nun	4515	0.078	1	1	3.68
899	Parishioners	4513	0.078	1	1	3.68
900	ERRATA	4522	0.078	1	1	3.677
901	regards	9143	0.158	2	2	3.662
902	peremptorily	4573	0.079	1	1	3.662
903	Stafford	4611	0.08	1	1	3.649
904	Witch	9245	0.16	2	2	3.646
905	Locusts	4636	0.08	1	1	3.642
906	Seat	51212	0.885	11	8	3.635
907	Warrants	4662	0.081	1	1	3.633
908	Unbelieving	4661	0.081	1	1	3.633
909	unstable	4680	0.081	1	1	3.628
910	judging	18760	0.324	4	2	3.625
911	Y.	4725	0.082	1	1	3.614
912	reclaim	4736	0.082	1	1	3.61
913	changeable	4757	0.082	1	1	3.605
914	insolency	4788	0.083	1	1	3.594
915	reservation	4824	0.083	1	1	3.584
916	intra	4839	0.084	1	1	3.58
917	Velvet	4856	0.084	1	1	3.575
918	semel	4864	0.084	1	1	3.572
919	Simon	29226	0.505	6	1	3.57
920	penetrate	4877	0.084	1	1	3.568
921	Pleasantly	4926	0.085	1	1	3.555
922	oppressors	4931	0.085	1	1	3.553
923	Michael	14812	0.256	3	2	3.551
924	Gad	4956	0.086	1	1	3.545
925	surer	4963	0.086	1	1	3.543
926	Solon	4981	0.086	1	1	3.538
927	Perjured	4993	0.086	1	1	3.534
928	daughters	40010	0.692	8	6	3.532
929	Gentile	10008	0.173	2	1	3.531
930	Wedlock	5013	0.087	1	1	3.529
931	Clamour	5016	0.087	1	1	3.528
932	pocket	5029	0.087	1	1	3.525
933	dis	5030	0.087	1	1	3.525
934	ruling	10062	0.174	2	1	3.524
935	foresaw	5038	0.087	1	1	3.521
936	burn	40670	0.703	8	6	3.508
937	Transgressors	5101	0.088	1	1	3.503
938	Isay	5116	0.088	1	1	3.5
939	prudently	5115	0.088	1	1	3.5
940	diversion	5121	0.089	1	1	3.498
941	Romes	5130	0.089	1	1	3.495
942	playing	10275	0.178	2	2	3.493
943	wear	20558	0.355	4	4	3.493
944	lock	5149	0.089	1	1	3.49
945	guiltless	5157	0.089	1	1	3.488
946	Dress	15539	0.269	3	3	3.481
947	moveable	5188	0.09	1	1	3.479
948	Synagogue	10391	0.18	2	2	3.477
949	boasted	5195	0.09	1	1	3.477
950	'twixt	5238	0.091	1	1	3.466
951	provocations	5242	0.091	1	1	3.464
952	hammer	5253	0.091	1	1	3.461
953	knaves	5254	0.091	1	1	3.461
954	strives	5260	0.091	1	1	3.46
955	Bibles	5262	0.091	1	1	3.458
956	Potion	5269	0.091	1	1	3.456
957	gilded	5276	0.091	1	1	3.455
958	accuses	5277	0.091	1	1	3.455
959	drying	5285	0.091	1	1	3.452
960	Penitent	15876	0.274	3	2	3.451
961	Walter	10593	0.183	2	1	3.449
962	hating	5297	0.092	1	1	3.449
963	Legacy	5380	0.093	1	1	3.427
964	Venus	26929	0.466	5	5	3.425
965	wed	5405	0.093	1	1	3.42
966	Amsterdam	5414	0.094	1	1	3.417
967	125	5416	0.094	1	1	3.417
968	Cod	5444	0.094	1	1	3.41
969	registered	5476	0.095	1	1	3.4
970	troth	5489	0.095	1	1	3.397
971	Beauteous	5494	0.095	1	1	3.396
972	happening	5514	0.095	1	1	3.391
973	Br	5518	0.095	1	1	3.39
974	fiercely	5527	0.096	1	1	3.388
975	Helmet	5523	0.096	1	1	3.388
976	COAL	5526	0.096	1	1	3.388
977	Mantle	5533	0.096	1	1	3.387
978	un	83123	1.437	15	1	3.384
979	Coward	5580	0.096	1	1	3.375
980	Pastures	5598	0.097	1	1	3.369
981	ruled	22509	0.389	4	2	3.362
982	hates	16898	0.292	3	3	3.36
983	foretell	5652	0.098	1	1	3.355
984	Antwerp	5663	0.098	1	1	3.353
985	Williams	5670	0.098	1	1	3.351
986	Esquire	11359	0.196	2	1	3.349
987	claimed	5679	0.098	1	1	3.348
988	badge	5699	0.099	1	1	3.344
989	multitudes	17103	0.296	3	2	3.343
990	Tongues	40030	0.692	7	3	3.339
991	Incarnate	5722	0.099	1	1	3.338
992	65.	5737	0.099	1	1	3.334
993	handsome	11498	0.199	2	2	3.331
994	drinking	29093	0.503	5	5	3.314
995	sitting	35270	0.61	6	6	3.299
996	off-spring	5879	0.102	1	1	3.299
997	discovers	11783	0.204	2	2	3.295
998	Grain	17694	0.306	3	2	3.294
999	licentious	5899	0.102	1	1	3.293
1000	Conscientious	5922	0.102	1	1	3.288
1001	bloody	53730	0.929	9	7	3.277
1002	beholds	5976	0.103	1	1	3.275
1003	preferment	11954	0.207	2	2	3.275
1004	revenged	11966	0.207	2	2	3.274
1005	Arabic	5985	0.103	1	1	3.274
1006	honest	83801	1.449	14	13	3.273
1007	Dishonest	6002	0.104	1	1	3.27
1008	defiled	18090	0.313	3	2	3.262
1009	Mistress	42310	0.731	7	7	3.259
1010	barn	6053	0.105	1	1	3.257
1011	Jordan	6062	0.105	1	1	3.254
1012	window	12154	0.21	2	2	3.251
1013	Plin.	6085	0.105	1	1	3.249
1014	Prophet	133904	2.315	22	18	3.249
1015	stink	6090	0.105	1	1	3.247
1016	polluted	12233	0.211	2	2	3.242
1017	Squire	6126	0.106	1	1	3.239
1018	rush	6130	0.106	1	1	3.238
1019	accepts	6165	0.107	1	1	3.23
1020	fetch	24696	0.427	4	1	3.228
1021	reigned	31015	0.536	5	4	3.221
1022	illegal	6218	0.108	1	1	3.218
1023	fills	12448	0.215	2	2	3.216
1024	sings	6246	0.108	1	1	3.211
1025	'm	31244	0.54	5	5	3.211
1026	spoiling	6265	0.108	1	1	3.207
1027	Slander	12613	0.218	2	1	3.198
1028	Dregs	6317	0.109	1	1	3.195
1029	stark	6325	0.109	1	1	3.194
1030	Woman	183598	3.173	29	24	3.192
1031	wave	6344	0.11	1	1	3.188
1032	whip	6373	0.11	1	1	3.182
1033	Yes	44644	0.772	7	5	3.181
1034	fourteenth	6396	0.111	1	1	3.177
1035	certified	6444	0.111	1	1	3.166
1036	Marry	38694	0.669	6	6	3.165
1037	sink	19378	0.335	3	3	3.163
1038	neat	6464	0.112	1	1	3.162
1039	allows	12955	0.224	2	1	3.159
1040	Exit	19436	0.336	3	3	3.159
1041	Tithe	6494	0.112	1	1	3.156
1042	Wolf	13047	0.226	2	2	3.149
1043	Son	570683	9.864	87	49	3.141
1044	Tacit	6596	0.114	1	1	3.133
1045	Actors	6627	0.115	1	1	3.127
1046	whipped	6660	0.115	1	1	3.119
1047	Medicaments	6671	0.115	1	1	3.117
1048	renounced	6702	0.116	1	1	3.11
1049	wears	6709	0.116	1	1	3.108
1050	Constable	20148	0.348	3	3	3.107
1051	involved	6720	0.116	1	1	3.105
1052	tired	6727	0.116	1	1	3.104
1053	wanton	20242	0.35	3	3	3.1
1054	spy	6749	0.117	1	1	3.099
1055	retaining	6754	0.117	1	1	3.099
1056	!	371996	6.43	55	26	3.097
1057	fleshy	6777	0.117	1	1	3.094
1058	inside	6781	0.117	1	1	3.093
1059	Hey	6793	0.117	1	1	3.09
1060	Otho	6796	0.118	1	1	3.089
1061	Indicted	6808	0.118	1	1	3.087
1062	Hor	6813	0.118	1	1	3.086
1063	charming	6822	0.118	1	1	3.084
1064	burned	20536	0.355	3	3	3.079
1065	Eschew	6866	0.119	1	1	3.075
1066	Solomon	41245	0.713	6	5	3.073
1067	cups	6881	0.119	1	1	3.072
1068	Dragons	6883	0.119	1	1	3.071
1069	tenet	6922	0.12	1	1	3.064
1070	liberally	6929	0.12	1	1	3.061
1071	Sampson	6989	0.121	1	1	3.049
1072	rewarded	14017	0.242	2	1	3.045
1073	Revel	21061	0.364	3	3	3.043
1074	Drunkards	7021	0.121	1	1	3.042
1075	ding	7037	0.122	1	1	3.04
1076	heathenish	7043	0.122	1	1	3.039
1077	calling	105619	1.826	15	9	3.039
1078	mystical	21135	0.365	3	3	3.038
1079	impenitent	7049	0.122	1	1	3.037
1080	Macedonia	7054	0.122	1	1	3.036
1081	Begot	7053	0.122	1	1	3.036
1082	Methinks	14132	0.244	2	2	3.033
1083	expounded	14226	0.246	2	1	3.024
1084	Rabble	7160	0.124	1	1	3.014
1085	Heretic	14330	0.248	2	2	3.013
1086	gestures	7174	0.124	1	1	3.012
1087	terram	7206	0.125	1	1	3.005
1088	Leaven	7224	0.125	1	1	3.001
1089	Idolatrous	14523	0.251	2	2	2.994
1090	Fellow	51208	0.885	7	5	2.983
1091	damn	7322	0.127	1	1	2.982
1092	compelled	22115	0.382	3	3	2.972
1093	Nations	132713	2.294	18	10	2.972
1094	shameful	14747	0.255	2	2	2.972
1095	Silk	14806	0.256	2	2	2.966
1096	Virgins	22219	0.384	3	3	2.965
1097	Engine	7413	0.128	1	1	2.965
1098	drink	140890	2.435	19	12	2.964
1099	bestows	7419	0.128	1	1	2.964
1100	boasting	7419	0.128	1	1	2.964
1101	Papacy	7431	0.128	1	1	2.961
1102	snare	14914	0.258	2	1	2.956
1103	im	7470	0.129	1	1	2.953
1104	games	7473	0.129	1	1	2.952
1105	Exaltation	7482	0.129	1	1	2.951
1106	commits	7541	0.13	1	1	2.94
1107	Game	15105	0.261	2	1	2.937
1108	filthy	30299	0.524	4	4	2.933
1109	situated	7582	0.131	1	1	2.931
1110	precise	7715	0.133	1	1	2.906
1111	define	7725	0.134	1	1	2.905
1112	Bacon	7727	0.134	1	1	2.904
1113	Zach.	7738	0.134	1	1	2.903
1114	ruined	15482	0.268	2	2	2.902
1115	Husbands	30992	0.536	4	4	2.901
1116	Daughter	108707	1.879	14	11	2.897
1117	Val	7789	0.135	1	1	2.893
1118	establishing	7797	0.135	1	1	2.891
1119	83	7828	0.135	1	1	2.886
1120	Merchant	23511	0.406	3	2	2.884
1121	laughing	7845	0.136	1	1	2.883
1122	intimated	7877	0.136	1	1	2.876
1123	street	23649	0.409	3	3	2.875
1124	slighted	7957	0.138	1	1	2.862
1125	facta	7986	0.138	1	1	2.857
1126	81	7987	0.138	1	1	2.856
1127	She	1006738	17.401	126	85	2.856
1128	keeps	40024	0.692	5	5	2.854
1129	Pick	8026	0.139	1	1	2.85
1130	replied	40276	0.696	5	4	2.844
1131	hostess	8115	0.14	1	1	2.833
1132	lain	8129	0.141	1	1	2.831
1133	Suburbs	8156	0.141	1	1	2.826
1134	silly	16358	0.283	2	2	2.823
1135	cunningly	8182	0.141	1	1	2.822
1136	lists	8183	0.141	1	1	2.822
1137	Christopher	8248	0.143	1	1	2.81
1138	Riot	8272	0.143	1	1	2.806
1139	Agrippa	8329	0.144	1	1	2.796
1140	Surgeon	8390	0.145	1	1	2.786
1141	Jac	8428	0.146	1	1	2.779
1142	parted	16901	0.292	2	2	2.775
1143	cheap	8467	0.146	1	1	2.772
1144	crew	8469	0.146	1	1	2.772
1145	Baronius	8482	0.147	1	1	2.77
1146	undo	8485	0.147	1	1	2.769
1147	Aye	17014	0.294	2	2	2.766
1148	Devices	8511	0.147	1	1	2.765
1149	repute	8562	0.148	1	1	2.756
1150	described	42932	0.742	5	5	2.752
1151	Sister	51618	0.892	6	6	2.75
1152	Ram	8617	0.149	1	1	2.748
1153	Frederick	8637	0.149	1	1	2.744
1154	patent	8637	0.149	1	1	2.744
1155	yields	17327	0.3	2	2	2.739
1156	Maria	8668	0.15	1	1	2.739
1157	allowing	8667	0.15	1	1	2.739
1158	coin	17339	0.3	2	2	2.738
1159	great	1790493	30.948	206	69	2.735
1160	lamentation	8729	0.151	1	1	2.728
1161	Literal	8761	0.151	1	1	2.724
1162	conveniently	8789	0.152	1	1	2.719
1163	eager	8791	0.152	1	1	2.718
1164	persecuting	8817	0.152	1	1	2.714
1165	forgot	17706	0.306	2	2	2.708
1166	kissed	8900	0.154	1	1	2.701
1167	Garments	26823	0.464	3	2	2.694
1168	destruction	89423	1.546	10	4	2.694
1169	Lambs	8945	0.155	1	1	2.693
1170	Beggar	8945	0.155	1	1	2.693
1171	Steal	17906	0.31	2	2	2.692
1172	product	8997	0.156	1	1	2.685
1173	betrayed	18001	0.311	2	2	2.685
1174	trades	9008	0.156	1	1	2.683
1175	Predecessors	18045	0.312	2	2	2.681
1176	corrupted	36122	0.624	4	4	2.679
1177	ire	9043	0.156	1	1	2.678
1178	Revolt	9050	0.156	1	1	2.677
1179	obliging	9101	0.157	1	1	2.668
1180	lust	54865	0.948	6	4	2.662
1181	venerable	9145	0.158	1	1	2.661
1182	ses	9156	0.158	1	1	2.659
1183	bed	73593	1.272	8	8	2.653
1184	enquired	9225	0.16	1	1	2.648
1185	defeat	9235	0.16	1	1	2.647
1186	Merchants	36943	0.639	4	2	2.647
1187	Midnight	9250	0.16	1	1	2.645
1188	outside	9291	0.161	1	1	2.638
1189	Demetrius	9307	0.161	1	1	2.636
1190	'll	158479	2.739	17	14	2.634
1191	wife	214853	3.714	23	19	2.631
1192	extract	9355	0.162	1	1	2.629
1193	Inconstant	9357	0.162	1	1	2.629
1194	definition	18738	0.324	2	1	2.626
1195	Hellish	9373	0.162	1	1	2.626
1196	73	9377	0.162	1	1	2.625
1197	Plagues	18774	0.325	2	2	2.624
1198	perplexed	9395	0.162	1	1	2.622
1199	embracing	9401	0.163	1	1	2.621
1200	hired	9416	0.163	1	1	2.619
1201	Affront	9421	0.163	1	1	2.619
1202	comprehends	9448	0.163	1	1	2.614
1203	relates	18918	0.327	2	1	2.613
1204	tot	9457	0.164	1	1	2.613
1205	Asses	9467	0.164	1	1	2.612
1206	partake	18988	0.328	2	2	2.607
1207	Indictment	9527	0.165	1	1	2.602
1208	cunning	28670	0.496	3	3	2.598
1209	opposing	9578	0.166	1	1	2.594
1210	horrid	19167	0.331	2	2	2.594
1211	increases	9612	0.166	1	1	2.59
1212	Countrymen	9617	0.166	1	1	2.589
1213	Bell	19417	0.336	2	2	2.575
1214	Papal	9725	0.168	1	1	2.573
1215	burning	48634	0.841	5	4	2.572
1216	her	1811491	31.311	186	106	2.571
1217	censured	9756	0.169	1	1	2.568
1218	flattering	9757	0.169	1	1	2.568
1219	treacherous	9758	0.169	1	1	2.567
1220	parsons	9768	0.169	1	1	2.567
1221	cry	87922	1.52	9	8	2.566
1222	nostrils	9776	0.169	1	1	2.565
1223	abhorred	9825	0.17	1	1	2.558
1224	nunquam	9878	0.171	1	1	2.55
1225	ports	9887	0.171	1	1	2.549
1226	risen	19790	0.342	2	2	2.548
1227	wander	9904	0.171	1	1	2.546
1228	positively	9945	0.172	1	1	2.54
1229	Golden	49785	0.861	5	5	2.539
1230	begat	9977	0.173	1	1	2.535
1231	doors	29993	0.518	3	3	2.533
1232	omnipotent	9996	0.173	1	1	2.533
1233	burnt	50113	0.866	5	4	2.529
1234	headlong	10029	0.173	1	1	2.529
1235	Embraces	10141	0.175	1	1	2.512
1236	assign	10140	0.175	1	1	2.512
1237	subsist	10162	0.176	1	1	2.51
1238	undone	20337	0.352	2	2	2.508
1239	Car	20342	0.352	2	1	2.508
1240	Tragedy	10196	0.176	1	1	2.505
1241	adore	20395	0.353	2	2	2.504
1242	kindred	20409	0.353	2	2	2.503
1243	excellently	10217	0.177	1	1	2.501
1244	Lady	112639	1.947	11	6	2.498
1245	Glories	10254	0.177	1	1	2.497
1246	Impudence	10304	0.178	1	1	2.489
1247	discovering	10322	0.178	1	1	2.487
1248	dog	30988	0.536	3	3	2.486
1249	match	20690	0.358	2	2	2.484
1250	suppressed	10353	0.179	1	1	2.483
1251	magnificent	10359	0.179	1	1	2.481
1252	Pit	20801	0.36	2	2	2.476
1253	brazen	10407	0.18	1	1	2.475
1254	acquired	10411	0.18	1	1	2.474
1255	Ans	20841	0.36	2	2	2.473
1256	sadness	10440	0.181	1	1	2.47
1257	apples	10469	0.181	1	1	2.466
1258	loathsome	10486	0.181	1	1	2.464
1259	becomes	41957	0.725	4	4	2.464
1260	Margaret	10516	0.182	1	1	2.46
1261	implies	10523	0.182	1	1	2.459
1262	Plots	10530	0.182	1	1	2.458
1263	treated	21086	0.365	2	2	2.456
1264	superstitious	21092	0.365	2	2	2.456
1265	slave	21201	0.367	2	2	2.448
1266	call	328774	5.683	31	28	2.448
1267	Ap	10623	0.184	1	1	2.445
1268	Mal.	10647	0.184	1	1	2.442
1269	Windows	10698	0.185	1	1	2.435
1270	venture	21408	0.37	2	2	2.434
1271	indifferently	10753	0.186	1	1	2.427
1272	spoiled	21514	0.372	2	2	2.427
1273	Floods	10792	0.187	1	1	2.423
1274	carry	108052	1.868	10	5	2.421
1275	ten	130362	2.253	12	10	2.413
1276	Diana	10894	0.188	1	1	2.409
1277	placing	10949	0.189	1	1	2.401
1278	Agents	10972	0.19	1	1	2.399
1279	venom	11000	0.19	1	1	2.395
1280	Peoples	33008	0.571	3	3	2.395
1281	infamous	11020	0.191	1	1	2.392
1282	destroyed	66138	1.143	6	4	2.392
1283	Cock	11063	0.191	1	1	2.387
1284	ch.	33232	0.574	3	3	2.385
1285	Knees	22165	0.383	2	2	2.384
1286	Apoc.	11083	0.192	1	1	2.384
1287	'd	144543	2.498	13	12	2.379
1288	warned	11120	0.192	1	1	2.379
1289	Standard	11129	0.192	1	1	2.378
1290	insolent	11146	0.193	1	1	2.376
1291	Cor	22308	0.386	2	1	2.375
1292	common	346098	5.982	31	21	2.374
1293	gain	78199	1.352	7	7	2.373
1294	Ephraim	11202	0.194	1	1	2.369
1295	Den	11211	0.194	1	1	2.367
1296	imaginable	11234	0.194	1	1	2.364
1297	Mountains	56383	0.975	5	2	2.359
1298	protestation	11307	0.195	1	1	2.355
1299	ts	11321	0.196	1	1	2.353
1300	murderers	11345	0.196	1	1	2.35
1301	Symptoms	11363	0.196	1	1	2.348
1302	quorum	11386	0.197	1	1	2.345
1303	picture	22820	0.394	2	2	2.342
1304	vowed	11454	0.198	1	1	2.336
1305	price	57392	0.992	5	5	2.334
1306	Mary	68927	1.191	6	4	2.332
1307	residence	11507	0.199	1	1	2.33
1308	revived	11511	0.199	1	1	2.329
1309	Cave	11519	0.199	1	1	2.328
1310	fitter	11535	0.199	1	1	2.326
1311	pointed	11576	0.2	1	1	2.321
1312	committing	11606	0.201	1	1	2.318
1313	punishing	11649	0.201	1	1	2.312
1314	stroke	23344	0.404	2	2	2.309
1315	preparing	11677	0.202	1	1	2.309
1316	infamy	11689	0.202	1	1	2.308
1317	suits	11705	0.202	1	1	2.305
1318	ravished	11709	0.202	1	1	2.305
1319	eadem	11713	0.203	1	1	2.304
1320	Madam	46920	0.811	4	3	2.302
1321	fools	35223	0.609	3	3	2.301
1322	Abomination	11757	0.203	1	1	2.299
1323	wondered	11794	0.204	1	1	2.294
1324	breathing	11927	0.206	1	1	2.278
1325	generality	11939	0.206	1	1	2.276
1326	pr	11953	0.207	1	1	2.275
1327	wickedness	71915	1.243	6	6	2.271
1328	contrived	11992	0.207	1	1	2.27
1329	Bona	12019	0.208	1	1	2.267
1330	affect	24146	0.417	2	2	2.26
1331	jointly	12082	0.209	1	1	2.26
1332	seven	120863	2.089	10	9	2.259
1333	translate	12144	0.21	1	1	2.252
1334	amorous	12171	0.21	1	1	2.249
1335	Exeunt	12174	0.21	1	1	2.249
1336	Pull	24362	0.421	2	2	2.248
1337	adored	12216	0.211	1	1	2.243
1338	Ungrateful	12237	0.212	1	1	2.241
1339	drove	12259	0.212	1	1	2.239
1340	Fortunes	24537	0.424	2	2	2.238
1341	1pageduplicate	49108	0.849	4	1	2.237
1342	Pagan	12292	0.213	1	1	2.234
1343	Adultery	24714	0.427	2	1	2.227
1344	poisoned	12446	0.215	1	1	2.217
1345	ded	12467	0.216	1	1	2.214
1346	potent	12467	0.216	1	1	2.214
1347	envious	12527	0.217	1	1	2.208
1348	Meal	12549	0.217	1	1	2.205
1349	pity	62915	1.088	5	5	2.201
1350	Heresies	25260	0.437	2	1	2.196
1351	Dan	38042	0.658	3	3	2.19
1352	Roger	12679	0.219	1	1	2.19
1353	pitiful	12709	0.22	1	1	2.186
1354	blinded	12718	0.22	1	1	2.186
1355	hated	25471	0.44	2	1	2.183
1356	temperance	12755	0.221	1	1	2.181
1357	abides	12792	0.221	1	1	2.177
1358	Darius	12799	0.221	1	1	2.177
1359	committed	115180	1.991	9	8	2.177
1360	crafty	12823	0.222	1	1	2.174
1361	Roman	141472	2.445	11	11	2.169
1362	Pas	12920	0.223	1	1	2.163
1363	traffic	12930	0.224	1	1	2.162
1364	road	12952	0.224	1	1	2.159
1365	decline	12957	0.224	1	1	2.158
1366	forsooth	12960	0.224	1	1	2.158
1367	Forbidden	38907	0.673	3	3	2.157
1368	approaching	12995	0.225	1	1	2.155
1369	George	39058	0.675	3	1	2.152
1370	raging	13043	0.225	1	1	2.149
1371	streets	26115	0.451	2	2	2.148
1372	blush	13133	0.227	1	1	2.139
1373	Champion	13133	0.227	1	1	2.139
1374	permission	13164	0.228	1	1	2.136
1375	Christo	13181	0.228	1	1	2.134
1376	condemns	13190	0.228	1	1	2.133
1377	delightful	13236	0.229	1	1	2.128
1378	Andrew	13250	0.229	1	1	2.127
1379	passive	13248	0.229	1	1	2.127
1380	Rents	13329	0.23	1	1	2.118
1381	disturb	13350	0.231	1	1	2.115
1382	dressed	13382	0.231	1	1	2.112
1383	Purge	26806	0.463	2	1	2.11
1384	inflicted	13403	0.232	1	1	2.11
1385	stolen	13436	0.232	1	1	2.107
1386	regular	13469	0.233	1	1	2.103
1387	Western	13537	0.234	1	1	2.095
1388	apparel	27082	0.468	2	2	2.095
1389	Coals	13558	0.234	1	1	2.094
1390	Sealed	27229	0.471	2	2	2.087
1391	Flatter	13665	0.236	1	1	2.082
1392	dares	13753	0.238	1	1	2.073
1393	fine	96522	1.668	7	5	2.069
1394	proving	13818	0.239	1	1	2.066
1395	manage	13853	0.239	1	1	2.063
1396	sinning	13902	0.24	1	1	2.057
1397	Women	152987	2.644	11	10	2.057
1398	imports	13994	0.242	1	1	2.048
1399	Revelation	41988	0.726	3	3	2.047
1400	oh	126299	2.183	9	8	2.044
1401	spiritual	239256	4.136	17	10	2.039
1402	Worlds	28162	0.487	2	1	2.039
1403	mad	42332	0.732	3	3	2.036
1404	charms	14109	0.244	1	1	2.036
1405	39.	14194	0.245	1	1	2.027
1406	included	14204	0.246	1	1	2.026
1407	pretends	14230	0.246	1	1	2.023
1408	affirming	14264	0.247	1	1	2.02
1409	doom	28591	0.494	2	1	2.017
1410	's	1833403	31.69	128	65	2.014
1411	Ha	28655	0.495	2	2	2.014
1412	gets	14332	0.248	1	1	2.013
1413	destroy	86113	1.488	6	6	2.011
1414	Nephew	14378	0.249	1	1	2.009
1415	tasted	14389	0.249	1	1	2.008
1416	Trade	71989	1.244	5	4	2.007
1417	sacrificed	14434	0.25	1	1	2.003
1418	Diocese	14451	0.25	1	1	2.001
1419	inflamed	14462	0.25	1	1	2
1420	reprobate	14526	0.251	1	1	1.994
1421	Ah	29075	0.503	2	2	1.993
1422	keeping	58223	1.006	4	4	1.991
1423	Hills	29127	0.504	2	2	1.99
1424	mark	131282	2.269	9	8	1.988
1425	begotten	29211	0.505	2	2	1.986
1426	Tent	14624	0.253	1	1	1.984
1427	repented	14668	0.254	1	1	1.98
1428	fairest	14727	0.255	1	1	1.974
1429	reproof	14798	0.256	1	1	1.967
1430	Mar	14814	0.256	1	1	1.965
1431	shun	14847	0.257	1	1	1.962
1432	Sir	371184	6.416	25	12	1.962
1433	Thank	29699	0.513	2	2	1.962
1434	publicly	29824	0.516	2	2	1.956
1435	feeble	14952	0.258	1	1	1.952
1436	seize	15038	0.26	1	1	1.944
1437	enlarge	15062	0.26	1	1	1.942
1438	Ale	15087	0.261	1	1	1.939
1439	deep	75511	1.305	5	5	1.938
1440	privately	15154	0.262	1	1	1.933
1441	calls	121932	2.108	8	8	1.924
1442	Ere	61209	1.058	4	3	1.919
1443	wild	61696	1.066	4	2	1.907
1444	en	61856	1.069	4	2	1.903
1445	Popery	30936	0.535	2	2	1.903
1446	18.	77389	1.338	5	4	1.902
1447	Generations	15518	0.268	1	1	1.899
1448	rode	15543	0.269	1	1	1.896
1449	Candle	15553	0.269	1	1	1.895
1450	58	15554	0.269	1	1	1.895
1451	young	171502	2.964	11	9	1.892
1452	Sodom	15597	0.27	1	1	1.891
1453	wall	47250	0.817	3	3	1.877
1454	incense	15760	0.272	1	1	1.876
1455	reigns	15787	0.273	1	1	1.874
1456	abused	31590	0.546	2	2	1.873
1457	Draws	31643	0.547	2	2	1.871
1458	confound	15864	0.274	1	1	1.867
1459	discovered	63467	1.097	4	4	1.866
1460	rebuke	15877	0.274	1	1	1.866
1461	desperate	31789	0.55	2	2	1.864
1462	vow	31839	0.55	2	2	1.862
1463	wretch	15921	0.275	1	1	1.861
1464	slay	15920	0.275	1	1	1.861
1465	tormented	15920	0.275	1	1	1.861
1466	Illustrious	15935	0.275	1	1	1.86
1467	Prophets	111696	1.931	7	3	1.858
1468	carried	127788	2.209	8	1	1.857
1469	lewd	15983	0.276	1	1	1.856
1470	cries	32046	0.554	2	2	1.852
1471	befall	16025	0.277	1	1	1.852
1472	Damnation	32064	0.554	2	2	1.852
1473	meanest	16212	0.28	1	1	1.835
1474	Patriarch	16225	0.28	1	1	1.834
1475	JUdicious	16290	0.282	1	1	1.828
1476	Thin	32659	0.565	2	2	1.825
1477	Sale	16370	0.283	1	1	1.821
1478	strongest	16405	0.284	1	1	1.818
1479	strangers	49348	0.853	3	3	1.814
1480	Maid	33079	0.572	2	2	1.806
1481	iniquities	16575	0.287	1	1	1.803
1482	members	116122	2.007	7	5	1.802
1483	17.	83120	1.437	5	4	1.799
1484	abstain	16630	0.287	1	1	1.799
1485	married	66560	1.151	4	4	1.798
1486	Pulled	16685	0.288	1	1	1.794
1487	getting	16702	0.289	1	1	1.792
1488	Epist.	33418	0.578	2	2	1.792
1489	marks	33471	0.579	2	2	1.79
1490	turn	167524	2.896	10	7	1.788
1491	Censures	16762	0.29	1	1	1.787
1492	a	14471665	250.139	861	248	1.783
1493	sees	33635	0.581	2	2	1.782
1494	extant	16836	0.291	1	1	1.781
1495	complained	16882	0.292	1	1	1.777
1496	caught	16892	0.292	1	1	1.776
1497	fulfilled	33876	0.586	2	2	1.772
1498	bred	34100	0.589	2	2	1.763
1499	Infidels	17053	0.295	1	1	1.762
1500	Kin	17056	0.295	1	1	1.762
1501	Prophecy	51210	0.885	3	3	1.761
1502	support	34167	0.591	2	2	1.76
1503	professed	34256	0.592	2	2	1.756
1504	Board	17171	0.297	1	1	1.752
1505	ornaments	17222	0.298	1	1	1.748
1506	discerned	17249	0.298	1	1	1.746
1507	Esau	17268	0.299	1	1	1.744
1508	sisters	17302	0.299	1	1	1.741
1509	reproach	34657	0.599	2	2	1.739
1510	confounded	17397	0.301	1	1	1.734
1511	XX	17400	0.301	1	1	1.733
1512	meetings	17499	0.303	1	1	1.725
1513	Gall	17567	0.304	1	1	1.72
1514	l	70403	1.217	4	2	1.717
1515	Papist	17633	0.305	1	1	1.714
1516	breaking	35284	0.61	2	2	1.713
1517	urge	17702	0.306	1	1	1.708
1518	o.	17703	0.306	1	1	1.708
1519	Fancies	17761	0.307	1	1	1.704
1520	rejoicing	17783	0.307	1	1	1.702
1521	enforced	17825	0.308	1	1	1.699
1522	SONG	35727	0.618	2	1	1.695
1523	Stage	17895	0.309	1	1	1.693
1524	Esa	17912	0.31	1	1	1.692
1525	buy	35853	0.62	2	1	1.69
1526	Gallant	17961	0.311	1	1	1.687
1527	transgression	18016	0.311	1	1	1.683
1528	troubled	72125	1.247	4	2	1.682
1529	Church	1175787	20.323	65	23	1.677
1530	deceived	54539	0.943	3	3	1.67
1531	brings	54834	0.948	3	2	1.662
1532	aright	18302	0.316	1	1	1.661
1533	heretofore	36652	0.634	2	2	1.659
1534	largely	18351	0.317	1	1	1.657
1535	bids	18389	0.318	1	1	1.654
1536	mouths	36905	0.638	2	2	1.649
1537	scandalous	18474	0.319	1	1	1.647
1538	spend	37287	0.645	2	2	1.634
1539	Lie	168129	2.906	9	9	1.631
1540	Wilderness	37400	0.647	2	2	1.629
1541	called	768363	13.281	41	31	1.626
1542	concludes	18755	0.324	1	1	1.625
1543	shame	94222	1.629	5	5	1.618
1544	Quality	75538	1.306	4	4	1.615
1545	separated	37858	0.654	2	1	1.612
1546	Bull	18950	0.328	1	1	1.61
1547	Italian	18997	0.328	1	1	1.606
1548	loves	76043	1.314	4	4	1.606
1549	Brave	38044	0.658	2	2	1.605
1550	immortality	19100	0.33	1	1	1.599
1551	encouraged	19234	0.333	1	1	1.589
1552	Character	38558	0.667	2	2	1.585
1553	Chains	19298	0.334	1	1	1.584
1554	Weeks	19316	0.334	1	1	1.583
1555	Throat	19344	0.334	1	1	1.58
1556	Cloth	38753	0.67	2	2	1.578
1557	invented	19383	0.335	1	1	1.578
1558	drew	38764	0.67	2	2	1.578
1559	worse	96916	1.675	5	4	1.578
1560	Abhor	19419	0.336	1	1	1.575
1561	horror	19604	0.339	1	1	1.561
1562	favourable	19618	0.339	1	1	1.56
1563	Pomp	19649	0.34	1	1	1.558
1564	whereon	19704	0.341	1	1	1.554
1565	Lyon	19709	0.341	1	1	1.553
1566	lovely	19737	0.341	1	1	1.552
1567	practices	19984	0.345	1	1	1.534
1568	probably	19999	0.346	1	1	1.532
1569	has	321926	5.564	16	15	1.524
1570	brake	20119	0.348	1	1	1.524
1571	Revenge	60376	1.044	3	3	1.523
1572	runs	40288	0.696	2	2	1.522
1573	face	181454	3.136	9	8	1.521
1574	Gentlemen	60495	1.046	3	3	1.521
1575	viz.	161354	2.789	8	7	1.52
1576	fain	40564	0.701	2	2	1.512
1577	Lion	20323	0.351	1	1	1.509
1578	nere	20350	0.352	1	1	1.508
1579	arose	20382	0.352	1	1	1.505
1580	tie	20437	0.353	1	1	1.501
1581	sell	41041	0.709	2	2	1.495
1582	les	41080	0.71	2	1	1.494
1583	Fool	41266	0.713	2	2	1.487
1584	curse	61992	1.072	3	2	1.485
1585	"	41388	0.715	2	2	1.483
1586	habet	20783	0.359	1	1	1.477
1587	cutting	20848	0.36	1	1	1.472
1588	Notions	20982	0.363	1	1	1.463
1589	ne'er	20984	0.363	1	1	1.463
1590	sa	20987	0.363	1	1	1.463
1591	persecuted	21044	0.364	1	1	1.459
1592	Seated	21058	0.364	1	1	1.458
1593	husband	105631	1.826	5	5	1.453
1594	fight	105643	1.826	5	4	1.453
1595	Titus	21285	0.368	1	1	1.443
1596	Priesthood	21290	0.368	1	1	1.442
1597	Grand	42729	0.739	2	2	1.437
1598	flying	21405	0.37	1	1	1.434
1599	judgment	235552	4.072	11	10	1.434
1600	Plague	42909	0.742	2	2	1.431
1601	pence	21465	0.371	1	1	1.431
1602	Description	42949	0.742	2	2	1.43
1603	Troops	21505	0.372	1	1	1.428
1604	prefer	21583	0.373	1	1	1.422
1605	Sovereignty	21633	0.374	1	1	1.419
1606	lack	21685	0.375	1	1	1.416
1607	old	414305	7.161	19	17	1.408
1608	sit	131502	2.273	6	5	1.4
1609	busy	21920	0.379	1	1	1.4
1610	Why	394748	6.823	18	17	1.399
1611	generous	21938	0.379	1	1	1.399
1612	Chair	21959	0.38	1	1	1.397
1613	hath	1823449	31.518	83	33	1.397
1614	tempted	22002	0.38	1	1	1.395
1615	Gentleman	66021	1.141	3	3	1.394
1616	Turk	22087	0.382	1	1	1.389
1617	murdered	22105	0.382	1	1	1.388
1618	tedious	22140	0.383	1	1	1.386
1619	s	133183	2.302	6	5	1.382
1620	poison	44407	0.768	2	2	1.382
1621	dust	44440	0.768	2	2	1.381
1622	thieves	22285	0.385	1	1	1.376
1623	secrets	22386	0.387	1	1	1.37
1624	poor	313465	5.418	14	9	1.37
1625	34.	22411	0.387	1	1	1.368
1626	Ancestors	22418	0.388	1	1	1.368
1627	ver	22436	0.388	1	1	1.367
1628	Beat	45020	0.778	2	2	1.362
1629	oppression	22522	0.389	1	1	1.361
1630	abuse	45195	0.781	2	2	1.356
1631	weeping	22605	0.391	1	1	1.356
1632	Plaintiff	22631	0.391	1	1	1.354
1633	Scandal	22639	0.391	1	1	1.354
1634	alas	67915	1.174	3	3	1.354
1635	indignation	22811	0.394	1	1	1.343
1636	admire	22861	0.395	1	1	1.34
1637	singing	22908	0.396	1	1	1.336
1638	adding	22908	0.396	1	1	1.336
1639	Traditions	22980	0.397	1	1	1.332
1640	Friendship	46387	0.802	2	2	1.319
1641	naked	46459	0.803	2	2	1.317
1642	odious	23239	0.402	1	1	1.316
1643	Sons	139530	2.412	6	6	1.315
1644	Flesh	279311	4.828	12	10	1.314
1645	returns	23425	0.405	1	1	1.304
1646	Corruptions	23463	0.406	1	1	1.302
1647	thrown	23518	0.407	1	1	1.299
1648	appears	142173	2.457	6	6	1.288
1649	dance	23697	0.41	1	1	1.288
1650	Mercury	23710	0.41	1	1	1.287
1651	saw	191431	3.309	8	7	1.274
1652	Fury	47909	0.828	2	2	1.272
1653	Rob	23959	0.414	1	1	1.272
1654	&c	479189	8.283	20	15	1.272
1655	house	407406	7.042	17	16	1.271
1656	public	215912	3.732	9	5	1.27
1657	shake	24043	0.416	1	1	1.267
1658	lies	96467	1.667	4	4	1.262
1659	exposed	24132	0.417	1	1	1.262
1660	redeemed	24139	0.417	1	1	1.261
1661	puts	48280	0.835	2	2	1.261
1662	eat	145185	2.51	6	5	1.258
1663	49	24226	0.419	1	1	1.256
1664	younger	24318	0.42	1	1	1.251
1665	F.	73082	1.263	3	3	1.248
1666	Defendant	24378	0.421	1	1	1.247
1667	expect	73209	1.265	3	3	1.245
1668	apprehend	24467	0.423	1	1	1.242
1669	25.	48971	0.847	2	2	1.24
1670	upon	2522161	43.595	103	51	1.24
1671	Garment	24609	0.425	1	1	1.233
1672	woods	24782	0.428	1	1	1.223
1673	wherewith	74362	1.285	3	3	1.223
1674	manifested	24803	0.429	1	1	1.222
1675	evermore	24903	0.43	1	1	1.216
1676	care	224334	3.878	9	6	1.215
1677	get	149760	2.589	6	6	1.213
1678	prevailed	25057	0.433	1	1	1.207
1679	Prov.	50161	0.867	2	2	1.206
1680	Dominion	50446	0.872	2	2	1.198
1681	Fortune	101130	1.748	4	4	1.194
1682	excess	25352	0.438	1	1	1.19
1683	dull	25362	0.438	1	1	1.19
1684	termed	25438	0.44	1	1	1.185
1685	returning	25466	0.44	1	1	1.184
1686	Celestial	25497	0.441	1	1	1.182
1687	Covetous	25513	0.441	1	1	1.181
1688	[	280684	4.852	11	9	1.181
1689	commit	51155	0.884	2	2	1.178
1690	Fill	51476	0.89	2	1	1.168
1691	Re	25840	0.447	1	1	1.163
1692	Aside	51692	0.894	2	2	1.162
1693	Relations	25968	0.449	1	1	1.156
1694	top	52060	0.9	2	1	1.152
1695	Wo	26036	0.45	1	1	1.152
1696	keep	313074	5.411	12	11	1.149
1697	Seed	130549	2.257	5	2	1.148
1698	looks	52264	0.903	2	2	1.147
1699	strongly	26140	0.452	1	1	1.146
1700	kiss	26340	0.455	1	1	1.135
1701	Matthew	26367	0.456	1	1	1.134
1702	Ass	26382	0.456	1	1	1.133
1703	signifies	79472	1.374	3	3	1.127
1704	Attended	26513	0.458	1	1	1.126
1705	Flood	26569	0.459	1	1	1.123
1706	lays	26622	0.46	1	1	1.12
1707	list	26655	0.461	1	1	1.118
1708	blood	426566	7.373	16	11	1.118
1709	usually	53352	0.922	2	2	1.117
1710	Richard	53481	0.924	2	1	1.113
1711	Britain	26773	0.463	1	1	1.112
1712	yea	321813	5.563	12	9	1.109
1713	mere	80762	1.396	3	3	1.104
1714	leads	26956	0.466	1	1	1.102
1715	Heir	53990	0.933	2	2	1.1
1716	Virgin	54072	0.935	2	2	1.098
1717	sing	54605	0.944	2	2	1.083
1718	Lusts	54617	0.944	2	2	1.083
1719	Dear	109293	1.889	4	3	1.082
1720	loath	27335	0.473	1	1	1.082
1721	defended	27388	0.473	1	1	1.079
1722	remarkable	27396	0.474	1	1	1.079
1723	turned	109846	1.899	4	4	1.075
1724	pound	54933	0.95	2	2	1.075
1725	vi	55012	0.951	2	2	1.073
1726	Boy	27639	0.478	1	1	1.066
1727	temples	27639	0.478	1	1	1.066
1728	suitable	27681	0.479	1	1	1.063
1729	July	27779	0.48	1	1	1.058
1730	Published	55591	0.961	2	2	1.058
1731	Whom	782727	13.529	28	23	1.049
1732	barbarous	28021	0.484	1	1	1.046
1733	appeal	28134	0.486	1	1	1.04
1734	iniquity	56296	0.973	2	1	1.039
1735	Followers	28164	0.487	1	1	1.039
1736	thirst	28225	0.488	1	1	1.035
1737	Mass	56555	0.978	2	2	1.033
1738	24.	56559	0.978	2	2	1.033
1739	?	2527462	43.687	89	53	1.027
1740	provoke	28409	0.491	1	1	1.026
1741	swear	56939	0.984	2	2	1.023
1742	narrow	28532	0.493	1	1	1.02
1743	st	28567	0.494	1	1	1.018
1744	Rulers	28709	0.496	1	1	1.011
1745	Family	86324	1.492	3	3	1.008
1746	become	172873	2.988	6	5	1.006
1747	overcome	57959	1.002	2	2	0.997
1748	title	115960	2.004	4	2	0.997
1749	Circle	29007	0.501	1	1	0.996
1750	favours	29174	0.504	1	1	0.988
1751	titles	29194	0.505	1	1	0.987
1752	shown	29305	0.507	1	1	0.981
1753	paid	58812	1.017	2	2	0.976
1754	reference	29409	0.508	1	1	0.976
1755	spoken	147126	2.543	5	5	0.975
1756	Cardinal	58899	1.018	2	1	0.974
1757	throw	29481	0.51	1	1	0.973
1758	got	88984	1.538	3	2	0.964
1759	pretty	29773	0.515	1	1	0.958
1760	walking	29776	0.515	1	1	0.958
1761	Rank	29920	0.517	1	1	0.951
1762	purity	29926	0.517	1	1	0.951
1763	merry	30040	0.519	1	1	0.946
1764	kept	180349	3.117	6	6	0.945
1765	displeasure	30153	0.521	1	1	0.94
1766	black	90820	1.57	3	3	0.934
1767	Decrees	30530	0.528	1	1	0.922
1768	commend	30571	0.528	1	1	0.92
1769	speaks	153099	2.646	5	4	0.918
1770	wretched	30683	0.53	1	1	0.915
1771	Speeches	30693	0.531	1	1	0.915
1772	Unclean	30723	0.531	1	1	0.913
1773	harm	30750	0.532	1	1	0.912
1774	testify	30813	0.533	1	1	0.909
1775	heed	61679	1.066	2	2	0.908
1776	Priest	123560	2.136	4	4	0.905
1777	Idols	30951	0.535	1	1	0.902
1778	represent	31012	0.536	1	1	0.9
1779	scarce	62192	1.075	2	2	0.896
1780	you	3714542	64.205	119	55	0.89
1781	reported	31227	0.54	1	1	0.89
1782	whose	468798	8.103	15	13	0.888
1783	complete	31387	0.543	1	1	0.882
1784	Company	157530	2.723	5	5	0.877
1785	corrupt	63197	1.092	2	2	0.873
1786	Thou	1398203	24.168	44	30	0.864
1787	later	31782	0.549	1	1	0.864
1788	hang	31830	0.55	1	1	0.862
1789	oaths	31854	0.551	1	1	0.861
1790	carnal	63756	1.102	2	2	0.86
1791	beauty	95667	1.654	3	3	0.859
1792	whilst	127767	2.208	4	4	0.857
1793	i.	191916	3.317	6	4	0.855
1794	make	1313915	22.711	41	31	0.852
1795	Deuteronomy	64271	1.111	2	2	0.848
1796	door	64326	1.112	2	2	0.847
1797	consequently	64502	1.115	2	2	0.843
1798	m.	193517	3.345	6	3	0.843
1799	upper	32317	0.559	1	1	0.84
1800	conquest	32321	0.559	1	1	0.84
1801	bosom	32336	0.559	1	1	0.839
1802	begin	97196	1.68	3	3	0.837
1803	Fleet	32439	0.561	1	1	0.835
1804	insomuch	32477	0.561	1	1	0.833
1805	Maintenance	32482	0.561	1	1	0.833
1806	Saints	194939	3.37	6	6	0.832
1807	Israel	162651	2.811	5	4	0.831
1808	remaining	32552	0.563	1	1	0.83
1809	Instances	32610	0.564	1	1	0.827
1810	charges	32693	0.565	1	1	0.823
1811	Praises	32770	0.566	1	1	0.82
1812	wine	164447	2.842	5	5	0.815
1813	serves	32991	0.57	1	1	0.81
1814	executed	33017	0.571	1	1	0.809
1815	Kings	363629	6.285	11	10	0.807
1816	Record	33094	0.572	1	1	0.806
1817	meet	132574	2.292	4	4	0.804
1818	entrance	33397	0.577	1	1	0.793
1819	James	100348	1.735	3	3	0.79
1820	goes	100413	1.736	3	3	0.79
1821	concerns	33496	0.579	1	1	0.788
1822	Hazard	33564	0.58	1	1	0.786
1823	private	134915	2.332	4	3	0.778
1824	shed	33752	0.583	1	1	0.777
1825	an	2497908	43.176	74	52	0.777
1826	declares	33877	0.586	1	1	0.772
1827	triumph	33934	0.587	1	1	0.77
1828	Spanish	34036	0.588	1	1	0.765
1829	thousands	34120	0.59	1	1	0.762
1830	advanced	34128	0.59	1	1	0.761
1831	ever	652700	11.282	19	14	0.752
1832	Worship	206782	3.574	6	4	0.747
1833	relief	34491	0.596	1	1	0.746
1834	shall	2624249	45.36	76	42	0.745
1835	scorn	34703	0.6	1	1	0.737
1836	expression	34892	0.603	1	1	0.73
1837	Oft	69946	1.209	2	2	0.726
1838	denied	69953	1.209	2	2	0.726
1839	shows	70001	1.21	2	2	0.725
1840	serious	35051	0.606	1	1	0.723
1841	Art	315875	5.46	9	6	0.721
1842	questions	35216	0.609	1	1	0.716
1843	frequently	35397	0.612	1	1	0.709
1844	Heretics	35442	0.613	1	1	0.707
1845	shortly	35459	0.613	1	1	0.706
1846	Paper	35460	0.613	1	1	0.706
1847	Princess	35495	0.614	1	1	0.705
1848	Fate	35533	0.614	1	1	0.703
1849	Protestants	71207	1.231	2	2	0.7
1850	Tower	35614	0.616	1	1	0.7
1851	laying	35626	0.616	1	1	0.699
1852	Poverty	35712	0.617	1	1	0.696
1853	7	251211	4.342	7	7	0.689
1854	lift	35903	0.621	1	1	0.688
1855	Arguments	71833	1.242	2	2	0.688
1856	38	35927	0.621	1	1	0.687
1857	breach	35926	0.621	1	1	0.687
1858	hither	36037	0.623	1	1	0.683
1859	double	72073	1.246	2	1	0.683
1860	Dumb	36044	0.623	1	1	0.683
1861	Moreover	72198	1.248	2	2	0.68
1862	sure	217623	3.762	6	6	0.674
1863	night	217853	3.766	6	6	0.672
1864	mine	181777	3.142	5	5	0.67
1865	advance	36366	0.629	1	1	0.67
1866	your	2073026	35.832	57	35	0.67
1867	the	59190422	1023.093	1626	340	0.668
1868	beginning	182083	3.147	5	4	0.668
1869	Enter	145726	2.519	4	3	0.667
1870	Quarter	36659	0.634	1	1	0.658
1871	proud	73660	1.273	2	2	0.652
1872	quoth	36867	0.637	1	1	0.65
1873	flower	36901	0.638	1	1	0.649
1874	began	184715	3.193	5	5	0.647
1875	red	74028	1.28	2	2	0.644
1876	does	222564	3.847	6	6	0.641
1877	Palace	37162	0.642	1	1	0.639
1878	wilt	74391	1.286	2	2	0.637
1879	Jesuits	37256	0.644	1	1	0.635
1880	judgement	111780	1.932	3	3	0.635
1881	fat	37322	0.645	1	1	0.632
1882	quite	74671	1.291	2	2	0.632
1883	Angel	74694	1.291	2	1	0.631
1884	Saint	186918	3.231	5	3	0.63
1885	Universal	74773	1.292	2	1	0.63
1886	intend	37477	0.648	1	1	0.626
1887	enough	225014	3.889	6	6	0.625
1888	meant	112513	1.945	3	3	0.625
1889	needs	150472	2.601	4	4	0.621
1890	succession	37662	0.651	1	1	0.619
1891	caused	113016	1.954	3	2	0.619
1892	indeed	301803	5.217	8	7	0.617
1893	agree	75479	1.305	2	2	0.616
1894	masters	75576	1.306	2	2	0.615
1895	Vengeance	37813	0.654	1	1	0.614
1896	evening	37929	0.656	1	1	0.609
1897	seen	227877	3.939	6	6	0.607
1898	stranger	38063	0.658	1	1	0.604
1899	Host	38170	0.66	1	1	0.6
1900	godliness	38251	0.661	1	1	0.597
1901	tyranny	38301	0.662	1	1	0.595
1902	FINIS	38468	0.665	1	1	0.589
1903	who	2315377	40.021	60	39	0.584
1904	having	579260	10.012	15	15	0.583
1905	deserved	38662	0.668	1	1	0.581
1906	Physician	38678	0.669	1	1	0.581
1907	Direction	38731	0.67	1	1	0.579
1908	qualities	38805	0.671	1	1	0.576
1909	hide	38812	0.671	1	1	0.576
1910	Fourthly	38947	0.673	1	1	0.571
1911	every	1057014	18.27	27	19	0.563
1912	Cruel	78662	1.36	2	2	0.557
1913	Gen.	118079	2.041	3	3	0.556
1914	maintain	78757	1.361	2	2	0.555
1915	fit	197019	3.405	5	4	0.554
1916	turns	39404	0.681	1	1	0.554
1917	teeth	39404	0.681	1	1	0.554
1918	follows	118360	2.046	3	2	0.552
1919	Innocence	39519	0.683	1	1	0.55
1920	mountain	39556	0.684	1	1	0.549
1921	valiant	39573	0.684	1	1	0.548
1922	bestowed	39589	0.684	1	1	0.547
1923	like	1070087	18.496	27	25	0.546
1924	once	277740	4.801	7	6	0.544
1925	cost	39743	0.687	1	1	0.542
1926	lay	238823	4.128	6	6	0.54
1927	designed	39808	0.688	1	1	0.539
1928	36	39832	0.689	1	1	0.538
1929	plead	39869	0.689	1	1	0.537
1930	e.	119746	2.07	3	3	0.535
1931	Fashion	39934	0.69	1	1	0.535
1932	Wars	79970	1.382	2	2	0.533
1933	profane	40020	0.692	1	1	0.532
1934	names	120160	2.077	3	3	0.531
1935	respects	40341	0.697	1	1	0.52
1936	deceive	40456	0.699	1	1	0.516
1937	Arts	40476	0.7	1	1	0.515
1938	name	607418	10.499	15	14	0.515
1939	late	162556	2.81	4	4	0.51
1940	converted	40728	0.704	1	1	0.506
1941	;	9536348	164.834	234	134	0.505
1942	Doctrines	40858	0.706	1	1	0.502
1943	(	3147389	54.402	77	45	0.501
1944	govern	40926	0.707	1	1	0.499
1945	nor	1146191	19.812	28	24	0.499
1946	takes	123079	2.127	3	3	0.496
1947	Temper	41041	0.709	1	1	0.495
1948	forth	410791	7.1	10	7	0.494
1949	Ladies	41212	0.712	1	1	0.489
1950	since	412107	7.123	10	9	0.489
1951	persecution	41265	0.713	1	1	0.487
1952	probable	41438	0.716	1	1	0.482
1953	openly	41440	0.716	1	1	0.481
1954	John	415725	7.186	10	10	0.477
1955	dies	41578	0.719	1	1	0.477
1956	lead	83367	1.441	2	2	0.473
1957	C	292350	5.053	7	1	0.47
1958	manners	41947	0.725	1	1	0.464
1959	cure	84022	1.452	2	2	0.462
1960	K.	42154	0.729	1	1	0.457
1961	assure	42163	0.729	1	1	0.456
1962	chosen	84591	1.462	2	2	0.452
1963	saying	211699	3.659	5	4	0.45
1964	Rose	42445	0.734	1	1	0.447
1965	nine	42485	0.734	1	1	0.446
1966	tell	255280	4.413	6	6	0.443
1967	Fact	42577	0.736	1	1	0.442
1968	virtuous	42661	0.737	1	1	0.439
1969	&c.	299097	5.17	7	7	0.437
1970	distinction	42763	0.739	1	1	0.436
1971	IV	42765	0.739	1	1	0.436
1972	Kingdom	388117	6.709	9	9	0.424
1973	meeting	43320	0.749	1	1	0.417
1974	Table	86761	1.5	2	2	0.415
1975	resist	43474	0.751	1	1	0.412
1976	says	304429	5.262	7	5	0.412
1977	forms	43593	0.754	1	1	0.408
1978	spread	43759	0.756	1	1	0.403
1979	rise	87880	1.519	2	2	0.397
1980	prove	220093	3.804	5	5	0.394
1981	Yours	44031	0.761	1	1	0.394
1982	perfectly	44031	0.761	1	1	0.394
1983	womb	44083	0.762	1	1	0.392
1984	and	37698224	651.605	854	294	0.39
1985	silence	44340	0.766	1	1	0.384
1986	punish	44349	0.767	1	1	0.383
1987	me	1731164	29.923	39	23	0.382
1988	Famous	88824	1.535	2	2	0.381
1989	go	533648	9.224	12	12	0.38
1990	Reputation	44574	0.771	1	1	0.376
1991	appearance	44583	0.771	1	1	0.376
1992	gotten	44665	0.772	1	1	0.373
1993	privileges	44698	0.773	1	1	0.372
1994	Don	44710	0.773	1	1	0.372
1995	practice	89548	1.548	2	2	0.37
1996	Letter	134624	2.327	3	3	0.367
1997	bid	45051	0.779	1	1	0.361
1998	Institution	45069	0.779	1	1	0.36
1999	self	948089	16.388	21	18	0.358
2000	Though	1040761	17.989	23	16	0.354
2001	with	6743369	116.558	149	94	0.354
2002	Dare	135920	2.349	3	3	0.353
2003	)	3126749	54.045	69	46	0.352
2004	over	545201	9.424	12	9	0.349
2005	,	97296499	1681.748	2141	445	0.348
2006	begun	45469	0.786	1	1	0.348
2007	stead	45532	0.787	1	1	0.346
2008	Main	45562	0.788	1	1	0.345
2009	been	1095200	18.93	24	17	0.342
2010	Judges	91633	1.584	2	2	0.337
2011	Jurisdiction	45854	0.793	1	1	0.335
2012	answered	137849	2.383	3	3	0.332
2013	fled	45957	0.794	1	1	0.332
2014	fully	92165	1.593	2	2	0.328
2015	rage	46100	0.797	1	1	0.328
2016	how	1244740	21.515	27	23	0.328
2017	seeing	231216	3.997	5	5	0.323
2018	heresy	46327	0.801	1	1	0.32
2019	strange	139257	2.407	3	3	0.318
2020	P	46503	0.804	1	1	0.315
2021	heads	93035	1.608	2	2	0.315
2022	holds	46539	0.804	1	1	0.314
2023	Gate	46617	0.806	1	1	0.312
2024	bitter	46679	0.807	1	1	0.31
2025	showing	46685	0.807	1	1	0.31
2026	many	1356675	23.45	29	20	0.306
2027	eminent	46828	0.809	1	1	0.305
2028	ask	93732	1.62	2	2	0.304
2029	opportunity	46909	0.811	1	1	0.303
2030	one	2538275	43.874	54	40	0.3
2031	Money	188212	3.253	4	4	0.298
2032	Hot	94567	1.635	2	2	0.291
2033	rightly	47299	0.818	1	1	0.291
2034	affected	47304	0.818	1	1	0.291
2035	rich	142318	2.46	3	3	0.286
2036	Devotion	47524	0.821	1	1	0.284
2037	Devil	190658	3.296	4	4	0.28
2038	delight	95852	1.657	2	2	0.272
2039	should	1871070	32.341	39	27	0.27
2040	Home	144093	2.491	3	3	0.268
2041	Pope	240165	4.151	5	3	0.268
2042	Quid	48136	0.832	1	1	0.265
2043	warrant	48147	0.832	1	1	0.265
2044	of	39170514	677.053	813	279	0.264
2045	ashamed	48199	0.833	1	1	0.263
2046	worst	48340	0.836	1	1	0.259
2047	speaking	96859	1.674	2	2	0.257
2048	degree	97277	1.681	2	2	0.25
2049	mean	244094	4.219	5	5	0.245
2050	making	195439	3.378	4	4	0.244
2051	noted	48905	0.845	1	1	0.242
2052	noble	146938	2.54	3	3	0.24
2053	think	539870	9.332	11	7	0.237
2054	tells	98449	1.702	2	2	0.233
2055	times	394191	6.814	8	7	0.232
2056	Child	148012	2.558	3	3	0.23
2057	feared	49375	0.853	1	1	0.229
2058	cruelty	49468	0.855	1	1	0.226
2059	forget	49494	0.856	1	1	0.225
2060	Id	49498	0.856	1	1	0.225
2061	neighbour	49578	0.857	1	1	0.223
2062	yet	1835928	31.734	37	28	0.222
2063	Beasts	99530	1.72	2	2	0.217
2064	Hell	149518	2.584	3	3	0.215
2065	few	199429	3.447	4	4	0.215
2066	I	6187300	106.946	124	77	0.213
2067	Whence	149816	2.59	3	3	0.212
2068	on	1948583	33.681	39	35	0.212
2069	write	99970	1.728	2	2	0.211
2070	belly	50036	0.865	1	1	0.209
2071	Lamb	50063	0.865	1	1	0.209
2072	greatest	200955	3.474	4	4	0.204
2073	de	804522	13.906	16	5	0.202
2074	or	6140246	106.133	122	72	0.201
2075	away	504942	8.728	10	10	0.196
2076	instruments	50653	0.876	1	1	0.192
2077	always	304181	5.258	6	5	0.191
2078	Sacraments	50743	0.877	1	1	0.189
2079	revealed	50925	0.88	1	1	0.184
2080	F	50955	0.881	1	1	0.183
2081	punished	51064	0.883	1	1	0.18
2082	comes	255457	4.416	5	4	0.179
2083	exercise	102303	1.768	2	2	0.178
2084	Robert	51164	0.884	1	1	0.177
2085	Confusion	51173	0.885	1	1	0.177
2086	Commandments	51345	0.888	1	1	0.172
2087	plain	154580	2.672	3	3	0.167
2088	known	257669	4.454	5	5	0.167
2089	Holiness	103065	1.782	2	2	0.167
2090	unless	154621	2.673	3	3	0.167
2091	Subject	206440	3.568	4	4	0.165
2092	Five	154870	2.677	3	2	0.164
2093	single	51634	0.893	1	1	0.164
2094	kind	310094	5.36	6	6	0.163
2095	haste	258415	4.467	5	4	0.163
2096	Morning	103706	1.793	2	2	0.158
2097	never	778679	13.459	15	13	0.156
2098	little	624322	10.791	12	8	0.153
2099	suppose	104105	1.799	2	2	0.152
2100	learn	104113	1.8	2	2	0.152
2101	Bless	52076	0.9	1	1	0.152
2102	Green	52193	0.902	1	1	0.149
2103	believing	52233	0.903	1	1	0.148
2104	than	940786	16.261	18	16	0.147
2105	born	104623	1.808	2	2	0.145
2106	Is	12301699	212.632	235	107	0.144
2107	now	1519152	26.258	29	22	0.143
2108	excuse	52632	0.91	1	1	0.137
2109	Pride	105444	1.823	2	2	0.134
2110	vain	158202	2.735	3	3	0.134
2111	that	17465266	301.883	331	168	0.133
2112	loving	52941	0.915	1	1	0.128
2113	suddenly	53066	0.917	1	1	0.125
2114	Disposition	53106	0.918	1	1	0.124
2115	secure	53168	0.919	1	1	0.122
2116	take	907131	15.68	17	15	0.117
2117	removed	53515	0.925	1	1	0.112
2118	Count	53522	0.925	1	1	0.112
2119	]	429805	7.429	8	7	0.107
2120	back	161359	2.789	3	3	0.105
2121	gross	53803	0.93	1	1	0.105
2122	manifest	107661	1.861	2	2	0.104
2123	Vanity	53871	0.931	1	1	0.103
2124	off	323311	5.588	6	6	0.103
2125	what	2320680	40.112	43	36	0.1
2126	secret	108173	1.87	2	2	0.097
2127	knew	162531	2.809	3	3	0.095
2128	grow	108376	1.873	2	2	0.094
2129	next	271507	4.693	5	4	0.091
2130	sheweth	54422	0.941	1	1	0.088
2131	for	9369441	161.949	172	100	0.087
2132	Decree	54592	0.944	1	1	0.084
2133	Seal	54620	0.944	1	1	0.083
2134	Accordingly	54707	0.946	1	1	0.081
2135	told	164509	2.844	3	3	0.077
2136	willingly	54908	0.949	1	1	0.075
2137	Witness	109825	1.898	2	2	0.075
2138	bold	54959	0.95	1	1	0.074
2139	allow	54968	0.95	1	1	0.074
2140	talk	54978	0.95	1	1	0.074
2141	hereby	55021	0.951	1	1	0.072
2142	help	220081	3.804	4	4	0.072
2143	mentioned	110171	1.904	2	2	0.071
2144	which	6940930	119.972	126	62	0.071
2145	Countenance	55145	0.953	1	1	0.069
2146	discover	55186	0.954	1	1	0.068
2147	Le	110821	1.916	2	2	0.062
2148	Powder	55485	0.959	1	1	0.06
2149	leaving	55555	0.96	1	1	0.058
2150	sold	55694	0.963	1	1	0.055
2151	made	1503973	25.996	27	19	0.055
2152	question	167153	2.889	3	3	0.054
2153	M	111752	1.932	2	2	0.05
2154	love	838220	14.488	15	10	0.05
2155	R.	112114	1.938	2	1	0.046
2156	Forty	56096	0.97	1	1	0.045
2157	breast	56115	0.97	1	1	0.044
2158	Principle	56247	0.972	1	1	0.041
2159	accounted	56307	0.973	1	1	0.039
2160	render	56345	0.974	1	1	0.038
2161	.	39047260	674.923	693	233	0.038
2162	filled	56573	0.978	1	1	0.032
2163	am	509469	8.806	9	9	0.031
2164	Elect	56959	0.985	1	1	0.023
2165	Idolatry	57073	0.987	1	1	0.02
2166	Master	228418	3.948	4	3	0.019
2167	long	571124	9.872	10	8	0.019
2168	3	571164	9.872	10	10	0.019
2169	Humour	57193	0.989	1	1	0.017
2170	touch	57247	0.99	1	1	0.015
2171	dark	57339	0.991	1	1	0.013
2172	apply	57357	0.991	1	1	0.012
2173	wit	172149	2.976	3	3	0.012
2174	wives	57399	0.992	1	1	0.011
2175	distance	57644	0.996	1	1	0.005
2176	True	751380	12.987	13	7	0.001
2177	pretend	57850	1	1	1	0
2178	my	2492426	43.081	43	32	-0.003
2179	finding	57977	1.002	1	1	-0.003
2180	Queen	174640	3.019	3	2	-0.009
2181	Believers	58227	1.006	1	1	-0.009
2182	perish	58343	1.008	1	1	-0.012
2183	wont	58350	1.009	1	1	-0.012
2184	10	233570	4.037	4	3	-0.013
2185	Sea	233892	4.043	4	3	-0.015
2186	Devils	59091	1.021	1	1	-0.031
2187	proved	118293	2.045	2	2	-0.032
2188	within	355110	6.138	6	4	-0.033
2189	Ill	177562	3.069	3	3	-0.033
2190	certainly	118694	2.052	2	2	-0.037
2191	Sect.	59519	1.029	1	1	-0.041
2192	23.	59639	1.031	1	1	-0.044
2193	neither	537051	9.283	9	9	-0.045
2194	makes	359288	6.21	6	6	-0.05
2195	if	3293480	56.927	55	50	-0.05
2196	Magistrates	59888	1.035	1	1	-0.05
2197	heavy	59956	1.036	1	1	-0.051
2198	Supper	60000	1.037	1	1	-0.053
2199	this	6548918	113.197	109	58	-0.055
2200	Story	60177	1.04	1	1	-0.057
2201	O	541781	9.365	9	9	-0.057
2202	but	6983890	120.715	116	75	-0.057
2203	half	181109	3.13	3	3	-0.061
2204	hardly	60401	1.044	1	1	-0.062
2205	say	1089806	18.837	18	17	-0.066
2206	mortal	60563	1.047	1	1	-0.066
2207	did	1515759	26.2	25	21	-0.068
2208	War	243324	4.206	4	3	-0.072
2209	Excellency	60896	1.053	1	1	-0.074
2210	found	426408	7.37	7	7	-0.074
2211	have	4691254	81.087	77	46	-0.075
2212	civil	121918	2.107	2	2	-0.075
2213	asked	61036	1.055	1	1	-0.077
2214	be	9896153	171.053	162	99	-0.078
2215	thy	1346327	23.271	22	17	-0.081
2216	know	736780	12.735	12	12	-0.086
2217	join	61462	1.062	1	1	-0.087
2218	base	61654	1.066	1	1	-0.092
2219	was	5179337	89.524	84	56	-0.092
2220	England	309285	5.346	5	5	-0.097
2221	changed	62232	1.076	1	1	-0.105
2222	t	186780	3.228	3	2	-0.106
2223	open	187653	3.244	3	3	-0.113
2224	value	62647	1.083	1	1	-0.115
2225	deed	62715	1.084	1	1	-0.116
2226	opened	62767	1.085	1	1	-0.118
2227	Pleasures	62853	1.086	1	1	-0.12
2228	City	377406	6.523	6	6	-0.121
2229	page	252043	4.357	4	4	-0.123
2230	rejoice	63078	1.09	1	1	-0.125
2231	thereunto	63207	1.093	1	1	-0.128
2232	friends	189996	3.284	3	3	-0.13
2233	sooner	63462	1.097	1	1	-0.133
2234	Servant	127075	2.197	2	2	-0.135
2235	youth	63555	1.099	1	1	-0.136
2236	ours	63665	1.1	1	1	-0.138
2237	suffer	191145	3.304	3	2	-0.139
2238	where	1086411	18.778	17	14	-0.144
2239	Miles	63925	1.105	1	1	-0.144
2240	freely	63939	1.105	1	1	-0.144
2241	Temple	127888	2.211	2	2	-0.144
2242	b.	127907	2.211	2	1	-0.145
2243	gives	192161	3.322	3	3	-0.147
2244	chiefly	64176	1.109	1	1	-0.15
2245	taught	128541	2.222	2	2	-0.152
2246	Glorious	128843	2.227	2	2	-0.155
2247	g	64551	1.116	1	1	-0.158
2248	power	776557	13.423	12	6	-0.162
2249	ways	194504	3.362	3	2	-0.164
2250	safe	64842	1.121	1	1	-0.165
2251	18	129797	2.244	2	2	-0.166
2252	Months	65020	1.124	1	1	-0.169
2253	too	521045	9.006	8	8	-0.171
2254	St.	195546	3.38	3	3	-0.172
2255	rather	393402	6.8	6	6	-0.181
2256	affirm	65605	1.134	1	1	-0.181
2257	lying	65748	1.136	1	1	-0.184
2258	greatly	65797	1.137	1	1	-0.186
2259	uses	66025	1.141	1	1	-0.191
2260	errors	66120	1.143	1	1	-0.193
2261	gathered	66412	1.148	1	1	-0.199
2262	Corruption	66477	1.149	1	1	-0.2
2263	wherein	332751	5.752	5	3	-0.202
2264	Beloved	66576	1.151	1	1	-0.203
2265	first	1465032	25.323	22	21	-0.203
2266	simple	66612	1.151	1	1	-0.203
2267	must	1333555	23.05	20	17	-0.205
2268	17	133873	2.314	2	2	-0.21
2269	after	1272516	21.995	19	15	-0.211
2270	10.	134546	2.326	2	2	-0.218
2271	Clergy	67422	1.165	1	1	-0.221
2272	draw	134904	2.332	2	2	-0.221
2273	white	134914	2.332	2	1	-0.222
2274	V.	202373	3.498	3	3	-0.222
2275	obliged	67494	1.167	1	1	-0.222
2276	observe	135204	2.337	2	2	-0.225
2277	Religion	406309	7.023	6	5	-0.227
2278	Jacob	67737	1.171	1	1	-0.227
2279	satisfied	67883	1.173	1	1	-0.231
2280	Mr.	271819	4.698	4	3	-0.232
2281	because	1157094	20	17	15	-0.234
2282	twelve	68218	1.179	1	1	-0.238
2283	e	136544	2.36	2	2	-0.239
2284	hear	273421	4.726	4	4	-0.241
2285	large	136943	2.367	2	2	-0.243
2286	Confession	68490	1.184	1	1	-0.243
2287	looked	68727	1.188	1	1	-0.248
2288	real	68772	1.189	1	1	-0.249
2289	doth	963309	16.651	14	12	-0.25
2290	When	2343068	40.499	34	30	-0.252
2291	give	758276	13.107	11	9	-0.253
2292	do	2417629	41.788	35	26	-0.256
2293	appeared	69228	1.197	1	1	-0.259
2294	tender	69450	1.2	1	1	-0.264
2295	under	696455	12.038	10	6	-0.268
2296	cut	140466	2.428	2	2	-0.28
2297	pieces	70256	1.214	1	1	-0.28
2298	had	2740575	47.37	39	33	-0.281
2299	Crown	140652	2.431	2	1	-0.282
2300	else	281410	4.864	4	4	-0.282
2301	weight	70663	1.221	1	1	-0.289
2302	farther	70765	1.223	1	1	-0.291
2303	hundred	212307	3.67	3	3	-0.291
2304	these	1985969	34.327	28	25	-0.294
2305	dwell	70987	1.227	1	1	-0.295
2306	thinks	71088	1.229	1	1	-0.297
2307	disease	71132	1.23	1	1	-0.298
2308	wrong	71272	1.232	1	1	-0.301
2309	will	2993503	51.742	42	32	-0.301
2310	following	142882	2.47	2	2	-0.304
2311	showed	142959	2.471	2	2	-0.305
2312	are	5017099	86.719	70	48	-0.309
2313	deny	143761	2.485	2	2	-0.313
2314	aut	71993	1.244	1	1	-0.315
2315	courage	72091	1.246	1	1	-0.317
2316	forward	72541	1.254	1	1	-0.326
2317	met	72645	1.256	1	1	-0.328
2318	19.	72769	1.258	1	1	-0.331
2319	thee	728077	12.585	10	8	-0.332
2320	Priests	145909	2.522	2	2	-0.335
2321	well	1096551	18.954	15	15	-0.338
2322	preached	73136	1.264	1	1	-0.338
2323	out	1686345	29.148	23	21	-0.342
2324	fail	73352	1.268	1	1	-0.342
2325	very	1174247	20.297	16	15	-0.343
2326	p.	440626	7.616	6	4	-0.344
2327	became	73544	1.271	1	1	-0.346
2328	:	8018849	138.604	109	82	-0.347
2329	fire	294315	5.087	4	4	-0.347
2330	people	885047	15.298	12	4	-0.35
2331	better	443737	7.67	6	6	-0.354
2332	see	961542	16.62	13	13	-0.354
2333	during	74035	1.28	1	1	-0.356
2334	no	2739631	47.354	37	34	-0.356
2335	notwithstanding	148685	2.57	2	2	-0.362
2336	set	595126	10.287	8	6	-0.363
2337	taking	148788	2.572	2	2	-0.363
2338	against	1339213	23.148	18	11	-0.363
2339	still	373001	6.447	5	4	-0.367
2340	ruin	74606	1.29	1	1	-0.367
2341	Kill	74750	1.292	1	1	-0.37
2342	placed	75106	1.298	1	1	-0.377
2343	expressed	75252	1.301	1	1	-0.379
2344	Earth	451529	7.805	6	5	-0.379
2345	Isa.	75282	1.301	1	1	-0.38
2346	shalt	151151	2.613	2	1	-0.385
2347	said	1514302	26.174	20	19	-0.388
2348	Ages	75749	1.309	1	1	-0.389
2349	all	5908829	102.133	78	52	-0.389
2350	another	682313	11.794	9	8	-0.39
2351	7.	151741	2.623	2	2	-0.391
2352	even	607522	10.501	8	8	-0.392
2353	none	383245	6.624	5	5	-0.406
2354	Popes	76677	1.325	1	1	-0.406
2355	formerly	76730	1.326	1	1	-0.407
2356	danger	153644	2.656	2	2	-0.409
2357	ignorance	77023	1.331	1	1	-0.413
2358	Then	2700348	46.675	35	28	-0.415
2359	bring	310345	5.364	4	4	-0.423
2360	Ships	77763	1.344	1	1	-0.427
2361	28	77934	1.347	1	1	-0.43
2362	credit	77984	1.348	1	1	-0.431
2363	birth	78181	1.351	1	1	-0.434
2364	hand	471988	8.158	6	5	-0.443
2365	brought	394377	6.817	5	3	-0.447
2366	whereupon	78977	1.365	1	1	-0.449
2367	not	8929558	154.345	113	76	-0.45
2368	sleep	79160	1.368	1	1	-0.452
2369	soul	555660	9.605	7	6	-0.456
2370	as	9292085	160.612	117	76	-0.457
2371	means	397591	6.872	5	5	-0.459
2372	came	478712	8.274	6	5	-0.464
2373	ears	80061	1.384	1	1	-0.469
2374	intended	80059	1.384	1	1	-0.469
2375	ends	80149	1.385	1	1	-0.47
2376	taken	481305	8.319	6	4	-0.471
2377	mouth	161086	2.784	2	2	-0.477
2378	may	2661871	46.01	33	24	-0.479
2379	pray	242183	4.186	3	3	-0.481
2380	sin	729699	12.613	9	9	-0.487
2381	Foundation	81205	1.404	1	1	-0.489
2382	hold	243646	4.211	3	3	-0.489
2383	Lastly	81334	1.406	1	1	-0.491
2384	Bishop	244304	4.223	3	1	-0.493
2385	at	3182175	55.003	39	35	-0.496
2386	se	163405	2.824	2	2	-0.498
2387	conceive	81841	1.415	1	1	-0.5
2388	would	1733888	29.97	21	19	-0.513
2389	can	1982819	34.273	24	22	-0.514
2390	own	1256418	21.717	15	14	-0.534
2391	spake	83909	1.45	1	1	-0.536
2392	favour	168241	2.908	2	2	-0.54
2393	gifts	84700	1.464	1	1	-0.55
2394	fly	84799	1.466	1	1	-0.552
2395	stands	85073	1.471	1	1	-0.556
2396	preaching	85136	1.472	1	1	-0.557
2397	man	1972758	34.099	23	20	-0.568
2398	up	1119358	19.348	13	12	-0.574
2399	enjoy	86143	1.489	1	1	-0.574
2400	close	86281	1.491	1	1	-0.577
2401	Tim	86301	1.492	1	1	-0.577
2402	thereby	172833	2.987	2	2	-0.579
2403	righteous	86685	1.498	1	1	-0.583
2404	named	86879	1.502	1	1	-0.587
2405	more	2262327	39.104	26	26	-0.589
2406	sight	174034	3.008	2	1	-0.589
2407	whether	435425	7.526	5	5	-0.59
2408	hearing	87088	1.505	1	1	-0.59
2409	returned	87529	1.513	1	1	-0.597
2410	thus	788750	13.633	9	9	-0.599
2411	believed	87994	1.521	1	1	-0.605
2412	english	176398	3.049	2	2	-0.608
2413	leave	264688	4.575	3	3	-0.609
2414	reward	88300	1.526	1	1	-0.61
2415	command	177468	3.068	2	2	-0.617
2416	to	27864128	481.625	314	167	-0.617
2417	down	533657	9.224	6	6	-0.62
2418	seems	178155	3.079	2	2	-0.623
2419	satisfaction	89126	1.541	1	1	-0.623
2420	his	9217642	159.325	103	77	-0.629
2421	Ignorant	89578	1.548	1	1	-0.631
2422	also	1433690	24.781	16	12	-0.631
2423	selves	358503	6.197	4	4	-0.631
2424	again	627628	10.848	7	6	-0.632
2425	could	808277	13.971	9	9	-0.634
2426	forced	89873	1.553	1	1	-0.635
2427	profit	90042	1.556	1	1	-0.638
2428	last	450430	7.786	5	5	-0.639
2429	Chap	271060	4.685	3	2	-0.643
2430	willing	90371	1.562	1	1	-0.643
2431	affections	90463	1.564	1	1	-0.645
2432	sins	361871	6.255	4	4	-0.645
2433	Thirdly	90751	1.569	1	1	-0.649
2434	only	1544540	26.697	17	17	-0.651
2435	Easy	91240	1.577	1	1	-0.657
2436	possible	91250	1.577	1	1	-0.657
2437	strong	182777	3.159	2	2	-0.66
2438	nothing	640275	11.067	7	6	-0.661
2439	Guilty	91473	1.581	1	1	-0.661
2440	stay	91988	1.59	1	1	-0.669
2441	considered	92464	1.598	1	1	-0.676
2442	laid	184949	3.197	2	2	-0.677
2443	so	5366625	92.761	58	45	-0.677
2444	surely	92689	1.602	1	1	-0.68
2445	learning	92794	1.604	1	1	-0.682
2446	want	185706	3.21	2	2	-0.683
2447	written	186305	3.22	2	2	-0.687
2448	oil	93227	1.611	1	1	-0.688
2449	pleasure	186565	3.225	2	2	-0.689
2450	received	280865	4.855	3	3	-0.694
2451	high	281250	4.861	3	3	-0.696
2452	ones	94155	1.627	1	1	-0.703
2453	Marriage	94195	1.628	1	1	-0.703
2454	History	94546	1.634	1	1	-0.709
2455	therefore	1231317	21.283	13	11	-0.711
2456	sacred	94725	1.637	1	1	-0.711
2457	meat	94824	1.639	1	1	-0.713
2458	affection	95087	1.644	1	1	-0.717
2459	they	6960305	120.307	73	49	-0.721
2460	from	3924250	67.83	41	34	-0.726
2461	day	864384	14.941	9	9	-0.731
2462	sorrow	96091	1.661	1	1	-0.732
2463	here	866663	14.98	9	8	-0.735
2464	Children	387096	6.691	4	4	-0.742
2465	gave	290757	5.026	3	3	-0.744
2466	come	1165618	20.147	12	12	-0.748
2467	hope	292642	5.058	3	2	-0.754
2468	strength	196140	3.39	2	2	-0.761
2469	withal	98276	1.699	1	1	-0.764
2470	granted	98434	1.701	1	1	-0.767
2471	serve	198842	3.437	2	2	-0.781
2472	Et	199777	3.453	2	2	-0.788
2473	perhaps	99958	1.728	1	1	-0.789
2474	suffered	100182	1.732	1	1	-0.792
2475	while	300747	5.198	3	3	-0.793
2476	declare	100528	1.738	1	1	-0.797
2477	according	502781	8.691	5	5	-0.798
2478	Thomas	100867	1.744	1	1	-0.802
2479	age	202681	3.503	2	2	-0.809
2480	Churches	202693	3.504	2	2	-0.809
2481	Catholic	101512	1.755	1	1	-0.811
2482	several	304872	5.27	3	2	-0.813
2483	ought	406522	7.027	4	3	-0.813
2484	any	2444028	42.245	24	22	-0.816
2485	Communion	101932	1.762	1	1	-0.817
2486	lest	101960	1.762	1	1	-0.818
2487	SPEECH	103090	1.782	1	1	-0.833
2488	ye	825703	14.272	8	5	-0.835
2489	thousand	207672	3.59	2	2	-0.844
2490	Twenty	103869	1.795	1	1	-0.844
2491	Sign	104160	1.8	1	1	-0.848
2492	appear	209107	3.614	2	2	-0.854
2493	pain	105190	1.818	1	1	-0.863
2494	longer	105304	1.82	1	1	-0.864
2495	going	105462	1.823	1	1	-0.866
2496	might	949632	16.414	9	9	-0.867
2497	account	211262	3.652	2	2	-0.869
2498	follow	211834	3.662	2	2	-0.872
2499	b	106037	1.833	1	1	-0.874
2500	case	319514	5.523	3	3	-0.88
2501	21	106558	1.842	1	1	-0.881
2502	most	1280269	22.129	12	11	-0.883
2503	pay	106691	1.844	1	1	-0.883
2504	pure	107081	1.851	1	1	-0.888
2505	mighty	107406	1.857	1	1	-0.893
2506	live	322774	5.579	3	3	-0.895
2507	sound	107925	1.866	1	1	-0.9
2508	2	973176	16.821	9	9	-0.902
2509	Jerusalem	108264	1.871	1	1	-0.904
2510	drawn	108352	1.873	1	1	-0.905
2511	both	976138	16.872	9	8	-0.907
2512	Error	108610	1.877	1	1	-0.909
2513	he	9215356	159.285	84	69	-0.923
2514	State	329799	5.701	3	2	-0.926
2515	meaning	110075	1.903	1	1	-0.928
2516	whereby	220196	3.806	2	2	-0.928
2517	Heb.	110708	1.914	1	1	-0.936
2518	plainly	111081	1.92	1	1	-0.941
2519	Satan	111662	1.93	1	1	-0.949
2520	best	335557	5.8	3	3	-0.951
2521	equal	111972	1.935	1	1	-0.953
2522	creature	112250	1.94	1	1	-0.956
2523	gone	112323	1.942	1	1	-0.957
2524	him	4270811	73.82	38	27	-0.958
2525	punishment	113533	1.962	1	1	-0.973
2526	by	7416468	128.192	65	50	-0.98
2527	end	571167	9.873	5	5	-0.981
2528	houses	114523	1.98	1	1	-0.985
2529	often	229358	3.964	2	2	-0.987
2530	some	1845849	31.905	16	14	-0.996
2531	River	115702	2	1	1	-1
2532	Reign	115734	2	1	1	-1
2533	two	926661	16.017	8	7	-1.002
2534	show	349122	6.035	3	3	-1.008
2535	Tongue	116704	2.017	1	1	-1.012
2536	parts	350458	6.058	3	2	-1.014
2537	length	117029	2.023	1	1	-1.016
2538	thought	352735	6.097	3	2	-1.023
2539	stand	235721	4.074	2	2	-1.027
2540	repentance	118567	2.049	1	1	-1.035
2541	Life	948809	16.4	8	7	-1.036
2542	19	119133	2.059	1	1	-1.042
2543	sake	119831	2.071	1	1	-1.051
2544	done	601055	10.389	5	5	-1.055
2545	send	120341	2.08	1	1	-1.057
2546	in	20011385	345.892	166	101	-1.059
2547	Answer	362673	6.269	3	3	-1.063
2548	Without	1089706	18.835	9	8	-1.065
2549	took	243304	4.206	2	2	-1.072
2550	Person	366738	6.339	3	3	-1.079
2551	12.	122418	2.116	1	1	-1.081
2552	Party	122702	2.121	1	1	-1.085
2553	given	491070	8.488	4	4	-1.085
2554	through	491298	8.492	4	4	-1.086
2555	past	123448	2.134	1	1	-1.093
2556	certain	370843	6.41	3	3	-1.095
2557	Christ	1858951	32.132	15	13	-1.099
2558	counsel	124075	2.145	1	1	-1.101
2559	Honour	374182	6.468	3	3	-1.108
2560	except	124877	2.159	1	1	-1.11
2561	understood	125485	2.169	1	1	-1.117
2562	Heaven	503504	8.703	4	3	-1.122
2563	each	252025	4.356	2	2	-1.123
2564	trust	126242	2.182	1	1	-1.126
2565	among	379416	6.558	3	3	-1.128
2566	Books	126983	2.195	1	1	-1.134
2567	receive	254239	4.395	2	2	-1.136
2568	thing	892670	15.43	7	7	-1.14
2569	confess	127821	2.209	1	1	-1.144
2570	those	1667771	28.827	13	13	-1.149
2571	before	1422340	24.585	11	11	-1.16
2572	grant	129668	2.241	1	1	-1.164
2573	sacrifice	130353	2.253	1	1	-1.172
2574	truth	521766	9.019	4	4	-1.173
2575	former	261116	4.513	2	2	-1.174
2576	Prayers	131302	2.27	1	1	-1.182
2577	judge	262867	4.544	2	2	-1.184
2578	concerning	262903	4.544	2	2	-1.184
2579	happy	132157	2.284	1	1	-1.192
2580	Laws	264682	4.575	2	2	-1.194
2581	about	661900	11.441	5	5	-1.194
2582	went	264770	4.577	2	2	-1.194
2583	into	1727535	29.86	13	12	-1.2
2584	such	2262212	39.102	17	17	-1.202
2585	please	133516	2.308	1	1	-1.207
2586	teach	134574	2.326	1	1	-1.218
2587	S.	403850	6.981	3	3	-1.218
2588	run	134767	2.329	1	1	-1.22
2589	Horse	136110	2.353	1	1	-1.234
2590	Soldiers	136167	2.354	1	1	-1.235
2591	Argument	136912	2.367	1	1	-1.243
2592	goodness	137312	2.373	1	1	-1.247
2593	part	827721	14.307	6	4	-1.254
2594	lawful	138238	2.389	1	1	-1.257
2595	let	968524	16.741	7	7	-1.258
2596	friend	138523	2.394	1	1	-1.26
2597	bound	138712	2.398	1	1	-1.262
2598	heart	559805	9.676	4	4	-1.274
2599	other	2103223	36.354	15	13	-1.277
2600	thine	141265	2.442	1	1	-1.288
2601	clear	141407	2.444	1	1	-1.289
2602	death	707920	12.236	5	4	-1.291
2603	Angels	142073	2.456	1	1	-1.296
2604	left	284479	4.917	2	2	-1.298
2605	Die	284558	4.919	2	2	-1.298
2606	Air	144042	2.49	1	1	-1.316
2607	There	2595192	44.857	18	17	-1.317
2608	David	144398	2.496	1	1	-1.32
2609	knows	144623	2.5	1	1	-1.322
2610	4	434750	7.515	3	3	-1.325
2611	20	145215	2.51	1	1	-1.328
2612	far	439291	7.593	3	3	-1.34
2613	Foot	146629	2.534	1	1	-1.342
2614	afterwards	146805	2.538	1	1	-1.343
2615	London	146866	2.539	1	1	-1.344
2616	being	1764433	30.498	12	12	-1.346
2617	them	4855982	83.935	33	28	-1.347
2618	Spirits	147223	2.545	1	1	-1.347
2619	commanded	147447	2.549	1	1	-1.35
2620	together	444738	7.687	3	3	-1.357
2621	Nation	148522	2.567	1	1	-1.36
2622	use	603174	10.426	4	4	-1.382
2623	easily	151870	2.625	1	1	-1.392
2624	short	151930	2.626	1	1	-1.393
2625	Behold	152112	2.629	1	1	-1.395
2626	Gold	152169	2.63	1	1	-1.395
2627	themselves	761621	13.164	5	5	-1.397
2628	Moses	152440	2.635	1	1	-1.398
2629	their	5435041	93.943	35	27	-1.424
2630	Excellent	155285	2.684	1	1	-1.424
2631	World	932868	16.124	6	6	-1.426
2632	bread	156950	2.713	1	1	-1.44
2633	Subjects	157137	2.716	1	1	-1.442
2634	we	4105074	70.955	26	15	-1.448
2635	nay	158341	2.737	1	1	-1.453
2636	sayeth	633645	10.952	4	4	-1.453
2637	time	1426900	24.664	9	9	-1.454
2638	causes	158986	2.748	1	1	-1.458
2639	least	319491	5.522	2	2	-1.465
2640	secondly	160056	2.767	1	1	-1.468
2641	much	1448309	25.034	9	8	-1.476
2642	act	322490	5.574	2	2	-1.479
2643	Lives	161569	2.793	1	1	-1.482
2644	enemy	162072	2.801	1	1	-1.486
2645	seek	163878	2.833	1	1	-1.502
2646	lost	164242	2.839	1	1	-1.505
2647	Course	166149	2.872	1	1	-1.522
2648	living	166437	2.877	1	1	-1.524
2649	comfort	167468	2.895	1	1	-1.533
2650	worthy	168026	2.904	1	1	-1.538
2651	Scriptures	168254	2.908	1	1	-1.54
2652	less	337828	5.839	2	2	-1.546
2653	head	338290	5.847	2	2	-1.548
2654	it	11231693	194.137	66	52	-1.557
2655	whatsoever	170245	2.943	1	1	-1.557
2656	Whereas	170273	2.943	1	1	-1.557
2657	Ministers	171247	2.96	1	1	-1.566
2658	Arms	173309	2.996	1	1	-1.583
2659	form	173701	3.002	1	1	-1.586
2660	return	177443	3.067	1	1	-1.617
2661	Obedience	177681	3.071	1	1	-1.619
2662	11	177974	3.076	1	1	-1.621
2663	whole	534092	9.232	3	3	-1.622
2664	Law	712338	12.313	4	3	-1.622
2665	charge	178431	3.084	1	1	-1.625
2666	joy	178769	3.09	1	1	-1.628
2667	good	1608969	27.811	9	8	-1.628
2668	therein	178975	3.094	1	1	-1.629
2669	Bishops	179221	3.098	1	1	-1.631
2670	chief	180904	3.127	1	1	-1.645
2671	Qui	180997	3.129	1	1	-1.645
2672	mans	181090	3.13	1	1	-1.646
2673	promise	182124	3.148	1	1	-1.654
2674	Father	550491	9.515	3	3	-1.665
2675	Wherefore	183911	3.179	1	1	-1.669
2676	town	184940	3.197	1	1	-1.677
2677	understand	185715	3.21	1	1	-1.683
2678	word	751485	12.989	4	3	-1.699
2679	Army	188187	3.253	1	1	-1.702
2680	till	379902	6.567	2	1	-1.715
2681	faith	762492	13.18	4	4	-1.72
2682	were	2871299	49.63	15	15	-1.726
2683	present	383135	6.622	2	2	-1.727
2684	Learned	191725	3.314	1	1	-1.729
2685	6.	191822	3.316	1	1	-1.729
2686	Liberty	193859	3.351	1	1	-1.745
2687	eternal	195016	3.371	1	1	-1.753
2688	&	2737777	47.322	14	13	-1.757
2689	days	393520	6.802	2	2	-1.766
2690	est	394171	6.813	2	2	-1.768
2691	Jews	197436	3.413	1	1	-1.771
2692	sort	197789	3.419	1	1	-1.773
2693	light	399350	6.903	2	1	-1.787
2694	put	607656	10.503	3	3	-1.808
2695	Nature	607747	10.505	3	3	-1.808
2696	force	202958	3.508	1	1	-1.811
2697	fear	406154	7.02	2	2	-1.812
2698	coming	203089	3.51	1	1	-1.812
2699	fair	204535	3.535	1	1	-1.822
2700	rule	207621	3.589	1	1	-1.843
2701	Consider	208021	3.596	1	1	-1.846
2702	9	208082	3.597	1	1	-1.847
2703	unto	1880305	32.501	9	6	-1.852
2704	same	1256120	21.712	6	6	-1.855
2705	5.	210462	3.638	1	1	-1.863
2706	need	211437	3.655	1	1	-1.87
2707	Work	425644	7.357	2	2	-1.879
2708	although	212964	3.681	1	1	-1.88
2709	himself	1068396	18.467	5	5	-1.885
2710	Fathers	213875	3.697	1	1	-1.886
2711	point	214098	3.701	1	1	-1.888
2712	words	643917	11.13	3	3	-1.891
2713	likewise	215998	3.734	1	1	-1.901
2714	free	216340	3.739	1	1	-1.903
2715	opinion	217543	3.76	1	1	-1.911
2716	Spirit	654859	11.319	3	3	-1.916
2717	Apostles	218745	3.781	1	1	-1.919
2718	especially	220705	3.815	1	1	-1.932
2719	reason	664880	11.492	3	3	-1.938
2720	service	222275	3.842	1	1	-1.942
2721	ut	222815	3.851	1	1	-1.945
2722	Court	223217	3.858	1	1	-1.948
2723	otherwise	223302	3.86	1	1	-1.948
2724	heard	225126	3.891	1	1	-1.96
2725	blessed	226222	3.91	1	1	-1.967
2726	sometimes	226924	3.922	1	1	-1.972
2727	Council	228985	3.958	1	1	-1.985
2728	cast	229673	3.97	1	1	-1.989
2729	besides	231481	4.001	1	1	-2
2730	Near	232787	4.024	1	1	-2.009
2731	find	472931	8.175	2	2	-2.031
2732	body	712249	12.311	3	3	-2.037
2733	hearts	239757	4.144	1	1	-2.051
2734	8	242055	4.184	1	1	-2.065
2735	Justice	242072	4.184	1	1	-2.065
2736	right	484646	8.377	2	2	-2.066
2737	souls	242572	4.193	1	1	-2.068
2738	further	242781	4.196	1	1	-2.069
2739	wicked	246712	4.264	1	1	-2.092
2740	small	246878	4.267	1	1	-2.093
2741	4.	246979	4.269	1	1	-2.094
2742	amongst	251926	4.355	1	1	-2.123
2743	way	756236	13.071	3	3	-2.123
2744	Enemies	253975	4.39	1	1	-2.134
2745	Verse	254782	4.404	1	1	-2.139
2746	Look	255208	4.411	1	1	-2.141
2747	dead	259219	4.481	1	1	-2.164
2748	God	4174430	72.154	16	14	-2.173
2749	fall	267911	4.631	1	1	-2.211
2750	number	269531	4.659	1	1	-2.22
2751	things	1357990	23.473	5	5	-2.231
2752	read	271950	4.701	1	1	-2.233
2753	Mercy	275937	4.77	1	1	-2.254
2754	whereof	279030	4.823	1	1	-2.27
2755	greater	281340	4.863	1	1	-2.282
2756	Divine	282661	4.886	1	1	-2.289
2757	Sense	285637	4.937	1	1	-2.304
2758	C.	296045	5.117	1	1	-2.355
2759	our	3333885	57.625	11	10	-2.389
2760	Christian	303553	5.247	1	1	-2.391
2761	6	304045	5.255	1	1	-2.394
2762	places	305157	5.275	1	1	-2.399
2763	men	1835942	31.734	6	6	-2.403
2764	desire	306364	5.295	1	1	-2.405
2765	Country	310285	5.363	1	1	-2.423
2766	Gods	640962	11.079	2	2	-2.47
2767	Between	321208	5.552	1	1	-2.473
2768	King	1308410	22.616	4	4	-2.499
2769	general	331599	5.732	1	1	-2.519
2770	others	665440	11.502	2	2	-2.524
2771	full	343239	5.933	1	1	-2.569
2772	sent	348162	6.018	1	1	-2.589
2773	year	352165	6.087	1	1	-2.606
2774	water	355806	6.15	1	1	-2.621
2775	above	357391	6.177	1	1	-2.627
2776	evil	357919	6.187	1	1	-2.629
2777	non	359411	6.212	1	1	-2.635
2778	peace	369451	6.386	1	1	-2.675
2779	speak	374513	6.473	1	1	-2.695
2780	Glory	384462	6.645	1	1	-2.732
2781	rest	396125	6.847	1	1	-2.775
2782	Jesus	399809	6.911	1	1	-2.789
2783	years	427133	7.383	1	1	-2.884
2784	us	2216337	38.309	5	5	-2.938
2785	new	447014	7.727	1	1	-2.95
2786	thereof	458302	7.922	1	1	-2.986
2787	three	474878	8.208	1	1	-3.037
2788	1	1451762	25.093	3	3	-3.064
2789	Grace	516661	8.93	1	1	-3.159
2790	either	552589	9.551	1	1	-3.256
2791	cause	585252	10.116	1	1	-3.339
2792	holy	701649	12.128	1	1	-3.6
2793	place	808630	13.977	1	1	-3.805
2794	Lord	1459090	25.22	1	1	-4.656
2795	invindication	1	0	1	1	n/a
2796	Matildah	1	0	1	1	n/a
2797	Quaerante	1	0	1	1	n/a
2798	Fulchestan	1	0	1	1	n/a
2799	meretricious-times	1	0	1	1	n/a
2800	Rascallian	1	0	1	1	n/a
2801	Horelet	2	0	1	1	n/a
2802	Eschauffader	1	0	1	1	n/a
2803	Ribaulder	2	0	1	1	n/a
2804	Brioche	2	0	1	1	n/a
2805	Papist-blood-hounds	1	0	1	1	n/a
2806	Cantonniere	1	0	1	1	n/a
2807	maerly	1	0	1	1	n/a
2808	prevish	2	0	1	1	n/a
2809	reputution	2	0	1	1	n/a
2810	57.30.	1	0	1	1	n/a
2811	Lincy-Wolcy	1	0	1	1	n/a
2812	plaguePrithee	1	0	1	1	n/a
2813	Lollea	2	0	1	1	n/a
2814	Whoremy	1	0	1	1	n/a
2815	streal	1	0	1	1	n/a
2816	Gentlewomanthis	1	0	1	1	n/a
2817	Bawde	2	0	1	1	n/a
2818	RumfordNovrint	1	0	1	1	n/a
2819	Mantoplicee	1	0	1	1	n/a
2820	Germinstreet	1	0	1	1	n/a
2821	SwimThe	1	0	1	1	n/a
2822	Hanchest	1	0	1	1	n/a
2823	Damye	2	0	1	1	n/a
2824	Bitchhow	1	0	1	1	n/a
2825	treaster	1	0	1	1	n/a
2826	Neaplin	1	0	1	1	n/a
2827	Demetrius's.	2	0	1	1	n/a
2828	Obricius	1	0	1	1	n/a
2829	rot'em	1	0	1	1	n/a
2830	KIplec	1	0	1	1	n/a
2831	Stanclift	2	0	2	2	n/a
2832	Cogly	1	0	1	1	n/a
2833	Eschauffadasse	1	0	1	1	n/a
2834	Bliborouh	1	0	1	1	n/a
2835	oneVel	1	0	1	1	n/a
2836	Bringuenaude	1	0	1	1	n/a
2837	Madiction	1	0	1	1	n/a
2838	Cowhithe	1	0	1	1	n/a
2839	Mineral-race	1	0	1	1	n/a
2840	&Drawers	1	0	1	1	n/a
2841	illuk	1	0	1	1	n/a
2842	otherTwo	1	0	1	1	n/a
2843	Garson-fillette	1	0	1	1	n/a
2844	Anti-chirst	2	0	1	1	n/a
2845	Hesam	2	0	1	1	n/a
2846	Neplitan	1	0	1	1	n/a
2847	inhatitant	1	0	1	1	n/a
2848	Weerlings	1	0	1	1	n/a
2849	Putasserie	2	0	1	1	n/a
2850	holoure	1	0	1	1	n/a
2851	whosesoe	1	0	1	1	n/a
2852	qoodo	1	0	1	1	n/a
2853	Neaplan	1	0	1	1	n/a
2854	WenchPlague	1	0	1	1	n/a
2855	Yardfish	1	0	1	1	n/a
2856	mongens	1	0	1	1	n/a
2857	Eschafauder	2	0	1	1	n/a
2858	Ribaudine	1	0	1	1	n/a
2859	Farlee	2	0	1	1	n/a
2860	Patacoone	1	0	1	1	n/a
2861	Rascullian	1	0	1	1	n/a
2862	VniversiSink	1	0	1	1	n/a
2863	chejfly	1	0	1	1	n/a
2864	lock-her	1	0	1	1	n/a
2865	squemih	1	0	1	1	n/a
2866	Brunselle	1	0	1	1	n/a
2867	usagere	1	0	1	1	n/a
2868	foufoulet	2	0	1	1	n/a
2869	Copper-	1	0	1	1	n/a
2870	double-fill	1	0	1	1	n/a
2871	Putasser	2	0	1	1	n/a
2872	Bedlam-men	2	0	1	1	n/a
2873	mnmers	1	0	1	1	n/a
2874	out-rout	1	0	1	1	n/a
