https://cqpweb.lancs.ac.uk/eebov3/concordance.php?pp=1&theData=%7Bwhore%2FN%7D&qmode=sq_nocase&del=begin%26t%3D-%7Cyear%7E1685%26t%3D-%7Cyear%7E1686%26t%3D-%7Cyear%7E1687%26t%3D-%7Cyear%7E1688%26t%3D-%7Cyear%7E1689%26t%3D-%7Cyear%7E1690%26t%3D-%7Cyear%7E1691%26t%3D-%7Cyear%7E1692%26t%3D-%7Cyear%7E1693%26t%3D-%7Cyear%7E1694&del=end&uT=yThere are 2,865 different words in your collocation database for "[lemma="(whore)_SUBST"%c]". (Your query "{whore/N}", restricted to texts meeting criteria "<em>year</em>: <em>1685</em> or <em>1686</em> or <em>1687</em> or <em>1688</em> or <em>1689</em> or <em>1690</em> or <em>1691</em> or <em>1692</em> or <em>1693</em> or <em>1694</em>",  returned 1,787 matches in 550 different texts)  
__________________

No.	Word	Total no. in whole corpus	Expected collocate frequency	Observed collocate frequency	In no. of texts	Mutual information value

1	thenor	5	0	3	1	14.873
2	good-father	9	0	2	2	14.288
3	thurch	9	0	1	1	13.288
4	stink'st	10	0	1	1	13.288
5	Pledgers	6	0	1	1	13.288
6	notifie	8	0	1	1	13.288
7	Ballinrobe	4	0	1	1	13.288
8	Ohwhat	6	0	1	1	13.288
9	Water-wag-tail	5	0	1	1	13.288
10	Iiltall	5	0	1	1	13.288
11	t'enslave	7	0	1	1	13.288
12	Hedge-Tavern	4	0	1	1	13.288
13	meause	7	0	1	1	13.288
14	meritoious	7	0	1	1	13.288
15	Clawt	4	0	1	1	13.288
16	Curver	4	0	1	1	13.288
17	Mevia	8	0	1	1	13.288
18	Clike	4	0	1	1	13.288
19	gawdy	8	0	1	1	13.288
20	Scariet	7	0	1	1	13.288
21	consumare	4	0	1	1	13.288
22	Dalverton	4	0	1	1	13.288
23	Poltrones	6	0	1	1	13.288
24	Postillian	10	0	1	1	13.288
25	Verticillatae	6	0	1	1	13.288
26	Arlotta	9	0	1	1	13.288
27	great-est	8	0	1	1	13.288
28	samente	8	0	1	1	13.288
29	guttle	8	0	1	1	13.288
30	Anchristian	8	0	1	1	13.288
31	Ogl	7	0	1	1	13.288
32	Daggle-tayl	4	0	1	1	13.288
33	zean	4	0	1	1	13.288
34	Mcfarland	4	0	1	1	13.288
35	virtuo	8	0	1	1	13.288
36	Zowns	6	0	1	1	13.288
37	Tyhee	8	0	1	1	13.288
38	Haug	13	0	2	1	13.288
39	hooli	5	0	1	1	13.288
40	Coccam	5	0	1	1	13.288
41	Hedge-Wine	4	0	1	1	13.288
42	hesta	6	0	1	1	13.288
43	everin	4	0	1	1	13.288
44	Taghmon	4	0	1	1	13.288
45	prononnce	9	0	1	1	13.288
46	Marpud	21	0	2	1	12.703
47	Esquires.	21	0	2	1	12.703
48	Watten	45	0.001	4	1	12.48
49	Temporizings	13	0	1	1	12.288
50	Babyln	16	0	1	1	12.288
51	Laurentina	15	0	1	1	12.288
52	soak't	16	0	1	1	12.288
53	Mistereis	12	0	1	1	12.288
54	Deteriorated	16	0	1	1	12.288
55	largent	11	0	1	1	12.288
56	pholders	11	0	1	1	12.288
57	Iohnny	11	0	1	1	12.288
58	finnd	12	0	1	1	12.288
59	Pockified	11	0	1	1	12.288
60	Clathes	12	0	1	1	12.288
61	Courti	13	0	1	1	12.288
62	tinsil	12	0	1	1	12.288
63	Chiffinch	24	0	2	2	12.288
64	genteelness	16	0	1	1	12.288
65	seaur	16	0	1	1	12.288
66	Noseless	11	0	1	1	12.288
67	Ham-like	12	0	1	1	12.288
68	Buff-Coats	35	0.001	2	2	11.966
69	thumped	34	0.001	2	2	11.966
70	kidnap	18	0	1	1	11.703
71	Agosto	20	0	1	1	11.703
72	bylon	17	0	1	1	11.703
73	'Ah	19	0	1	1	11.703
74	thisI	17	0	1	1	11.703
75	Sporne	18	0	1	1	11.703
76	Coupple	17	0	1	1	11.703
77	Hayns	23	0	1	1	11.703
78	Cuckhold	23	0	1	1	11.703
79	Geay	23	0	1	1	11.703
80	Lolpoop	21	0	1	1	11.703
81	gitten	20	0	1	1	11.703
82	Pippen	21	0	1	1	11.703
83	Hieratical	18	0	1	1	11.703
84	strapping	45	0.001	2	2	11.48
85	Pok	25	0	1	1	11.288
86	Cuckoldly	51	0.001	2	2	11.288
87	Wya	27	0	1	1	11.288
88	Babylonic	28	0	1	1	11.288
89	Slattern	25	0	1	1	11.288
90	boxt	24	0	1	1	11.288
91	neen	25	0	1	1	11.288
92	Granny	29	0	1	1	11.288
93	Coxcombly	25	0	1	1	11.288
94	heretoore	29	0	1	1	11.288
95	Putteinio	28	0	1	1	11.288
96	starv	25	0	1	1	11.288
97	Balb	27	0	1	1	11.288
98	wesh	27	0	1	1	11.288
99	Marosia	26	0	1	1	11.288
100	Trosse	28	0	1	1	11.288
101	Vnkept	27	0	1	1	11.288
102	mezza	34	0.001	1	1	10.966
103	Acro	35	0.001	1	1	10.966
104	crueltys	32	0.001	1	1	10.966
105	Hackum	34	0.001	1	1	10.966
106	be'nt	64	0.001	2	1	10.966
107	Jdgment	31	0.001	1	1	10.966
108	seay	70	0.001	2	1	10.966
109	Bowling-greens	32	0.001	1	1	10.966
110	Pole-ax	32	0.001	1	1	10.966
111	Cloaths	35	0.001	1	1	10.966
112	poxt	38	0.001	1	1	10.703
113	Grey-beard	38	0.001	1	1	10.703
114	dogbolt	39	0.001	1	1	10.703
115	sitteth	39	0.001	1	1	10.703
116	DURSLEY	40	0.001	1	1	10.703
117	Lycin	43	0.001	1	1	10.703
118	flyting	39	0.001	1	1	10.703
119	quoif	38	0.001	1	1	10.703
120	Weay	43	0.001	1	1	10.703
121	over-ridden	41	0.001	1	1	10.703
122	Lethaean	39	0.001	1	1	10.703
123	stammers	42	0.001	1	1	10.703
124	squanders	50	0.001	1	1	10.48
125	deaur	46	0.001	1	1	10.48
126	Aeli	49	0.001	1	1	10.48
127	maquerelle	47	0.001	1	1	10.48
128	gteat	46	0.001	1	1	10.48
129	pivate	48	0.001	1	1	10.48
130	Bandore	46	0.001	1	1	10.48
131	Kirkton	45	0.001	1	1	10.48
132	Gold-lace	47	0.001	1	1	10.48
133	Dungarvan	103	0.002	2	1	10.381
134	roba	99	0.002	2	1	10.381
135	harkee	52	0.001	1	1	10.288
136	CHARDON	55	0.001	1	1	10.288
137	shack	53	0.001	1	1	10.288
138	Decker	105	0.002	2	2	10.288
139	onIs	52	0.001	1	1	10.288
140	chiely	60	0.001	1	1	10.118
141	of'	59	0.001	1	1	10.118
142	Pandors	62	0.001	1	1	10.118
143	a-far	61	0.001	1	1	10.118
144	arrow-head	67	0.001	1	1	9.966
145	Luxuriate	67	0.001	1	1	9.966
146	Slah	65	0.001	1	1	9.966
147	intrenches	65	0.001	1	1	9.966
148	jilting	142	0.002	2	2	9.895
149	Englis	76	0.001	1	1	9.828
150	Hoopers	71	0.001	1	1	9.828
151	Lowzy	72	0.001	1	1	9.828
152	Luscindo	77	0.001	1	1	9.828
153	revelled	154	0.002	2	1	9.764
154	besworn	80	0.001	1	1	9.703
155	Naps	84	0.001	1	1	9.703
156	first-fruit	78	0.001	1	1	9.703
157	beath	81	0.001	1	1	9.703
158	51.13	80	0.001	1	1	9.703
159	Decrets	82	0.001	1	1	9.703
160	Mannish	82	0.001	1	1	9.703
161	opprobious	83	0.001	1	1	9.703
162	CCXXX	81	0.001	1	1	9.703
163	incirca	86	0.001	1	1	9.587
164	23.18	179	0.003	2	1	9.533
165	Postilion	179	0.003	2	2	9.533
166	muckle	97	0.001	1	1	9.48
167	sarce	97	0.001	1	1	9.48
168	catamite	96	0.001	1	1	9.48
169	Horseleeches	95	0.001	1	1	9.48
170	23.18.	91	0.001	1	1	9.48
171	Stephana	96	0.001	1	1	9.48
172	Hobbies	95	0.001	1	1	9.48
173	Linsey-Woolsey	98	0.002	1	1	9.381
174	Sligoe	104	0.002	1	1	9.381
175	Jilt	317	0.005	3	3	9.318
176	hink	106	0.002	1	1	9.288
177	mack	212	0.003	2	1	9.288
178	Minx	106	0.002	1	1	9.288
179	redolet	106	0.002	1	1	9.288
180	Dips	214	0.003	2	2	9.288
181	Ten-horned	225	0.003	2	2	9.243
182	Merr	224	0.003	2	1	9.243
183	False-Prophet	112	0.002	1	1	9.2
184	Punck	117	0.002	1	1	9.2
185	Marozia	115	0.002	1	1	9.2
186	preceeds	113	0.002	1	1	9.2
187	Pock	122	0.002	1	1	9.118
188	embarks	123	0.002	1	1	9.118
189	Cully	363	0.005	3	3	9.118
190	nean	118	0.002	1	1	9.118
191	Rutting	118	0.002	1	1	9.118
192	23.27	248	0.004	2	2	9.078
193	CHORVS	250	0.004	2	1	9.078
194	fing	131	0.002	1	1	9.04
195	snips	130	0.002	1	1	9.04
196	Mavis	256	0.004	2	1	9.04
197	Scarlet-coloured	125	0.002	1	1	9.04
198	Meand	125	0.002	1	1	9.04
199	britch	126	0.002	1	1	9.04
200	Pimp	1027	0.015	8	8	9.03
201	well-favoured	135	0.002	1	1	8.966
202	Bans	132	0.002	1	1	8.966
203	pertly	135	0.002	1	1	8.966
204	craftiest	137	0.002	1	1	8.966
205	Babilons	136	0.002	1	1	8.966
206	Anllad	134	0.002	1	1	8.966
207	Bitch	1244	0.019	9	9	8.926
208	quattro	140	0.002	1	1	8.895
209	Leno	143	0.002	1	1	8.895
210	Maiden-heads	147	0.002	1	1	8.828
211	Nauseated	148	0.002	1	1	8.828
212	Wiat	453	0.007	3	3	8.807
213	Astride	154	0.002	1	1	8.764
214	night-walkers	157	0.002	1	1	8.764
215	stingy	154	0.002	1	1	8.764
216	carlet	152	0.002	1	1	8.764
217	Stivers	307	0.005	2	2	8.764
218	tawdry	156	0.002	1	1	8.764
219	riven	157	0.002	1	1	8.764
220	Iilt	163	0.002	1	1	8.703
221	o'rethrow	163	0.002	1	1	8.703
222	Bullies	330	0.005	2	1	8.673
223	Bonners	171	0.003	1	1	8.644
224	Bently	169	0.003	1	1	8.644
225	Close-stool	170	0.003	1	1	8.644
226	thoul't	168	0.003	1	1	8.644
227	mush	165	0.003	1	1	8.644
228	Whore-master	178	0.003	1	1	8.587
229	rankly	176	0.003	1	1	8.587
230	mensem	882	0.013	5	1	8.576
231	Foot-man	355	0.005	2	2	8.56
232	Cornus	185	0.003	1	1	8.533
233	Chuck	180	0.003	1	1	8.533
234	Hot-House	183	0.003	1	1	8.533
235	Block-head	183	0.003	1	1	8.533
236	Whored	180	0.003	1	1	8.533
237	Ubiquitary	191	0.003	1	1	8.48
238	Debauchees	193	0.003	1	1	8.43
239	Ral	192	0.003	1	1	8.43
240	habbia	193	0.003	1	1	8.43
241	Elisian	196	0.003	1	1	8.43
242	tease	202	0.003	1	1	8.381
243	Nokes	200	0.003	1	1	8.381
244	Exhausts	203	0.003	1	1	8.381
245	Equip	209	0.003	1	1	8.334
246	submittere	209	0.003	1	1	8.334
247	deat	213	0.003	1	1	8.288
248	Whiff	216	0.003	1	1	8.288
249	Alderm	223	0.003	1	1	8.243
250	Slash	446	0.007	2	2	8.243
251	arrand	229	0.003	1	1	8.2
252	17.1.	463	0.007	2	2	8.179
253	Scarlet	9179	0.136	39	36	8.159
254	preferrs	236	0.004	1	1	8.158
255	Jesuitism	238	0.004	1	1	8.158
256	carted	237	0.004	1	1	8.158
257	hectoring	235	0.004	1	1	8.158
258	Meretrix	474	0.007	2	2	8.158
259	Babels	948	0.014	4	3	8.148
260	auger	242	0.004	1	1	8.118
261	thoughtless	242	0.004	1	1	8.118
262	Buffoon	491	0.007	2	2	8.098
263	Babylon	38888	0.578	153	94	8.048
264	whole-sale	255	0.004	1	1	8.04
265	Puritanical	259	0.004	1	1	8.04
266	Apocalipse	257	0.004	1	1	8.04
267	Addle	519	0.008	2	2	8.021
268	Bawd	2878	0.043	11	10	8.006
269	Sculler	261	0.004	1	1	8.002
270	Overset	261	0.004	1	1	8.002
271	Pander	805	0.012	3	3	7.966
272	Cordelia	270	0.004	1	1	7.966
273	Warbeck	271	0.004	1	1	7.966
274	infamously	271	0.004	1	1	7.966
275	snore	281	0.004	1	1	7.895
276	Blockhead	562	0.008	2	2	7.895
277	m'a	566	0.008	2	2	7.895
278	carrys	280	0.004	1	1	7.895
279	Covent-Garden	854	0.013	3	2	7.884
280	sweaty	286	0.004	1	1	7.861
281	Asserter	292	0.004	1	1	7.861
282	Whore	20634	0.307	70	19	7.834
283	Pocky	594	0.009	2	2	7.828
284	jear	293	0.004	1	1	7.828
285	Turd	301	0.005	1	1	7.796
286	juicy	304	0.005	1	1	7.796
287	4o	4844	0.072	16	3	7.796
288	Slashed	312	0.005	1	1	7.764
289	Bitches	307	0.005	1	1	7.764
290	Aph	310	0.005	1	1	7.764
291	Jade	2169	0.032	7	6	7.764
292	Eugen	313	0.005	1	1	7.733
293	Belf	317	0.005	1	1	7.733
294	Blockheads	313	0.005	1	1	7.733
295	masking	642	0.01	2	2	7.718
296	Ket	324	0.005	1	1	7.703
297	VVhore	326	0.005	1	1	7.703
298	Fops	658	0.01	2	2	7.673
299	Comer	333	0.005	1	1	7.673
300	Battus	332	0.005	1	1	7.673
301	Amazonian	336	0.005	1	1	7.644
302	Hipocrite	334	0.005	1	1	7.644
303	Clot	679	0.01	2	1	7.63
304	filthily	677	0.01	2	2	7.63
305	Tournon	344	0.005	1	1	7.615
306	twit	342	0.005	1	1	7.615
307	17.15.	340	0.005	1	1	7.615
308	Brats	1042	0.016	3	3	7.597
309	Calenture	350	0.005	1	1	7.587
310	Apostatised	1065	0.016	3	1	7.569
311	Sile	365	0.005	1	1	7.533
312	Masterless	369	0.006	1	1	7.506
313	adverso	368	0.006	1	1	7.506
314	rampant	2244	0.033	6	6	7.489
315	Bounce	377	0.006	1	1	7.48
316	Cuckold	2667	0.04	7	6	7.466
317	wert	1143	0.017	3	3	7.463
318	surper	382	0.006	1	1	7.455
319	Transubstantiate	400	0.006	1	1	7.405
320	Penny-Royal	398	0.006	1	1	7.405
321	Strutting	397	0.006	1	1	7.405
322	Gis	801	0.012	2	1	7.393
323	Volumina	406	0.006	1	1	7.381
324	353.	406	0.006	1	1	7.381
325	peeps	411	0.006	1	1	7.357
326	Strumpet	3285	0.049	8	7	7.357
327	Madrigal	414	0.006	1	1	7.334
328	wark	417	0.006	1	1	7.334
329	Phill	424	0.006	1	1	7.31
330	Honoria	427	0.006	1	1	7.31
331	Whimsy	421	0.006	1	1	7.31
332	Bravo	430	0.006	1	1	7.288
333	trappings	887	0.013	2	2	7.243
334	flouted	441	0.007	1	1	7.243
335	Smock	1342	0.02	3	3	7.236
336	insatiate	894	0.013	2	2	7.232
337	Lawns	454	0.007	1	1	7.222
338	Theodora	1369	0.02	3	3	7.207
339	17.16	459	0.007	1	1	7.2
340	Fortunatus	921	0.014	2	2	7.19
341	bawds	1844	0.027	4	2	7.19
342	Emp	1402	0.021	3	1	7.172
343	poul	468	0.007	1	1	7.158
344	Osborne	486	0.007	1	1	7.118
345	Inveighs	490	0.007	1	1	7.098
346	anguis	503	0.008	1	1	7.059
347	Webster	506	0.008	1	1	7.059
348	supplanting	504	0.008	1	1	7.059
349	Petticoat	1011	0.015	2	2	7.059
350	Lackey	1019	0.015	2	2	7.049
351	17.3.	508	0.008	1	1	7.04
352	cozens	511	0.008	1	1	7.04
353	1530	516	0.008	1	1	7.021
354	slut	523	0.008	1	1	7.002
355	Scribler	525	0.008	1	1	7.002
356	Dillon	533	0.008	1	1	6.984
357	intoxicate	532	0.008	1	1	6.984
358	Squeeze	1592	0.024	3	1	6.984
359	budge	538	0.008	1	1	6.966
360	509	542	0.008	1	1	6.948
361	Weeded	547	0.008	1	1	6.948
362	sisteth	553	0.008	1	1	6.93
363	buckled	553	0.008	1	1	6.93
364	Vio	550	0.008	1	1	6.93
365	17.7.	551	0.008	1	1	6.93
366	Backbite	554	0.008	1	1	6.93
367	H'	560	0.008	1	1	6.913
368	Promptitude	568	0.008	1	1	6.895
369	Armstrong	563	0.008	1	1	6.895
370	Cobweb	570	0.009	1	1	6.878
371	Ungentle	574	0.009	1	1	6.878
372	Balbus	576	0.009	1	1	6.861
373	Rogue	6990	0.104	12	11	6.852
374	Davis	1753	0.026	3	3	6.845
375	nelle	584	0.009	1	1	6.845
376	accost	587	0.009	1	1	6.845
377	unfolded	2356	0.035	4	1	6.837
378	undertaketh	595	0.009	1	1	6.828
379	528	598	0.009	1	1	6.812
380	Ru	597	0.009	1	1	6.812
381	arrogated	603	0.009	1	1	6.796
382	thou'st	605	0.009	1	1	6.796
383	Artful	613	0.009	1	1	6.78
384	Brothel	610	0.009	1	1	6.78
385	stumbles	1242	0.019	2	2	6.756
386	478	633	0.009	1	1	6.733
387	prostituted	1269	0.019	2	2	6.725
388	1679.	638	0.01	1	1	6.718
389	stack	642	0.01	1	1	6.718
390	Bur	2579	0.038	4	1	6.707
391	Elves	644	0.01	1	1	6.703
392	ridden	1300	0.019	2	1	6.695
393	fluttering	655	0.01	1	1	6.688
394	Whoredoms	1981	0.029	3	3	6.673
395	Fore-head	2008	0.03	3	3	6.654
396	Esquires	3379	0.05	5	1	6.638
397	Humorous	1352	0.02	2	2	6.637
398	Huff	687	0.01	1	1	6.615
399	Temporizing	683	0.01	1	1	6.615
400	Pail	686	0.01	1	1	6.615
401	17th.	686	0.01	1	1	6.615
402	Clout	1378	0.021	2	2	6.608
403	Babel	9790	0.146	14	11	6.588
404	Bracelet	697	0.01	1	1	6.587
405	Strephon	699	0.01	1	1	6.587
406	Platonic	2111	0.031	3	3	6.578
407	defies	716	0.011	1	1	6.56
408	wid	1439	0.021	2	1	6.546
409	Fop	1448	0.022	2	2	6.54
410	perpetrate	728	0.011	1	1	6.533
411	swagger	729	0.011	1	1	6.533
412	Babylonish	2911	0.043	4	4	6.529
413	Sorceries	1462	0.022	2	2	6.526
414	piled	730	0.011	1	1	6.52
415	Phanatick	743	0.011	1	1	6.506
416	stigmatised	741	0.011	1	1	6.506
417	shrieks	750	0.011	1	1	6.493
418	stiling	751	0.011	1	1	6.48
419	8.3.	751	0.011	1	1	6.48
420	Baby	761	0.011	1	1	6.468
421	hiring	760	0.011	1	1	6.468
422	Hob	1524	0.023	2	1	6.461
423	Baud	767	0.011	1	1	6.455
424	grand-mother	768	0.011	1	1	6.455
425	unconscionable	1543	0.023	2	2	6.449
426	vl	775	0.012	1	1	6.442
427	Papistry	790	0.012	1	1	6.417
428	Whores	5508	0.082	7	3	6.417
429	drunken	11882	0.177	15	12	6.408
430	Pitt	793	0.012	1	1	6.405
431	reeking	803	0.012	1	1	6.393
432	Trot	2441	0.036	3	3	6.369
433	redouble	819	0.012	1	1	6.357
434	inclusive	821	0.012	1	1	6.357
435	tacitly	1646	0.025	2	2	6.351
436	Jezebel	835	0.012	1	1	6.334
437	mun	847	0.013	1	1	6.31
438	unthinking	851	0.013	1	1	6.31
439	fightings	864	0.013	1	1	6.288
440	peeping	860	0.013	1	1	6.288
441	Sweet-heart	864	0.013	1	1	6.288
442	Fornications	1721	0.026	2	2	6.288
443	affrights	860	0.013	1	1	6.288
444	Heiress	868	0.013	1	1	6.276
445	Self-will	876	0.013	1	1	6.265
446	Spungy	874	0.013	1	1	6.265
447	Mob	884	0.013	1	1	6.254
448	sits	23190	0.345	26	13	6.237
449	Modish	892	0.013	1	1	6.232
450	railed	2685	0.04	3	3	6.232
451	Witchcrafts	901	0.013	1	1	6.222
452	Jester	911	0.014	1	1	6.211
453	Banes	907	0.014	1	1	6.211
454	Debauch	1818	0.027	2	2	6.211
455	teeming	907	0.014	1	1	6.211
456	Apoc	918	0.014	1	1	6.2
457	Perkin	917	0.014	1	1	6.2
458	Impotence	933	0.014	1	1	6.169
459	Thais	936	0.014	1	1	6.169
460	7.22	939	0.014	1	1	6.158
461	wipes	954	0.014	1	1	6.138
462	Adulteress	1919	0.029	2	2	6.133
463	bawling	970	0.014	1	1	6.118
464	Bris	967	0.014	1	1	6.118
465	hou	974	0.015	1	1	6.108
466	coincident	975	0.015	1	1	6.108
467	Desolate	12933	0.192	13	11	6.08
468	nut	3993	0.059	4	1	6.073
469	bonny	1002	0.015	1	1	6.069
470	Enfeebled	1012	0.015	1	1	6.059
471	Huguenot	2030	0.03	2	2	6.049
472	1300	1019	0.015	1	1	6.049
473	tempo	1024	0.015	1	1	6.04
474	Costly	11277	0.168	11	7	6.036
475	errant	2050	0.031	2	2	6.035
476	winking	1029	0.015	1	1	6.03
477	Tilt	1029	0.015	1	1	6.03
478	Fopperies	1036	0.015	1	1	6.021
479	17.1	1045	0.016	1	1	6.012
480	Cs	1042	0.016	1	1	6.012
481	17.5	1057	0.016	1	1	5.993
482	Lithuania	1054	0.016	1	1	5.993
483	Wiping	1060	0.016	1	1	5.984
484	7.11	1073	0.016	1	1	5.975
485	Brat	1070	0.016	1	1	5.975
486	Bearded	1068	0.016	1	1	5.975
487	rides	4321	0.064	4	3	5.961
488	whining	1088	0.016	1	1	5.948
489	handed	2178	0.032	2	2	5.948
490	Fiddlers	1087	0.016	1	1	5.948
491	369	1094	0.016	1	1	5.939
492	wile	1099	0.016	1	1	5.939
493	Forehead	12159	0.181	11	7	5.928
494	abominate	1113	0.017	1	1	5.921
495	Serj	1109	0.017	1	1	5.921
496	Jezabel	1114	0.017	1	1	5.913
497	Epi	1122	0.017	1	1	5.904
498	Popedom	1121	0.017	1	1	5.904
499	yore	1126	0.017	1	1	5.904
500	Antiquated	1123	0.017	1	1	5.904
501	divorced	3378	0.05	3	3	5.901
502	nasty	2252	0.034	2	2	5.9
503	Play-House	1131	0.017	1	1	5.895
504	Fornicator	1143	0.017	1	1	5.878
505	mingles	1147	0.017	1	1	5.878
506	nane	1149	0.017	1	1	5.87
507	Rags	5772	0.086	5	4	5.865
508	Re-enter	1155	0.017	1	1	5.861
509	pinned	1158	0.017	1	1	5.861
510	Expositor	1159	0.017	1	1	5.861
511	Mercenary	4683	0.07	4	4	5.845
512	adulterated	1175	0.018	1	1	5.837
513	gild	1181	0.018	1	1	5.828
514	Procurer	1187	0.018	1	1	5.828
515	Fornication	14235	0.212	12	9	5.826
516	Ugly	8331	0.124	7	6	5.821
517	Purchaser	1196	0.018	1	1	5.812
518	Parasite	1198	0.018	1	1	5.812
519	Wizard	2415	0.036	2	2	5.8
520	Fences	1210	0.018	1	1	5.796
521	Leech	1220	0.018	1	1	5.788
522	demure	1217	0.018	1	1	5.788
523	Carl	1219	0.018	1	1	5.788
524	free-born	1219	0.018	1	1	5.788
525	French-men	1219	0.018	1	1	5.788
526	Amour	1234	0.018	1	1	5.772
527	Hound	2485	0.037	2	2	5.76
528	bragged	1243	0.019	1	1	5.756
529	Wie	1252	0.019	1	1	5.749
530	Prostitute	2508	0.037	2	2	5.745
531	Beast	81566	1.212	65	25	5.745
532	Anti-christ	1261	0.019	1	1	5.741
533	Revenges	1256	0.019	1	1	5.741
534	1635	1268	0.019	1	1	5.733
535	Probatum	1273	0.019	1	1	5.725
536	enticements	1271	0.019	1	1	5.725
537	LVI	1284	0.019	1	1	5.71
538	Ducat	1296	0.019	1	1	5.695
539	1643.	1306	0.019	1	1	5.688
540	Oyster	1314	0.02	1	1	5.68
541	Apocalypse	3947	0.059	3	2	5.675
542	Celia	1321	0.02	1	1	5.673
543	plaid	4003	0.06	3	3	5.656
544	expensive	1342	0.02	1	1	5.651
545	Masks	1343	0.02	1	1	5.644
546	Lais	1345	0.02	1	1	5.644
547	fetching	2721	0.04	2	2	5.63
548	famed	4124	0.061	3	3	5.613
549	Noon-day	1376	0.021	1	1	5.608
550	repeateth	1379	0.021	1	1	5.608
551	Livy	2769	0.041	2	1	5.601
552	cud	1386	0.021	1	1	5.601
553	Cannibals	1387	0.021	1	1	5.601
554	buckle	1390	0.021	1	1	5.594
555	194	2813	0.042	2	1	5.58
556	Jun.	1413	0.021	1	1	5.573
557	Broker	1425	0.021	1	1	5.56
558	conducts	1431	0.021	1	1	5.553
559	8.12	1431	0.021	1	1	5.553
560	189	2872	0.043	2	1	5.55
561	Females	4334	0.064	3	3	5.542
562	spurious	2907	0.043	2	2	5.533
563	're	16048	0.239	11	8	5.527
564	Comical	1457	0.022	1	1	5.526
565	Babylonian	2956	0.044	2	2	5.51
566	8th.	1481	0.022	1	1	5.506
567	crust	2975	0.044	2	2	5.5
568	ditch	10469	0.156	7	6	5.491
569	430	1497	0.022	1	1	5.487
570	Amours	1506	0.022	1	1	5.48
571	192	3013	0.045	2	1	5.48
572	Damme	1514	0.023	1	1	5.474
573	Gamesters	1523	0.023	1	1	5.468
574	hate	65701	0.977	43	21	5.46
575	harlot	9167	0.136	6	5	5.46
576	peccat	1537	0.023	1	1	5.455
577	dice	6226	0.093	4	4	5.434
578	Dock	1558	0.023	1	1	5.43
579	Mystery	54678	0.813	35	17	5.428
580	Y.	4725	0.07	3	2	5.417
581	signally	1588	0.024	1	1	5.405
582	separately	1585	0.024	1	1	5.405
583	arrant	1596	0.024	1	1	5.399
584	Bolus	1599	0.024	1	1	5.393
585	Caiphas	1619	0.024	1	1	5.375
586	Idolatries	3266	0.049	2	2	5.366
587	Posting	1640	0.024	1	1	5.357
588	hale	3294	0.049	2	1	5.351
589	thirsted	1657	0.025	1	1	5.345
590	begone	3314	0.049	2	2	5.342
591	Rogues	5001	0.074	3	3	5.335
592	Strip	3365	0.05	2	1	5.322
593	soak	1689	0.025	1	1	5.316
594	Epicure	1691	0.025	1	1	5.316
595	courting	1698	0.025	1	1	5.31
596	Concubine	3397	0.051	2	2	5.308
597	Deborah	1704	0.025	1	1	5.305
598	startle	1717	0.026	1	1	5.293
599	Grandmother	1722	0.026	1	1	5.288
600	Proverbs	6913	0.103	4	3	5.282
601	entail	1729	0.026	1	1	5.282
602	jovial	1736	0.026	1	1	5.276
603	Cornelia	1733	0.026	1	1	5.276
604	Raked	1740	0.026	1	1	5.271
605	7.14	1746	0.026	1	1	5.265
606	Dad	1763	0.026	1	1	5.254
607	Sacerdotal	1765	0.026	1	1	5.254
608	Arg	1766	0.026	1	1	5.249
609	roving	1769	0.026	1	1	5.249
610	Hag	1766	0.026	1	1	5.249
611	Abominations	10678	0.159	6	6	5.241
612	Kite	1785	0.027	1	1	5.238
613	Charta	5347	0.08	3	3	5.238
614	demur	1786	0.027	1	1	5.238
615	learns	1782	0.027	1	1	5.238
616	Ford	3571	0.053	2	2	5.235
617	Bottle	7144	0.106	4	4	5.235
618	whoremongers	1796	0.027	1	1	5.227
619	Roger	12679	0.189	7	4	5.215
620	hunts	1820	0.027	1	1	5.206
621	Hallelujah	1833	0.027	1	1	5.2
622	fawn	1837	0.027	1	1	5.195
623	pompous	3677	0.055	2	1	5.192
624	Godwin	1843	0.027	1	1	5.19
625	Triple	5531	0.082	3	3	5.19
626	starving	1848	0.028	1	1	5.184
627	mell	1851	0.028	1	1	5.184
628	Carcass	5550	0.083	3	3	5.184
629	fid	1873	0.028	1	1	5.169
630	Aelian	1872	0.028	1	1	5.169
631	Gull	1888	0.028	1	1	5.153
632	brands	1898	0.028	1	1	5.148
633	holt	1896	0.028	1	1	5.148
634	cheated	3803	0.057	2	2	5.146
635	abortive	1907	0.028	1	1	5.143
636	Parasites	1901	0.028	1	1	5.143
637	Boot	3835	0.057	2	2	5.133
638	Spawn	1933	0.029	1	1	5.123
639	patched	1934	0.029	1	1	5.123
640	Taylors	1938	0.029	1	1	5.118
641	Spinola	1945	0.029	1	1	5.113
642	Millain	1943	0.029	1	1	5.113
643	perusing	1978	0.029	1	1	5.088
644	incestuous	3954	0.059	2	2	5.088
645	Sweats	1977	0.029	1	1	5.088
646	Susanna	1981	0.029	1	1	5.088
647	sono	1988	0.03	1	1	5.078
648	styled	6081	0.09	3	3	5.052
649	rime	2035	0.03	1	1	5.049
650	Bracelets	2031	0.03	1	1	5.049
651	Stew	2041	0.03	1	1	5.045
652	dirty	4102	0.061	2	2	5.035
653	playing	10275	0.153	5	4	5.033
654	dill	2058	0.031	1	1	5.03
655	stint	2060	0.031	1	1	5.03
656	Gender	4127	0.061	2	1	5.028
657	Bastard	12394	0.184	6	6	5.026
658	coloured	10332	0.154	5	4	5.025
659	Faggot	2069	0.031	1	1	5.021
660	leprous	2075	0.031	1	1	5.021
661	Vagabonds	2080	0.031	1	1	5.016
662	Raillery	2085	0.031	1	1	5.012
663	Cynthia	2107	0.031	1	1	4.998
664	17th	2116	0.032	1	1	4.989
665	frolic	2119	0.032	1	1	4.989
666	bewitched	6431	0.096	3	1	4.972
667	fawning	2152	0.032	1	1	4.966
668	Hah	2157	0.032	1	1	4.961
669	Sci	2175	0.032	1	1	4.952
670	slit	2183	0.032	1	1	4.948
671	Sirrah	4365	0.065	2	2	4.946
672	thirsting	2194	0.033	1	1	4.939
673	hire	8785	0.131	4	3	4.937
674	Shepherdess	2215	0.033	1	1	4.926
675	Boston	2219	0.033	1	1	4.921
676	Prov	2234	0.033	1	1	4.913
677	Epig.	2233	0.033	1	1	4.913
678	shameless	6711	0.1	3	2	4.91
679	listening	2243	0.033	1	1	4.908
680	3.5.	2247	0.033	1	1	4.904
681	Horse-back	2255	0.034	1	1	4.9
682	Iuno	4530	0.067	2	2	4.893
683	226	2266	0.034	1	1	4.891
684	Generate	2276	0.034	1	1	4.887
685	Ladder	6829	0.102	3	3	4.885
686	Spark	9150	0.136	4	3	4.878
687	Baptists	2301	0.034	1	1	4.87
688	Innovations	4611	0.069	2	1	4.868
689	700	2309	0.034	1	1	4.866
690	Swearer	2324	0.035	1	1	4.857
691	Coach	9292	0.138	4	4	4.856
692	Ital	2329	0.035	1	1	4.853
693	Apprentice	2330	0.035	1	1	4.853
694	Rev.	51328	0.763	22	12	4.85
695	ascribes	2336	0.035	1	1	4.849
696	Lane	7088	0.105	3	3	4.831
697	Unfaithfulness	2369	0.035	1	1	4.828
698	dote	4744	0.071	2	1	4.826
699	1678	2378	0.035	1	1	4.824
700	hymns	7142	0.106	3	3	4.82
701	Debauched	4771	0.071	2	2	4.818
702	shaven	2410	0.036	1	1	4.804
703	griping	2407	0.036	1	1	4.804
704	pockets	2410	0.036	1	1	4.804
705	222	2412	0.036	1	1	4.8
706	impudent	12093	0.18	5	5	4.797
707	Whale	4866	0.072	2	2	4.79
708	wipe	7298	0.109	3	3	4.789
709	7th	4877	0.073	2	1	4.786
710	Dido	2463	0.037	1	1	4.772
711	Critic	2468	0.037	1	1	4.768
712	Resent	2493	0.037	1	1	4.752
713	Belg	2500	0.037	1	1	4.749
714	trimmed	2517	0.037	1	1	4.741
715	208	2514	0.037	1	1	4.741
716	3d.	2520	0.038	1	1	4.737
717	guidance	5049	0.075	2	1	4.737
718	Courtship	2530	0.038	1	1	4.733
719	Switzer	2536	0.038	1	1	4.729
720	Clar	2539	0.038	1	1	4.729
721	209	2545	0.038	1	1	4.725
722	`	2544	0.038	1	1	4.725
723	99.	2569	0.038	1	1	4.71
724	Dishonesty	2571	0.038	1	1	4.71
725	Alice	2589	0.039	1	1	4.699
726	damned	34243	0.509	13	12	4.675
727	89	7913	0.118	3	1	4.673
728	dee	2650	0.039	1	1	4.666
729	Cheat	10600	0.158	4	4	4.666
730	marred	2667	0.04	1	1	4.658
731	plaints	2663	0.04	1	1	4.658
732	stagger	2689	0.04	1	1	4.644
733	ply	2720	0.04	1	1	4.63
734	Pop	2725	0.041	1	1	4.626
735	herba	2731	0.041	1	1	4.622
736	Pont	2730	0.041	1	1	4.622
737	Harry	2761	0.041	1	1	4.608
738	rag	2762	0.041	1	1	4.605
739	beats	5554	0.083	2	1	4.598
740	Girl	5585	0.083	2	2	4.591
741	Rake	2789	0.042	1	1	4.591
742	aiming	2800	0.042	1	1	4.587
743	Conceited	5628	0.084	2	2	4.579
744	Midwife	2818	0.042	1	1	4.577
745	riding	11318	0.168	4	2	4.572
746	played	11334	0.169	4	4	4.569
747	Draughts	2837	0.042	1	1	4.567
748	inscribed	2843	0.042	1	1	4.563
749	hug	2849	0.042	1	1	4.563
750	insinuations	2867	0.043	1	1	4.553
751	upheld	5752	0.086	2	2	4.548
752	Pear	2893	0.043	1	1	4.54
753	Blaspheme	8684	0.129	3	3	4.538
754	ODE	2901	0.043	1	1	4.536
755	counterfeited	2903	0.043	1	1	4.533
756	play	61168	0.909	21	20	4.53
757	Trojans	2925	0.044	1	1	4.523
758	gay	8805	0.131	3	3	4.518
759	persecuting	8817	0.131	3	2	4.516
760	Scabs	2938	0.044	1	1	4.516
761	faced	2948	0.044	1	1	4.513
762	lends	2960	0.044	1	1	4.506
763	nominate	2964	0.044	1	1	4.503
764	Carcase	2978	0.044	1	1	4.497
765	Rendezvous	2979	0.044	1	1	4.497
766	186	2978	0.044	1	1	4.497
767	Zeph.	2997	0.045	1	1	4.49
768	whet	2994	0.045	1	1	4.49
769	3.4	2996	0.045	1	1	4.49
770	Swear	56939	0.846	19	17	4.489
771	Bona	12019	0.179	4	3	4.484
772	Amor	6013	0.089	2	2	4.484
773	Dragon	18054	0.268	6	5	4.483
774	Nymph	6022	0.09	2	2	4.482
775	nescio	3012	0.045	1	1	4.48
776	quondam	3022	0.045	1	1	4.477
777	Enchantments	3037	0.045	1	1	4.471
778	Edw	6081	0.09	2	1	4.468
779	engages	3046	0.045	1	1	4.464
780	Entertainments	3056	0.045	1	1	4.461
781	polluted	12233	0.182	4	3	4.46
782	Iun	3062	0.046	1	1	4.458
783	Witch	9245	0.137	3	3	4.449
784	Hierarchy	6183	0.092	2	1	4.444
785	furiously	6196	0.092	2	2	4.441
786	Covent	3102	0.046	1	1	4.439
787	unfaithful	6230	0.093	2	2	4.433
788	surviving	3130	0.047	1	1	4.427
789	dos	3133	0.047	1	1	4.424
790	upholding	3149	0.047	1	1	4.417
791	importune	3148	0.047	1	1	4.417
792	XVII	9484	0.141	3	3	4.411
793	Tradesmen	3168	0.047	1	1	4.408
794	births	3166	0.047	1	1	4.408
795	lucky	3186	0.047	1	1	4.399
796	lewd	15983	0.238	5	5	4.395
797	defines	3208	0.048	1	1	4.39
798	Builder	3209	0.048	1	1	4.39
799	tore	3223	0.048	1	1	4.384
800	myself	3224	0.048	1	1	4.384
801	Insulting	3223	0.048	1	1	4.384
802	plotted	3245	0.048	1	1	4.375
803	Papal	9725	0.145	3	2	4.375
804	gaudy	3241	0.048	1	1	4.375
805	convoy	3249	0.048	1	1	4.372
806	Toils	3262	0.049	1	1	4.366
807	Devilish	9817	0.146	3	2	4.362
808	adhered	3305	0.049	1	1	4.348
809	starve	6627	0.099	2	2	4.344
810	98	6652	0.099	2	2	4.338
811	Tragedies	3338	0.05	1	1	4.334
812	Antichrist	50530	0.751	15	11	4.32
813	HYMN	6751	0.1	2	2	4.318
814	Comparatively	3374	0.05	1	1	4.316
815	battered	3389	0.05	1	1	4.31
816	Cork	3400	0.051	1	1	4.308
817	Nehem.	3402	0.051	1	1	4.305
818	Phillis	3423	0.051	1	1	4.296
819	enticed	3439	0.051	1	1	4.291
820	Factors	3437	0.051	1	1	4.291
821	lusty	10354	0.154	3	3	4.285
822	unmarried	3459	0.051	1	1	4.282
823	brittle	3457	0.051	1	1	4.282
824	pluck	13862	0.206	4	1	4.279
825	Roar	6989	0.104	2	2	4.267
826	ne'er	20984	0.312	6	6	4.266
827	Cage	3498	0.052	1	1	4.265
828	Kick	3504	0.052	1	1	4.263
829	Lined	3506	0.052	1	1	4.263
830	lees	3527	0.052	1	1	4.254
831	Walter	10593	0.158	3	2	4.252
832	convict	3561	0.053	1	1	4.241
833	Libels	3576	0.053	1	1	4.232
834	Offspring	3577	0.053	1	1	4.232
835	Doting	3584	0.053	1	1	4.23
836	Stings	3588	0.053	1	1	4.23
837	Humphrey	7225	0.107	2	1	4.219
838	Feminine	3630	0.054	1	1	4.211
839	interval	3633	0.054	1	1	4.211
840	whit	14561	0.216	4	3	4.208
841	Damn	7322	0.109	2	2	4.2
842	XXXI	3682	0.055	1	1	4.192
843	Horns	22193	0.33	6	6	4.185
844	impudently	3698	0.055	1	1	4.184
845	Lee	3724	0.055	1	1	4.174
846	Model	7468	0.111	2	1	4.171
847	Church-men	3738	0.056	1	1	4.169
848	Artifices	3742	0.056	1	1	4.169
849	courted	3753	0.056	1	1	4.164
850	Paganism	3764	0.056	1	1	4.161
851	attack	3768	0.056	1	1	4.158
852	Game	15105	0.225	4	4	4.155
853	Albertus	3798	0.057	1	1	4.146
854	Stratagems	3824	0.057	1	1	4.138
855	propounds	3873	0.058	1	1	4.118
856	quote	3879	0.058	1	1	4.115
857	Silks	3896	0.058	1	1	4.11
858	Drink	140890	2.094	36	30	4.104
859	Goal	3948	0.059	1	1	4.09
860	Usurers	3968	0.059	1	1	4.083
861	Deponent	3995	0.059	1	1	4.073
862	pick	8026	0.119	2	2	4.067
863	Bride	12056	0.179	3	3	4.065
864	Mundo	4046	0.06	1	1	4.056
865	Mammon	4040	0.06	1	1	4.056
866	Camel	4072	0.061	1	1	4.047
867	Bellarmin	4075	0.061	1	1	4.045
868	Concubines	4078	0.061	1	1	4.045
869	Pagan	12292	0.183	3	2	4.037
870	lustful	4133	0.061	1	1	4.026
871	longs	4138	0.062	1	1	4.023
872	Deportment	4156	0.062	1	1	4.016
873	ensue	12475	0.185	3	3	4.016
874	dine	4169	0.062	1	1	4.012
875	surfeit	4186	0.062	1	1	4.007
876	unanimous	4196	0.062	1	1	4.002
877	Mystical	21135	0.314	5	3	3.992
878	Adulterer	4237	0.063	1	1	3.989
879	Reproachful	4237	0.063	1	1	3.989
880	Persecutor	4242	0.063	1	1	3.986
881	Politic	21242	0.316	5	5	3.985
882	sweeten	4299	0.064	1	1	3.968
883	Bribes	4305	0.064	1	1	3.966
884	crack	4315	0.064	1	1	3.964
885	stale	4338	0.065	1	1	3.955
886	Jailer	4336	0.065	1	1	3.955
887	Oppress	13025	0.194	3	3	3.954
888	drowsy	4344	0.065	1	1	3.952
889	Apostate	8710	0.13	2	1	3.949
890	Reverse	4385	0.065	1	1	3.939
891	forge	4385	0.065	1	1	3.939
892	apparelled	4398	0.065	1	1	3.935
893	brisk	4421	0.066	1	1	3.928
894	Cat	8876	0.132	2	1	3.922
895	drunk	35533	0.528	8	8	3.921
896	Magna	13335	0.198	3	3	3.92
897	Bailiff	4460	0.066	1	1	3.915
898	Fortifications	4461	0.066	1	1	3.915
899	Revelations	13397	0.199	3	3	3.913
900	Coronation	8940	0.133	2	2	3.912
901	notorious	22363	0.332	5	5	3.911
902	've	8950	0.133	2	1	3.911
903	Characters	17893	0.266	4	1	3.911
904	Steal	17906	0.266	4	4	3.909
905	paint	8989	0.134	2	2	3.904
906	dissuade	4505	0.067	1	1	3.9
907	Jesuit	9014	0.134	2	2	3.9
908	peevish	4508	0.067	1	1	3.9
909	decked	4505	0.067	1	1	3.9
910	Nun	4515	0.067	1	1	3.898
911	governance	4560	0.068	1	1	3.883
912	Revile	4565	0.068	1	1	3.88
913	partaking	4582	0.068	1	1	3.876
914	17.	83120	1.236	18	12	3.865
915	Complements	4685	0.07	1	1	3.845
916	embracing	9401	0.14	2	2	3.84
917	Peoples	33008	0.491	7	6	3.835
918	Plates	4725	0.07	1	1	3.832
919	Blunt	4726	0.07	1	1	3.832
920	dunghill	4743	0.071	1	1	3.826
921	deplorable	4751	0.071	1	1	3.824
922	throng	4756	0.071	1	1	3.822
923	Athenian	4760	0.071	1	1	3.82
924	Scoff	4767	0.071	1	1	3.818
925	owed	4773	0.071	1	1	3.818
926	Robe	9576	0.142	2	2	3.813
927	rolling	4789	0.071	1	1	3.812
928	disabled	4806	0.071	1	1	3.808
929	124	4812	0.072	1	1	3.806
930	Vial	4819	0.072	1	1	3.804
931	Character	38558	0.573	8	4	3.803
932	reservation	4824	0.072	1	1	3.802
933	perfidious	4828	0.072	1	1	3.8
934	Idolatrous	14523	0.216	3	1	3.797
935	Mask	4856	0.072	1	1	3.792
936	Gilbert	4864	0.072	1	1	3.79
937	Masculine	4862	0.072	1	1	3.79
938	Funerals	4870	0.072	1	1	3.788
939	rotten	14651	0.218	3	3	3.784
940	contributed	4892	0.073	1	1	3.782
941	abhorred	9825	0.146	2	2	3.776
942	'Till	4919	0.073	1	1	3.774
943	122	4938	0.073	1	1	3.768
944	Luc	4952	0.074	1	1	3.764
945	gad	4956	0.074	1	1	3.762
946	Passengers	4981	0.074	1	1	3.756
947	perjured	4993	0.074	1	1	3.752
948	Wedlock	5013	0.075	1	1	3.747
949	dis	5030	0.075	1	1	3.741
950	Isaiah	15113	0.225	3	3	3.74
951	sitting	35270	0.524	7	5	3.739
952	1.	5044	0.075	1	1	3.737
953	160	5050	0.075	1	1	3.735
954	wanton	20242	0.301	4	4	3.733
955	strikes	10128	0.151	2	2	3.732
956	embraces	10141	0.151	2	2	3.73
957	itch	5094	0.076	1	1	3.724
958	Clothed	25607	0.381	5	3	3.716
959	prediction	5133	0.076	1	1	3.712
960	Impudence	10304	0.153	2	2	3.707
961	spotted	5160	0.077	1	1	3.705
962	crying	25811	0.384	5	4	3.704
963	Imperial	25835	0.384	5	5	3.703
964	boasted	5195	0.077	1	1	3.695
965	Brazen	10407	0.155	2	2	3.692
966	Helm	5216	0.078	1	1	3.69
967	Honest	83801	1.246	16	12	3.683
968	hallowed	5243	0.078	1	1	3.682
969	finest	5244	0.078	1	1	3.682
970	Margaret	10516	0.156	2	1	3.678
971	Revel	21061	0.313	4	4	3.675
972	Potion	5269	0.078	1	1	3.675
973	familiarly	5276	0.078	1	1	3.673
974	Harlots	5276	0.078	1	1	3.673
975	hating	5297	0.079	1	1	3.667
976	display	5310	0.079	1	1	3.664
977	Ape	5317	0.079	1	1	3.662
978	Babilon	5325	0.079	1	1	3.658
979	hateful	10655	0.158	2	2	3.658
980	bidding	5342	0.079	1	1	3.655
981	Hood	5353	0.08	1	1	3.651
982	Kitchen	5357	0.08	1	1	3.651
983	Scotch	5363	0.08	1	1	3.649
984	Clap	5368	0.08	1	1	3.647
985	Cup	48330	0.718	9	8	3.647
986	bloody	53730	0.799	10	6	3.646
987	Venus	26929	0.4	5	5	3.643
988	lute	5388	0.08	1	1	3.642
989	Amsterdam	5414	0.081	1	1	3.635
990	Champions	5435	0.081	1	1	3.63
991	Pox	10902	0.162	2	2	3.626
992	grind	5454	0.081	1	1	3.624
993	'll	158479	2.356	29	20	3.622
994	pawn	5492	0.082	1	1	3.615
995	Alderman	5500	0.082	1	1	3.612
996	infamous	11020	0.164	2	2	3.61
997	stiled	11034	0.164	2	2	3.608
998	marry	38694	0.575	7	5	3.605
999	steer	5540	0.082	1	1	3.603
1000	Coward	5580	0.083	1	1	3.592
1001	flourished	11210	0.167	2	2	3.586
1002	include	5625	0.084	1	1	3.58
1003	Monument	11246	0.167	2	2	3.58
1004	asserts	5641	0.084	1	1	3.577
1005	scandal	22639	0.337	4	4	3.571
1006	Mer	5689	0.085	1	1	3.563
1007	Badge	5699	0.085	1	1	3.561
1008	Lucifer	5730	0.085	1	1	3.553
1009	frown	5737	0.085	1	1	3.551
1010	forsook	11497	0.171	2	2	3.549
1011	Thief	23047	0.343	4	4	3.545
1012	confounded	17397	0.259	3	3	3.536
1013	committing	11606	0.173	2	2	3.535
1014	Constables	5821	0.087	1	1	3.531
1015	dreamed	5831	0.087	1	1	3.528
1016	Plays	17593	0.262	3	3	3.52
1017	hypocritical	5868	0.087	1	1	3.52
1018	abomination	11757	0.175	2	2	3.516
1019	off-spring	5879	0.087	1	1	3.516
1020	Bottomless	5909	0.088	1	1	3.51
1021	disposal	5923	0.088	1	1	3.506
1022	noting	5928	0.088	1	1	3.505
1023	101	5935	0.088	1	1	3.503
1024	Hark	5947	0.088	1	1	3.5
1025	treble	5950	0.088	1	1	3.5
1026	Arabic	5985	0.089	1	1	3.49
1027	artifice	6013	0.089	1	1	3.484
1028	haud	6021	0.09	1	1	3.482
1029	Calumny	6022	0.09	1	1	3.482
1030	Ptolomy	6038	0.09	1	1	3.477
1031	filthy	30299	0.45	5	5	3.473
1032	Dire	6091	0.091	1	1	3.466
1033	Worships	6121	0.091	1	1	3.458
1034	Squire	6126	0.091	1	1	3.456
1035	Crucify	6157	0.092	1	1	3.45
1036	Maiden	6187	0.092	1	1	3.442
1037	Dog	30988	0.461	5	4	3.44
1038	desolation	12402	0.184	2	2	3.44
1039	joint	18677	0.278	3	3	3.434
1040	prostrate	6239	0.093	1	1	3.431
1041	'm	31244	0.464	5	5	3.428
1042	Dregs	6317	0.094	1	1	3.413
1043	revolted	6316	0.094	1	1	3.413
1044	stark	6325	0.094	1	1	3.411
1045	marrying	6327	0.094	1	1	3.411
1046	Baggage	6358	0.095	1	1	3.404
1047	whip	6373	0.095	1	1	3.4
1048	Atheist	6384	0.095	1	1	3.397
1049	Horrid	19167	0.285	3	3	3.396
1050	Usher	6397	0.095	1	1	3.394
1051	Exeter	6409	0.095	1	1	3.391
1052	Absolve	6434	0.096	1	1	3.387
1053	throws	6458	0.096	1	1	3.381
1054	Neat	6464	0.096	1	1	3.379
1055	Comedy	6476	0.096	1	1	3.376
1056	Bon	6489	0.097	1	1	3.373
1057	Drunkard	6511	0.097	1	1	3.369
1058	Bench	13026	0.194	2	2	3.369
1059	syllable	6553	0.097	1	1	3.36
1060	Trespass	13117	0.195	2	2	3.358
1061	Specious	6599	0.098	1	1	3.35
1062	Bud	6607	0.098	1	1	3.348
1063	Rome	271183	4.031	41	28	3.346
1064	Maid	33079	0.492	5	4	3.346
1065	Grandeur	6718	0.1	1	1	3.323
1066	despite	13448	0.2	2	1	3.323
1067	Lovers	26913	0.4	4	4	3.322
1068	sleeps	6751	0.1	1	1	3.318
1069	pertaining	6774	0.101	1	1	3.312
1070	laborious	6787	0.101	1	1	3.309
1071	gaining	6791	0.101	1	1	3.309
1072	Limb	6792	0.101	1	1	3.308
1073	Partial	6793	0.101	1	1	3.308
1074	Penal	6800	0.101	1	1	3.306
1075	Ep	27473	0.408	4	2	3.292
1076	corner	20657	0.307	3	2	3.288
1077	Antichristian	13777	0.205	2	2	3.288
1078	Sixthly	6886	0.102	1	1	3.288
1079	Scot	6898	0.103	1	1	3.286
1080	n't	34507	0.513	5	3	3.285
1081	locked	6933	0.103	1	1	3.278
1082	Annual	6938	0.103	1	1	3.278
1083	Accuser	6942	0.103	1	1	3.276
1084	Mrs.	13889	0.206	2	1	3.276
1085	Lily	6986	0.104	1	1	3.268
1086	Sampson	6989	0.104	1	1	3.267
1087	Liquors	6994	0.104	1	1	3.265
1088	!	371996	5.529	53	31	3.261
1089	91	7022	0.104	1	1	3.26
1090	Fist	7028	0.105	1	1	3.258
1091	conspire	7065	0.105	1	1	3.252
1092	Grandfather	7118	0.106	1	1	3.241
1093	FAB	7117	0.106	1	1	3.241
1094	Son	570683	8.483	80	49	3.237
1095	Cell	7136	0.106	1	1	3.237
1096	bore	21455	0.319	3	2	3.234
1097	pays	7160	0.106	1	1	3.232
1098	gets	14332	0.213	2	2	3.231
1099	ta	7167	0.107	1	1	3.231
1100	execrable	7210	0.107	1	1	3.222
1101	rail	7220	0.107	1	1	3.22
1102	cruelties	7253	0.108	1	1	3.214
1103	ca	21771	0.324	3	2	3.213
1104	Ruth	7305	0.109	1	1	3.203
1105	Foxes	7333	0.109	1	1	3.198
1106	Enjoys	7345	0.109	1	1	3.195
1107	stole	7345	0.109	1	1	3.195
1108	kneel	7364	0.11	1	1	3.191
1109	shameful	14747	0.219	2	1	3.19
1110	Girdle	7373	0.11	1	1	3.19
1111	prithee	7377	0.11	1	1	3.188
1112	Monster	14836	0.221	2	2	3.181
1113	Couple	7466	0.111	1	1	3.171
1114	treats	7496	0.111	1	1	3.166
1115	beastly	7495	0.111	1	1	3.166
1116	Portions	7504	0.112	1	1	3.165
1117	Sirs	7500	0.112	1	1	3.165
1118	Keepers	7518	0.112	1	1	3.162
1119	Mother	150593	2.238	20	18	3.159
1120	trading	7537	0.112	1	1	3.158
1121	Card	7542	0.112	1	1	3.157
1122	Spies	7651	0.114	1	1	3.137
1123	abusing	7672	0.114	1	1	3.133
1124	Wife	214853	3.194	28	23	3.132
1125	Jude	7690	0.114	1	1	3.129
1126	Plutarch	15426	0.229	2	1	3.125
1127	managing	7739	0.115	1	1	3.12
1128	tear	15500	0.23	2	2	3.118
1129	Recreation	7766	0.115	1	1	3.115
1130	119	7780	0.116	1	1	3.113
1131	83	7828	0.116	1	1	3.103
1132	Communicating	7875	0.117	1	1	3.094
1133	inconsiderable	7918	0.118	1	1	3.087
1134	Wretch	15921	0.237	2	1	3.079
1135	Hare	7991	0.119	1	1	3.073
1136	cry	87922	1.307	11	9	3.073
1137	Epist	8012	0.119	1	1	3.07
1138	Beggars	8051	0.12	1	1	3.063
1139	Needle	8092	0.12	1	1	3.055
1140	Travelling	8101	0.12	1	1	3.054
1141	Hostess	8115	0.121	1	1	3.052
1142	pull	24362	0.362	3	3	3.051
1143	tantum	16252	0.242	2	1	3.049
1144	Suburbs	8156	0.121	1	1	3.045
1145	flew	8160	0.121	1	1	3.043
1146	silly	16358	0.243	2	2	3.04
1147	wide	24766	0.368	3	2	3.027
1148	Telling	24804	0.369	3	3	3.024
1149	stiff	8274	0.123	1	1	3.023
1150	inseparable	8314	0.124	1	1	3.016
1151	Taylor	8326	0.124	1	1	3.014
1152	Popular	16668	0.248	2	2	3.013
1153	Gown	8419	0.125	1	1	2.999
1154	clad	8414	0.125	1	1	2.999
1155	frailty	8418	0.125	1	1	2.999
1156	dull	25362	0.377	3	3	2.992
1157	cursed	42622	0.634	5	5	2.981
1158	admits	8553	0.127	1	1	2.976
1159	apparently	8551	0.127	1	1	2.976
1160	Protestant	51645	0.768	6	6	2.966
1161	Patent	8637	0.128	1	1	2.961
1162	120	8654	0.129	1	1	2.959
1163	blasphemies	8683	0.129	1	1	2.953
1164	Luxury	8713	0.13	1	1	2.949
1165	instead	52525	0.781	6	6	2.942
1166	bells	8768	0.13	1	1	2.94
1167	covet	8785	0.131	1	1	2.937
1168	Continent	8853	0.132	1	1	2.926
1169	Knave	8870	0.132	1	1	2.924
1170	List	26655	0.396	3	3	2.921
1171	dig	8923	0.133	1	1	2.915
1172	wore	8942	0.133	1	1	2.912
1173	Type	17907	0.266	2	2	2.909
1174	Villain	8957	0.133	1	1	2.909
1175	Pity	62915	0.935	7	4	2.904
1176	enrich	9011	0.134	1	1	2.901
1177	Talent	9018	0.134	1	1	2.9
1178	Cursing	9071	0.135	1	1	2.891
1179	71	9104	0.135	1	1	2.886
1180	purple	18224	0.271	2	1	2.884
1181	Misfortunes	9138	0.136	1	1	2.88
1182	Native	27451	0.408	3	3	2.878
1183	Woman	183598	2.729	20	17	2.874
1184	quit	18392	0.273	2	2	2.871
1185	modest	18444	0.274	2	2	2.867
1186	great	1790493	26.614	194	51	2.866
1187	Defile	9264	0.138	1	1	2.86
1188	enriched	9319	0.139	1	1	2.852
1189	disguise	9345	0.139	1	1	2.848
1190	impure	9368	0.139	1	1	2.845
1191	dat	9363	0.139	1	1	2.845
1192	spreading	9364	0.139	1	1	2.845
1193	definition	18738	0.279	2	2	2.844
1194	judging	18760	0.279	2	2	2.842
1195	Madam	46920	0.697	5	4	2.842
1196	beware	28157	0.419	3	2	2.842
1197	CUPID	9383	0.14	1	1	2.842
1198	plagues	18774	0.279	2	2	2.841
1199	Traitor	18785	0.279	2	2	2.841
1200	hired	9416	0.14	1	1	2.837
1201	dissemble	9543	0.142	1	1	2.818
1202	Fees	9553	0.142	1	1	2.816
1203	Price	57392	0.853	6	5	2.814
1204	Patents	9586	0.143	1	1	2.811
1205	crowned	28810	0.428	3	3	2.809
1206	abhor	19419	0.289	2	2	2.793
1207	69	9722	0.145	1	1	2.791
1208	Plot	29203	0.434	3	3	2.789
1209	Simon	29226	0.434	3	1	2.788
1210	flattering	9757	0.145	1	1	2.786
1211	fasten	9759	0.145	1	1	2.785
1212	she	1006738	14.964	103	65	2.783
1213	signal	9775	0.145	1	1	2.783
1214	Cam	9828	0.146	1	1	2.775
1215	whereon	19704	0.293	2	2	2.772
1216	stubborn	9860	0.147	1	1	2.77
1217	lovely	19737	0.293	2	1	2.769
1218	drives	9907	0.147	1	1	2.763
1219	Lawyer	9909	0.147	1	1	2.763
1220	destruction	89423	1.329	9	8	2.759
1221	viz	9934	0.148	1	1	2.759
1222	sharply	9944	0.148	1	1	2.758
1223	300	9990	0.149	1	1	2.751
1224	Ruling	10062	0.15	1	1	2.741
1225	runs	40288	0.599	4	4	2.74
1226	young	171502	2.549	17	14	2.737
1227	counterfeit	20191	0.3	2	2	2.736
1228	Interpreter	10101	0.15	1	1	2.736
1229	threatens	10096	0.15	1	1	2.736
1230	Arts	40476	0.602	4	4	2.733
1231	ride	20257	0.301	2	2	2.732
1232	quarto	10132	0.151	1	1	2.731
1233	sack	10141	0.151	1	1	2.73
1234	burn	40670	0.605	4	3	2.726
1235	Car	20342	0.302	2	2	2.725
1236	Tragedy	10196	0.152	1	1	2.722
1237	aloud	10233	0.152	1	1	2.717
1238	handling	10289	0.153	1	1	2.709
1239	Tail	30912	0.46	3	3	2.707
1240	Marquess	10309	0.153	1	1	2.707
1241	herself	10419	0.155	1	1	2.691
1242	fetched	10432	0.155	1	1	2.689
1243	brutish	10442	0.155	1	1	2.688
1244	Matrimony	10446	0.155	1	1	2.687
1245	Borrow	10448	0.155	1	1	2.687
1246	Liar	10452	0.155	1	1	2.686
1247	Wares	10458	0.156	1	1	2.685
1248	Parson	10471	0.156	1	1	2.684
1249	Revelation	41988	0.624	4	4	2.68
1250	meets	10502	0.156	1	1	2.679
1251	implies	10523	0.156	1	1	2.677
1252	Callings	10529	0.157	1	1	2.676
1253	barren	21073	0.313	2	1	2.675
1254	rebus	10545	0.157	1	1	2.674
1255	consecrate	10547	0.157	1	1	2.673
1256	Devoted	10556	0.157	1	1	2.672
1257	expressing	10565	0.157	1	1	2.671
1258	Hawk	10622	0.158	1	1	2.663
1259	opposite	31956	0.475	3	1	2.659
1260	cries	32046	0.476	3	3	2.655
1261	IV	42765	0.636	4	4	2.654
1262	her	1811491	26.926	169	111	2.65
1263	Door	64326	0.956	6	3	2.65
1264	described	42932	0.638	4	4	2.648
1265	expectation	32361	0.481	3	3	2.641
1266	Robes	10833	0.161	1	1	2.635
1267	Wales	21702	0.323	2	2	2.632
1268	Perdition	10866	0.162	1	1	2.63
1269	Impatient	10884	0.162	1	1	2.628
1270	destroys	10886	0.162	1	1	2.628
1271	Expenses	10928	0.162	1	1	2.622
1272	Lust	54865	0.816	5	4	2.616
1273	daring	11022	0.164	1	1	2.61
1274	vex	11042	0.164	1	1	2.607
1275	Perjury	11072	0.165	1	1	2.603
1276	Apoc.	11083	0.165	1	1	2.602
1277	swore	11085	0.165	1	1	2.601
1278	restoring	11097	0.165	1	1	2.6
1279	Thieves	22285	0.331	2	2	2.594
1280	Station	11208	0.167	1	1	2.586
1281	Poet	34204	0.508	3	3	2.561
1282	Gulf	11408	0.17	1	1	2.56
1283	professed	34256	0.509	3	3	2.559
1284	Prodigal	11427	0.17	1	1	2.557
1285	Blasphemous	11428	0.17	1	1	2.557
1286	curses	11438	0.17	1	1	2.556
1287	vowed	11454	0.17	1	1	2.554
1288	naked	46459	0.691	4	4	2.534
1289	infallibly	11634	0.173	1	1	2.532
1290	Speaker	11638	0.173	1	1	2.531
1291	keeping	58223	0.865	5	5	2.53
1292	brass	23353	0.347	2	2	2.527
1293	ravished	11709	0.174	1	1	2.523
1294	calling	105619	1.57	9	9	2.519
1295	46	23507	0.349	2	1	2.517
1296	thrown	23518	0.35	2	2	2.516
1297	malicious	23689	0.352	2	2	2.506
1298	Evidences	11886	0.177	1	1	2.501
1299	Common	346098	5.145	29	27	2.495
1300	preferment	11954	0.178	1	1	2.492
1301	wishes	12019	0.179	1	1	2.484
1302	'd	144543	2.149	12	10	2.482
1303	Ware	12046	0.179	1	1	2.481
1304	carries	24147	0.359	2	2	2.478
1305	Fox	24216	0.36	2	1	2.474
1306	Ann	12147	0.181	1	1	2.469
1307	fires	12152	0.181	1	1	2.469
1308	Exeunt	12174	0.181	1	1	2.466
1309	Vows	24417	0.363	2	2	2.462
1310	Duchess	12215	0.182	1	1	2.461
1311	proclaim	12226	0.182	1	1	2.46
1312	seeks	24462	0.364	2	2	2.46
1313	Leo	24606	0.366	2	1	2.451
1314	mounted	12305	0.183	1	1	2.451
1315	weaker	12343	0.184	1	1	2.446
1316	fetch	24696	0.367	2	2	2.446
1317	Habits	12432	0.185	1	1	2.436
1318	descending	12509	0.186	1	1	2.427
1319	burnt	50113	0.745	4	4	2.425
1320	fifty	37601	0.559	3	3	2.424
1321	dealt	25109	0.373	2	2	2.422
1322	Murderer	12581	0.187	1	1	2.419
1323	deep	75511	1.122	6	6	2.418
1324	Slander	12613	0.188	1	1	2.415
1325	Oh	126299	1.877	10	9	2.413
1326	Fortune	101130	1.503	8	8	2.412
1327	Limbs	12705	0.189	1	1	2.404
1328	waited	12759	0.19	1	1	2.398
1329	mourn	12769	0.19	1	1	2.397
1330	Virgil	12778	0.19	1	1	2.397
1331	pursuit	12818	0.191	1	1	2.392
1332	odd	12894	0.192	1	1	2.383
1333	murder	51605	0.767	4	4	2.383
1334	Sister	51618	0.767	4	4	2.382
1335	gent	12956	0.193	1	1	2.376
1336	Bargain	12971	0.193	1	1	2.375
1337	Hypocrite	13012	0.193	1	1	2.37
1338	Wolf	13047	0.194	1	1	2.367
1339	Raging	13043	0.194	1	1	2.367
1340	won	26265	0.39	2	2	2.357
1341	Disgrace	26379	0.392	2	2	2.351
1342	false	224466	3.337	17	12	2.349
1343	Lev	13206	0.196	1	1	2.349
1344	Pipe	13225	0.197	1	1	2.347
1345	offerings	13224	0.197	1	1	2.347
1346	Andrew	13250	0.197	1	1	2.344
1347	designed	39808	0.592	3	3	2.342
1348	early	26548	0.395	2	2	2.342
1349	married	66560	0.989	5	4	2.337
1350	Daughters	40010	0.595	3	3	2.335
1351	stretched	13372	0.199	1	1	2.331
1352	tract	13512	0.201	1	1	2.316
1353	Globe	13523	0.201	1	1	2.315
1354	bears	54088	0.804	4	1	2.315
1355	guides	13546	0.201	1	1	2.312
1356	asking	13581	0.202	1	1	2.308
1357	sell	41041	0.61	3	2	2.298
1358	Secretary	13724	0.204	1	1	2.293
1359	henceforth	13747	0.204	1	1	2.291
1360	Solomon	41245	0.613	3	3	2.291
1361	"	41388	0.615	3	3	2.286
1362	waiting	13872	0.206	1	1	2.278
1363	wonderfully	13915	0.207	1	1	2.274
1364	turn	167524	2.49	12	9	2.269
1365	becomes	41957	0.624	3	3	2.266
1366	[	280684	4.172	20	10	2.261
1367	Iniquity	56296	0.837	4	3	2.257
1368	Mistress	42310	0.629	3	3	2.254
1369	Charms	14109	0.21	1	1	2.254
1370	Methinks	14132	0.21	1	1	2.251
1371	rose	42445	0.631	3	3	2.249
1372	sensual	14173	0.211	1	1	2.247
1373	concord	14173	0.211	1	1	2.247
1374	ascended	14176	0.211	1	1	2.247
1375	utter	42614	0.633	3	3	2.244
1376	pretends	14230	0.212	1	1	2.241
1377	Martin	14281	0.212	1	1	2.236
1378	Goats	14285	0.212	1	1	2.236
1379	ha	28655	0.426	2	1	2.231
1380	invade	14360	0.214	1	1	2.228
1381	Trade	71989	1.07	5	4	2.224
1382	Dish	14435	0.215	1	1	2.22
1383	Lame	14461	0.215	1	1	2.218
1384	IX	28939	0.43	2	1	2.217
1385	Ranks	14516	0.216	1	1	2.212
1386	reflect	14530	0.216	1	1	2.211
1387	Ah	29075	0.432	2	2	2.21
1388	titles	29194	0.434	2	2	2.205
1389	Commonwealth	29279	0.435	2	2	2.2
1390	foregoing	14654	0.218	1	1	2.199
1391	Test	14664	0.218	1	1	2.198
1392	excused	14733	0.219	1	1	2.191
1393	Devils	59091	0.878	4	4	2.187
1394	Score	14810	0.22	1	1	2.184
1395	Mar	14814	0.22	1	1	2.183
1396	got	88984	1.323	6	5	2.181
1397	hunting	14846	0.221	1	1	2.18
1398	Q.	89193	1.326	6	2	2.178
1399	Prophet	133904	1.99	9	7	2.177
1400	Snare	14914	0.222	1	1	2.173
1401	feeble	14952	0.222	1	1	2.169
1402	towns	59975	0.892	4	1	2.166
1403	doors	29993	0.446	2	2	2.166
1404	Supper	60000	0.892	4	3	2.165
1405	asleep	15079	0.224	1	1	2.158
1406	Foe	15213	0.226	1	1	2.145
1407	calls	121932	1.812	8	7	2.142
1408	reveal	15245	0.227	1	1	2.142
1409	cried	45966	0.683	3	3	2.135
1410	grown	45966	0.683	3	3	2.135
1411	Brown	15384	0.229	1	1	2.128
1412	Northern	15398	0.229	1	1	2.127
1413	hist	15438	0.23	1	1	2.123
1414	70	15439	0.23	1	1	2.123
1415	kindly	15466	0.23	1	1	2.121
1416	ruined	15482	0.23	1	1	2.12
1417	Merchandise	15488	0.23	1	1	2.119
1418	Nicholas	15484	0.23	1	1	2.119
1419	mightily	15485	0.23	1	1	2.119
1420	casts	15527	0.231	1	1	2.115
1421	's	1833403	27.252	118	93	2.114
1422	mentions	15583	0.232	1	1	2.11
1423	C.	296045	4.401	19	6	2.11
1424	Angles	15592	0.232	1	1	2.109
1425	Sodom	15597	0.232	1	1	2.109
1426	owned	15681	0.233	1	1	2.101
1427	Judgment	235552	3.501	15	11	2.099
1428	abused	31590	0.47	2	2	2.09
1429	corrupt	63197	0.939	4	4	2.09
1430	poured	15849	0.236	1	1	2.086
1431	confound	15864	0.236	1	1	2.084
1432	sat	47715	0.709	3	2	2.081
1433	Persecute	15918	0.237	1	1	2.079
1434	illustrious	15935	0.237	1	1	2.078
1435	N.	79817	1.186	5	2	2.075
1436	represented	31976	0.475	2	2	2.073
1437	fitly	16083	0.239	1	1	2.064
1438	has	321926	4.785	20	16	2.063
1439	Cloak	16351	0.243	1	1	2.041
1440	Sheriff	16356	0.243	1	1	2.04
1441	call	328774	4.887	20	19	2.033
1442	Why	394748	5.868	24	12	2.032
1443	Sanctify	16453	0.245	1	1	2.032
1444	keep	313074	4.654	19	17	2.03
1445	Quarrel	32992	0.49	2	2	2.028
1446	fits	16510	0.245	1	1	2.027
1447	old	414305	6.158	25	24	2.021
1448	Eloquence	16652	0.248	1	1	2.014
1449	Prov.	50161	0.746	3	2	2.008
1450	marks	33471	0.498	2	2	2.007
1451	wandering	16735	0.249	1	1	2.007
1452	address	16870	0.251	1	1	1.995
1453	parted	16901	0.251	1	1	1.993
1454	F	50955	0.757	3	3	1.986
1455	stands	85073	1.265	5	2	1.983
1456	VII	34063	0.506	2	2	1.982
1457	Judgments	34069	0.506	2	2	1.982
1458	kin	17056	0.254	1	1	1.98
1459	Fellow	51208	0.761	3	3	1.979
1460	support	34167	0.508	2	2	1.977
1461	Board	17171	0.255	1	1	1.97
1462	K	17207	0.256	1	1	1.967
1463	Ornaments	17222	0.256	1	1	1.966
1464	Chamber	51849	0.771	3	3	1.961
1465	Sisters	17302	0.257	1	1	1.959
1466	forgiven	17396	0.259	1	1	1.951
1467	saw	191431	2.846	11	6	1.951
1468	accursed	17442	0.259	1	1	1.947
1469	Regiment	17461	0.26	1	1	1.946
1470	prime	17461	0.26	1	1	1.946
1471	needed	17481	0.26	1	1	1.945
1472	Forbear	35085	0.522	2	2	1.939
1473	whenever	17549	0.261	1	1	1.938
1474	betray	17683	0.263	1	1	1.928
1475	Roman	141472	2.103	8	7	1.928
1476	forgot	17706	0.263	1	1	1.926
1477	usually	53352	0.793	3	3	1.92
1478	Butter	17830	0.265	1	1	1.916
1479	buy	35853	0.533	2	2	1.908
1480	Encounter	17935	0.267	1	1	1.907
1481	Sport	17952	0.267	1	1	1.906
1482	City	377406	5.61	21	6	1.904
1483	Beneath	17987	0.267	1	1	1.903
1484	Betrayed	18001	0.268	1	1	1.902
1485	Dram	18014	0.268	1	1	1.901
1486	corrupted	36122	0.537	2	2	1.897
1487	complain	36342	0.54	2	2	1.888
1488	Jer.	36352	0.54	2	2	1.888
1489	marked	18201	0.271	1	1	1.886
1490	A	14471665	215.11	794	267	1.884
1491	behind	73039	1.086	4	4	1.881
1492	Kingdoms	73313	1.09	4	4	1.876
1493	VI	55012	0.818	3	3	1.875
1494	Bed	73593	1.094	4	4	1.871
1495	proud	73660	1.095	4	4	1.869
1496	Courtesy	18515	0.275	1	1	1.861
1497	refuge	18535	0.276	1	1	1.86
1498	Emperors	18606	0.277	1	1	1.854
1499	spend	37287	0.554	2	2	1.852
1500	fat	37322	0.555	2	2	1.85
1501	judged	56237	0.836	3	3	1.844
1502	meant	112513	1.672	6	3	1.843
1503	undoubtedly	18754	0.279	1	1	1.843
1504	Lady	112639	1.674	6	6	1.841
1505	Marriage	94195	1.4	5	4	1.836
1506	Quality	75538	1.123	4	4	1.833
1507	outwardly	19010	0.283	1	1	1.823
1508	continues	19061	0.283	1	1	1.82
1509	rises	19110	0.284	1	1	1.816
1510	November	19152	0.285	1	1	1.812
1511	18.	77389	1.15	4	4	1.798
1512	Sink	19378	0.288	1	1	1.796
1513	Bell	19417	0.289	1	1	1.793
1514	Exit	19436	0.289	1	1	1.791
1515	begin	97196	1.445	5	5	1.791
1516	forgive	38909	0.578	2	2	1.79
1517	George	39058	0.581	2	2	1.784
1518	habitation	19587	0.291	1	1	1.78
1519	favourable	19618	0.292	1	1	1.778
1520	tells	98449	1.463	5	5	1.773
1521	turns	39404	0.586	2	2	1.772
1522	hit	19976	0.297	1	1	1.752
1523	necessarily	39984	0.594	2	2	1.751
1524	replied	40276	0.599	2	2	1.74
1525	seven	120863	1.797	6	6	1.74
1526	Loyal	20260	0.301	1	1	1.732
1527	Converted	40728	0.605	2	2	1.724
1528	arose	20382	0.303	1	1	1.723
1529	adore	20395	0.303	1	1	1.722
1530	crave	20437	0.304	1	1	1.719
1531	Apostolical	20443	0.304	1	1	1.718
1532	35	41018	0.61	2	2	1.714
1533	Printed	82066	1.22	4	3	1.713
1534	wear	20558	0.306	1	1	1.71
1535	Colonel	20655	0.307	1	1	1.704
1536	Warning	20690	0.308	1	1	1.701
1537	proves	41434	0.616	2	2	1.699
1538	openly	41440	0.616	2	2	1.699
1539	Eat	145185	2.158	7	7	1.698
1540	Pit	20801	0.309	1	1	1.693
1541	Waters	83222	1.237	4	3	1.693
1542	Lewis	20972	0.312	1	1	1.682
1543	lie	168129	2.499	8	8	1.679
1544	persecuted	21044	0.313	1	1	1.677
1545	inwardly	21063	0.313	1	1	1.675
1546	Superstitious	21092	0.314	1	1	1.673
1547	abound	21155	0.315	1	1	1.669
1548	modern	21190	0.315	1	1	1.667
1549	Milk	42416	0.631	2	2	1.665
1550	event	21225	0.316	1	1	1.664
1551	nine	42485	0.632	2	2	1.663
1552	pronounced	21268	0.316	1	1	1.662
1553	q	21289	0.316	1	1	1.66
1554	Progress	21299	0.317	1	1	1.659
1555	i.	191916	2.853	9	6	1.658
1556	virtuous	42661	0.634	2	2	1.657
1557	get	149760	2.226	7	6	1.653
1558	final	21409	0.318	1	1	1.652
1559	venture	21408	0.318	1	1	1.652
1560	Strain	21461	0.319	1	1	1.648
1561	Description	42949	0.638	2	2	1.647
1562	encourage	21511	0.32	1	1	1.645
1563	destroy	86113	1.28	4	4	1.644
1564	frequent	43207	0.642	2	2	1.639
1565	safe	64842	0.964	3	3	1.638
1566	formal	21650	0.322	1	1	1.636
1567	meeting	43320	0.644	2	2	1.635
1568	troublesome	21852	0.325	1	1	1.622
1569	A.	153020	2.275	7	1	1.622
1570	moist	21878	0.325	1	1	1.621
1571	generous	21938	0.326	1	1	1.617
1572	Jealousy	21960	0.326	1	1	1.615
1573	prove	220093	3.272	10	10	1.612
1574	meaning	110075	1.636	5	5	1.612
1575	Yours	44031	0.655	2	2	1.612
1576	Womb	44083	0.655	2	2	1.61
1577	destroyed	66138	0.983	3	3	1.61
1578	Ibid	66183	0.984	3	2	1.609
1579	Officer	22077	0.328	1	1	1.607
1580	29	66407	0.987	3	3	1.604
1581	knees	22165	0.33	1	1	1.602
1582	Poison	44407	0.66	2	2	1.599
1583	bent	22285	0.331	1	1	1.594
1584	White	134914	2.005	6	5	1.581
1585	Spouse	22595	0.336	1	1	1.574
1586	mi	22693	0.337	1	1	1.568
1587	Abominable	22990	0.342	1	1	1.549
1588	smoke	23076	0.343	1	1	1.544
1589	Vice	46611	0.693	2	2	1.529
1590	attend	46658	0.694	2	2	1.528
1591	shows	70001	1.041	3	3	1.528
1592	Quarters	23341	0.347	1	1	1.527
1593	hot	94567	1.406	4	2	1.509
1594	painted	23662	0.352	1	1	1.508
1595	offers	23765	0.353	1	1	1.501
1596	Devil	190658	2.834	8	8	1.497
1597	]	429805	6.389	18	6	1.494
1598	seldom	47805	0.711	2	2	1.493
1599	Austin	23923	0.356	1	1	1.492
1600	makes	359288	5.341	15	14	1.49
1601	Courage	72091	1.072	3	3	1.485
1602	thou	1398203	20.783	58	32	1.481
1603	Constancy	24222	0.36	1	1	1.474
1604	19.	72769	1.082	3	3	1.472
1605	rites	24297	0.361	1	1	1.469
1606	prey	24332	0.362	1	1	1.467
1607	F.	73082	1.086	3	2	1.466
1608	discharged	24372	0.362	1	1	1.465
1609	Coat	24384	0.362	1	1	1.464
1610	distinct	48978	0.728	2	1	1.458
1611	elected	24530	0.365	1	1	1.456
1612	Mourning	24529	0.365	1	1	1.456
1613	deceit	24531	0.365	1	1	1.456
1614	Deity	24584	0.365	1	1	1.452
1615	Sacrifices	49194	0.731	2	2	1.452
1616	Garment	24609	0.366	1	1	1.451
1617	takes	123079	1.83	5	5	1.45
1618	Adultery	24714	0.367	1	1	1.445
1619	Lights	24751	0.368	1	1	1.443
1620	faithfully	24842	0.369	1	1	1.437
1621	ruin	74606	1.109	3	2	1.436
1622	off	323311	4.806	13	12	1.436
1623	Angel	74694	1.11	3	1	1.434
1624	Kill	74750	1.111	3	3	1.433
1625	imagined	25023	0.372	1	1	1.427
1626	Page	252043	3.746	10	2	1.416
1627	Dominion	50446	0.75	2	1	1.415
1628	once	277740	4.128	11	9	1.414
1629	v.	202373	3.008	8	6	1.411
1630	Nose	25309	0.376	1	1	1.41
1631	loves	76043	1.13	3	3	1.408
1632	smell	25352	0.377	1	1	1.408
1633	termed	25438	0.378	1	1	1.403
1634	Returning	25466	0.379	1	1	1.402
1635	heartily	25476	0.379	1	1	1.401
1636	punished	51064	0.759	2	2	1.398
1637	Sex	25550	0.38	1	1	1.397
1638	whilst	127767	1.899	5	5	1.397
1639	Confusion	51173	0.761	2	2	1.395
1640	wish	76763	1.141	3	3	1.395
1641	Seat	51212	0.761	2	2	1.394
1642	accident	25658	0.381	1	1	1.391
1643	kept	180349	2.681	7	7	1.385
1644	carriage	25775	0.383	1	1	1.384
1645	single	51634	0.768	2	2	1.382
1646	re	25840	0.384	1	1	1.38
1647	blind	77737	1.156	3	3	1.376
1648	top	52060	0.774	2	2	1.37
1649	Ten	130362	1.938	5	3	1.368
1650	like	1070087	15.906	41	34	1.366
1651	Lover	26112	0.388	1	1	1.365
1652	Co	26114	0.388	1	1	1.365
1653	Advice	52773	0.784	2	2	1.35
1654	Husband	105631	1.57	4	4	1.349
1655	Heathens	26424	0.393	1	1	1.348
1656	Grave	79381	1.18	3	3	1.346
1657	entertained	26459	0.393	1	1	1.346
1658	signifies	79472	1.181	3	2	1.345
1659	wanted	26501	0.394	1	1	1.344
1660	meats	26568	0.395	1	1	1.34
1661	Tom	26564	0.395	1	1	1.34
1662	conceived	53148	0.79	2	2	1.34
1663	Popish	53150	0.79	2	1	1.34
1664	pay	106691	1.586	4	4	1.335
1665	deadly	26719	0.397	1	1	1.332
1666	special	107206	1.594	4	3	1.328
1667	break	107397	1.596	4	3	1.325
1668	Distress	26900	0.4	1	1	1.323
1669	carry	108052	1.606	4	4	1.316
1670	threatened	27066	0.402	1	1	1.314
1671	Wonder	81268	1.208	3	3	1.312
1672	abide	54229	0.806	2	2	1.311
1673	Daughter	108707	1.616	4	4	1.308
1674	Faction	27201	0.404	1	1	1.307
1675	served	54417	0.809	2	2	1.306
1676	Plato	27283	0.406	1	1	1.302
1677	loath	27335	0.406	1	1	1.299
1678	44	27360	0.407	1	1	1.298
1679	told	164509	2.445	6	6	1.295
1680	turned	109846	1.633	4	4	1.293
1681	Bold	54959	0.817	2	2	1.292
1682	renewed	27500	0.409	1	1	1.291
1683	suitable	27681	0.412	1	1	1.281
1684	Friend	138523	2.059	5	5	1.28
1685	John	415725	6.179	15	12	1.279
1686	morrow	27739	0.412	1	1	1.278
1687	Professors	27778	0.413	1	1	1.276
1688	does	222564	3.308	8	8	1.274
1689	melancholy	27965	0.416	1	1	1.266
1690	sixth	55973	0.832	2	2	1.265
1691	employ	28015	0.416	1	1	1.264
1692	acted	28050	0.417	1	1	1.262
1693	Mountains	56383	0.838	2	2	1.255
1694	thirst	28225	0.42	1	1	1.253
1695	called	768363	11.421	27	26	1.241
1696	Services	28473	0.423	1	1	1.241
1697	fatal	28526	0.424	1	1	1.238
1698	Sir	371184	5.517	13	6	1.236
1699	Yoke	28576	0.425	1	1	1.235
1700	cunning	28670	0.426	1	1	1.23
1701	Wives	57399	0.853	2	2	1.229
1702	preferred	28699	0.427	1	1	1.229
1703	Art	315875	4.695	11	11	1.228
1704	exactly	28776	0.428	1	1	1.225
1705	committed	115180	1.712	4	4	1.224
1706	Crimes	28899	0.43	1	1	1.219
1707	hole	28915	0.43	1	1	1.218
1708	Vision	28960	0.431	1	1	1.216
1709	Drinking	29093	0.432	1	1	1.21
1710	Queen	174640	2.596	6	3	1.209
1711	pour	29172	0.434	1	1	1.206
1712	make	1313915	19.53	45	34	1.204
1713	zealous	29282	0.435	1	1	1.2
1714	Ezek.	29318	0.436	1	1	1.198
1715	reference	29409	0.437	1	1	1.194
1716	captivity	29583	0.44	1	1	1.185
1717	follows	118360	1.759	4	4	1.185
1718	share	29601	0.44	1	1	1.184
1719	Child	148012	2.2	5	4	1.184
1720	fruitful	29679	0.441	1	1	1.18
1721	Nation	148522	2.208	5	2	1.179
1722	SECT.	59519	0.885	2	1	1.177
1723	pretty	29773	0.443	1	1	1.176
1724	allowed	59743	0.888	2	2	1.171
1725	rank	29920	0.445	1	1	1.169
1726	Purity	29926	0.445	1	1	1.169
1727	signify	59908	0.891	2	2	1.167
1728	Chap	271060	4.029	9	4	1.159
1729	contains	30140	0.448	1	1	1.158
1730	next	271507	4.036	9	4	1.157
1731	Mr.	271819	4.04	9	7	1.155
1732	Ambassador	30235	0.449	1	1	1.154
1733	Kings	363629	5.405	12	9	1.151
1734	figures	30387	0.452	1	1	1.147
1735	Spring	60792	0.904	2	2	1.146
1736	T.	60824	0.904	2	2	1.145
1737	asked	61036	0.907	2	2	1.14
1738	founded	30617	0.455	1	1	1.136
1739	25	91872	1.366	3	3	1.135
1740	Anointed	30642	0.456	1	1	1.134
1741	Star	30709	0.457	1	1	1.131
1742	unclean	30723	0.457	1	1	1.131
1743	Harm	30750	0.457	1	1	1.129
1744	wild	61696	0.917	2	2	1.125
1745	Discretion	30869	0.459	1	1	1.124
1746	Priest	123560	1.837	4	3	1.123
1747	Popery	30936	0.46	1	1	1.121
1748	Husbands	30992	0.461	1	1	1.118
1749	material	30995	0.461	1	1	1.118
1750	represent	31012	0.461	1	1	1.117
1751	sure	217623	3.235	7	7	1.114
1752	Monarchy	31153	0.463	1	1	1.111
1753	execute	31219	0.464	1	1	1.108
1754	reported	31227	0.464	1	1	1.107
1755	endeavoured	31247	0.465	1	1	1.106
1756	16.	93810	1.394	3	3	1.105
1757	sworn	31396	0.467	1	1	1.099
1758	Draws	31643	0.47	1	1	1.088
1759	diligently	31695	0.471	1	1	1.086
1760	Desert	31779	0.472	1	1	1.082
1761	hang	31830	0.473	1	1	1.08
1762	am	509469	7.573	16	11	1.079
1763	presume	31879	0.474	1	1	1.077
1764	Operation	31914	0.474	1	1	1.076
1765	Case	319514	4.749	10	5	1.074
1766	confess	127821	1.9	4	4	1.074
1767	spoke	31965	0.475	1	1	1.074
1768	fields	31970	0.475	1	1	1.073
1769	exercised	32045	0.476	1	1	1.07
1770	Damnation	32064	0.477	1	1	1.069
1771	Deuteronomy	64271	0.955	2	1	1.066
1772	fie	32306	0.48	1	1	1.058
1773	Constant	64819	0.964	2	2	1.054
1774	Fleet	32439	0.482	1	1	1.052
1775	reverend	32495	0.483	1	1	1.05
1776	Bond	32545	0.484	1	1	1.048
1777	accused	32564	0.484	1	1	1.047
1778	commonly	97748	1.453	3	3	1.046
1779	thin	32659	0.486	1	1	1.042
1780	serves	32991	0.49	1	1	1.028
1781	endure	66031	0.982	2	2	1.027
1782	executed	33017	0.491	1	1	1.027
1783	record	33094	0.492	1	1	1.024
1784	chose	33127	0.492	1	1	1.022
1785	Influence	33133	0.493	1	1	1.022
1786	?	2527462	37.569	76	45	1.016
1787	Beloved	66576	0.99	2	2	1.015
1788	Phrase	33297	0.495	1	1	1.015
1789	while	300747	4.47	9	6	1.01
1790	Trinity	33437	0.497	1	1	1.009
1791	lose	66954	0.995	2	2	1.007
1792	using	33508	0.498	1	1	1.005
1793	sees	33635	0.5	1	1	1
1794	run	134767	2.003	4	4	0.998
1795	Hen	33893	0.504	1	1	0.989
1796	Alas	67915	1.01	2	2	0.986
1797	bred	34100	0.507	1	1	0.98
1798	Physicians	34162	0.508	1	1	0.978
1799	cured	34205	0.508	1	1	0.976
1800	&c	479189	7.123	14	12	0.975
1801	confession	68490	1.018	2	1	0.974
1802	physic	34467	0.512	1	1	0.965
1803	8	242055	3.598	7	5	0.96
1804	uncertain	34586	0.514	1	1	0.96
1805	Legs	34666	0.515	1	1	0.957
1806	finds	34792	0.517	1	1	0.951
1807	poor	313465	4.659	9	8	0.95
1808	born	104623	1.555	3	3	0.948
1809	expression	34892	0.519	1	1	0.947
1810	demanded	34888	0.519	1	1	0.947
1811	Caesar	69848	1.038	2	1	0.946
1812	Serious	35051	0.521	1	1	0.941
1813	Crown	140652	2.091	4	4	0.936
1814	delights	35263	0.524	1	1	0.932
1815	Monsieur	35326	0.525	1	1	0.929
1816	habit	35431	0.527	1	1	0.925
1817	shortly	35459	0.527	1	1	0.924
1818	down	533657	7.932	15	12	0.919
1819	37	35612	0.529	1	1	0.918
1820	Tower	35614	0.529	1	1	0.918
1821	Laying	35626	0.53	1	1	0.917
1822	Quick	35641	0.53	1	1	0.916
1823	properly	71363	1.061	2	1	0.915
1824	restore	35689	0.531	1	1	0.915
1825	Poverty	35712	0.531	1	1	0.914
1826	mighty	107406	1.597	3	3	0.91
1827	Verses	35860	0.533	1	1	0.908
1828	D	143450	2.132	4	3	0.908
1829	acknowledged	35881	0.533	1	1	0.907
1830	engaged	35885	0.533	1	1	0.907
1831	Arguments	71833	1.068	2	2	0.905
1832	sound	107925	1.604	3	3	0.903
1833	each	252025	3.746	7	6	0.902
1834	double	72073	1.071	2	1	0.901
1835	whose	468798	6.968	13	10	0.9
1836	mistake	36342	0.54	1	1	0.888
1837	thrust	36372	0.541	1	1	0.887
1838	Notion	36409	0.541	1	1	0.886
1839	Garden	36538	0.543	1	1	0.881
1840	possess	36617	0.544	1	1	0.878
1841	Greeks	36672	0.545	1	1	0.875
1842	mentioned	110171	1.638	3	3	0.873
1843	resolve	36730	0.546	1	1	0.873
1844	vast	36772	0.547	1	1	0.871
1845	became	73544	1.093	2	2	0.871
1846	Mysteries	36792	0.547	1	1	0.871
1847	Henry	110662	1.645	3	2	0.867
1848	Overthrow	36900	0.549	1	1	0.866
1849	mouths	36905	0.549	1	1	0.866
1850	Palace	37162	0.552	1	1	0.856
1851	wilt	74391	1.106	2	2	0.855
1852	Prophets	111696	1.66	3	2	0.854
1853	disposed	37317	0.555	1	1	0.85
1854	writ	74728	1.111	2	2	0.848
1855	Wilderness	37400	0.556	1	1	0.847
1856	gone	112323	1.67	3	3	0.845
1857	intend	37477	0.557	1	1	0.844
1858	Latin	75364	1.12	2	2	0.836
1859	bow	37729	0.561	1	1	0.834
1860	sometimes	226924	3.373	6	2	0.831
1861	separated	37858	0.563	1	1	0.83
1862	wrath	113648	1.689	3	3	0.829
1863	or	6140246	91.27	162	86	0.828
1864	Dan	38042	0.566	1	1	0.822
1865	brave	38044	0.566	1	1	0.822
1866	lips	38066	0.566	1	1	0.822
1867	per	190947	2.838	5	1	0.817
1868	praying	38212	0.568	1	1	0.816
1869	maintained	38390	0.571	1	1	0.809
1870	FINIS	38468	0.572	1	1	0.806
1871	Reign	115734	1.72	3	3	0.802
1872	rising	38647	0.575	1	1	0.8
1873	Deserved	38662	0.575	1	1	0.799
1874	Qualities	38805	0.577	1	1	0.794
1875	hide	38812	0.577	1	1	0.794
1876	Senate	38824	0.577	1	1	0.793
1877	sweet	155475	2.311	4	4	0.791
1878	procure	38952	0.579	1	1	0.788
1879	length	117029	1.74	3	3	0.786
1880	making	195439	2.905	5	5	0.783
1881	gain	78199	1.162	2	2	0.783
1882	loved	78391	1.165	2	2	0.779
1883	Teeth	39404	0.586	1	1	0.772
1884	whereupon	78977	1.174	2	1	0.769
1885	lively	39523	0.588	1	1	0.767
1886	Nay	158341	2.354	4	3	0.765
1887	attain	39646	0.589	1	1	0.763
1888	consent	119423	1.775	3	3	0.757
1889	36	39832	0.592	1	1	0.756
1890	wants	39855	0.592	1	1	0.755
1891	Flesh	279311	4.152	7	6	0.754
1892	you	3714542	55.214	93	57	0.752
1893	profane	40020	0.595	1	1	0.749
1894	mouth	161086	2.394	4	4	0.74
1895	viz.	161354	2.398	4	2	0.738
1896	fain	40564	0.603	1	1	0.73
1897	Provide	40597	0.603	1	1	0.729
1898	lastly	81334	1.209	2	2	0.726
1899	change	122021	1.814	3	3	0.726
1900	Natures	40702	0.605	1	1	0.725
1901	house	407406	6.056	10	9	0.724
1902	sick	81507	1.212	2	2	0.723
1903	pounds	40756	0.606	1	1	0.723
1904	notable	40823	0.607	1	1	0.721
1905	Ladies	41212	0.613	1	1	0.707
1906	Persecution	41265	0.613	1	1	0.705
1907	Fool	41266	0.613	1	1	0.705
1908	still	373001	5.544	9	8	0.699
1909	colours	41565	0.618	1	1	0.695
1910	intention	41747	0.621	1	1	0.688
1911	where	1086411	16.149	26	20	0.687
1912	evident	83651	1.243	2	1	0.686
1913	Honey	41845	0.622	1	1	0.685
1914	embrace	41941	0.623	1	1	0.682
1915	roots	42047	0.625	1	1	0.678
1916	Prejudice	42088	0.626	1	1	0.677
1917	Rare	42119	0.626	1	1	0.676
1918	mad	42332	0.629	1	1	0.668
1919	5	338721	5.035	8	6	0.668
1920	whither	42388	0.63	1	1	0.666
1921	Infants	42501	0.632	1	1	0.663
1922	Fact	42577	0.633	1	1	0.66
1923	carried	127788	1.9	3	3	0.659
1924	honoured	42718	0.635	1	1	0.655
1925	grand	42729	0.635	1	1	0.655
1926	distinction	42763	0.636	1	1	0.654
1927	Rent	42785	0.636	1	1	0.653
1928	thee	728077	10.822	17	13	0.652
1929	glorious	128843	1.915	3	3	0.647
1930	my	2492426	37.048	58	36	0.647
1931	benefits	42986	0.639	1	1	0.646
1932	presented	43069	0.64	1	1	0.643
1933	idle	43098	0.641	1	1	0.643
1934	Congregation	43238	0.643	1	1	0.638
1935	18	129797	1.929	3	3	0.637
1936	ye	825703	12.273	19	14	0.63
1937	says	304429	4.525	7	5	0.629
1938	night	217853	3.238	5	5	0.627
1939	Forms	43593	0.648	1	1	0.626
1940	hour	87383	1.299	2	2	0.623
1941	alleged	43807	0.651	1	1	0.619
1942	sit	131502	1.955	3	3	0.618
1943	leave	264688	3.934	6	6	0.609
1944	fancy	44141	0.656	1	1	0.608
1945	on	1948583	28.964	44	35	0.603
1946	Dust	44440	0.661	1	1	0.598
1947	please	133516	1.985	3	3	0.596
1948	Reputation	44574	0.663	1	1	0.594
1949	appearance	44583	0.663	1	1	0.594
1950	17	133873	1.99	3	2	0.592
1951	yes	44644	0.664	1	1	0.592
1952	Neck	44710	0.665	1	1	0.589
1953	di	44811	0.666	1	1	0.586
1954	unjust	44820	0.666	1	1	0.586
1955	Defence	89679	1.333	2	2	0.585
1956	opposition	44888	0.667	1	1	0.584
1957	draw	134904	2.005	3	3	0.581
1958	highly	45059	0.67	1	1	0.578
1959	Institution	45069	0.67	1	1	0.578
1960	Abuse	45195	0.672	1	1	0.574
1961	chance	45225	0.672	1	1	0.573
1962	half	181109	2.692	4	4	0.571
1963	Face	181454	2.697	4	4	0.569
1964	remain	90767	1.349	2	2	0.568
1965	black	90820	1.35	2	2	0.567
1966	skin	45425	0.675	1	1	0.567
1967	Mine	181777	2.702	4	4	0.566
1968	concerned	45475	0.676	1	1	0.565
1969	begins	45496	0.676	1	1	0.564
1970	e	136544	2.03	3	3	0.564
1971	main	45562	0.677	1	1	0.562
1972	Math	45572	0.677	1	1	0.562
1973	easy	91240	1.356	2	2	0.56
1974	large	136943	2.036	3	3	0.56
1975	Patient	45655	0.679	1	1	0.559
1976	master	228418	3.395	5	5	0.558
1977	Guard	45684	0.679	1	1	0.558
1978	strong	182777	2.717	4	4	0.558
1979	often	229358	3.409	5	5	0.552
1980	belongs	45900	0.682	1	1	0.552
1981	Affliction	45899	0.682	1	1	0.552
1982	expected	45982	0.684	1	1	0.549
1983	rage	46100	0.685	1	1	0.545
1984	Town	184940	2.749	4	4	0.541
1985	laid	184949	2.749	4	4	0.541
1986	besides	231481	3.441	5	5	0.539
1987	store	46312	0.688	1	1	0.539
1988	thy	1346327	20.012	29	19	0.535
1989	Freedom	46462	0.691	1	1	0.534
1990	me	1731164	25.732	37	23	0.524
1991	cut	140466	2.088	3	3	0.523
1992	Money	188212	2.798	4	4	0.516
1993	ones	94155	1.4	2	2	0.515
1994	Wall	47250	0.702	1	1	0.51
1995	History	94546	1.405	2	1	0.509
1996	rightly	47299	0.703	1	1	0.508
1997	sacred	94725	1.408	2	2	0.506
1998	United	47414	0.705	1	1	0.505
1999	Devotion	47524	0.706	1	1	0.501
2000	lately	47691	0.709	1	1	0.496
2001	15.	95551	1.42	2	2	0.494
2002	Beauty	95667	1.422	2	2	0.492
2003	lower	47845	0.711	1	1	0.492
2004	Noise	48078	0.715	1	1	0.485
2005	warrant	48147	0.716	1	1	0.483
2006	fine	96522	1.435	2	2	0.479
2007	Philip	48328	0.718	1	1	0.477
2008	worst	48340	0.719	1	1	0.477
2009	20	145215	2.159	3	3	0.475
2010	;	9536348	141.751	197	133	0.475
2011	Speaking	96859	1.44	2	2	0.474
2012	shall	2624249	39.008	54	30	0.469
2013	burning	48634	0.723	1	1	0.468
2014	Burden	48806	0.726	1	1	0.463
2015	happen	48850	0.726	1	1	0.462
2016	12	195478	2.906	4	4	0.461
2017	noted	48905	0.727	1	1	0.46
2018	charged	49036	0.729	1	1	0.456
2019	spoken	147126	2.187	3	2	0.456
2020	States	49055	0.729	1	1	0.456
2021	Heavens	49058	0.729	1	1	0.456
2022	pretence	49124	0.73	1	1	0.454
2023	Col.	49217	0.732	1	1	0.451
2024	abundance	49441	0.735	1	1	0.444
2025	Than	940786	13.984	19	18	0.442
2026	naturally	49783	0.74	1	1	0.434
2027	Really	49878	0.741	1	1	0.432
2028	James	100348	1.492	2	2	0.423
2029	William	100370	1.492	2	2	0.423
2030	goes	100413	1.493	2	2	0.422
2031	External	50280	0.747	1	1	0.42
2032	the	59190422	879.82	1169	335	0.41
2033	short	151930	2.258	3	3	0.41
2034	Instruments	50653	0.753	1	1	0.409
2035	Posterity	50699	0.754	1	1	0.408
2036	express	101655	1.511	2	2	0.404
2037	Revealed	50925	0.757	1	1	0.402
2038	thinking	51014	0.758	1	1	0.399
2039	commit	51155	0.76	1	1	0.395
2040	Prophecy	51210	0.761	1	1	0.394
2041	imagine	51686	0.768	1	1	0.38
2042	aside	51692	0.768	1	1	0.38
2043	possessed	51998	0.773	1	1	0.372
2044	though	1040761	15.47	20	19	0.371
2045	looks	52264	0.777	1	1	0.364
2046	Love	838220	12.46	16	13	0.361
2047	Parties	52516	0.781	1	1	0.357
2048	esteemed	52613	0.782	1	1	0.355
2049	excuse	52632	0.782	1	1	0.354
2050	going	105462	1.568	2	2	0.351
2051	foolish	52888	0.786	1	1	0.347
2052	solemn	52962	0.787	1	1	0.345
2053	suddenly	53066	0.789	1	1	0.342
2054	,	97296499	1446.238	1833	452	0.342
2055	secure	53168	0.79	1	1	0.34
2056	go	533648	7.932	10	9	0.334
2057	13.	106799	1.588	2	2	0.333
2058	spent	53460	0.795	1	1	0.332
2059	Richard	53481	0.795	1	1	0.331
2060	Security	53481	0.795	1	1	0.331
2061	wound	53525	0.796	1	1	0.33
2062	apt	53529	0.796	1	1	0.33
2063	between	321208	4.775	6	5	0.33
2064	falling	53567	0.796	1	1	0.329
2065	Fall	267911	3.982	5	3	0.328
2066	Heathen	53596	0.797	1	1	0.328
2067	de	804522	11.959	15	8	0.327
2068	Conversation	53957	0.802	1	1	0.318
2069	Virgin	54072	0.804	1	1	0.315
2070	drawn	108352	1.611	2	2	0.312
2071	knew	162531	2.416	3	3	0.312
2072	an	2497908	37.13	46	37	0.309
2073	Glass	54513	0.81	1	1	0.303
2074	deceived	54539	0.811	1	1	0.303
2075	consequence	54571	0.811	1	1	0.302
2076	lusts	54617	0.812	1	1	0.301
2077	None	383245	5.697	7	7	0.297
2078	brings	54834	0.815	1	1	0.295
2079	allow	54968	0.817	1	1	0.291
2080	Talk	54978	0.817	1	1	0.291
2081	Iron	55040	0.818	1	1	0.29
2082	design	110482	1.642	2	2	0.284
2083	I	6187300	91.97	112	64	0.284
2084	Ordinances	55387	0.823	1	1	0.281
2085	leaving	55555	0.826	1	1	0.276
2086	sore	55646	0.827	1	1	0.274
2087	Generation	55724	0.828	1	1	0.272
2088	seventh	55727	0.828	1	1	0.272
2089	self	948089	14.093	17	14	0.271
2090	Satan	111662	1.66	2	2	0.269
2091	judgement	111780	1.662	2	1	0.268
2092	whom	782727	11.635	14	12	0.267
2093	.	39047260	580.408	698	241	0.266
2094	Church	1175787	17.477	21	17	0.265
2095	away	504942	7.506	9	8	0.262
2096	Consciences	56276	0.837	1	1	0.258
2097	accounted	56307	0.837	1	1	0.257
2098	Creation	56314	0.837	1	1	0.257
2099	render	56345	0.838	1	1	0.256
2100	luck	56354	0.838	1	1	0.255
2101	Head	338290	5.028	6	6	0.255
2102	Mass	56555	0.841	1	1	0.251
2103	Joh.	56601	0.841	1	1	0.249
2104	what	2320680	34.495	41	29	0.249
2105	offered	113433	1.686	2	2	0.246
2106	little	624322	9.28	11	10	0.245
2107	Author	170634	2.536	3	3	0.242
2108	clearly	57009	0.847	1	1	0.239
2109	Idolatry	57073	0.848	1	1	0.237
2110	touch	57247	0.851	1	1	0.233
2111	dark	57339	0.852	1	1	0.231
2112	apply	57357	0.853	1	1	0.23
2113	moral	57607	0.856	1	1	0.224
2114	become	172873	2.57	3	3	0.223
2115	distance	57644	0.857	1	1	0.223
2116	glad	57752	0.858	1	1	0.22
2117	arms	173309	2.576	3	3	0.22
2118	County	57797	0.859	1	1	0.219
2119	fallen	57829	0.86	1	1	0.218
2120	finding	57977	0.862	1	1	0.215
2121	Horses	58059	0.863	1	1	0.213
2122	whosoever	58235	0.866	1	1	0.208
2123	give	758276	11.271	13	9	0.206
2124	wont	58350	0.867	1	1	0.205
2125	giving	117136	1.741	2	2	0.2
2126	taste	58748	0.873	1	1	0.196
2127	paid	58812	0.874	1	1	0.194
2128	since	412107	6.126	7	6	0.192
2129	Cardinal	58899	0.876	1	1	0.192
2130	Ceremonies	59141	0.879	1	1	0.186
2131	your	2073026	30.814	35	23	0.184
2132	measure	118535	1.762	2	2	0.183
2133	condemn	59378	0.883	1	1	0.18
2134	term	59683	0.887	1	1	0.173
2135	Conscience	238823	3.55	4	4	0.172
2136	loose	59737	0.888	1	1	0.172
2137	'	59808	0.889	1	1	0.17
2138	Spiritual	239256	3.556	4	4	0.17
2139	&c.	299097	4.446	5	5	0.169
2140	e.	119746	1.78	2	2	0.168
2141	Magistrates	59888	0.89	1	1	0.168
2142	sake	119831	1.781	2	2	0.167
2143	height	59996	0.892	1	1	0.165
2144	is	12301699	182.855	205	108	0.165
2145	names	120160	1.786	2	2	0.163
2146	wrote	60122	0.894	1	1	0.162
2147	nor	1146191	17.037	19	16	0.157
2148	Revenge	60376	0.897	1	1	0.156
2149	hardly	60401	0.898	1	1	0.156
2150	Gentlemen	60495	0.899	1	1	0.153
2151	mortal	60563	0.9	1	1	0.152
2152	breath	60807	0.904	1	1	0.146
2153	6	304045	4.519	5	5	0.146
2154	Confidence	60886	0.905	1	1	0.144
2155	Years	427133	6.349	7	6	0.141
2156	ere	61209	0.91	1	1	0.136
2157	Party	122702	1.824	2	2	0.133
2158	Land	307074	4.564	5	2	0.132
2159	began	184715	2.746	3	3	0.128
2160	base	61654	0.916	1	1	0.126
2161	many	1356675	20.166	22	17	0.126
2162	along	61778	0.918	1	1	0.123
2163	would	1733888	25.773	28	26	0.12
2164	curse	61992	0.922	1	1	0.118
2165	perceive	62013	0.922	1	1	0.117
2166	bring	310345	4.613	5	5	0.116
2167	Text	124188	1.846	2	2	0.116
2168	Italy	62147	0.924	1	1	0.114
2169	pleasure	186565	2.773	3	3	0.113
2170	changed	62232	0.925	1	1	0.112
2171	of	39170514	582.24	629	275	0.111
2172	who	2315377	34.416	37	31	0.104
2173	prevent	62672	0.932	1	1	0.102
2174	inhabitants	62803	0.934	1	1	0.099
2175	p.	440626	6.55	7	6	0.096
2176	II	125905	1.872	2	2	0.096
2177	this	6548918	97.345	104	56	0.095
2178	Powers	63000	0.936	1	1	0.095
2179	Prison	63013	0.937	1	1	0.094
2180	upon	2522161	37.49	40	29	0.093
2181	Supposed	63181	0.939	1	1	0.091
2182	continually	63423	0.943	1	1	0.085
2183	discovered	63467	0.943	1	1	0.084
2184	betwixt	127079	1.889	2	2	0.082
2185	verse	254782	3.787	4	3	0.079
2186	For	9369441	139.27	147	99	0.078
2187	new	447014	6.645	7	7	0.075
2188	and	37698224	560.355	588	269	0.069
2189	difference	128593	1.911	2	2	0.065
2190	g	64551	0.96	1	1	0.06
2191	live	322774	4.798	5	5	0.06
2192	Liberty	193859	2.882	3	3	0.058
2193	was	5179337	76.987	80	59	0.055
2194	months	65020	0.967	1	1	0.049
2195	cause	585252	8.699	9	6	0.049
2196	Avoid	65191	0.969	1	1	0.045
2197	no	2739631	40.723	42	34	0.045
2198	with	6743369	100.235	103	74	0.039
2199	How	1244740	18.502	19	15	0.038
2200	innocent	65570	0.975	1	1	0.037
2201	rather	393402	5.848	6	6	0.037
2202	Hours	65642	0.976	1	1	0.035
2203	fit	197019	2.929	3	3	0.035
2204	lying	65748	0.977	1	1	0.033
2205	sides	65850	0.979	1	1	0.031
2206	Gentleman	66021	0.981	1	1	0.027
2207	higher	66116	0.983	1	1	0.025
2208	meet	132574	1.971	2	2	0.021
2209	few	199429	2.964	3	2	0.017
2210	s	133183	1.98	2	2	0.015
2211	here	866663	12.882	13	13	0.013
2212	violence	66700	0.991	1	1	0.012
2213	one	2538275	37.73	38	24	0.01
2214	Issue	66951	0.995	1	1	0.007
2215	Greatest	200955	2.987	3	3	0.006
2216	persuaded	67094	0.997	1	1	0.004
2217	Letter	134624	2.001	2	2	-0.001
2218	Clergy	67422	1.002	1	1	-0.003
2219	private	134915	2.005	2	2	-0.004
2220	Name	607418	9.029	9	9	-0.005
2221	at	3182175	47.301	47	39	-0.009
2222	o	541781	8.053	8	8	-0.01
2223	three	474878	7.059	7	6	-0.012
2224	Month	67860	1.009	1	1	-0.012
2225	will	2993503	44.496	44	39	-0.016
2226	Horse	136110	2.023	2	2	-0.017
2227	Father	550491	8.183	8	7	-0.033
2228	said	1514302	22.509	22	14	-0.033
2229	Mary	68927	1.025	1	1	-0.035
2230	Lawful	138238	2.055	2	2	-0.039
2231	thousand	207672	3.087	3	3	-0.041
2232	9	208082	3.093	3	3	-0.044
2233	particularly	69414	1.032	1	1	-0.045
2234	bare	69451	1.032	1	1	-0.046
2235	Mankind	69641	1.035	1	1	-0.05
2236	Ghost	139834	2.079	2	2	-0.056
2237	oft	69946	1.04	1	1	-0.056
2238	divers	210634	3.131	3	3	-0.062
2239	follow	211834	3.149	3	3	-0.07
2240	almost	141302	2.1	2	2	-0.071
2241	rich	142318	2.115	2	2	-0.081
2242	Protestants	71207	1.058	1	1	-0.082
2243	Fathers	213875	3.179	3	3	-0.084
2244	utterly	71440	1.062	1	1	-0.087
2245	that	17465266	259.608	243	136	-0.095
2246	wickedness	71915	1.069	1	1	-0.096
2247	public	215912	3.209	3	3	-0.097
2248	aut	71993	1.07	1	1	-0.098
2249	Raise	72133	1.072	1	1	-0.101
2250	did	1515759	22.531	21	19	-0.101
2251	but	6983890	103.81	96	69	-0.113
2252	:	8018849	119.194	110	71	-0.116
2253	hath	1823449	27.104	25	16	-0.117
2254	Priests	145909	2.169	2	2	-0.117
2255	help	220081	3.271	3	3	-0.125
2256	afterwards	146805	2.182	2	2	-0.126
2257	can	1982819	29.473	27	24	-0.126
2258	Wealth	73703	1.096	1	1	-0.132
2259	Temporal	73824	1.097	1	1	-0.134
2260	better	443737	6.596	6	5	-0.137
2261	red	74028	1.1	1	1	-0.138
2262	during	74035	1.101	1	1	-0.138
2263	Perform	74194	1.103	1	1	-0.141
2264	against	1339213	19.906	18	15	-0.145
2265	quite	74671	1.11	1	1	-0.15
2266	Hell	149518	2.223	2	2	-0.152
2267	should	1871070	27.812	25	23	-0.154
2268	Servants	149996	2.23	2	2	-0.157
2269	Effects	75047	1.116	1	1	-0.158
2270	last	450430	6.695	6	6	-0.158
2271	expressed	75252	1.119	1	1	-0.162
2272	seemed	75334	1.12	1	1	-0.163
2273	indeed	301803	4.486	4	3	-0.165
2274	agree	75479	1.122	1	1	-0.166
2275	Masters	75576	1.123	1	1	-0.168
2276	Edward	75687	1.125	1	1	-0.17
2277	Ecclesiastical	75702	1.125	1	1	-0.17
2278	Ages	75749	1.126	1	1	-0.171
2279	among	379416	5.64	5	5	-0.174
2280	now	1519152	22.581	20	20	-0.175
2281	wisdom	228022	3.389	3	1	-0.176
2282	Behold	152112	2.261	2	2	-0.177
2283	several	304872	4.532	4	4	-0.18
2284	Women	152987	2.274	2	2	-0.185
2285	cast	229673	3.414	3	2	-0.186
2286	Ignorance	77023	1.145	1	1	-0.195
2287	l.	308378	4.584	4	3	-0.197
2288	first	1465032	21.777	19	17	-0.197
2289	think	539870	8.025	7	6	-0.197
2290	plain	154580	2.298	2	2	-0.2
2291	England	309285	4.597	4	4	-0.201
2292	Gift	77682	1.155	1	1	-0.208
2293	Prepared	77762	1.156	1	1	-0.209
2294	credit	77984	1.159	1	1	-0.213
2295	been	1095200	16.279	14	13	-0.218
2296	had	2740575	40.737	35	32	-0.219
2297	already	157133	2.336	2	2	-0.224
2298	hand	471988	7.016	6	4	-0.226
2299	Maintain	78757	1.171	1	1	-0.227
2300	after	1272516	18.915	16	13	-0.241
2301	3.	318523	4.735	4	2	-0.243
2302	are	5017099	74.575	63	41	-0.243
2303	wars	79970	1.189	1	1	-0.249
2304	space	80076	1.19	1	1	-0.251
2305	ends	80149	1.191	1	1	-0.253
2306	Castle	80430	1.196	1	1	-0.258
2307	Let	968524	14.396	12	12	-0.263
2308	generally	80754	1.2	1	1	-0.263
2309	Lives	161569	2.402	2	2	-0.264
2310	further	242781	3.609	3	3	-0.267
2311	took	243304	3.617	3	3	-0.27
2312	14	162434	2.415	2	2	-0.272
2313	fear	406154	6.037	5	3	-0.272
2314	profession	81244	1.208	1	1	-0.272
2315	Israel	162651	2.418	2	2	-0.274
2316	mean	244094	3.628	3	3	-0.274
2317	conceive	81841	1.217	1	1	-0.283
2318	13	164052	2.439	2	2	-0.286
2319	Wine	164447	2.444	2	2	-0.289
2320	State	329799	4.902	4	4	-0.293
2321	different	82962	1.233	1	1	-0.302
2322	Health	83023	1.234	1	1	-0.303
2323	un	83123	1.236	1	1	-0.305
2324	lead	83367	1.239	1	1	-0.309
2325	acknowledge	83501	1.241	1	1	-0.312
2326	made	1503973	22.355	18	16	-0.313
2327	cure	84022	1.249	1	1	-0.321
2328	well	1096551	16.299	13	12	-0.326
2329	as	9292085	138.12	110	68	-0.328
2330	doubt	169037	2.513	2	2	-0.329
2331	chosen	84591	1.257	1	1	-0.33
2332	look	255208	3.794	3	3	-0.339
2333	piece	85080	1.265	1	1	-0.339
2334	comes	255457	3.797	3	3	-0.34
2335	precious	85205	1.267	1	1	-0.341
2336	found	426408	6.338	5	4	-0.342
2337	Officers	85656	1.273	1	1	-0.348
2338	obey	85680	1.274	1	1	-0.349
2339	Man	1972758	29.324	23	21	-0.35
2340	Wit	172149	2.559	2	2	-0.356
2341	to	27864128	414.179	323	168	-0.359
2342	joined	86338	1.283	1	1	-0.36
2343	never	778679	11.575	9	8	-0.363
2344	fault	86579	1.287	1	1	-0.364
2345	too	521045	7.745	6	6	-0.368
2346	sight	174034	2.587	2	2	-0.371
2347	whether	435425	6.472	5	3	-0.372
2348	Hearing	87088	1.295	1	1	-0.372
2349	ready	174387	2.592	2	1	-0.374
2350	show	349122	5.189	4	4	-0.376
2351	rise	87880	1.306	1	1	-0.385
2352	knowing	87901	1.307	1	1	-0.386
2353	believed	87994	1.308	1	1	-0.387
2354	Passion	88077	1.309	1	1	-0.389
2355	every	1057014	15.712	12	12	-0.389
2356	reward	88300	1.313	1	1	-0.392
2357	terms	88303	1.313	1	1	-0.392
2358	may	2661871	39.567	30	22	-0.399
2359	out	1686345	25.066	19	18	-0.4
2360	Captain	88772	1.32	1	1	-0.4
2361	ill	177562	2.639	2	2	-0.4
2362	famous	88824	1.32	1	1	-0.401
2363	because	1157094	17.199	13	10	-0.404
2364	seems	178155	2.648	2	2	-0.405
2365	be	9896153	147.099	111	81	-0.406
2366	Bishops	179221	2.664	2	2	-0.414
2367	Come	1165618	17.326	13	12	-0.414
2368	forced	89873	1.336	1	1	-0.418
2369	acts	180390	2.681	2	2	-0.423
2370	Empire	90491	1.345	1	1	-0.428
2371	deliver	90659	1.348	1	1	-0.43
2372	take	907131	13.484	10	10	-0.431
2373	only	1544540	22.958	17	14	-0.433
2374	nothing	640275	9.517	7	7	-0.443
2375	guilty	91473	1.36	1	1	-0.443
2376	yet	1835928	27.29	20	17	-0.448
2377	)	3126749	46.477	34	29	-0.451
2378	stay	91988	1.367	1	1	-0.451
2379	fully	92165	1.37	1	1	-0.454
2380	round	92400	1.374	1	1	-0.458
2381	So	5366625	79.771	58	41	-0.46
2382	two	926661	13.774	10	10	-0.462
2383	there	2595192	38.576	28	21	-0.462
2384	Surely	92689	1.378	1	1	-0.462
2385	Learning	92794	1.379	1	1	-0.464
2386	used	278736	4.143	3	3	-0.466
2387	then	2700348	40.139	29	26	-0.469
2388	up	1119358	16.638	12	11	-0.471
2389	T	186780	2.776	2	2	-0.473
2390	Saint	186918	2.778	2	2	-0.474
2391	Reader	93498	1.39	1	1	-0.475
2392	Honour	374182	5.562	4	4	-0.476
2393	when	2343068	34.828	25	23	-0.478
2394	ask	93732	1.393	1	1	-0.479
2395	High	281250	4.181	3	3	-0.479
2396	greater	281340	4.182	3	3	-0.479
2397	else	281410	4.183	3	3	-0.48
2398	open	187653	2.789	2	2	-0.48
2399	If	3293480	48.955	35	29	-0.484
2400	Shame	94222	1.401	1	1	-0.486
2401	Second	377815	5.616	4	3	-0.49
2402	Advantage	94526	1.405	1	1	-0.491
2403	these	1985969	29.52	21	15	-0.491
2404	find	472931	7.03	5	4	-0.492
2405	left	284479	4.229	3	3	-0.495
2406	till	379902	5.647	4	4	-0.497
2407	Friends	189996	2.824	2	2	-0.498
2408	others	665440	9.891	7	6	-0.499
2409	long	571124	8.489	6	6	-0.501
2410	end	571167	8.49	6	3	-0.501
2411	bad	95210	1.415	1	1	-0.501
2412	suffer	191145	2.841	2	2	-0.507
2413	happiness	95587	1.421	1	1	-0.507
2414	pains	95716	1.423	1	1	-0.509
2415	offer	96063	1.428	1	1	-0.514
2416	gives	192161	2.856	2	2	-0.514
2417	Sorrow	96091	1.428	1	1	-0.514
2418	Lies	96467	1.434	1	1	-0.52
2419	Children	387096	5.754	4	2	-0.525
2420	gave	290757	4.322	3	3	-0.527
2421	resolved	96934	1.441	1	1	-0.527
2422	Kingdom	388117	5.769	4	3	-0.528
2423	another	682313	10.142	7	7	-0.535
2424	Strength	196140	2.916	2	2	-0.544
2425	beyond	98141	1.459	1	1	-0.545
2426	continued	98376	1.462	1	1	-0.548
2427	Affairs	98583	1.465	1	1	-0.551
2428	brought	394377	5.862	4	4	-0.551
2429	worth	99043	1.472	1	1	-0.558
2430	Say	1089806	16.199	11	11	-0.558
2431	his	9217642	137.013	93	68	-0.559
2432	set	595126	8.846	6	6	-0.56
2433	they	6960305	103.46	70	46	-0.564
2434	Beasts	99530	1.479	1	1	-0.565
2435	perhaps	99958	1.486	1	1	-0.571
2436	Authority	299886	4.458	3	3	-0.571
2437	saved	100429	1.493	1	1	-0.578
2438	consideration	100610	1.496	1	1	-0.581
2439	colour	100836	1.499	1	1	-0.584
2440	Thomas	100867	1.499	1	1	-0.584
2441	Royal	101049	1.502	1	1	-0.587
2442	Darkness	101306	1.506	1	1	-0.591
2443	Catholic	101512	1.509	1	1	-0.593
2444	Religion	406309	6.04	4	4	-0.594
2445	content	101607	1.51	1	1	-0.595
2446	ought	406522	6.043	4	4	-0.595
2447	sorts	102012	1.516	1	1	-0.601
2448	fair	204535	3.04	2	2	-0.604
2449	also	1433690	21.311	14	12	-0.606
2450	some	1845849	27.437	18	14	-0.608
2451	forth	410791	6.106	4	4	-0.61
2452	Feet	102703	1.527	1	1	-0.61
2453	Testimony	102732	1.527	1	1	-0.611
2454	more	2262327	33.628	22	19	-0.612
2455	kind	310094	4.609	3	3	-0.62
2456	World	932868	13.866	9	9	-0.624
2457	Morning	103706	1.542	1	1	-0.624
2458	pro	103839	1.544	1	1	-0.626
2459	twenty	103869	1.544	1	1	-0.627
2460	sign	104160	1.548	1	1	-0.631
2461	Charity	104646	1.556	1	1	-0.637
2462	(	3147389	46.784	30	27	-0.641
2463	longer	105304	1.565	1	1	-0.646
2464	promised	105333	1.566	1	1	-0.647
2465	Might	949632	14.116	9	8	-0.649
2466	Fight	105643	1.57	1	1	-0.651
2467	saying	211699	3.147	2	2	-0.654
2468	by	7416468	110.24	70	52	-0.655
2469	B	106037	1.576	1	1	-0.656
2470	motion	106536	1.584	1	1	-0.663
2471	21	106558	1.584	1	1	-0.663
2472	Blood	426566	6.341	4	4	-0.665
2473	which	6940930	103.172	65	41	-0.667
2474	minds	106848	1.588	1	1	-0.667
2475	all	5908829	87.83	55	35	-0.675
2476	act	322490	4.794	3	3	-0.676
2477	somewhat	108061	1.606	1	1	-0.684
2478	free	216340	3.216	2	2	-0.685
2479	Jerusalem	108264	1.609	1	1	-0.686
2480	grow	108376	1.611	1	1	-0.688
2481	4	434750	6.462	4	4	-0.692
2482	ever	652700	9.702	6	6	-0.693
2483	hands	327530	4.869	3	3	-0.699
2484	dear	109293	1.625	1	1	-0.7
2485	him	4270811	63.482	39	34	-0.703
2486	do	2417629	35.936	22	19	-0.708
2487	promises	110749	1.646	1	1	-0.719
2488	wherein	332751	4.946	3	3	-0.721
2489	plainly	111081	1.651	1	1	-0.723
2490	walk	111166	1.652	1	1	-0.725
2491	m	111752	1.661	1	1	-0.732
2492	Note	111981	1.665	1	1	-0.735
2493	Creature	112250	1.669	1	1	-0.739
2494	Thus	788750	11.724	7	6	-0.744
2495	Interest	112821	1.677	1	1	-0.746
2496	Fourth	113523	1.687	1	1	-0.755
2497	lived	113584	1.688	1	1	-0.756
2498	own	1256418	18.676	11	11	-0.764
2499	Action	114368	1.7	1	1	-0.766
2500	could	808277	12.014	7	7	-0.779
2501	11.	115752	1.721	1	1	-0.783
2502	Title	115960	1.724	1	1	-0.786
2503	Members	116122	1.726	1	1	-0.788
2504	near	232787	3.46	2	2	-0.791
2505	Tongue	116704	1.735	1	1	-0.795
2506	remember	116819	1.736	1	1	-0.796
2507	Parts	350458	5.209	3	3	-0.796
2508	being	1764433	26.227	15	14	-0.806
2509	proved	118293	1.758	1	1	-0.814
2510	certainly	118694	1.764	1	1	-0.819
2511	heavenly	118984	1.769	1	1	-0.823
2512	lay	238823	3.55	2	2	-0.828
2513	Cold	119553	1.777	1	1	-0.83
2514	came	478712	7.116	4	4	-0.831
2515	presently	119716	1.78	1	1	-0.831
2516	non	359411	5.342	3	3	-0.833
2517	In	20011385	297.454	167	114	-0.833
2518	Pope	240165	3.57	2	2	-0.836
2519	see	961542	14.293	8	7	-0.837
2520	purpose	240680	3.578	2	1	-0.839
2521	send	120341	1.789	1	1	-0.839
2522	Paul	240876	3.58	2	2	-0.84
2523	Justice	242072	3.598	2	1	-0.847
2524	believe	363239	5.399	3	3	-0.848
2525	put	607656	9.032	5	5	-0.853
2526	2	973176	14.466	8	7	-0.855
2527	War	243324	3.617	2	2	-0.855
2528	Hold	243646	3.622	2	2	-0.857
2529	Civil	121918	1.812	1	1	-0.858
2530	both	976138	14.51	8	7	-0.859
2531	Bishop	244304	3.631	2	2	-0.861
2532	12.	122418	1.82	1	1	-0.864
2533	from	3924250	58.331	32	26	-0.866
2534	know	736780	10.952	6	6	-0.868
2535	through	491298	7.303	4	4	-0.868
2536	its	492268	7.317	4	4	-0.871
2537	wicked	246712	3.667	2	2	-0.875
2538	past	123448	1.835	1	1	-0.876
2539	certain	370843	5.512	3	3	-0.878
2540	counsel	124075	1.844	1	1	-0.883
2541	he	9215356	136.979	74	58	-0.888
2542	Except	124877	1.856	1	1	-0.892
2543	side	250068	3.717	2	2	-0.894
2544	true	751380	11.169	6	6	-0.896
2545	understood	125485	1.865	1	1	-0.899
2546	again	627628	9.329	5	5	-0.9
2547	such	2262212	33.626	18	15	-0.902
2548	trust	126242	1.877	1	1	-0.908
2549	People	885047	13.156	7	4	-0.91
2550	Books	126983	1.888	1	1	-0.916
2551	Servant	127075	1.889	1	1	-0.918
2552	not	8929558	132.731	70	55	-0.923
2553	present	383135	5.695	3	3	-0.925
2554	B.	127907	1.901	1	1	-0.927
2555	Business	128020	1.903	1	1	-0.928
2556	most	1280269	19.03	10	9	-0.928
2557	Sword	128215	1.906	1	1	-0.93
2558	known	257669	3.83	2	2	-0.937
2559	Grace	516661	7.68	4	3	-0.941
2560	haste	258415	3.841	2	2	-0.942
2561	doing	129395	1.923	1	1	-0.944
2562	pleased	129448	1.924	1	1	-0.944
2563	French	130315	1.937	1	1	-0.954
2564	very	1174247	17.454	9	9	-0.956
2565	Seed	130549	1.941	1	1	-0.956
2566	former	261116	3.881	2	2	-0.957
2567	judge	262867	3.907	2	2	-0.966
2568	concerning	262903	3.908	2	2	-0.966
2569	much	1448309	21.528	11	11	-0.969
2570	rest	396125	5.888	3	3	-0.973
2571	happy	132157	1.964	1	1	-0.974
2572	Nations	132713	1.973	1	1	-0.98
2573	Thence	133035	1.978	1	1	-0.984
2574	must	1333555	19.822	10	9	-0.987
2575	save	133689	1.987	1	1	-0.991
2576	have	4691254	69.732	35	32	-0.994
2577	good	1608969	23.916	12	12	-0.995
2578	teach	134574	2	1	1	-1
2579	outward	135202	2.01	1	1	-1.007
2580	cross	135455	2.013	1	1	-1.01
2581	dare	135920	2.02	1	1	-1.015
2582	answered	137849	2.049	1	1	-1.035
2583	hence	139086	2.067	1	1	-1.048
2584	strange	139257	2.07	1	1	-1.05
2585	same	1256120	18.671	9	8	-1.053
2586	received	280865	4.175	2	2	-1.062
2587	Just	281045	4.178	2	2	-1.063
2588	si	141064	2.097	1	1	-1.068
2589	work	425644	6.327	3	3	-1.077
2590	Praise	141937	2.11	1	1	-1.077
2591	die	284558	4.23	2	2	-1.081
2592	actions	142378	2.116	1	1	-1.082
2593	sense	285637	4.246	2	2	-1.086
2594	showed	142959	2.125	1	1	-1.087
2595	deny	143761	2.137	1	1	-1.096
2596	Day	864384	12.848	6	6	-1.099
2597	home	144093	2.142	1	1	-1.099
2598	knows	144623	2.15	1	1	-1.104
2599	having	579260	8.61	4	4	-1.106
2600	Enter	145726	2.166	1	1	-1.115
2601	sin	729699	10.846	5	5	-1.117
2602	Noble	146938	2.184	1	1	-1.127
2603	fire	294315	4.375	2	2	-1.129
2604	together	444738	6.611	3	2	-1.14
2605	16	148850	2.213	1	1	-1.146
2606	Book	299396	4.45	2	2	-1.154
2607	Word	751485	11.17	5	5	-1.16
2608	fell	151275	2.249	1	1	-1.169
2609	easily	151870	2.257	1	1	-1.175
2610	always	304181	4.521	2	2	-1.177
2611	Gold	152169	2.262	1	1	-1.178
2612	speaks	153099	2.276	1	1	-1.186
2613	unless	154621	2.298	1	1	-1.201
2614	Five	154870	2.302	1	1	-1.203
2615	15	154905	2.303	1	1	-1.203
2616	power	776557	11.543	5	5	-1.207
2617	Bread	156950	2.333	1	1	-1.222
2618	before	1422340	21.142	9	8	-1.232
2619	France	158078	2.35	1	1	-1.232
2620	sayeth	633645	9.419	4	4	-1.236
2621	until	158797	2.36	1	1	-1.239
2622	Secondly	160056	2.379	1	1	-1.25
2623	taken	481305	7.154	3	3	-1.254
2624	yea	321813	4.784	2	2	-1.258
2625	right	484646	7.204	3	3	-1.264
2626	Enemy	162072	2.409	1	1	-1.268
2627	Late	162556	2.416	1	1	-1.273
2628	proper	163180	2.426	1	1	-1.278
2629	se	163405	2.429	1	1	-1.28
2630	King	1308410	19.449	8	8	-1.282
2631	given	491070	7.299	3	2	-1.283
2632	Spirit	654859	9.734	4	3	-1.283
2633	lost	164242	2.441	1	1	-1.288
2634	due	164838	2.45	1	1	-1.293
2635	about	661900	9.839	4	4	-1.298
2636	general	331599	4.929	2	2	-1.301
2637	course	166149	2.47	1	1	-1.304
2638	seem	166761	2.479	1	1	-1.31
2639	Heaven	503504	7.484	3	3	-1.319
2640	worthy	168026	2.498	1	1	-1.321
2641	less	337828	5.022	2	2	-1.328
2642	their	5435041	80.788	32	27	-1.336
2643	Whereas	170273	2.531	1	1	-1.34
2644	Brother	170744	2.538	1	1	-1.344
2645	we	4105074	61.019	24	18	-1.346
2646	form	173701	2.582	1	1	-1.368
2647	holy	701649	10.43	4	4	-1.383
2648	thought	352735	5.243	2	1	-1.39
2649	Death	707920	10.523	4	4	-1.395
2650	Command	177468	2.638	1	1	-1.399
2651	11	177974	2.645	1	1	-1.403
2652	whole	534092	7.939	3	3	-1.404
2653	Charge	178431	2.652	1	1	-1.407
2654	thing	892670	13.269	5	5	-1.408
2655	above	357391	5.312	2	2	-1.409
2656	Joy	178769	2.657	1	1	-1.41
2657	neither	537051	7.983	3	3	-1.412
2658	Chief	180904	2.689	1	1	-1.427
2659	Sins	361871	5.379	2	2	-1.427
2660	Mans	181090	2.692	1	1	-1.429
2661	without	1089706	16.198	6	4	-1.433
2662	beginning	182083	2.707	1	1	-1.436
2663	promise	182124	2.707	1	1	-1.437
2664	Person	366738	5.451	2	2	-1.447
2665	Wherefore	183911	2.734	1	1	-1.451
2666	Peace	369451	5.492	2	2	-1.457
2667	want	185706	2.76	1	1	-1.465
2668	written	186305	2.769	1	1	-1.47
2669	it	11231693	166.951	60	45	-1.476
2670	Duke	187759	2.791	1	1	-1.481
2671	any	2444028	36.329	13	13	-1.483
2672	Army	188187	2.797	1	1	-1.484
2673	Saviour	188665	2.804	1	1	-1.488
2674	way	756236	11.241	4	4	-1.491
2675	Life	948809	14.103	5	5	-1.496
2676	were	2871299	42.68	15	12	-1.509
2677	learned	191725	2.85	1	1	-1.511
2678	6.	191822	2.851	1	1	-1.512
2679	Occasion	193025	2.869	1	1	-1.521
2680	M.	193517	2.877	1	1	-1.524
2681	Saints	194939	2.898	1	1	-1.535
2682	St.	195546	2.907	1	1	-1.539
2683	bear	196568	2.922	1	1	-1.547
2684	days	393520	5.849	2	2	-1.548
2685	times	394191	5.859	2	2	-1.551
2686	sort	197789	2.94	1	1	-1.556
2687	Light	399350	5.936	2	2	-1.569
2688	them	4855982	72.181	24	21	-1.589
2689	even	607522	9.03	3	3	-1.59
2690	La	204980	3.047	1	1	-1.607
2691	Subject	206440	3.069	1	1	-1.618
2692	Worship	206782	3.074	1	1	-1.62
2693	Part	827721	12.303	4	3	-1.621
2694	1	1451762	21.579	7	6	-1.624
2695	consider	208021	3.092	1	1	-1.629
2696	those	1667771	24.79	8	7	-1.632
2697	unto	1880305	27.949	9	9	-1.635
2698	appear	209107	3.108	1	1	-1.636
2699	Emperor	209536	3.115	1	1	-1.639
2700	5.	210462	3.128	1	1	-1.645
2701	Account	211262	3.14	1	1	-1.651
2702	Princes	212093	3.153	1	1	-1.657
2703	hundred	212307	3.156	1	1	-1.658
2704	Parliament	214227	3.184	1	1	-1.671
2705	words	643917	9.571	3	3	-1.674
2706	into	1727535	25.679	8	8	-1.682
2707	Christians	219658	3.265	1	1	-1.707
2708	whereby	220196	3.273	1	1	-1.711
2709	especially	220705	3.281	1	1	-1.714
2710	service	222275	3.304	1	1	-1.724
2711	Court	223217	3.318	1	1	-1.73
2712	care	224334	3.335	1	1	-1.738
2713	enough	225014	3.345	1	1	-1.742
2714	Blessed	226222	3.363	1	1	-1.75
2715	seen	227877	3.387	1	1	-1.76
2716	Lords	228223	3.392	1	1	-1.762
2717	Men	1835942	27.29	8	8	-1.77
2718	under	696455	10.352	3	3	-1.787
2719	other	2103223	31.263	9	9	-1.796
2720	sea	233892	3.477	1	1	-1.798
2721	Stand	235721	3.504	1	1	-1.809
2722	pass	235903	3.507	1	1	-1.81
2723	time	1426900	21.21	6	6	-1.822
2724	Hearts	239757	3.564	1	1	-1.833
2725	Virtue	240899	3.581	1	1	-1.84
2726	pray	242183	3.6	1	1	-1.848
2727	7	251211	3.734	1	1	-1.901
2728	according	502781	7.474	2	2	-1.902
2729	Four	252980	3.76	1	1	-1.911
2730	Enemies	253975	3.775	1	1	-1.917
2731	Faith	762492	11.334	3	2	-1.918
2732	receive	254239	3.779	1	1	-1.918
2733	tell	255280	3.795	1	1	-1.924
2734	Laws	264682	3.934	1	1	-1.976
2735	went	264770	3.936	1	1	-1.977
2736	himself	1068396	15.881	4	4	-1.989
2737	Place	808630	12.02	3	3	-2.002
2738	over	545201	8.104	2	2	-2.019
2739	hear	273421	4.064	1	1	-2.023
2740	&	2737777	40.695	10	10	-2.025
2741	Soul	555660	8.26	2	2	-2.046
2742	3	571164	8.49	2	2	-2.086
2743	Lord	1459090	21.688	5	5	-2.117
2744	Nature	607747	9.034	2	2	-2.175
2745	Doctrine	304623	4.528	1	1	-2.179
2746	therefore	1231317	18.303	4	4	-2.194
2747	us	2216337	32.944	7	7	-2.235
2748	least	319491	4.749	1	1	-2.248
2749	doth	963309	14.319	3	3	-2.255
2750	Scripture	324647	4.826	1	1	-2.271
2751	order	331304	4.925	1	1	-2.3
2752	best	335557	4.988	1	1	-2.318
2753	God	4174430	62.05	12	12	-2.37
2754	year	352165	5.235	1	1	-2.388
2755	within	355110	5.278	1	1	-2.4
2756	body	712249	10.587	2	2	-2.404
2757	Answer	362673	5.391	1	1	-2.431
2758	speak	374513	5.567	1	1	-2.477
2759	themselves	761621	11.321	2	2	-2.501
2760	est	394171	5.859	1	1	-2.551
2761	Jesus	399809	5.943	1	1	-2.571
2762	mind	407887	6.063	1	1	-2.6
2763	innon-Latinalphabet	427513	6.355	1	1	-2.668
2764	Matter	427808	6.359	1	1	-2.669
2765	far	439291	6.53	1	1	-2.707
2766	Earth	451529	6.712	1	1	-2.747
2767	things	1357990	20.186	3	3	-2.75
2768	manner	467036	6.942	1	1	-2.795
2769	Truth	521766	7.756	1	1	-2.955
2770	Either	552589	8.214	1	1	-3.038
2771	use	603174	8.966	1	1	-3.164
2772	Christ	1858951	27.632	3	3	-3.203
2773	our	3333885	49.556	5	5	-3.309
2774	Law	712338	10.588	1	1	-3.404
2775	Pos-tern	1	0	1	1	n/a
2776	th'Petticoat	1	0	1	1	n/a
2777	Ratcliff-Hill	1	0	1	1	n/a
2778	undeaun	3	0	1	1	n/a
2779	Briddleworths	1	0	2	1	n/a
2780	Hunting-Nagg	1	0	1	1	n/a
2781	Charldon	2	0	1	1	n/a
2782	Alpais	2	0	1	1	n/a
2783	late'th	1	0	1	1	n/a
2784	leuolev	2	0	1	1	n/a
2785	Stistead	3	0	2	2	n/a
2786	zildom	1	0	1	1	n/a
2787	Mussck	1	0	1	1	n/a
2788	Attainments.	3	0	1	1	n/a
2789	rlotta	1	0	2	1	n/a
2790	P.4o	1	0	1	1	n/a
2791	Horeles	2	0	1	1	n/a
2792	Salgador	1	0	1	1	n/a
2793	Gatchil	1	0	1	1	n/a
2794	Corimbian	1	0	1	1	n/a
2795	Gumgal	1	0	2	1	n/a
2796	Wridlesworths	1	0	1	1	n/a
2797	teethor	1	0	1	1	n/a
2798	Green-GooseFair	1	0	1	1	n/a
2799	o'th'Scarlet	1	0	1	1	n/a
2800	outyou	2	0	1	1	n/a
2801	bestrid	1	0	1	1	n/a
2802	Briddlesworth	1	0	1	1	n/a
2803	Polhore	1	0	2	1	n/a
2804	mawky	1	0	1	1	n/a
2805	verriest	3	0	1	1	n/a
2806	Lolpoops	2	0	1	1	n/a
2807	Bridleworth.	1	0	1	1	n/a
2808	stipry	1	0	1	1	n/a
2809	by'er	1	0	1	1	n/a
2810	Tantums	1	0	1	1	n/a
2811	Church-parasite	3	0	2	2	n/a
2812	Gadalus	1	0	1	1	n/a
2813	Godsookes	2	0	1	1	n/a
2814	old-rotten	1	0	1	1	n/a
2815	eterniie	1	0	1	1	n/a
2816	Caper-man	1	0	1	1	n/a
2817	rletta	1	0	1	1	n/a
2818	Genital-parts	1	0	1	1	n/a
2819	gitten'th	1	0	1	1	n/a
2820	Diueticks	2	0	1	1	n/a
2821	Splaysoot	1	0	1	1	n/a
2822	Macfarlnd	1	0	1	1	n/a
2823	Actoeon	2	0	1	1	n/a
2824	forgitten	2	0	1	1	n/a
2825	Ramumque	1	0	1	1	n/a
2826	vigrou	1	0	1	1	n/a
2827	'Prepar	1	0	1	1	n/a
2828	Hoger	3	0	1	1	n/a
2829	lightHave	1	0	1	1	n/a
2830	Wridlesworth	2	0	1	1	n/a
2831	Collytus	3	0	1	1	n/a
2832	raecarry	1	0	1	1	n/a
2833	Reval.	2	0	1	1	n/a
2834	Bagascia	2	0	1	1	n/a
2835	o'th'Floor	1	0	1	1	n/a
2836	vinti-tre	2	0	1	1	n/a
2837	harra'st	2	0	1	1	n/a
2838	lnclination	1	0	1	1	n/a
2839	Sancyer	1	0	1	1	n/a
2840	Ratcliffe-Hill	2	0	2	2	n/a
2841	Grabb	3	0	1	1	n/a
2842	Bawdor	1	0	1	1	n/a
2843	Fatther'l	1	0	1	1	n/a
2844	murmuryou	1	0	1	1	n/a
2845	Pick-pockit	1	0	1	1	n/a
2846	Arlotha	3	0	1	1	n/a
2847	elseO	2	0	1	1	n/a
2848	wheested	1	0	1	1	n/a
2849	'Big	1	0	1	1	n/a
2850	Whimscy	1	0	1	1	n/a
2851	Bully-Gamster	1	0	1	1	n/a
2852	Termagent	1	0	1	1	n/a
2853	Jarni	3	0	1	1	n/a
2854	Meretrie	1	0	1	1	n/a
2855	Amloic	1	0	1	1	n/a
2856	nescio-quo	1	0	1	1	n/a
2857	standsguilty	1	0	1	1	n/a
2858	pockyest	1	0	1	1	n/a
2859	Tholede	1	0	1	1	n/a
2860	seeThere	2	0	1	1	n/a
2861	Guppey	3	0	3	3	n/a
2862	Signagogue	2	0	1	1	n/a
2863	Harpers-town	1	0	1	1	n/a
2864	Eblliio	1	0	1	1	n/a
2865	Heiressbut	2	0	1	1	n/a
