https://cqpweb.lancs.ac.uk/eebov3/concordance.php?pp=1&theData=%7Bwhore%2FN%7D&qmode=sq_nocase&del=begin%26t%3D-%7Cyear%7E1686%26t%3D-%7Cyear%7E1687%26t%3D-%7Cyear%7E1688%26t%3D-%7Cyear%7E1689%26t%3D-%7Cyear%7E1690%26t%3D-%7Cyear%7E1691%26t%3D-%7Cyear%7E1692%26t%3D-%7Cyear%7E1693%26t%3D-%7Cyear%7E1694%26t%3D-%7Cyear%7E1695&del=end&uT=yThere are 2,569 different words in your collocation database for "[lemma="(whore)_SUBST"%c]". (Your query "{whore/N}", restricted to texts meeting criteria "<em>year</em>: <em>1686</em> or <em>1687</em> or <em>1688</em> or <em>1689</em> or <em>1690</em> or <em>1691</em> or <em>1692</em> or <em>1693</em> or <em>1694</em> or <em>1695</em>",  returned 1,560 matches in 509 different texts)  
__________________

No.	Word	Total no. in whole corpus	Expected collocate frequency	Observed collocate frequency	In no. of texts	Mutual information value

1	good-father	9	0	2	2	14.288
2	Ci'el	4	0	1	1	13.288
3	Anchristian	8	0	1	1	13.288
4	everin	4	0	1	1	13.288
5	Daggle-tayl	4	0	1	1	13.288
6	Ballinrobe	4	0	1	1	13.288
7	Mcfarland	4	0	1	1	13.288
8	Hedge-Wine	4	0	1	1	13.288
9	Iiltall	5	0	1	1	13.288
10	gawdy	8	0	1	1	13.288
11	Ohwhat	6	0	1	1	13.288
12	Coccam	5	0	1	1	13.288
13	Zowns	6	0	1	1	13.288
14	Pledgers	6	0	1	1	13.288
15	Taghmon	4	0	1	1	13.288
16	Curver	4	0	1	1	13.288
17	hooli	5	0	1	1	13.288
18	Arlotta	9	0	1	1	13.288
19	guttle	8	0	1	1	13.288
20	Hedge-Tavern	4	0	1	1	13.288
21	Pockified	11	0	1	1	13.288
22	VVheedling	5	0	1	1	13.288
23	thurch	9	0	1	1	13.288
24	meritoious	7	0	1	1	13.288
25	Water-wag-tail	5	0	1	1	13.288
26	Mevia	8	0	1	1	13.288
27	Tyhee	8	0	1	1	13.288
28	pholders	11	0	1	1	13.288
29	Poltrones	6	0	1	1	13.288
30	Postillian	10	0	1	1	13.288
31	largent	11	0	1	1	13.288
32	Scariet	7	0	1	1	13.288
33	prononnce	9	0	1	1	13.288
34	Verticillatae	6	0	1	1	13.288
35	great-est	8	0	1	1	13.288
36	Haug	13	0	2	1	13.288
37	Iohnny	11	0	1	1	13.288
38	Noseless	11	0	1	1	13.288
39	Ogl	7	0	1	1	13.288
40	Esquires.	21	0	2	1	12.703
41	Marpud	21	0	2	1	12.703
42	Chiffinch	24	0	2	2	12.703
43	'Ah	19	0	1	1	12.288
44	soak't	16	0	1	1	12.288
45	Courti	13	0	1	1	12.288
46	Ham-like	12	0	1	1	12.288
47	kidnap	18	0	1	1	12.288
48	Deteriorated	16	0	1	1	12.288
49	bylon	17	0	1	1	12.288
50	thisI	17	0	1	1	12.288
51	Temporizings	13	0	1	1	12.288
52	Laurentina	15	0	1	1	12.288
53	genteelness	16	0	1	1	12.288
54	thumped	34	0	2	2	12.288
55	Babyln	16	0	1	1	12.288
56	Agosto	20	0	1	1	11.703
57	Slattern	25	0	1	1	11.703
58	Coxcombly	25	0	1	1	11.703
59	Marosia	26	0	1	1	11.703
60	Lolpoop	21	0	1	1	11.703
61	strapping	45	0.001	2	2	11.703
62	starv	25	0	1	1	11.703
63	Pok	25	0	1	1	11.703
64	Cuckoldly	51	0.001	2	2	11.48
65	Trosse	28	0	1	1	11.288
66	heretoore	29	0	1	1	11.288
67	crueltys	32	0	1	1	11.288
68	mezza	34	0	1	1	11.288
69	Bowling-greens	32	0	1	1	11.288
70	Jdgment	31	0	1	1	11.288
71	Granny	29	0	1	1	11.288
72	be'nt	64	0.001	2	1	11.288
73	Putteinio	28	0	1	1	11.288
74	Vnkept	27	0	1	1	11.288
75	Hackum	34	0	1	1	11.288
76	over-ridden	41	0.001	1	1	10.966
77	Acro	35	0.001	1	1	10.966
78	poxt	38	0.001	1	1	10.966
79	dogbolt	39	0.001	1	1	10.966
80	Ch'al	39	0.001	1	1	10.966
81	Cloaths	35	0.001	1	1	10.966
82	sitteth	39	0.001	1	1	10.966
83	DURSLEY	40	0.001	1	1	10.966
84	flyting	39	0.001	1	1	10.966
85	quoif	38	0.001	1	1	10.966
86	Aeli	49	0.001	1	1	10.703
87	gteat	46	0.001	1	1	10.703
88	squanders	50	0.001	1	1	10.703
89	Gold-lace	47	0.001	1	1	10.703
90	Kirkton	45	0.001	1	1	10.703
91	pivate	48	0.001	1	1	10.703
92	Bandore	46	0.001	1	1	10.703
93	maquerelle	47	0.001	1	1	10.703
94	roba	99	0.001	2	1	10.587
95	Dungarvan	103	0.001	2	1	10.587
96	onIs	52	0.001	1	1	10.48
97	CHARDON	55	0.001	1	1	10.48
98	Decker	105	0.001	2	2	10.48
99	harkee	52	0.001	1	1	10.48
100	chiely	60	0.001	1	1	10.288
101	of'	59	0.001	1	1	10.288
102	a-far	61	0.001	1	1	10.288
103	Slah	65	0.001	1	1	10.288
104	intrenches	65	0.001	1	1	10.288
105	Pandors	62	0.001	1	1	10.288
106	Jilt	317	0.004	5	4	10.252
107	Hoopers	71	0.001	1	1	10.118
108	jilting	142	0.002	2	2	10.118
109	Lowzy	72	0.001	1	1	10.118
110	arrow-head	67	0.001	1	1	10.118
111	Englis	76	0.001	1	1	9.966
112	first-fruit	78	0.001	1	1	9.966
113	revelled	154	0.002	2	1	9.966
114	Luscindo	77	0.001	1	1	9.966
115	Reserv'dness	81	0.001	1	1	9.828
116	Naps	84	0.001	1	1	9.828
117	CCXXX	81	0.001	1	1	9.828
118	poc	85	0.001	1	1	9.828
119	incirca	86	0.001	1	1	9.828
120	Decrets	82	0.001	1	1	9.828
121	Mannish	82	0.001	1	1	9.828
122	opprobious	83	0.001	1	1	9.828
123	Postilion	179	0.002	2	2	9.764
124	23.18	179	0.002	2	1	9.764
125	Stephana	96	0.001	1	1	9.703
126	Hobbies	95	0.001	1	1	9.703
127	23.18.	91	0.001	1	1	9.703
128	Horseleeches	95	0.001	1	1	9.703
129	sarce	97	0.001	1	1	9.587
130	Sligoe	104	0.001	1	1	9.587
131	Linsey-Woolsey	98	0.001	1	1	9.587
132	muckle	97	0.001	1	1	9.587
133	Stivers	307	0.004	3	3	9.551
134	Minx	106	0.001	1	1	9.48
135	Dips	214	0.003	2	2	9.48
136	Merr	224	0.003	2	1	9.43
137	Marozia	115	0.002	1	1	9.381
138	preceeds	113	0.002	1	1	9.381
139	Punck	117	0.002	1	1	9.381
140	thoughtless	242	0.003	2	2	9.334
141	Cully	363	0.005	3	3	9.318
142	embarks	123	0.002	1	1	9.288
143	Scarlet-coloured	125	0.002	1	1	9.288
144	Pock	122	0.002	1	1	9.288
145	Meand	125	0.002	1	1	9.288
146	23.27	248	0.003	2	2	9.288
147	CHORVS	250	0.003	2	1	9.288
148	britch	126	0.002	1	1	9.288
149	Mavis	256	0.003	2	1	9.243
150	snips	130	0.002	1	1	9.2
151	Anllad	134	0.002	1	1	9.2
152	Bans	132	0.002	1	1	9.2
153	fing	131	0.002	1	1	9.2
154	Babilons	136	0.002	1	1	9.118
155	craftiest	137	0.002	1	1	9.118
156	well-favoured	135	0.002	1	1	9.118
157	Pimp	1027	0.013	7	7	9.04
158	Nauseated	148	0.002	1	1	9.04
159	Maiden-heads	147	0.002	1	1	9.04
160	Wiat	453	0.006	3	3	8.99
161	carlet	152	0.002	1	1	8.966
162	tawdry	156	0.002	1	1	8.966
163	Astride	154	0.002	1	1	8.966
164	stingy	154	0.002	1	1	8.966
165	bitch	1244	0.016	8	8	8.957
166	Iilt	163	0.002	1	1	8.895
167	o'rethrow	163	0.002	1	1	8.895
168	mush	165	0.002	1	1	8.895
169	Bullies	330	0.004	2	1	8.861
170	thoul't	168	0.002	1	1	8.828
171	Bonners	171	0.002	1	1	8.828
172	Bently	169	0.002	1	1	8.828
173	Close-stool	170	0.002	1	1	8.828
174	mensem	882	0.011	5	1	8.777
175	Foot-man	355	0.005	2	2	8.764
176	Chuck	180	0.002	1	1	8.764
177	rankly	176	0.002	1	1	8.764
178	Cornus	185	0.002	1	1	8.703
179	Block-head	183	0.002	1	1	8.703
180	Hot-House	183	0.002	1	1	8.703
181	Ubiquitary	191	0.003	1	1	8.644
182	Ral	192	0.003	1	1	8.644
183	Elisian	196	0.003	1	1	8.644
184	Debauchees	193	0.003	1	1	8.644
185	Exhausts	203	0.003	1	1	8.587
186	Nokes	200	0.003	1	1	8.587
187	tease	202	0.003	1	1	8.587
188	submittere	209	0.003	1	1	8.533
189	Equip	209	0.003	1	1	8.533
190	deat	213	0.003	1	1	8.48
191	Whiff	216	0.003	1	1	8.48
192	Ten-Horned	225	0.003	1	1	8.43
193	Slash	446	0.006	2	2	8.43
194	17.1.	463	0.006	2	2	8.381
195	hectoring	235	0.003	1	1	8.381
196	arrand	229	0.003	1	1	8.381
197	Jesuitism	238	0.003	1	1	8.334
198	preferrs	236	0.003	1	1	8.334
199	carted	237	0.003	1	1	8.334
200	auger	242	0.003	1	1	8.334
201	Buffoon	491	0.006	2	2	8.288
202	whole-sale	255	0.003	1	1	8.243
203	Apocalipse	257	0.003	1	1	8.243
204	Scarlet	9179	0.119	36	33	8.24
205	Puritanical	259	0.003	1	1	8.2
206	Overset	261	0.003	1	1	8.2
207	Sculler	261	0.003	1	1	8.2
208	Warbeck	271	0.004	1	1	8.158
209	infamously	271	0.004	1	1	8.158
210	carrys	280	0.004	1	1	8.118
211	Blockhead	562	0.007	2	2	8.098
212	m'a	566	0.007	2	2	8.098
213	sweaty	286	0.004	1	1	8.078
214	Covent-Garden	854	0.011	3	2	8.078
215	Babylon	38888	0.505	133	81	8.042
216	Asserter	292	0.004	1	1	8.04
217	Pocky	594	0.008	2	2	8.021
218	juicy	304	0.004	1	1	8.002
219	19.2.	299	0.004	1	1	8.002
220	Turd	301	0.004	1	1	8.002
221	4o	4844	0.063	16	3	7.991
222	Aph	310	0.004	1	1	7.966
223	Slashed	312	0.004	1	1	7.966
224	Daughter-in-law	310	0.004	1	1	7.966
225	Bitches	307	0.004	1	1	7.966
226	weds	312	0.004	1	1	7.966
227	Whore	20634	0.268	66	17	7.946
228	Babels	948	0.012	3	2	7.93
229	Eugen	313	0.004	1	1	7.93
230	Belf	317	0.004	1	1	7.93
231	Blockheads	313	0.004	1	1	7.93
232	Bawd	2878	0.037	9	8	7.915
233	masking	642	0.008	2	2	7.913
234	VVhore	326	0.004	1	1	7.895
235	Fops	658	0.009	2	2	7.878
236	Hipocrite	334	0.004	1	1	7.861
237	Comer	333	0.004	1	1	7.861
238	filthily	677	0.009	2	2	7.828
239	Clot	679	0.009	2	1	7.828
240	twit	342	0.004	1	1	7.828
241	17.15.	340	0.004	1	1	7.828
242	Amazonian	336	0.004	1	1	7.828
243	Tournon	344	0.005	1	1	7.796
244	Brats	1042	0.014	3	3	7.796
245	Calenture	350	0.005	1	1	7.796
246	Jade	2169	0.028	6	5	7.738
247	adverso	368	0.005	1	1	7.703
248	wert	1143	0.015	3	3	7.663
249	Cuckold	2667	0.035	7	6	7.66
250	surper	382	0.005	1	1	7.644
251	Gis	801	0.01	2	1	7.587
252	Transubstantiate	400	0.005	1	1	7.587
253	Pander	805	0.01	2	2	7.587
254	Strutting	397	0.005	1	1	7.587
255	Penny-Royal	398	0.005	1	1	7.587
256	Volumina	406	0.005	1	1	7.56
257	353.	406	0.005	1	1	7.56
258	Madrigal	414	0.005	1	1	7.533
259	Phill	424	0.006	1	1	7.506
260	Prostituted	1269	0.017	3	3	7.506
261	Honoria	427	0.006	1	1	7.506
262	Whimsy	421	0.006	1	1	7.506
263	Bravo	430	0.006	1	1	7.48
264	flouted	441	0.006	1	1	7.455
265	trappings	887	0.012	2	2	7.442
266	Smock	1342	0.017	3	3	7.43
267	rampant	2244	0.029	5	5	7.425
268	Lawns	454	0.006	1	1	7.405
269	Theodora	1369	0.018	3	3	7.397
270	17.16	459	0.006	1	1	7.381
271	Fortunatus	921	0.012	2	2	7.381
272	Thais	936	0.012	2	2	7.369
273	Strumpet	3285	0.043	7	6	7.36
274	Meretrix	474	0.006	1	1	7.334
275	supplanting	504	0.007	1	1	7.265
276	anguis	503	0.007	1	1	7.265
277	Petticoat	1011	0.013	2	2	7.254
278	Webster	506	0.007	1	1	7.243
279	Lackey	1019	0.013	2	2	7.243
280	17.3.	508	0.007	1	1	7.243
281	Addle	519	0.007	1	1	7.222
282	Scribler	525	0.007	1	1	7.2
283	Squeeze	1592	0.021	3	1	7.179
284	Dillon	533	0.007	1	1	7.179
285	intoxicate	532	0.007	1	1	7.179
286	Brat	1070	0.014	2	2	7.169
287	509	542	0.007	1	1	7.158
288	17.7.	551	0.007	1	1	7.138
289	Weeded	547	0.007	1	1	7.138
290	Backbite	554	0.007	1	1	7.118
291	sisteth	553	0.007	1	1	7.118
292	Popedom	1121	0.015	2	2	7.108
293	H'	560	0.007	1	1	7.098
294	Armstrong	563	0.007	1	1	7.098
295	Ungentle	574	0.007	1	1	7.078
296	Cobweb	570	0.007	1	1	7.078
297	Rogue	6990	0.091	12	11	7.048
298	Davis	1753	0.023	3	3	7.046
299	adulterated	1175	0.015	2	2	7.04
300	nelle	584	0.008	1	1	7.04
301	unfolded	2356	0.031	4	1	7.03
302	undertaketh	595	0.008	1	1	7.021
303	arrogated	603	0.008	1	1	7.002
304	528	598	0.008	1	1	7.002
305	thou'st	605	0.008	1	1	6.984
306	Brothel	610	0.008	1	1	6.984
307	Stallion	613	0.008	1	1	6.966
308	Artful	613	0.008	1	1	6.966
309	stumbles	1242	0.016	2	2	6.957
310	478	633	0.008	1	1	6.93
311	1679.	638	0.008	1	1	6.913
312	Bur	2579	0.034	4	1	6.9
313	Elves	644	0.008	1	1	6.895
314	ridden	1300	0.017	2	1	6.887
315	fluttering	655	0.009	1	1	6.878
316	fore-head	2008	0.026	3	3	6.845
317	Humorous	1352	0.018	2	2	6.837
318	Esquires	3379	0.044	5	1	6.835
319	Temporizing	683	0.009	1	1	6.812
320	Huff	687	0.009	1	1	6.812
321	17th.	686	0.009	1	1	6.812
322	Clout	1378	0.018	2	2	6.804
323	Bracelet	697	0.009	1	1	6.796
324	Babel	9790	0.127	14	11	6.784
325	Strephon	699	0.009	1	1	6.78
326	Platonic	2111	0.027	3	3	6.775
327	defies	716	0.009	1	1	6.749
328	wid	1439	0.019	2	1	6.741
329	perpetrate	728	0.009	1	1	6.733
330	Fop	1448	0.019	2	2	6.733
331	swagger	729	0.01	1	1	6.718
332	piled	730	0.01	1	1	6.718
333	stigmatised	741	0.01	1	1	6.703
334	Phanatick	743	0.01	1	1	6.703
335	shrieks	750	0.01	1	1	6.688
336	8.3.	751	0.01	1	1	6.688
337	stiling	751	0.01	1	1	6.688
338	muffled	749	0.01	1	1	6.688
339	Baby	761	0.01	1	1	6.658
340	hiring	760	0.01	1	1	6.658
341	Hob	1524	0.02	2	1	6.658
342	Baud	767	0.01	1	1	6.644
343	grand-mother	768	0.01	1	1	6.644
344	vl	775	0.01	1	1	6.63
345	Cashier	785	0.01	1	1	6.615
346	Papistry	790	0.01	1	1	6.601
347	reeking	803	0.01	1	1	6.587
348	Trot	2441	0.032	3	3	6.564
349	redouble	819	0.011	1	1	6.56
350	inclusive	821	0.011	1	1	6.546
351	tacitly	1646	0.021	2	2	6.546
352	Jezebel	835	0.011	1	1	6.533
353	unthinking	851	0.011	1	1	6.506
354	Drunken	11882	0.154	14	11	6.504
355	affrights	860	0.011	1	1	6.48
356	peeping	860	0.011	1	1	6.48
357	Sweet-heart	864	0.011	1	1	6.48
358	fightings	864	0.011	1	1	6.48
359	Heiress	868	0.011	1	1	6.468
360	Spungy	874	0.011	1	1	6.468
361	Self-will	876	0.011	1	1	6.455
362	Mob	884	0.012	1	1	6.442
363	Modish	892	0.012	1	1	6.43
364	railed	2685	0.035	3	3	6.43
365	Witchcrafts	901	0.012	1	1	6.417
366	teeming	907	0.012	1	1	6.405
367	448	907	0.012	1	1	6.405
368	Debauch	1818	0.024	2	2	6.405
369	Banes	907	0.012	1	1	6.405
370	Perkin	917	0.012	1	1	6.393
371	sits	23190	0.301	25	13	6.377
372	Impotence	933	0.012	1	1	6.369
373	7.22	939	0.012	1	1	6.357
374	Iewry	945	0.012	1	1	6.345
375	Bris	967	0.013	1	1	6.322
376	Babylonish	2911	0.038	3	3	6.31
377	Whoredoms	1981	0.026	2	2	6.282
378	16.2	997	0.013	1	1	6.276
379	desolate	12933	0.168	13	11	6.276
380	bonny	1002	0.013	1	1	6.265
381	Enfeebled	1012	0.013	1	1	6.254
382	Huguenot	2030	0.026	2	2	6.249
383	errant	2050	0.027	2	2	6.232
384	Tilt	1029	0.013	1	1	6.222
385	Fopperies	1036	0.013	1	1	6.222
386	winking	1029	0.013	1	1	6.222
387	Cs	1042	0.014	1	1	6.211
388	17.1	1045	0.014	1	1	6.2
389	Lithuania	1054	0.014	1	1	6.19
390	Wiping	1060	0.014	1	1	6.179
391	Bearded	1068	0.014	1	1	6.169
392	whining	1088	0.014	1	1	6.148
393	Fiddlers	1087	0.014	1	1	6.148
394	handed	2178	0.028	2	2	6.143
395	369	1094	0.014	1	1	6.138
396	wile	1099	0.014	1	1	6.128
397	13.8	1102	0.014	1	1	6.128
398	Serj	1109	0.014	1	1	6.118
399	abominate	1113	0.014	1	1	6.118
400	Jezabel	1114	0.015	1	1	6.108
401	Antiquated	1123	0.015	1	1	6.098
402	Epi	1122	0.015	1	1	6.098
403	nasty	2252	0.029	2	2	6.098
404	Costly	11277	0.146	10	6	6.095
405	Play-House	1131	0.015	1	1	6.088
406	Fornicator	1143	0.015	1	1	6.078
407	mingles	1147	0.015	1	1	6.069
408	Rags	5772	0.075	5	4	6.061
409	pinned	1158	0.015	1	1	6.059
410	Mercenary	4683	0.061	4	4	6.04
411	gild	1181	0.015	1	1	6.03
412	Procurer	1187	0.015	1	1	6.021
413	Purchaser	1196	0.016	1	1	6.012
414	Wizard	2415	0.031	2	2	5.998
415	Fences	1210	0.016	1	1	5.993
416	Leech	1220	0.016	1	1	5.984
417	demure	1217	0.016	1	1	5.984
418	Carl	1219	0.016	1	1	5.984
419	free-born	1219	0.016	1	1	5.984
420	French-men	1219	0.016	1	1	5.984
421	Amour	1234	0.016	1	1	5.966
422	bragged	1243	0.016	1	1	5.957
423	Hound	2485	0.032	2	2	5.957
424	Wie	1252	0.016	1	1	5.948
425	Rogues	5001	0.065	4	4	5.946
426	Prostitute	2508	0.033	2	2	5.943
427	Revenges	1256	0.016	1	1	5.939
428	Anti-christ	1261	0.016	1	1	5.93
429	enticements	1271	0.017	1	1	5.921
430	Probatum	1273	0.017	1	1	5.921
431	1635	1268	0.017	1	1	5.921
432	LVI	1284	0.017	1	1	5.904
433	Fornication	14235	0.185	11	8	5.896
434	Ducat	1296	0.017	1	1	5.895
435	1643.	1306	0.017	1	1	5.887
436	Apocalypse	3947	0.051	3	2	5.873
437	plaid	4003	0.052	3	3	5.853
438	Masks	1343	0.017	1	1	5.845
439	expensive	1342	0.017	1	1	5.845
440	Lais	1345	0.018	1	1	5.837
441	fetching	2721	0.035	2	2	5.824
442	Noon-day	1376	0.018	1	1	5.804
443	repeateth	1379	0.018	1	1	5.804
444	Livy	2769	0.036	2	1	5.8
445	Cannibals	1387	0.018	1	1	5.796
446	buckle	1390	0.018	1	1	5.796
447	ugly	8331	0.108	6	5	5.795
448	Jun.	1413	0.018	1	1	5.772
449	Broker	1425	0.019	1	1	5.756
450	conducts	1431	0.019	1	1	5.749
451	spurious	2907	0.038	2	2	5.729
452	Comical	1457	0.019	1	1	5.725
453	Sorceries	1462	0.019	1	1	5.718
454	8th.	1481	0.019	1	1	5.703
455	Rendezvous	2979	0.039	2	2	5.692
456	430	1497	0.019	1	1	5.688
457	ditch	10469	0.136	7	6	5.688
458	Amours	1506	0.02	1	1	5.68
459	Damme	1514	0.02	1	1	5.673
460	Mystery	54678	0.71	36	16	5.665
461	Gamesters	1523	0.02	1	1	5.658
462	Genealogies	1536	0.02	1	1	5.651
463	peccat	1537	0.02	1	1	5.651
464	Epigrams	1534	0.02	1	1	5.651
465	unconscionable	1543	0.02	1	1	5.644
466	dice	6226	0.081	4	4	5.63
467	Dock	1558	0.02	1	1	5.63
468	Y.	4725	0.061	3	2	5.613
469	separately	1585	0.021	1	1	5.601
470	signally	1588	0.021	1	1	5.601
471	Bolus	1599	0.021	1	1	5.594
472	arrant	1596	0.021	1	1	5.594
473	hate	65701	0.853	41	19	5.588
474	Caiphas	1619	0.021	1	1	5.573
475	Idolatries	3266	0.042	2	2	5.56
476	Posting	1640	0.021	1	1	5.553
477	hale	3294	0.043	2	1	5.55
478	strip	3365	0.044	2	1	5.516
479	Epicure	1691	0.022	1	1	5.513
480	divorced	3378	0.044	2	2	5.513
481	soak	1689	0.022	1	1	5.513
482	courting	1698	0.022	1	1	5.506
483	Deborah	1704	0.022	1	1	5.5
484	Grandmother	1722	0.022	1	1	5.487
485	startle	1717	0.022	1	1	5.487
486	Fornications	1721	0.022	1	1	5.487
487	entail	1729	0.022	1	1	5.48
488	Proverbs	6913	0.09	4	3	5.479
489	Cornelia	1733	0.023	1	1	5.474
490	Raked	1740	0.023	1	1	5.468
491	7.14	1746	0.023	1	1	5.461
492	Hag	1766	0.023	1	1	5.449
493	Arg	1766	0.023	1	1	5.449
494	Dad	1763	0.023	1	1	5.449
495	roving	1769	0.023	1	1	5.442
496	learns	1782	0.023	1	1	5.436
497	Charta	5347	0.069	3	3	5.434
498	Ford	3571	0.046	2	2	5.433
499	Bottle	7144	0.093	4	4	5.431
500	Kite	1785	0.023	1	1	5.43
501	demur	1786	0.023	1	1	5.43
502	Roger	12679	0.165	7	4	5.411
503	hunts	1820	0.024	1	1	5.405
504	fawn	1837	0.024	1	1	5.393
505	Hallelujah	1833	0.024	1	1	5.393
506	pompous	3677	0.048	2	1	5.39
507	Bawds	1844	0.024	1	1	5.387
508	Godwin	1843	0.024	1	1	5.387
509	Triple	5531	0.072	3	3	5.385
510	starving	1848	0.024	1	1	5.381
511	Carcass	5550	0.072	3	3	5.381
512	fid	1873	0.024	1	1	5.363
513	Aelian	1872	0.024	1	1	5.363
514	Gull	1888	0.025	1	1	5.351
515	holt	1896	0.025	1	1	5.345
516	brands	1898	0.025	1	1	5.345
517	Beast	81566	1.058	43	22	5.344
518	cheated	3803	0.049	2	2	5.342
519	abortive	1907	0.025	1	1	5.339
520	Parasites	1901	0.025	1	1	5.339
521	Adulteress	1919	0.025	1	1	5.328
522	boot	3835	0.05	2	2	5.328
523	patched	1934	0.025	1	1	5.316
524	Spawn	1933	0.025	1	1	5.316
525	Taylors	1938	0.025	1	1	5.316
526	Spinola	1945	0.025	1	1	5.31
527	Millain	1943	0.025	1	1	5.31
528	Rev.	51328	0.666	26	14	5.287
529	Sweats	1977	0.026	1	1	5.282
530	Susanna	1981	0.026	1	1	5.282
531	perusing	1978	0.026	1	1	5.282
532	sono	1988	0.026	1	1	5.276
533	're	16048	0.208	8	6	5.264
534	impudent	12093	0.157	6	6	5.257
535	styled	6081	0.079	3	3	5.249
536	Bracelets	2031	0.026	1	1	5.243
537	Stew	2041	0.027	1	1	5.238
538	dirty	4102	0.053	2	2	5.232
539	stint	2060	0.027	1	1	5.227
540	famed	4124	0.054	2	2	5.224
541	Faggot	2069	0.027	1	1	5.222
542	Gender	4127	0.054	2	1	5.222
543	Bastard	12394	0.161	6	6	5.222
544	Raillery	2085	0.027	1	1	5.206
545	17th	2116	0.028	1	1	5.184
546	Abominations	10678	0.139	5	5	5.173
547	bewitched	6431	0.083	3	1	5.169
548	fawning	2152	0.028	1	1	5.164
549	Hah	2157	0.028	1	1	5.158
550	Females	4334	0.056	2	2	5.153
551	Sci	2175	0.028	1	1	5.148
552	slit	2183	0.028	1	1	5.143
553	Sirrah	4365	0.057	2	2	5.143
554	thirsting	2194	0.029	1	1	5.133
555	hire	8785	0.114	4	3	5.133
556	Shepherdess	2215	0.029	1	1	5.123
557	Boston	2219	0.029	1	1	5.118
558	Prov	2234	0.029	1	1	5.108
559	Epig.	2233	0.029	1	1	5.108
560	listening	2243	0.029	1	1	5.103
561	Horse-back	2255	0.029	1	1	5.093
562	236	2264	0.029	1	1	5.088
563	Iuno	4530	0.059	2	2	5.088
564	226	2266	0.029	1	1	5.088
565	recommends	2262	0.029	1	1	5.088
566	played	11334	0.147	5	4	5.087
567	Generate	2276	0.03	1	1	5.083
568	Ladder	6829	0.089	3	3	5.082
569	Spark	9150	0.119	4	3	5.075
570	harlot	9167	0.119	4	3	5.071
571	Innovations	4611	0.06	2	1	5.064
572	Baptists	2301	0.03	1	1	5.064
573	Coach	9292	0.121	4	4	5.052
574	Ital	2329	0.03	1	1	5.049
575	Swearer	2324	0.03	1	1	5.049
576	ascribes	2336	0.03	1	1	5.045
577	Lane	7088	0.092	3	3	5.027
578	Unfaithfulness	2369	0.031	1	1	5.026
579	dote	4744	0.062	2	1	5.021
580	1678	2378	0.031	1	1	5.016
581	Hymns	7142	0.093	3	3	5.016
582	debauched	4771	0.062	2	2	5.014
583	222	2412	0.031	1	1	4.998
584	pockets	2410	0.031	1	1	4.998
585	whale	4866	0.063	2	2	4.986
586	forehead	12159	0.158	5	4	4.986
587	wipe	7298	0.095	3	3	4.985
588	7th	4877	0.063	2	1	4.982
589	Critic	2468	0.032	1	1	4.966
590	Dido	2463	0.032	1	1	4.966
591	Resent	2493	0.032	1	1	4.952
592	Belg	2500	0.032	1	1	4.948
593	208	2514	0.033	1	1	4.939
594	3d.	2520	0.033	1	1	4.935
595	trimmed	2517	0.033	1	1	4.935
596	Courtship	2530	0.033	1	1	4.93
597	Clar	2539	0.033	1	1	4.926
598	Switzer	2536	0.033	1	1	4.926
599	209	2545	0.033	1	1	4.921
600	`	2544	0.033	1	1	4.921
601	playing	10275	0.133	4	3	4.907
602	Dishonesty	2571	0.033	1	1	4.904
603	Alice	2589	0.034	1	1	4.895
604	89	7913	0.103	3	1	4.868
605	Harlots	5276	0.069	2	2	4.868
606	cheat	10600	0.138	4	4	4.862
607	dee	2650	0.034	1	1	4.861
608	plaints	2663	0.035	1	1	4.853
609	stagger	2689	0.035	1	1	4.841
610	ply	2720	0.035	1	1	4.824
611	Pont	2730	0.035	1	1	4.82
612	Pop	2725	0.035	1	1	4.82
613	herba	2731	0.035	1	1	4.82
614	Harry	2761	0.036	1	1	4.804
615	rag	2762	0.036	1	1	4.804
616	beats	5554	0.072	2	1	4.794
617	Rake	2789	0.036	1	1	4.788
618	Draughts	2837	0.037	1	1	4.764
619	inscribed	2843	0.037	1	1	4.76
620	hug	2849	0.037	1	1	4.756
621	Damned	34243	0.444	12	11	4.755
622	insinuations	2867	0.037	1	1	4.749
623	Pear	2893	0.038	1	1	4.737
624	Blaspheme	8684	0.113	3	3	4.734
625	ODE	2901	0.038	1	1	4.733
626	Gay	8805	0.114	3	3	4.714
627	persecuting	8817	0.114	3	2	4.713
628	faced	2948	0.038	1	1	4.707
629	lends	2960	0.038	1	1	4.703
630	nominate	2964	0.039	1	1	4.699
631	crust	2975	0.039	1	1	4.695
632	Carcase	2978	0.039	1	1	4.695
633	whet	2994	0.039	1	1	4.684
634	Amor	6013	0.078	2	2	4.68
635	Bona	12019	0.156	4	3	4.68
636	Nymph	6022	0.078	2	2	4.679
637	nescio	3012	0.039	1	1	4.677
638	game	15105	0.196	5	5	4.673
639	quondam	3022	0.039	1	1	4.673
640	Enchantments	3037	0.039	1	1	4.666
641	Edw	6081	0.079	2	1	4.664
642	polluted	12233	0.159	4	3	4.656
643	play	61168	0.794	20	19	4.655
644	Entertainments	3056	0.04	1	1	4.655
645	Iun	3062	0.04	1	1	4.655
646	Partner	3067	0.04	1	1	4.651
647	Matron	3083	0.04	1	1	4.644
648	furiously	6196	0.08	2	2	4.637
649	Covent	3102	0.04	1	1	4.633
650	Unfaithful	6230	0.081	2	2	4.63
651	surviving	3130	0.041	1	1	4.622
652	dos	3133	0.041	1	1	4.619
653	importune	3148	0.041	1	1	4.615
654	XVII	9484	0.123	3	3	4.607
655	Swear	56939	0.739	18	16	4.607
656	births	3166	0.041	1	1	4.605
657	Tradesmen	3168	0.041	1	1	4.605
658	lucky	3186	0.041	1	1	4.598
659	defines	3208	0.042	1	1	4.587
660	Builder	3209	0.042	1	1	4.587
661	myself	3224	0.042	1	1	4.58
662	Insulting	3223	0.042	1	1	4.58
663	Papal	9725	0.126	3	2	4.571
664	plotted	3245	0.042	1	1	4.57
665	gaudy	3241	0.042	1	1	4.57
666	convoy	3249	0.042	1	1	4.567
667	Toils	3262	0.042	1	1	4.563
668	devilish	9817	0.127	3	2	4.558
669	adhered	3305	0.043	1	1	4.543
670	starve	6627	0.086	2	2	4.54
671	begone	3314	0.043	1	1	4.54
672	Tragedies	3338	0.043	1	1	4.529
673	shameless	6711	0.087	2	1	4.521
674	Comparatively	3374	0.044	1	1	4.513
675	HYMN	6751	0.088	2	2	4.513
676	battered	3389	0.044	1	1	4.506
677	Limb	6792	0.088	2	2	4.505
678	Cork	3400	0.044	1	1	4.503
679	Phillis	3423	0.044	1	1	4.493
680	coloured	10332	0.134	3	3	4.484
681	lusty	10354	0.134	3	3	4.48
682	unmarried	3459	0.045	1	1	4.477
683	pluck	13862	0.18	4	1	4.475
684	pinch	3491	0.045	1	1	4.464
685	Cage	3498	0.045	1	1	4.461
686	Lined	3506	0.046	1	1	4.458
687	Kick	3504	0.046	1	1	4.458
688	Politic	21242	0.276	6	5	4.444
689	convict	3561	0.046	1	1	4.436
690	Libels	3576	0.046	1	1	4.43
691	Offspring	3577	0.046	1	1	4.43
692	Doting	3584	0.047	1	1	4.427
693	Stings	3588	0.047	1	1	4.424
694	Antichrist	50530	0.656	14	10	4.416
695	Humphrey	7225	0.094	2	1	4.414
696	Feminine	3630	0.047	1	1	4.408
697	interval	3633	0.047	1	1	4.408
698	Damn	7322	0.095	2	2	4.396
699	Stole	7345	0.095	2	2	4.391
700	XXXI	3682	0.048	1	1	4.387
701	Horns	22193	0.288	6	6	4.381
702	impudently	3698	0.048	1	1	4.381
703	Lee	3724	0.048	1	1	4.372
704	Church-men	3738	0.049	1	1	4.366
705	Paganism	3764	0.049	1	1	4.357
706	attack	3768	0.049	1	1	4.354
707	Albertus	3798	0.049	1	1	4.342
708	Stratagems	3824	0.05	1	1	4.334
709	quote	3879	0.05	1	1	4.313
710	Goal	3948	0.051	1	1	4.288
711	entitle	3969	0.052	1	1	4.279
712	Usurers	3968	0.052	1	1	4.279
713	Deponent	3995	0.052	1	1	4.271
714	pick	8026	0.104	2	2	4.264
715	Bride	12056	0.156	3	3	4.262
716	Mammon	4040	0.052	1	1	4.254
717	Mundo	4046	0.053	1	1	4.252
718	thereabout	4047	0.053	1	1	4.252
719	Camel	4072	0.053	1	1	4.243
720	Bellarmin	4075	0.053	1	1	4.241
721	Concubines	4078	0.053	1	1	4.241
722	lustful	4133	0.054	1	1	4.222
723	longs	4138	0.054	1	1	4.219
724	Drink	140890	1.828	34	28	4.217
725	Deportment	4156	0.054	1	1	4.214
726	dine	4169	0.054	1	1	4.208
727	surfeit	4186	0.054	1	1	4.203
728	mystical	21135	0.274	5	3	4.189
729	Adulterer	4237	0.055	1	1	4.184
730	Reproachful	4237	0.055	1	1	4.184
731	entice	4278	0.056	1	1	4.171
732	Bribes	4305	0.056	1	1	4.161
733	crack	4315	0.056	1	1	4.158
734	rides	4321	0.056	1	1	4.156
735	stale	4338	0.056	1	1	4.151
736	Jailer	4336	0.056	1	1	4.151
737	Oppress	13025	0.169	3	3	4.15
738	drowsy	4344	0.056	1	1	4.148
739	Apostate	8710	0.113	2	1	4.146
740	17.	83120	1.079	19	13	4.139
741	Reverse	4385	0.057	1	1	4.135
742	forge	4385	0.057	1	1	4.135
743	Plays	17593	0.228	4	4	4.131
744	brisk	4421	0.057	1	1	4.123
745	Phi	4425	0.057	1	1	4.123
746	Cat	8876	0.115	2	1	4.118
747	Drunk	35533	0.461	8	8	4.117
748	Magna	13335	0.173	3	3	4.116
749	Fortifications	4461	0.058	1	1	4.11
750	Bailiff	4460	0.058	1	1	4.11
751	Revelations	13397	0.174	3	3	4.109
752	Coronation	8940	0.116	2	2	4.108
753	Characters	17893	0.232	4	1	4.107
754	Steal	17906	0.232	4	4	4.106
755	dissuade	4505	0.059	1	1	4.095
756	Jesuit	9014	0.117	2	2	4.095
757	decked	4505	0.059	1	1	4.095
758	peevish	4508	0.059	1	1	4.095
759	Dragon	18054	0.234	4	4	4.094
760	Revile	4565	0.059	1	1	4.078
761	partaking	4582	0.06	1	1	4.071
762	singly	4646	0.06	1	1	4.052
763	Complements	4685	0.061	1	1	4.04
764	embracing	9401	0.122	2	2	4.035
765	Blunt	4726	0.061	1	1	4.028
766	Plates	4725	0.061	1	1	4.028
767	dunghill	4743	0.062	1	1	4.023
768	deplorable	4751	0.062	1	1	4.021
769	Athenian	4760	0.062	1	1	4.016
770	owed	4773	0.062	1	1	4.014
771	Scoff	4767	0.062	1	1	4.014
772	rolling	4789	0.062	1	1	4.009
773	Robe	9576	0.124	2	2	4.008
774	124	4812	0.062	1	1	4.002
775	Vial	4819	0.063	1	1	4
776	Character	38558	0.5	8	4	3.999
777	reservation	4824	0.063	1	1	3.998
778	perfidious	4828	0.063	1	1	3.998
779	Idolatrous	14523	0.189	3	1	3.992
780	whit	14561	0.189	3	2	3.989
781	Mask	4856	0.063	1	1	3.989
782	Masculine	4862	0.063	1	1	3.986
783	Gilbert	4864	0.063	1	1	3.986
784	Rotten	14651	0.19	3	3	3.98
785	contributed	4892	0.064	1	1	3.977
786	'Till	4919	0.064	1	1	3.97
787	122	4938	0.064	1	1	3.964
788	Luc	4952	0.064	1	1	3.959
789	gad	4956	0.064	1	1	3.959
790	Passengers	4981	0.065	1	1	3.952
791	perjured	4993	0.065	1	1	3.948
792	Wedlock	5013	0.065	1	1	3.943
793	dis	5030	0.065	1	1	3.937
794	Isaiah	15113	0.196	3	3	3.935
795	160	5050	0.066	1	1	3.932
796	1.	5044	0.066	1	1	3.932
797	strikes	10128	0.131	2	2	3.928
798	embraces	10141	0.132	2	2	3.926
799	itch	5094	0.066	1	1	3.919
800	Clothed	25607	0.332	5	3	3.911
801	Impudence	10304	0.134	2	2	3.903
802	crying	25811	0.335	5	4	3.9
803	spotted	5160	0.067	1	1	3.9
804	boasted	5195	0.067	1	1	3.891
805	Helm	5216	0.068	1	1	3.885
806	finest	5244	0.068	1	1	3.878
807	hallowed	5243	0.068	1	1	3.878
808	ne'er	20984	0.272	4	4	3.877
809	Margaret	10516	0.137	2	1	3.873
810	Revel	21061	0.273	4	4	3.871
811	Potion	5269	0.068	1	1	3.87
812	hating	5297	0.069	1	1	3.864
813	Walter	10593	0.138	2	1	3.862
814	display	5310	0.069	1	1	3.859
815	Ape	5317	0.069	1	1	3.857
816	Babilon	5325	0.069	1	1	3.855
817	Lewd	15983	0.207	3	3	3.854
818	hateful	10655	0.138	2	2	3.854
819	bidding	5342	0.069	1	1	3.851
820	Jane	5355	0.07	1	1	3.847
821	Hood	5353	0.07	1	1	3.847
822	Scotch	5363	0.07	1	1	3.845
823	Cup	48330	0.627	9	8	3.843
824	Clap	5368	0.07	1	1	3.843
825	Venus	26929	0.349	5	5	3.839
826	lute	5388	0.07	1	1	3.839
827	Amsterdam	5414	0.07	1	1	3.83
828	Champions	5435	0.071	1	1	3.826
829	Pox	10902	0.142	2	2	3.821
830	grind	5454	0.071	1	1	3.82
831	beauteous	5494	0.071	1	1	3.81
832	pawn	5492	0.071	1	1	3.81
833	Peoples	33008	0.428	6	5	3.808
834	Alderman	5500	0.071	1	1	3.808
835	infamous	11020	0.143	2	2	3.806
836	Whores	5508	0.072	1	1	3.806
837	stiled	11034	0.143	2	2	3.804
838	steer	5540	0.072	1	1	3.798
839	Honest	83801	1.087	15	11	3.786
840	Girl	5585	0.073	1	1	3.786
841	notorious	22363	0.29	4	4	3.785
842	flourished	11210	0.146	2	2	3.781
843	Conceited	5628	0.073	1	1	3.776
844	asserts	5641	0.073	1	1	3.772
845	Scandal	22639	0.294	4	4	3.767
846	offends	5663	0.074	1	1	3.766
847	Mer	5689	0.074	1	1	3.76
848	Badge	5699	0.074	1	1	3.756
849	frown	5737	0.074	1	1	3.749
850	Lucifer	5730	0.074	1	1	3.749
851	upheld	5752	0.075	1	1	3.745
852	forsook	11497	0.149	2	2	3.745
853	denote	5763	0.075	1	1	3.741
854	committing	11606	0.151	2	2	3.731
855	Constables	5821	0.076	1	1	3.727
856	dreamed	5831	0.076	1	1	3.724
857	hypocritical	5868	0.076	1	1	3.716
858	off-spring	5879	0.076	1	1	3.712
859	Bottomless	5909	0.077	1	1	3.705
860	disposal	5923	0.077	1	1	3.701
861	noting	5928	0.077	1	1	3.701
862	101	5935	0.077	1	1	3.699
863	Hark	5947	0.077	1	1	3.695
864	treble	5950	0.077	1	1	3.695
865	Arabic	5985	0.078	1	1	3.686
866	artifice	6013	0.078	1	1	3.68
867	Calumny	6022	0.078	1	1	3.679
868	Ptolomy	6038	0.078	1	1	3.675
869	filthy	30299	0.393	5	5	3.669
870	Dire	6091	0.079	1	1	3.662
871	Worships	6121	0.079	1	1	3.655
872	Squire	6126	0.08	1	1	3.653
873	Crucify	6157	0.08	1	1	3.646
874	Maiden	6187	0.08	1	1	3.638
875	Dog	30988	0.402	5	4	3.636
876	desolation	12402	0.161	2	2	3.636
877	joint	18677	0.242	3	3	3.63
878	stoned	6236	0.081	1	1	3.628
879	prostrate	6239	0.081	1	1	3.626
880	'm	31244	0.405	5	5	3.625
881	judging	18760	0.243	3	3	3.624
882	Dregs	6317	0.082	1	1	3.608
883	revolted	6316	0.082	1	1	3.608
884	marrying	6327	0.082	1	1	3.606
885	stark	6325	0.082	1	1	3.606
886	Baggage	6358	0.083	1	1	3.599
887	whip	6373	0.083	1	1	3.596
888	Atheist	6384	0.083	1	1	3.594
889	Exeter	6409	0.083	1	1	3.587
890	Absolve	6434	0.084	1	1	3.582
891	Marry	38694	0.502	6	4	3.579
892	Imperial	25835	0.335	4	4	3.577
893	Bon	6489	0.084	1	1	3.57
894	Bench	13026	0.169	2	2	3.565
895	Drunkard	6511	0.085	1	1	3.565
896	trespass	13117	0.17	2	2	3.555
897	Specious	6599	0.086	1	1	3.546
898	Bud	6607	0.086	1	1	3.545
899	98	6652	0.086	1	1	3.534
900	bloody	53730	0.697	8	4	3.52
901	despite	13448	0.175	2	1	3.519
902	Lovers	26913	0.349	4	4	3.518
903	allure	6732	0.087	1	1	3.516
904	pertaining	6774	0.088	1	1	3.508
905	Partial	6793	0.088	1	1	3.505
906	gaining	6791	0.088	1	1	3.505
907	laborious	6787	0.088	1	1	3.505
908	Penal	6800	0.088	1	1	3.503
909	Mother	150593	1.954	22	20	3.493
910	Ep	27473	0.357	4	2	3.488
911	corner	20657	0.268	3	2	3.485
912	Antichristian	13777	0.179	2	2	3.484
913	Sixthly	6886	0.089	1	1	3.484
914	'll	158479	2.056	23	16	3.483
915	Scot	6898	0.09	1	1	3.482
916	n't	34507	0.448	5	3	3.481
917	locked	6933	0.09	1	1	3.474
918	Annual	6938	0.09	1	1	3.474
919	Accuser	6942	0.09	1	1	3.472
920	Mrs.	13889	0.18	2	1	3.472
921	License	6976	0.091	1	1	3.466
922	Sampson	6989	0.091	1	1	3.463
923	Roar	6989	0.091	1	1	3.463
924	Lily	6986	0.091	1	1	3.463
925	Liquors	6994	0.091	1	1	3.461
926	91	7022	0.091	1	1	3.456
927	Fist	7028	0.091	1	1	3.455
928	sitting	35270	0.458	5	4	3.449
929	conspire	7065	0.092	1	1	3.447
930	betimes	7115	0.092	1	1	3.438
931	FAB	7117	0.092	1	1	3.436
932	Cell	7136	0.093	1	1	3.433
933	Horseback	7160	0.093	1	1	3.428
934	pays	7160	0.093	1	1	3.428
935	gets	14332	0.186	2	2	3.427
936	rail	7220	0.094	1	1	3.416
937	cruelties	7253	0.094	1	1	3.41
938	ca	21771	0.283	3	2	3.409
939	Ruth	7305	0.095	1	1	3.399
940	Foxes	7333	0.095	1	1	3.393
941	kneel	7364	0.096	1	1	3.387
942	prithee	7377	0.096	1	1	3.385
943	Monster	14836	0.193	2	2	3.377
944	Couple	7466	0.097	1	1	3.367
945	treats	7496	0.097	1	1	3.361
946	Sirs	7500	0.097	1	1	3.361
947	beastly	7495	0.097	1	1	3.361
948	Portions	7504	0.097	1	1	3.36
949	Keepers	7518	0.098	1	1	3.357
950	trading	7537	0.098	1	1	3.354
951	Card	7542	0.098	1	1	3.353
952	!	371996	4.827	49	27	3.344
953	82	7639	0.099	1	1	3.335
954	abusing	7672	0.1	1	1	3.328
955	Thief	23047	0.299	3	3	3.326
956	Jude	7690	0.1	1	1	3.325
957	Plutarch	15426	0.2	2	1	3.32
958	managing	7739	0.1	1	1	3.316
959	tear	15500	0.201	2	2	3.314
960	119	7780	0.101	1	1	3.308
961	83	7828	0.102	1	1	3.299
962	inconsiderable	7918	0.103	1	1	3.283
963	Son	570683	7.405	72	45	3.281
964	Wretch	15921	0.207	2	1	3.275
965	Woman	183598	2.382	23	18	3.271
966	Hare	7991	0.104	1	1	3.27
967	cry	87922	1.141	11	9	3.269
968	Epist	8012	0.104	1	1	3.265
969	carries	24147	0.313	3	3	3.259
970	Travelling	8101	0.105	1	1	3.25
971	pull	24362	0.316	3	3	3.247
972	tantum	16252	0.211	2	1	3.245
973	Suburbs	8156	0.106	1	1	3.241
974	flew	8160	0.106	1	1	3.239
975	wide	24766	0.321	3	2	3.223
976	Telling	24804	0.322	3	3	3.22
977	stiff	8274	0.107	1	1	3.219
978	inseparable	8314	0.108	1	1	3.212
979	Taylor	8326	0.108	1	1	3.211
980	Popular	16668	0.216	2	2	3.209
981	frailty	8418	0.109	1	1	3.195
982	Gown	8419	0.109	1	1	3.195
983	Rome	271183	3.519	32	25	3.185
984	admits	8553	0.111	1	1	3.171
985	apparently	8551	0.111	1	1	3.171
986	repute	8562	0.111	1	1	3.17
987	Wife	214853	2.788	25	20	3.165
988	Protestant	51645	0.67	6	6	3.163
989	120	8654	0.112	1	1	3.155
990	blasphemies	8683	0.113	1	1	3.149
991	Confounded	17397	0.226	2	2	3.148
992	Luxury	8713	0.113	1	1	3.144
993	instead	52525	0.682	6	6	3.138
994	covet	8785	0.114	1	1	3.133
995	Continent	8853	0.115	1	1	3.122
996	Knave	8870	0.115	1	1	3.119
997	dig	8923	0.116	1	1	3.11
998	Type	17907	0.232	2	2	3.105
999	Villain	8957	0.116	1	1	3.105
1000	Pity	62915	0.816	7	4	3.1
1001	enrich	9011	0.117	1	1	3.097
1002	Talent	9018	0.117	1	1	3.095
1003	Cursing	9071	0.118	1	1	3.087
1004	71	9104	0.118	1	1	3.082
1005	purple	18224	0.237	2	1	3.08
1006	Misfortunes	9138	0.119	1	1	3.076
1007	Great	1790493	23.234	194	52	3.062
1008	Witch	9245	0.12	1	1	3.059
1009	Defile	9264	0.12	1	1	3.056
1010	enriched	9319	0.121	1	1	3.048
1011	disguise	9345	0.121	1	1	3.043
1012	spreading	9364	0.122	1	1	3.041
1013	impure	9368	0.122	1	1	3.04
1014	plagues	18774	0.244	2	2	3.037
1015	CUPID	9383	0.122	1	1	3.037
1016	beware	28157	0.365	3	2	3.037
1017	hired	9416	0.122	1	1	3.033
1018	dissemble	9543	0.124	1	1	3.014
1019	horrid	19167	0.249	2	2	3.008
1020	Patents	9586	0.124	1	1	3.007
1021	Pulse	9594	0.125	1	1	3.006
1022	crowned	28810	0.374	3	3	3.005
1023	abhor	19419	0.252	2	2	2.989
1024	fasten	9759	0.127	1	1	2.982
1025	signal	9775	0.127	1	1	2.979
1026	Cam	9828	0.128	1	1	2.971
1027	abhorred	9825	0.128	1	1	2.971
1028	whereon	19704	0.256	2	2	2.967
1029	Lawyer	9909	0.129	1	1	2.959
1030	drives	9907	0.129	1	1	2.959
1031	viz	9934	0.129	1	1	2.956
1032	sharply	9944	0.129	1	1	2.955
1033	Ruling	10062	0.131	1	1	2.937
1034	counterfeit	20191	0.262	2	2	2.932
1035	threatens	10096	0.131	1	1	2.932
1036	Interpreter	10101	0.131	1	1	2.931
1037	Wanton	20242	0.263	2	2	2.929
1038	ride	20257	0.263	2	2	2.927
1039	quarto	10132	0.132	1	1	2.927
1040	burn	40670	0.528	4	3	2.922
1041	Car	20342	0.264	2	2	2.921
1042	Tragedy	10196	0.132	1	1	2.918
1043	aloud	10233	0.133	1	1	2.913
1044	handling	10289	0.134	1	1	2.905
1045	Tail	30912	0.401	3	3	2.903
1046	Marquess	10309	0.134	1	1	2.902
1047	Brazen	10407	0.135	1	1	2.889
1048	herself	10419	0.135	1	1	2.887
1049	brutish	10442	0.136	1	1	2.884
1050	Matrimony	10446	0.136	1	1	2.884
1051	Borrow	10448	0.136	1	1	2.883
1052	Liar	10452	0.136	1	1	2.883
1053	Wares	10458	0.136	1	1	2.882
1054	Parson	10471	0.136	1	1	2.879
1055	she	1006738	13.064	96	62	2.877
1056	offending	10488	0.136	1	1	2.877
1057	Revelation	41988	0.545	4	4	2.876
1058	meets	10502	0.136	1	1	2.875
1059	Callings	10529	0.137	1	1	2.872
1060	rebus	10545	0.137	1	1	2.87
1061	consecrate	10547	0.137	1	1	2.869
1062	expressing	10565	0.137	1	1	2.867
1063	cursed	42622	0.553	4	4	2.854
1064	cries	32046	0.416	3	3	2.851
1065	IV	42765	0.555	4	4	2.85
1066	Expectation	32361	0.42	3	3	2.837
1067	Robes	10833	0.141	1	1	2.83
1068	Wales	21702	0.282	2	2	2.828
1069	Perdition	10866	0.141	1	1	2.826
1070	Impatient	10884	0.141	1	1	2.824
1071	destroys	10886	0.141	1	1	2.823
1072	Expenses	10928	0.142	1	1	2.818
1073	daring	11022	0.143	1	1	2.806
1074	Perjury	11072	0.144	1	1	2.799
1075	restoring	11097	0.144	1	1	2.796
1076	Station	11208	0.145	1	1	2.782
1077	Poet	34204	0.444	3	3	2.757
1078	Gulf	11408	0.148	1	1	2.756
1079	Blasphemous	11428	0.148	1	1	2.753
1080	Prodigal	11427	0.148	1	1	2.753
1081	curses	11438	0.148	1	1	2.752
1082	vowed	11454	0.149	1	1	2.75
1083	64	11464	0.149	1	1	2.749
1084	Price	57392	0.745	5	5	2.747
1085	naked	46459	0.603	4	4	2.73
1086	infallibly	11634	0.151	1	1	2.727
1087	Speaker	11638	0.151	1	1	2.727
1088	seasonable	11704	0.152	1	1	2.719
1089	ravished	11709	0.152	1	1	2.719
1090	Madam	46920	0.609	4	3	2.716
1091	calling	105619	1.371	9	9	2.715
1092	thrown	23518	0.305	2	2	2.712
1093	abomination	11757	0.153	1	1	2.712
1094	Her	1811491	23.506	154	103	2.712
1095	malicious	23689	0.307	2	2	2.702
1096	preferment	11954	0.155	1	1	2.689
1097	wishes	12019	0.156	1	1	2.68
1098	Fox	24216	0.314	2	1	2.67
1099	Constancy	24222	0.314	2	2	2.67
1100	Ann	12147	0.158	1	1	2.666
1101	Exeunt	12174	0.158	1	1	2.662
1102	Vows	24417	0.317	2	2	2.658
1103	proclaim	12226	0.159	1	1	2.657
1104	seeks	24462	0.317	2	2	2.656
1105	Pagan	12292	0.16	1	1	2.648
1106	mounted	12305	0.16	1	1	2.647
1107	weaker	12343	0.16	1	1	2.642
1108	fetch	24696	0.321	2	2	2.642
1109	Adultery	24714	0.321	2	2	2.641
1110	descending	12509	0.162	1	1	2.623
1111	dealt	25109	0.326	2	2	2.618
1112	deep	75511	0.98	6	6	2.614
1113	Murderer	12581	0.163	1	1	2.614
1114	Slander	12613	0.164	1	1	2.611
1115	Fortune	101130	1.312	8	8	2.608
1116	smell	25352	0.329	2	2	2.604
1117	dull	25362	0.329	2	2	2.603
1118	Limbs	12705	0.165	1	1	2.6
1119	F	50955	0.661	4	3	2.597
1120	waited	12759	0.166	1	1	2.594
1121	mourn	12769	0.166	1	1	2.593
1122	Virgil	12778	0.166	1	1	2.592
1123	pursuit	12818	0.166	1	1	2.588
1124	crafty	12823	0.166	1	1	2.587
1125	odd	12894	0.167	1	1	2.579
1126	murder	51605	0.67	4	4	2.579
1127	gent	12956	0.168	1	1	2.573
1128	Hypocrite	13012	0.169	1	1	2.567
1129	Raging	13043	0.169	1	1	2.563
1130	Wolf	13047	0.169	1	1	2.562
1131	Disgrace	26379	0.342	2	2	2.547
1132	young	171502	2.225	13	10	2.546
1133	Lev	13206	0.171	1	1	2.545
1134	offerings	13224	0.172	1	1	2.543
1135	Pipe	13225	0.172	1	1	2.543
1136	Andrew	13250	0.172	1	1	2.54
1137	designed	39808	0.517	3	3	2.538
1138	early	26548	0.345	2	2	2.537
1139	Married	66560	0.864	5	4	2.533
1140	List	26655	0.346	2	2	2.532
1141	Daughters	40010	0.519	3	3	2.531
1142	runs	40288	0.523	3	3	2.521
1143	Arts	40476	0.525	3	3	2.514
1144	tract	13512	0.175	1	1	2.512
1145	Globe	13523	0.176	1	1	2.51
1146	asking	13581	0.176	1	1	2.505
1147	Secretary	13724	0.178	1	1	2.489
1148	henceforth	13747	0.178	1	1	2.487
1149	common	346098	4.491	25	23	2.477
1150	Tune	13862	0.18	1	1	2.475
1151	waiting	13872	0.18	1	1	2.474
1152	wonderfully	13915	0.181	1	1	2.469
1153	Mistress	42310	0.549	3	3	2.45
1154	Charms	14109	0.183	1	1	2.449
1155	Methinks	14132	0.183	1	1	2.447
1156	nine	42485	0.551	3	3	2.444
1157	ascended	14176	0.184	1	1	2.443
1158	sensual	14173	0.184	1	1	2.443
1159	Martin	14281	0.185	1	1	2.432
1160	Goats	14285	0.185	1	1	2.431
1161	sue	14301	0.186	1	1	2.43
1162	described	42932	0.557	3	3	2.429
1163	ha	28655	0.372	2	1	2.427
1164	invade	14360	0.186	1	1	2.424
1165	surprise	14398	0.187	1	1	2.42
1166	Dish	14435	0.187	1	1	2.417
1167	meeting	43320	0.562	3	3	2.416
1168	'd	144543	1.876	10	8	2.415
1169	Lame	14461	0.188	1	1	2.414
1170	IX	28939	0.376	2	1	2.413
1171	Ranks	14516	0.188	1	1	2.408
1172	reflect	14530	0.189	1	1	2.407
1173	keeping	58223	0.756	4	4	2.404
1174	titles	29194	0.379	2	2	2.4
1175	Plot	29203	0.379	2	2	2.4
1176	behind	73039	0.948	5	5	2.399
1177	foregoing	14654	0.19	1	1	2.394
1178	excused	14733	0.191	1	1	2.387
1179	[	280684	3.642	19	9	2.383
1180	Mar	14814	0.192	1	1	2.379
1181	got	88984	1.155	6	5	2.377
1182	hunting	14846	0.193	1	1	2.376
1183	doors	29993	0.389	2	2	2.361
1184	Supper	60000	0.779	4	3	2.361
1185	asleep	15079	0.196	1	1	2.353
1186	Foe	15213	0.197	1	1	2.341
1187	reveal	15245	0.198	1	1	2.338
1188	founded	30617	0.397	2	2	2.332
1189	Brown	15384	0.2	1	1	2.325
1190	Northern	15398	0.2	1	1	2.323
1191	hist	15438	0.2	1	1	2.32
1192	kindly	15466	0.201	1	1	2.317
1193	Popery	30936	0.401	2	2	2.317
1194	mightily	15485	0.201	1	1	2.315
1195	Merchandise	15488	0.201	1	1	2.315
1196	casts	15527	0.202	1	1	2.311
1197	mentions	15583	0.202	1	1	2.306
1198	Angles	15592	0.202	1	1	2.305
1199	owned	15681	0.204	1	1	2.297
1200	abused	31590	0.41	2	2	2.287
1201	poured	15849	0.206	1	1	2.281
1202	confound	15864	0.206	1	1	2.28
1203	Persecute	15918	0.207	1	1	2.275
1204	illustrious	15935	0.207	1	1	2.274
1205	fitly	16083	0.209	1	1	2.26
1206	Lady	112639	1.462	7	7	2.26
1207	Ox	16129	0.209	1	1	2.256
1208	Cloak	16351	0.212	1	1	2.237
1209	Sheriff	16356	0.212	1	1	2.237
1210	silly	16358	0.212	1	1	2.236
1211	's	1833403	23.79	112	89	2.235
1212	Sanctify	16453	0.214	1	1	2.228
1213	Penny	16458	0.214	1	1	2.227
1214	keep	313074	4.063	19	17	2.226
1215	Quarrel	32992	0.428	2	2	2.224
1216	fits	16510	0.214	1	1	2.223
1217	Maid	33079	0.429	2	2	2.22
1218	Eloquence	16652	0.216	1	1	2.21
1219	burnt	50113	0.65	3	3	2.206
1220	marks	33471	0.434	2	2	2.203
1221	wandering	16735	0.217	1	1	2.203
1222	Judgment	235552	3.057	14	10	2.195
1223	address	16870	0.219	1	1	2.192
1224	parted	16901	0.219	1	1	2.189
1225	has	321926	4.177	19	15	2.185
1226	kin	17056	0.221	1	1	2.176
1227	support	34167	0.443	2	2	2.173
1228	professed	34256	0.445	2	2	2.17
1229	Board	17171	0.223	1	1	2.166
1230	K	17207	0.223	1	1	2.163
1231	Ornaments	17222	0.224	1	1	2.162
1232	old	414305	5.376	24	23	2.158
1233	false	224466	2.913	13	12	2.158
1234	C.	296045	3.842	17	4	2.146
1235	accursed	17442	0.226	1	1	2.144
1236	Regiment	17461	0.227	1	1	2.142
1237	prime	17461	0.227	1	1	2.142
1238	needed	17481	0.227	1	1	2.141
1239	forbear	35085	0.455	2	2	2.135
1240	shift	17549	0.228	1	1	2.135
1241	whenever	17549	0.228	1	1	2.135
1242	Butter	17830	0.231	1	1	2.112
1243	destruction	89423	1.16	5	4	2.107
1244	buy	35853	0.465	2	2	2.104
1245	Encounter	17935	0.233	1	1	2.103
1246	Sport	17952	0.233	1	1	2.102
1247	Gallant	17961	0.233	1	1	2.101
1248	Betrayed	18001	0.234	1	1	2.098
1249	Dram	18014	0.234	1	1	2.097
1250	Oh	126299	1.639	7	6	2.095
1251	corrupted	36122	0.469	2	2	2.093
1252	defiled	18090	0.235	1	1	2.091
1253	comprehended	18167	0.236	1	1	2.085
1254	complain	36342	0.472	2	2	2.084
1255	marked	18201	0.236	1	1	2.082
1256	Lust	54865	0.712	3	2	2.075
1257	quit	18392	0.239	1	1	2.067
1258	proud	73660	0.956	4	4	2.065
1259	modest	18444	0.239	1	1	2.063
1260	Courtesy	18515	0.24	1	1	2.057
1261	refuge	18535	0.241	1	1	2.056
1262	Emperors	18606	0.241	1	1	2.051
1263	spend	37287	0.484	2	2	2.048
1264	kill	74750	0.97	4	4	2.044
1265	definition	18738	0.243	1	1	2.04
1266	Iniquity	56296	0.731	3	2	2.038
1267	Traitor	18785	0.244	1	1	2.036
1268	fifty	37601	0.488	2	2	2.035
1269	Marriage	94195	1.222	5	4	2.032
1270	Quality	75538	0.98	4	4	2.029
1271	loves	76043	0.987	4	4	2.019
1272	outwardly	19010	0.247	1	1	2.019
1273	continues	19061	0.247	1	1	2.016
1274	rises	19110	0.248	1	1	2.012
1275	November	19152	0.249	1	1	2.009
1276	18.	77389	1.004	4	4	1.994
1277	Sink	19378	0.251	1	1	1.992
1278	Bell	19417	0.252	1	1	1.989
1279	Exit	19436	0.252	1	1	1.987
1280	Forgive	38909	0.505	2	2	1.986
1281	habitation	19587	0.254	1	1	1.976
1282	favourable	19618	0.255	1	1	1.974
1283	Devils	59091	0.767	3	3	1.968
1284	turns	39404	0.511	2	2	1.968
1285	City	377406	4.897	19	4	1.956
1286	hit	19976	0.259	1	1	1.948
1287	replied	40276	0.523	2	2	1.936
1288	Roman	141472	1.836	7	6	1.931
1289	Loyal	20260	0.263	1	1	1.927
1290	calls	121932	1.582	6	5	1.923
1291	a	14471665	187.785	711	247	1.921
1292	Converted	40728	0.529	2	2	1.92
1293	arose	20382	0.265	1	1	1.919
1294	adore	20395	0.265	1	1	1.918
1295	crave	20437	0.265	1	1	1.915
1296	Apostolical	20443	0.265	1	1	1.914
1297	35	41018	0.532	2	2	1.91
1298	Printed	82066	1.065	4	3	1.909
1299	call	328774	4.266	16	15	1.907
1300	wear	20558	0.267	1	1	1.906
1301	Solomon	41245	0.535	2	2	1.902
1302	Colonel	20655	0.268	1	1	1.9
1303	Warning	20690	0.269	1	1	1.897
1304	"	41388	0.537	2	2	1.897
1305	proves	41434	0.538	2	2	1.895
1306	Eat	145185	1.884	7	7	1.894
1307	Pit	20801	0.27	1	1	1.89
1308	Waters	83222	1.08	4	3	1.889
1309	Lewis	20972	0.272	1	1	1.878
1310	becomes	41957	0.544	2	2	1.877
1311	persecuted	21044	0.273	1	1	1.872
1312	inwardly	21063	0.273	1	1	1.871
1313	corrupt	63197	0.82	3	3	1.871
1314	Superstitious	21092	0.274	1	1	1.869
1315	abound	21155	0.275	1	1	1.865
1316	modern	21190	0.275	1	1	1.862
1317	Slave	21201	0.275	1	1	1.862
1318	rose	42445	0.551	2	2	1.86
1319	event	21225	0.275	1	1	1.86
1320	pronounced	21268	0.276	1	1	1.857
1321	q	21289	0.276	1	1	1.856
1322	Progress	21299	0.276	1	1	1.855
1323	i.	191916	2.49	9	6	1.854
1324	virtuous	42661	0.554	2	2	1.853
1325	venture	21408	0.278	1	1	1.848
1326	final	21409	0.278	1	1	1.848
1327	Strain	21461	0.279	1	1	1.844
1328	encourage	21511	0.279	1	1	1.841
1329	destroy	86113	1.117	4	4	1.84
1330	frequent	43207	0.561	2	2	1.835
1331	safe	64842	0.841	3	3	1.834
1332	formal	21650	0.281	1	1	1.832
1333	troublesome	21852	0.284	1	1	1.818
1334	moist	21878	0.284	1	1	1.817
1335	generous	21938	0.285	1	1	1.812
1336	Jealousy	21960	0.285	1	1	1.811
1337	meaning	110075	1.428	5	5	1.808
1338	ibid	66183	0.859	3	2	1.805
1339	Officer	22077	0.287	1	1	1.803
1340	29	66407	0.862	3	3	1.8
1341	Poison	44407	0.576	2	2	1.795
1342	Thieves	22285	0.289	1	1	1.79
1343	bent	22285	0.289	1	1	1.79
1344	white	134914	1.751	6	5	1.777
1345	60	22504	0.292	1	1	1.776
1346	Spouse	22595	0.293	1	1	1.77
1347	cried	45966	0.597	2	2	1.745
1348	grown	45966	0.597	2	2	1.745
1349	Abominable	22990	0.298	1	1	1.745
1350	smoke	23076	0.299	1	1	1.74
1351	Vice	46611	0.605	2	2	1.725
1352	Attend	46658	0.605	2	2	1.724
1353	shows	70001	0.908	3	3	1.724
1354	rightly	47299	0.614	2	2	1.704
1355	painted	23662	0.307	1	1	1.704
1356	offers	23765	0.308	1	1	1.697
1357	Devil	190658	2.474	8	8	1.693
1358	Sat	47715	0.619	2	2	1.692
1359	]	429805	5.577	18	6	1.69
1360	Seldom	47805	0.62	2	2	1.689
1361	Trade	71989	0.934	3	3	1.683
1362	Lie	168129	2.182	7	7	1.682
1363	19.	72769	0.944	3	3	1.668
1364	prey	24332	0.316	1	1	1.663
1365	discharged	24372	0.316	1	1	1.661
1366	Coat	24384	0.316	1	1	1.66
1367	distinct	48978	0.636	2	1	1.654
1368	Bed	73593	0.955	3	3	1.652
1369	Mourning	24529	0.318	1	1	1.652
1370	elected	24530	0.318	1	1	1.652
1371	Deity	24584	0.319	1	1	1.648
1372	Garment	24609	0.319	1	1	1.647
1373	tells	98449	1.278	4	4	1.647
1374	Child	148012	1.921	6	5	1.643
1375	Lights	24751	0.321	1	1	1.638
1376	faithfully	24842	0.322	1	1	1.633
1377	Angel	74694	0.969	3	1	1.63
1378	imagined	25023	0.325	1	1	1.623
1379	Prov.	50161	0.651	2	1	1.619
1380	Page	252043	3.271	10	2	1.612
1381	Dominion	50446	0.655	2	1	1.611
1382	Nose	25309	0.328	1	1	1.606
1383	termed	25438	0.33	1	1	1.599
1384	Returning	25466	0.33	1	1	1.598
1385	heartily	25476	0.331	1	1	1.597
1386	Sex	25550	0.332	1	1	1.593
1387	Confusion	51173	0.664	2	2	1.591
1388	wish	76763	0.996	3	3	1.591
1389	accident	25658	0.333	1	1	1.587
1390	makes	359288	4.662	14	13	1.586
1391	G.	51419	0.667	2	1	1.584
1392	Sister	51618	0.67	2	2	1.578
1393	re	25840	0.335	1	1	1.576
1394	blind	77737	1.009	3	3	1.572
1395	Chamber	51849	0.673	2	2	1.572
1396	opening	25968	0.337	1	1	1.569
1397	Ten	130362	1.692	5	3	1.564
1398	Lover	26112	0.339	1	1	1.561
1399	loved	78391	1.017	3	3	1.56
1400	Maintain	78757	1.022	3	3	1.554
1401	won	26265	0.341	1	1	1.553
1402	Advice	52773	0.685	2	2	1.546
1403	Heathens	26424	0.343	1	1	1.544
1404	entertained	26459	0.343	1	1	1.542
1405	Grave	79381	1.03	3	3	1.542
1406	wanted	26501	0.344	1	1	1.54
1407	Tom	26564	0.345	1	1	1.537
1408	conceived	53148	0.69	2	2	1.536
1409	pay	106691	1.384	4	4	1.531
1410	usually	53352	0.692	2	2	1.531
1411	Prophet	133904	1.738	5	5	1.525
1412	break	107397	1.394	4	3	1.521
1413	Distress	26900	0.349	1	1	1.518
1414	carry	108052	1.402	4	4	1.512
1415	Wonder	81268	1.055	3	3	1.508
1416	Daughter	108707	1.411	4	4	1.504
1417	Faction	27201	0.353	1	1	1.502
1418	served	54417	0.706	2	2	1.502
1419	Plato	27283	0.354	1	1	1.498
1420	loath	27335	0.355	1	1	1.495
1421	saw	191431	2.484	7	4	1.495
1422	44	27360	0.355	1	1	1.494
1423	told	164509	2.135	6	6	1.491
1424	Native	27451	0.356	1	1	1.489
1425	renewed	27500	0.357	1	1	1.487
1426	VI	55012	0.714	2	2	1.486
1427	prove	220093	2.856	8	8	1.486
1428	suitable	27681	0.359	1	1	1.477
1429	morrow	27739	0.36	1	1	1.474
1430	Professors	27778	0.36	1	1	1.472
1431	turn	167524	2.174	6	5	1.465
1432	melancholy	27965	0.363	1	1	1.462
1433	employ	28015	0.364	1	1	1.46
1434	acted	28050	0.364	1	1	1.458
1435	thirst	28225	0.366	1	1	1.449
1436	Joh.	56601	0.735	2	2	1.445
1437	Services	28473	0.37	1	1	1.436
1438	fatal	28526	0.37	1	1	1.434
1439	Yoke	28576	0.371	1	1	1.431
1440	cunning	28670	0.372	1	1	1.427
1441	preferred	28699	0.372	1	1	1.425
1442	Wives	57399	0.745	2	2	1.425
1443	art	315875	4.099	11	11	1.424
1444	exactly	28776	0.373	1	1	1.421
1445	Crimes	28899	0.375	1	1	1.415
1446	hole	28915	0.375	1	1	1.414
1447	Ah	29075	0.377	1	1	1.406
1448	Drinking	29093	0.378	1	1	1.405
1449	Queen	174640	2.266	6	3	1.405
1450	pour	29172	0.379	1	1	1.402
1451	Commonwealth	29279	0.38	1	1	1.396
1452	zealous	29282	0.38	1	1	1.396
1453	off	323311	4.195	11	10	1.391
1454	reference	29409	0.382	1	1	1.39
1455	captivity	29583	0.384	1	1	1.381
1456	share	29601	0.384	1	1	1.38
1457	fruitful	29679	0.385	1	1	1.377
1458	Nation	148522	1.927	5	2	1.375
1459	SECT.	59519	0.772	2	1	1.373
1460	pretty	29773	0.386	1	1	1.372
1461	allowed	59743	0.775	2	2	1.367
1462	permit	29877	0.388	1	1	1.367
1463	Purity	29926	0.388	1	1	1.365
1464	signify	59908	0.777	2	2	1.363
1465	kept	180349	2.34	6	6	1.358
1466	contains	30140	0.391	1	1	1.354
1467	next	271507	3.523	9	4	1.353
1468	Mr.	271819	3.527	9	7	1.351
1469	Seven	120863	1.568	4	4	1.351
1470	Kings	363629	4.719	12	9	1.347
1471	Liquor	30328	0.394	1	1	1.346
1472	Why	394748	5.122	13	11	1.344
1473	figures	30387	0.394	1	1	1.343
1474	T.	60824	0.789	2	2	1.341
1475	asked	61036	0.792	2	2	1.336
1476	25	91872	1.192	3	3	1.331
1477	Anointed	30642	0.398	1	1	1.331
1478	Star	30709	0.399	1	1	1.327
1479	unclean	30723	0.399	1	1	1.327
1480	Harm	30750	0.399	1	1	1.326
1481	takes	123079	1.597	4	4	1.325
1482	Wild	61696	0.801	2	2	1.321
1483	Priest	123560	1.603	4	3	1.319
1484	Sir	371184	4.817	12	5	1.317
1485	Husbands	30992	0.402	1	1	1.314
1486	night	217853	2.827	7	7	1.308
1487	Monarchy	31153	0.404	1	1	1.307
1488	execute	31219	0.405	1	1	1.304
1489	reported	31227	0.405	1	1	1.303
1490	endeavoured	31247	0.406	1	1	1.302
1491	16.	93810	1.217	3	3	1.301
1492	sworn	31396	0.407	1	1	1.295
1493	Draws	31643	0.411	1	1	1.284
1494	diligently	31695	0.411	1	1	1.282
1495	Desert	31779	0.412	1	1	1.278
1496	hang	31830	0.413	1	1	1.276
1497	presume	31879	0.414	1	1	1.273
1498	Operation	31914	0.414	1	1	1.272
1499	Whilst	127767	1.658	4	4	1.271
1500	Case	319514	4.146	10	5	1.27
1501	spoke	31965	0.415	1	1	1.27
1502	fields	31970	0.415	1	1	1.27
1503	represented	31976	0.415	1	1	1.269
1504	exercised	32045	0.416	1	1	1.266
1505	Damnation	32064	0.416	1	1	1.265
1506	Deuteronomy	64271	0.834	2	1	1.262
1507	door	64326	0.835	2	2	1.261
1508	Constant	64819	0.841	2	2	1.25
1509	Sometimes	226924	2.945	7	3	1.249
1510	Fleet	32439	0.421	1	1	1.248
1511	reverend	32495	0.422	1	1	1.246
1512	Bond	32545	0.422	1	1	1.244
1513	accused	32564	0.423	1	1	1.243
1514	making	195439	2.536	6	6	1.242
1515	thin	32659	0.424	1	1	1.239
1516	make	1313915	17.049	40	31	1.23
1517	endure	66031	0.857	2	2	1.223
1518	executed	33017	0.428	1	1	1.223
1519	record	33094	0.429	1	1	1.22
1520	Influence	33133	0.43	1	1	1.218
1521	Phrase	33297	0.432	1	1	1.211
1522	Trinity	33437	0.434	1	1	1.205
1523	like	1070087	13.886	32	29	1.204
1524	goes	100413	1.303	3	3	1.203
1525	lose	66954	0.869	2	2	1.203
1526	Shore	33521	0.435	1	1	1.201
1527	sees	33635	0.436	1	1	1.196
1528	v.	202373	2.626	6	5	1.192
1529	Hen	33893	0.44	1	1	1.185
1530	Alas	67915	0.881	2	2	1.182
1531	VII	34063	0.442	1	1	1.178
1532	judgments	34069	0.442	1	1	1.178
1533	bred	34100	0.443	1	1	1.176
1534	confession	68490	0.889	2	1	1.17
1535	physic	34467	0.447	1	1	1.161
1536	uncertain	34586	0.449	1	1	1.156
1537	Friend	138523	1.798	4	4	1.154
1538	John	415725	5.395	12	10	1.153
1539	once	277740	3.604	8	7	1.15
1540	demanded	34888	0.453	1	1	1.143
1541	Flesh	279311	3.624	8	7	1.142
1542	called	768363	9.97	22	22	1.142
1543	thou	1398203	18.143	40	26	1.141
1544	Serious	35051	0.455	1	1	1.137
1545	delights	35263	0.458	1	1	1.128
1546	Monsieur	35326	0.458	1	1	1.125
1547	habit	35431	0.46	1	1	1.121
1548	shortly	35459	0.46	1	1	1.12
1549	down	533657	6.925	15	12	1.115
1550	Tower	35614	0.462	1	1	1.114
1551	37	35612	0.462	1	1	1.114
1552	Laying	35626	0.462	1	1	1.113
1553	Poverty	35712	0.463	1	1	1.11
1554	Special	107206	1.391	3	2	1.109
1555	Verses	35860	0.465	1	1	1.104
1556	engaged	35885	0.466	1	1	1.103
1557	acknowledged	35881	0.466	1	1	1.103
1558	Arguments	71833	0.932	2	2	1.101
1559	each	252025	3.27	7	6	1.098
1560	double	72073	0.935	2	1	1.097
1561	Courage	72091	0.936	2	2	1.096
1562	sure	217623	2.824	6	6	1.087
1563	mistake	36342	0.472	1	1	1.084
1564	Jer.	36352	0.472	1	1	1.084
1565	am	509469	6.611	14	9	1.083
1566	Garden	36538	0.474	1	1	1.077
1567	possess	36617	0.475	1	1	1.074
1568	turned	109846	1.425	3	3	1.074
1569	resolve	36730	0.477	1	1	1.069
1570	became	73544	0.954	2	2	1.067
1571	vast	36772	0.477	1	1	1.067
1572	Mysteries	36792	0.477	1	1	1.067
1573	&c	479189	6.218	13	11	1.064
1574	Overthrow	36900	0.479	1	1	1.063
1575	does	222564	2.888	6	6	1.055
1576	Palace	37162	0.482	1	1	1.052
1577	ruin	74606	0.968	2	1	1.047
1578	disposed	37317	0.484	1	1	1.046
1579	Fat	37322	0.484	1	1	1.046
1580	writ	74728	0.97	2	2	1.044
1581	Wilderness	37400	0.485	1	1	1.043
1582	gone	112323	1.458	3	3	1.041
1583	intend	37477	0.486	1	1	1.04
1584	while	300747	3.903	8	5	1.036
1585	bow	37729	0.49	1	1	1.03
1586	wrath	113648	1.475	3	3	1.025
1587	Dan	38042	0.494	1	1	1.019
1588	brave	38044	0.494	1	1	1.018
1589	lips	38066	0.494	1	1	1.018
1590	per	190947	2.478	5	1	1.013
1591	praying	38212	0.496	1	1	1.012
1592	maintained	38390	0.498	1	1	1.005
1593	committed	115180	1.495	3	3	1.005
1594	FINIS	38468	0.499	1	1	1.002
1595	Reign	115734	1.502	3	3	0.998
1596	rising	38647	0.502	1	1	0.996
1597	Deserved	38662	0.502	1	1	0.995
1598	Chap	271060	3.517	7	3	0.993
1599	Qualities	38805	0.504	1	1	0.99
1600	hide	38812	0.504	1	1	0.99
1601	Senate	38824	0.504	1	1	0.989
1602	procure	38952	0.505	1	1	0.985
1603	George	39058	0.507	1	1	0.981
1604	whose	468798	6.083	12	9	0.98
1605	12	195478	2.537	5	5	0.979
1606	gain	78199	1.015	2	2	0.979
1607	Teeth	39404	0.511	1	1	0.968
1608	follows	118360	1.536	3	3	0.966
1609	whereupon	78977	1.025	2	1	0.965
1610	lively	39523	0.513	1	1	0.963
1611	attain	39646	0.514	1	1	0.959
1612	Consent	119423	1.55	3	3	0.953
1613	36	39832	0.517	1	1	0.952
1614	wants	39855	0.517	1	1	0.951
1615	profane	40020	0.519	1	1	0.945
1616	?	2527462	32.797	63	40	0.942
1617	viz.	161354	2.094	4	2	0.934
1618	8	242055	3.141	6	4	0.934
1619	deceive	40456	0.525	1	1	0.93
1620	fain	40564	0.526	1	1	0.926
1621	Provide	40597	0.527	1	1	0.925
1622	Lastly	81334	1.055	2	2	0.922
1623	Natures	40702	0.528	1	1	0.921
1624	House	407406	5.287	10	8	0.92
1625	pounds	40756	0.529	1	1	0.919
1626	notable	40823	0.53	1	1	0.917
1627	Fool	41266	0.536	1	1	0.901
1628	openly	41440	0.538	1	1	0.895
1629	colours	41565	0.539	1	1	0.891
1630	intention	41747	0.542	1	1	0.884
1631	evident	83651	1.086	2	1	0.882
1632	Honey	41845	0.543	1	1	0.881
1633	embrace	41941	0.544	1	1	0.878
1634	roots	42047	0.546	1	1	0.874
1635	Prejudice	42088	0.546	1	1	0.873
1636	running	42083	0.546	1	1	0.873
1637	Rare	42119	0.547	1	1	0.872
1638	5	338721	4.395	8	6	0.864
1639	whither	42388	0.55	1	1	0.862
1640	Milk	42416	0.55	1	1	0.861
1641	Infants	42501	0.552	1	1	0.859
1642	Fact	42577	0.553	1	1	0.856
1643	confess	127821	1.659	3	3	0.855
1644	utter	42614	0.553	1	1	0.855
1645	honoured	42718	0.554	1	1	0.851
1646	grand	42729	0.555	1	1	0.851
1647	distinction	42763	0.555	1	1	0.85
1648	Rent	42785	0.555	1	1	0.849
1649	Description	42949	0.557	1	1	0.843
1650	benefits	42986	0.558	1	1	0.842
1651	presented	43069	0.559	1	1	0.839
1652	or	6140246	79.676	142	81	0.834
1653	18	129797	1.684	3	3	0.833
1654	Forms	43593	0.566	1	1	0.822
1655	hour	87383	1.134	2	2	0.819
1656	alleged	43807	0.568	1	1	0.815
1657	sit	131502	1.706	3	3	0.814
1658	bringing	44028	0.571	1	1	0.808
1659	yours	44031	0.571	1	1	0.808
1660	fancy	44141	0.573	1	1	0.804
1661	Dust	44440	0.577	1	1	0.794
1662	please	133516	1.733	3	3	0.792
1663	Reputation	44574	0.578	1	1	0.79
1664	appearance	44583	0.579	1	1	0.79
1665	17	133873	1.737	3	2	0.788
1666	yes	44644	0.579	1	1	0.788
1667	il	44690	0.58	1	1	0.786
1668	Neck	44710	0.58	1	1	0.785
1669	Poor	313465	4.068	7	6	0.783
1670	di	44811	0.582	1	1	0.782
1671	unjust	44820	0.582	1	1	0.782
1672	defence	89679	1.164	2	2	0.781
1673	draw	134904	1.751	3	3	0.777
1674	highly	45059	0.585	1	1	0.774
1675	Institution	45069	0.585	1	1	0.774
1676	Abuse	45195	0.587	1	1	0.77
1677	half	181109	2.35	4	4	0.767
1678	Hill	45286	0.588	1	1	0.767
1679	you	3714542	48.2	82	53	0.767
1680	Face	181454	2.355	4	4	0.765
1681	remain	90767	1.178	2	2	0.764
1682	Mine	181777	2.359	4	4	0.762
1683	concerned	45475	0.59	1	1	0.761
1684	main	45562	0.591	1	1	0.758
1685	Math	45572	0.591	1	1	0.758
1686	settled	45575	0.591	1	1	0.758
1687	easy	91240	1.184	2	2	0.756
1688	Patient	45655	0.592	1	1	0.755
1689	master	228418	2.964	5	5	0.754
1690	Guard	45684	0.593	1	1	0.754
1691	strong	182777	2.372	4	4	0.754
1692	belongs	45900	0.596	1	1	0.748
1693	Affliction	45899	0.596	1	1	0.748
1694	expected	45982	0.597	1	1	0.745
1695	rage	46100	0.598	1	1	0.741
1696	laid	184949	2.4	4	4	0.737
1697	store	46312	0.601	1	1	0.735
1698	Freedom	46462	0.603	1	1	0.73
1699	cut	140466	1.823	3	3	0.719
1700	Crown	140652	1.825	3	3	0.717
1701	ones	94155	1.222	2	2	0.711
1702	where	1086411	14.097	23	18	0.706
1703	Wall	47250	0.613	1	1	0.706
1704	History	94546	1.227	2	1	0.705
1705	United	47414	0.615	1	1	0.701
1706	Devotion	47524	0.617	1	1	0.697
1707	lately	47691	0.619	1	1	0.692
1708	15.	95551	1.24	2	2	0.69
1709	lower	47845	0.621	1	1	0.688
1710	warrant	48147	0.625	1	1	0.679
1711	fine	96522	1.253	2	2	0.675
1712	Philip	48328	0.627	1	1	0.673
1713	worst	48340	0.627	1	1	0.673
1714	20	145215	1.884	3	3	0.671
1715	ye	825703	10.714	17	13	0.666
1716	burning	48634	0.631	1	1	0.664
1717	Burden	48806	0.633	1	1	0.659
1718	happen	48850	0.634	1	1	0.658
1719	my	2492426	32.342	51	34	0.657
1720	commonly	97748	1.268	2	2	0.657
1721	charged	49036	0.636	1	1	0.652
1722	spoken	147126	1.909	3	2	0.652
1723	States	49055	0.637	1	1	0.652
1724	Heavens	49058	0.637	1	1	0.652
1725	pretence	49124	0.637	1	1	0.65
1726	Sacrifices	49194	0.638	1	1	0.648
1727	Col.	49217	0.639	1	1	0.647
1728	abundance	49441	0.642	1	1	0.64
1729	than	940786	12.208	19	18	0.638
1730	Golden	49785	0.646	1	1	0.63
1731	naturally	49783	0.646	1	1	0.63
1732	get	149760	1.943	3	3	0.626
1733	on	1948583	25.285	39	31	0.625
1734	Servants	149996	1.946	3	3	0.624
1735	James	100348	1.302	2	2	0.619
1736	External	50280	0.652	1	1	0.616
1737	away	504942	6.552	10	9	0.61
1738	short	151930	1.972	3	3	0.606
1739	Instruments	50653	0.657	1	1	0.605
1740	Posterity	50699	0.658	1	1	0.604
1741	says	304429	3.95	6	4	0.603
1742	express	101655	1.319	2	2	0.6
1743	Revealed	50925	0.661	1	1	0.598
1744	thinking	51014	0.662	1	1	0.595
1745	punished	51064	0.663	1	1	0.594
1746	commit	51155	0.664	1	1	0.591
1747	Fellow	51208	0.665	1	1	0.59
1748	Prophecy	51210	0.665	1	1	0.59
1749	Seat	51212	0.665	1	1	0.59
1750	single	51634	0.67	1	1	0.578
1751	imagine	51686	0.671	1	1	0.576
1752	aside	51692	0.671	1	1	0.576
1753	sweet	155475	2.018	3	3	0.572
1754	possessed	51998	0.675	1	1	0.568
1755	looks	52264	0.678	1	1	0.56
1756	born	104623	1.358	2	2	0.559
1757	;	9536348	123.744	182	124	0.557
1758	me	1731164	22.464	33	20	0.555
1759	esteemed	52613	0.683	1	1	0.551
1760	excuse	52632	0.683	1	1	0.55
1761	going	105462	1.369	2	2	0.547
1762	Husband	105631	1.371	2	2	0.545
1763	foolish	52888	0.686	1	1	0.543
1764	leave	264688	3.435	5	5	0.542
1765	solemn	52962	0.687	1	1	0.541
1766	suddenly	53066	0.689	1	1	0.538
1767	secure	53168	0.69	1	1	0.536
1768	Still	373001	4.84	7	7	0.532
1769	spent	53460	0.694	1	1	0.528
1770	wound	53525	0.695	1	1	0.526
1771	apt	53529	0.695	1	1	0.526
1772	falling	53567	0.695	1	1	0.525
1773	Heathen	53596	0.696	1	1	0.524
1774	de	804522	10.44	15	8	0.523
1775	mouth	161086	2.09	3	3	0.521
1776	mighty	107406	1.394	2	2	0.521
1777	Conversation	53957	0.7	1	1	0.514
1778	sound	107925	1.4	2	2	0.514
1779	public	215912	2.802	4	4	0.514
1780	Virgin	54072	0.702	1	1	0.511
1781	drawn	108352	1.406	2	2	0.508
1782	abide	54229	0.704	1	1	0.507
1783	Glass	54513	0.707	1	1	0.499
1784	deceived	54539	0.708	1	1	0.499
1785	lusts	54617	0.709	1	1	0.497
1786	shall	2624249	34.052	48	27	0.495
1787	Wine	164447	2.134	3	3	0.491
1788	brings	54834	0.712	1	1	0.491
1789	Bold	54959	0.713	1	1	0.488
1790	Talk	54978	0.713	1	1	0.487
1791	help	220081	2.856	4	4	0.486
1792	Iron	55040	0.714	1	1	0.486
1793	mentioned	110171	1.43	2	2	0.484
1794	Henry	110662	1.436	2	1	0.478
1795	Ordinances	55387	0.719	1	1	0.477
1796	Generation	55724	0.723	1	1	0.468
1797	self	948089	12.303	17	14	0.467
1798	Satan	111662	1.449	2	2	0.465
1799	Prophets	111696	1.449	2	2	0.465
1800	judgement	111780	1.451	2	1	0.463
1801	sixth	55973	0.726	1	1	0.461
1802	Church	1175787	15.257	21	17	0.461
1803	thy	1346327	17.47	24	18	0.458
1804	rather	393402	5.105	7	7	0.456
1805	judged	56237	0.73	1	1	0.455
1806	Consciences	56276	0.73	1	1	0.454
1807	accounted	56307	0.731	1	1	0.453
1808	render	56345	0.731	1	1	0.452
1809	luck	56354	0.731	1	1	0.451
1810	Mountains	56383	0.732	1	1	0.451
1811	Mass	56555	0.734	1	1	0.446
1812	How	1244740	16.152	22	17	0.446
1813	offered	113433	1.472	2	2	0.442
1814	little	624322	8.101	11	10	0.441
1815	clearly	57009	0.74	1	1	0.435
1816	dark	57339	0.744	1	1	0.427
1817	often	229358	2.976	4	4	0.427
1818	apply	57357	0.744	1	1	0.426
1819	moral	57607	0.748	1	1	0.42
1820	become	172873	2.243	3	3	0.419
1821	distance	57644	0.748	1	1	0.419
1822	the	59190422	768.058	1026	313	0.418
1823	glad	57752	0.749	1	1	0.416
1824	Arms	173309	2.249	3	3	0.416
1825	County	57797	0.75	1	1	0.415
1826	Though	1040761	13.505	18	17	0.415
1827	fallen	57829	0.75	1	1	0.414
1828	Besides	231481	3.004	4	4	0.413
1829	finding	57977	0.752	1	1	0.411
1830	Horses	58059	0.753	1	1	0.409
1831	whosoever	58235	0.756	1	1	0.404
1832	wont	58350	0.757	1	1	0.401
1833	length	117029	1.519	2	2	0.397
1834	giving	117136	1.52	2	2	0.396
1835	taste	58748	0.762	1	1	0.392
1836	paid	58812	0.763	1	1	0.39
1837	Cardinal	58899	0.764	1	1	0.388
1838	hand	471988	6.125	8	6	0.385
1839	Ceremonies	59141	0.767	1	1	0.382
1840	measure	118535	1.538	2	2	0.379
1841	go	533648	6.925	9	8	0.378
1842	condemn	59378	0.771	1	1	0.376
1843	an	2497908	32.413	42	38	0.374
1844	term	59683	0.774	1	1	0.369
1845	Conscience	238823	3.099	4	4	0.368
1846	loose	59737	0.775	1	1	0.367
1847	'	59808	0.776	1	1	0.366
1848	spiritual	239256	3.105	4	4	0.366
1849	e.	119746	1.554	2	2	0.364
1850	Love	838220	10.877	14	11	0.364
1851	Magistrates	59888	0.777	1	1	0.364
1852	sake	119831	1.555	2	2	0.363
1853	Names	120160	1.559	2	2	0.359
1854	wrote	60122	0.78	1	1	0.358
1855	whom	782727	10.157	13	11	0.356
1856	Revenge	60376	0.783	1	1	0.352
1857	Gentlemen	60495	0.785	1	1	0.349
1858	mortal	60563	0.786	1	1	0.348
1859	thee	728077	9.448	12	10	0.345
1860	Spring	60792	0.789	1	1	0.342
1861	breath	60807	0.789	1	1	0.342
1862	6	304045	3.945	5	5	0.342
1863	Confidence	60886	0.79	1	1	0.34
1864	mean	244094	3.167	4	4	0.337
1865	ere	61209	0.794	1	1	0.332
1866	,	97296499	1262.525	1589	421	0.332
1867	Party	122702	1.592	2	2	0.329
1868	Land	307074	3.985	5	2	0.327
1869	join	61462	0.798	1	1	0.326
1870	upon	2522161	32.728	41	31	0.325
1871	began	184715	2.397	3	3	0.324
1872	Town	184940	2.4	3	3	0.322
1873	base	61654	0.8	1	1	0.322
1874	wicked	246712	3.201	4	4	0.321
1875	along	61778	0.802	1	1	0.319
1876	curse	61992	0.804	1	1	0.314
1877	perceive	62013	0.805	1	1	0.313
1878	Text	124188	1.612	2	2	0.312
1879	Italy	62147	0.806	1	1	0.31
1880	pleasure	186565	2.421	3	3	0.309
1881	changed	62232	0.808	1	1	0.308
1882	prevent	62672	0.813	1	1	0.298
1883	Money	188212	2.442	3	3	0.297
1884	inhabitants	62803	0.815	1	1	0.295
1885	P.	440626	5.718	7	6	0.292
1886	II	125905	1.634	2	2	0.292
1887	Powers	63000	0.818	1	1	0.291
1888	Prison	63013	0.818	1	1	0.29
1889	Did	1515759	19.669	24	21	0.287
1890	Supposed	63181	0.82	1	1	0.287
1891	give	758276	9.839	12	8	0.286
1892	continually	63423	0.823	1	1	0.281
1893	Nor	1146191	14.873	18	15	0.275
1894	no	2739631	35.55	43	35	0.275
1895	carried	127788	1.658	2	2	0.27
1896	.	39047260	506.679	609	220	0.265
1897	between	321208	4.168	5	4	0.263
1898	difference	128593	1.669	2	2	0.261
1899	who	2315377	30.045	36	31	0.261
1900	liberty	193859	2.516	3	3	0.254
1901	months	65020	0.844	1	1	0.245
1902	cause	585252	7.594	9	6	0.245
1903	Avoid	65191	0.846	1	1	0.241
1904	innocent	65570	0.851	1	1	0.233
1905	Hours	65642	0.852	1	1	0.231
1906	fit	197019	2.557	3	3	0.231
1907	lying	65748	0.853	1	1	0.229
1908	Gentleman	66021	0.857	1	1	0.223
1909	higher	66116	0.858	1	1	0.221
1910	destroyed	66138	0.858	1	1	0.221
1911	meet	132574	1.72	2	2	0.217
1912	Beloved	66576	0.864	1	1	0.211
1913	this	6548918	84.979	98	50	0.206
1914	trial	66850	0.867	1	1	0.205
1915	your	2073026	26.9	31	20	0.205
1916	Issue	66951	0.869	1	1	0.203
1917	persuaded	67094	0.871	1	1	0.2
1918	Letter	134624	1.747	2	2	0.195
1919	run	134767	1.749	2	2	0.194
1920	extraordinary	67414	0.875	1	1	0.193
1921	Clergy	67422	0.875	1	1	0.193
1922	private	134915	1.751	2	2	0.192
1923	is	12301699	159.628	182	101	0.189
1924	three	474878	6.162	7	6	0.184
1925	Month	67860	0.881	1	1	0.183
1926	Horse	136110	1.766	2	2	0.179
1927	e	136544	1.772	2	2	0.175
1928	Throne	68392	0.888	1	1	0.172
1929	large	136943	1.777	2	2	0.171
1930	Father	550491	7.143	8	7	0.163
1931	Mary	68927	0.894	1	1	0.161
1932	Lawful	138238	1.794	2	2	0.157
1933	thousand	207672	2.695	3	3	0.155
1934	would	1733888	22.499	25	23	0.152
1935	particularly	69414	0.901	1	1	0.151
1936	bare	69451	0.901	1	1	0.15
1937	I	6187300	80.287	89	54	0.149
1938	Ghost	139834	1.815	2	2	0.14
1939	oft	69946	0.908	1	1	0.14
1940	divers	210634	2.733	3	3	0.134
1941	of	39170514	508.279	555	251	0.127
1942	almost	141302	1.834	2	2	0.125
1943	Protestants	71207	0.924	1	1	0.114
1944	Fathers	213875	2.775	3	3	0.112
1945	utterly	71440	0.927	1	1	0.109
1946	D	143450	1.861	2	2	0.104
1947	wickedness	71915	0.933	1	1	0.1
1948	aut	71993	0.934	1	1	0.098
1949	Raise	72133	0.936	1	1	0.095
1950	knows	144623	1.877	2	2	0.092
1951	with	6743369	87.502	93	69	0.088
1952	Priests	145909	1.893	2	2	0.079
1953	will	2993503	38.844	41	37	0.078
1954	F.	73082	0.948	1	1	0.077
1955	Well	1096551	14.229	15	14	0.076
1956	expect	73209	0.95	1	1	0.074
1957	Kingdoms	73313	0.951	1	1	0.072
1958	afterwards	146805	1.905	2	2	0.07
1959	London	146866	1.906	2	1	0.07
1960	Wealth	73703	0.956	1	1	0.064
1961	Temporal	73824	0.958	1	1	0.062
1962	red	74028	0.961	1	1	0.058
1963	during	74035	0.961	1	1	0.058
1964	wilt	74391	0.965	1	1	0.051
1965	new	447014	5.801	6	6	0.049
1966	&c.	299097	3.881	4	4	0.044
1967	and	37698224	489.174	504	240	0.043
1968	What	2320680	30.113	31	23	0.042
1969	Effects	75047	0.974	1	1	0.038
1970	expressed	75252	0.977	1	1	0.034
1971	seemed	75334	0.978	1	1	0.033
1972	Latin	75364	0.978	1	1	0.032
1973	many	1356675	17.604	18	15	0.032
1974	indeed	301803	3.916	4	3	0.031
1975	agree	75479	0.979	1	1	0.03
1976	Masters	75576	0.981	1	1	0.028
1977	Edward	75687	0.982	1	1	0.026
1978	Ecclesiastical	75702	0.982	1	1	0.026
1979	said	1514302	19.65	20	13	0.025
1980	Ages	75749	0.983	1	1	0.025
1981	Wisdom	228022	2.959	3	1	0.02
1982	behold	152112	1.974	2	2	0.019
1983	Women	152987	1.985	2	2	0.011
1984	cast	229673	2.98	3	2	0.01
1985	none	383245	4.973	5	5	0.008
1986	Popes	76677	0.995	1	1	0.007
1987	one	2538275	32.937	33	22	0.003
1988	Ignorance	77023	1	1	1	0.001
1989	l.	308378	4.002	4	3	-0.001
1990	first	1465032	19.01	19	17	-0.001
1991	England	309285	4.013	4	4	-0.005
1992	bring	310345	4.027	4	4	-0.01
1993	at	3182175	41.292	41	35	-0.01
1994	Gift	77682	1.008	1	1	-0.011
1995	credit	77984	1.012	1	1	-0.017
1996	root	78309	1.016	1	1	-0.023
1997	already	157133	2.039	2	2	-0.028
1998	for	9369441	121.578	119	84	-0.031
1999	Nay	158341	2.055	2	2	-0.039
2000	signifies	79472	1.031	1	1	-0.044
2001	n.	79817	1.036	1	1	-0.051
2002	space	80076	1.039	1	1	-0.055
2003	Castle	80430	1.044	1	1	-0.062
2004	that	17465266	226.63	217	127	-0.063
2005	live	322774	4.188	4	4	-0.066
2006	generally	80754	1.048	1	1	-0.068
2007	lives	161569	2.097	2	2	-0.068
2008	14	162434	2.108	2	2	-0.076
2009	profession	81244	1.054	1	1	-0.076
2010	knew	162531	2.109	2	2	-0.077
2011	late	162556	2.109	2	2	-0.077
2012	Israel	162651	2.111	2	2	-0.078
2013	Knight	81427	1.057	1	1	-0.079
2014	13	164052	2.129	2	2	-0.09
2015	forth	410791	5.33	5	5	-0.092
2016	was	5179337	67.207	63	51	-0.093
2017	since	412107	5.348	5	4	-0.097
2018	State	329799	4.28	4	4	-0.097
2019	can	1982819	25.729	24	21	-0.1
2020	un	83123	1.079	1	1	-0.109
2021	lead	83367	1.082	1	1	-0.113
2022	acknowledge	83501	1.084	1	1	-0.116
2023	cure	84022	1.09	1	1	-0.125
2024	grief	84127	1.092	1	1	-0.126
2025	doubt	169037	2.193	2	2	-0.133
2026	Head	338290	4.39	4	4	-0.134
2027	verse	254782	3.306	3	2	-0.14
2028	look	255208	3.312	3	3	-0.143
2029	stands	85073	1.104	1	1	-0.143
2030	piece	85080	1.104	1	1	-0.143
2031	comes	255457	3.315	3	3	-0.144
2032	precious	85205	1.106	1	1	-0.145
2033	found	426408	5.533	5	4	-0.146
2034	Author	170634	2.214	2	2	-0.147
2035	Officers	85656	1.112	1	1	-0.153
2036	obey	85680	1.112	1	1	-0.153
2037	Wit	172149	2.234	2	2	-0.16
2038	haste	258415	3.353	3	3	-0.161
2039	but	6983890	90.623	81	62	-0.162
2040	joined	86338	1.12	1	1	-0.164
2041	here	866663	11.246	10	10	-0.169
2042	Name	607418	7.882	7	7	-0.171
2043	sight	174034	2.258	2	2	-0.175
2044	ready	174387	2.263	2	1	-0.178
2045	show	349122	4.53	4	4	-0.18
2046	returned	87529	1.136	1	1	-0.184
2047	judge	262867	3.411	3	3	-0.185
2048	rise	87880	1.14	1	1	-0.189
2049	knowing	87901	1.141	1	1	-0.19
2050	Passion	88077	1.143	1	1	-0.193
2051	every	1057014	13.716	12	12	-0.193
2052	went	264770	3.436	3	2	-0.196
2053	terms	88303	1.146	1	1	-0.196
2054	30	88541	1.149	1	1	-0.2
2055	may	2661871	34.541	30	22	-0.203
2056	better	443737	5.758	5	4	-0.204
2057	Captain	88772	1.152	1	1	-0.204
2058	famous	88824	1.153	1	1	-0.205
2059	because	1157094	15.015	13	10	-0.208
2060	seems	178155	2.312	2	2	-0.209
2061	should	1871070	24.279	21	20	-0.209
2062	Q.	89193	1.157	1	1	-0.211
2063	against	1339213	17.378	15	13	-0.212
2064	Fall	267911	3.476	3	2	-0.213
2065	Bishops	179221	2.326	2	2	-0.218
2066	Come	1165618	15.125	13	12	-0.218
2067	forced	89873	1.166	1	1	-0.222
2068	think	539870	7.005	6	5	-0.224
2069	acts	180390	2.341	2	2	-0.227
2070	as	9292085	120.575	103	67	-0.227
2071	o	541781	7.03	6	6	-0.229
2072	Empire	90491	1.174	1	1	-0.232
2073	deliver	90659	1.176	1	1	-0.234
2074	black	90820	1.179	1	1	-0.237
2075	been	1095200	14.211	12	11	-0.244
2076	Had	2740575	35.562	30	28	-0.245
2077	to	27864128	361.566	305	158	-0.245
2078	stay	91988	1.194	1	1	-0.255
2079	two	926661	12.024	10	10	-0.266
2080	Learning	92794	1.204	1	1	-0.268
2081	used	278736	3.617	3	3	-0.27
2082	T	186780	2.424	2	2	-0.277
2083	Saint	186918	2.426	2	2	-0.278
2084	Reader	93498	1.213	1	1	-0.279
2085	ask	93732	1.216	1	1	-0.282
2086	high	281250	3.65	3	3	-0.283
2087	greater	281340	3.651	3	3	-0.283
2088	else	281410	3.652	3	3	-0.284
2089	open	187653	2.435	2	2	-0.284
2090	Shame	94222	1.223	1	1	-0.29
2091	Advantage	94526	1.227	1	1	-0.295
2092	hot	94567	1.227	1	1	-0.295
2093	Sacred	94725	1.229	1	1	-0.298
2094	left	284479	3.691	3	3	-0.299
2095	die	284558	3.692	3	3	-0.3
2096	among	379416	4.923	4	4	-0.3
2097	now	1519152	19.713	16	16	-0.301
2098	bad	95210	1.236	1	1	-0.305
2099	suffer	191145	2.48	2	2	-0.311
2100	happiness	95587	1.24	1	1	-0.311
2101	Beauty	95667	1.241	1	1	-0.312
2102	pains	95716	1.242	1	1	-0.313
2103	hath	1823449	23.661	19	13	-0.317
2104	offer	96063	1.247	1	1	-0.318
2105	gives	192161	2.494	2	2	-0.318
2106	Sorrow	96091	1.247	1	1	-0.318
2107	Lies	96467	1.252	1	1	-0.324
2108	Children	387096	5.023	4	2	-0.329
2109	let	968524	12.568	10	10	-0.33
2110	Speaking	96859	1.257	1	1	-0.33
2111	Kingdom	388117	5.036	4	3	-0.332
2112	begin	97196	1.261	1	1	-0.335
2113	after	1272516	16.512	13	11	-0.345
2114	strength	196140	2.545	2	2	-0.348
2115	continued	98376	1.277	1	1	-0.352
2116	Affairs	98583	1.279	1	1	-0.355
2117	brought	394377	5.118	4	4	-0.355
2118	:	8018849	104.053	81	58	-0.361
2119	Beasts	99530	1.292	1	1	-0.369
2120	if	3293480	42.736	33	27	-0.373
2121	perhaps	99958	1.297	1	1	-0.375
2122	Authority	299886	3.891	3	3	-0.375
2123	be	9896153	128.413	99	76	-0.375
2124	made	1503973	19.516	15	15	-0.38
2125	are	5017099	65.102	50	36	-0.381
2126	William	100370	1.302	1	1	-0.381
2127	Greatest	200955	2.608	2	2	-0.383
2128	declare	100528	1.305	1	1	-0.383
2129	consideration	100610	1.306	1	1	-0.385
2130	take	907131	11.771	9	9	-0.387
2131	colour	100836	1.309	1	1	-0.388
2132	)	3126749	40.573	31	25	-0.388
2133	Royal	101049	1.311	1	1	-0.391
2134	Darkness	101306	1.315	1	1	-0.395
2135	Catholic	101512	1.317	1	1	-0.397
2136	Religion	406309	5.272	4	4	-0.398
2137	content	101607	1.319	1	1	-0.399
2138	Communion	101932	1.323	1	1	-0.403
2139	sorts	102012	1.324	1	1	-0.405
2140	fair	204535	2.654	2	2	-0.408
2141	also	1433690	18.604	14	12	-0.41
2142	Feet	102703	1.333	1	1	-0.414
2143	Testimony	102732	1.333	1	1	-0.415
2144	only	1544540	20.042	15	12	-0.418
2145	pro	103839	1.347	1	1	-0.43
2146	twenty	103869	1.348	1	1	-0.431
2147	9	208082	2.7	2	2	-0.433
2148	sign	104160	1.352	1	1	-0.435
2149	too	521045	6.761	5	5	-0.435
2150	Charity	104646	1.358	1	1	-0.441
2151	longer	105304	1.366	1	1	-0.45
2152	promised	105333	1.367	1	1	-0.451
2153	Pride	105444	1.368	1	1	-0.452
2154	follow	211834	2.749	2	2	-0.459
2155	motion	106536	1.382	1	1	-0.467
2156	21	106558	1.383	1	1	-0.467
2157	nothing	640275	8.308	6	6	-0.47
2158	years	427133	5.543	4	4	-0.471
2159	13.	106799	1.386	1	1	-0.471
2160	minds	106848	1.387	1	1	-0.471
2161	his	9217642	119.609	86	61	-0.476
2162	yet	1835928	23.823	17	14	-0.487
2163	likewise	215998	2.803	2	1	-0.487
2164	somewhat	108061	1.402	1	1	-0.488
2165	free	216340	2.807	2	2	-0.489
2166	Jerusalem	108264	1.405	1	1	-0.49
2167	grow	108376	1.406	1	1	-0.492
2168	ever	652700	8.47	6	5	-0.497
2169	hands	327530	4.25	3	3	-0.503
2170	dear	109293	1.418	1	1	-0.504
2171	these	1985969	25.77	18	12	-0.518
2172	design	110482	1.434	1	1	-0.52
2173	People	885047	11.484	8	5	-0.522
2174	promises	110749	1.437	1	1	-0.523
2175	wherein	332751	4.318	3	3	-0.525
2176	walk	111166	1.443	1	1	-0.529
2177	never	778679	10.104	7	7	-0.53
2178	m	111752	1.45	1	1	-0.536
2179	Creature	112250	1.457	1	1	-0.543
2180	then	2700348	35.04	24	21	-0.546
2181	meant	112513	1.46	1	1	-0.546
2182	last	450430	5.845	4	4	-0.547
2183	Interest	112821	1.464	1	1	-0.55
2184	there	2595192	33.675	23	19	-0.55
2185	caused	113016	1.467	1	1	-0.552
2186	more	2262327	29.356	20	17	-0.554
2187	Fourth	113523	1.473	1	1	-0.559
2188	lived	113584	1.474	1	1	-0.56
2189	Another	682313	8.854	6	6	-0.561
2190	long	571124	7.411	5	5	-0.568
2191	Action	114368	1.484	1	1	-0.569
2192	him	4270811	55.418	37	32	-0.583
2193	11.	115752	1.502	1	1	-0.587
2194	Title	115960	1.505	1	1	-0.589
2195	Members	116122	1.507	1	1	-0.591
2196	near	232787	3.021	2	2	-0.595
2197	Tongue	116704	1.514	1	1	-0.599
2198	remember	116819	1.516	1	1	-0.6
2199	Parts	350458	4.548	3	3	-0.6
2200	thought	352735	4.577	3	2	-0.609
2201	proved	118293	1.535	1	1	-0.618
2202	certainly	118694	1.54	1	1	-0.623
2203	heavenly	118984	1.544	1	1	-0.627
2204	lay	238823	3.099	2	2	-0.632
2205	Cold	119553	1.551	1	1	-0.633
2206	by	7416468	96.237	62	47	-0.634
2207	presently	119716	1.553	1	1	-0.635
2208	Pope	240165	3.116	2	2	-0.64
2209	see	961542	12.477	8	7	-0.641
2210	purpose	240680	3.123	2	1	-0.643
2211	send	120341	1.562	1	1	-0.643
2212	Paul	240876	3.126	2	2	-0.644
2213	out	1686345	21.882	14	14	-0.644
2214	Justice	242072	3.141	2	1	-0.651
2215	believe	363239	4.713	3	3	-0.652
2216	say	1089806	14.141	9	9	-0.652
2217	further	242781	3.15	2	2	-0.655
2218	2	973176	12.628	8	7	-0.659
2219	took	243304	3.157	2	2	-0.659
2220	War	243324	3.157	2	2	-0.659
2221	Hold	243646	3.162	2	2	-0.661
2222	so	5366625	69.638	44	34	-0.662
2223	change	122021	1.583	1	1	-0.663
2224	Bishop	244304	3.17	2	2	-0.665
2225	through	491298	6.375	4	4	-0.672
2226	past	123448	1.602	1	1	-0.68
2227	Honour	374182	4.855	3	3	-0.695
2228	Except	124877	1.62	1	1	-0.696
2229	side	250068	3.245	2	2	-0.698
2230	understood	125485	1.628	1	1	-0.703
2231	own	1256418	16.303	10	10	-0.705
2232	Second	377815	4.903	3	2	-0.709
2233	trust	126242	1.638	1	1	-0.712
2234	till	379902	4.93	3	3	-0.717
2235	Books	126983	1.648	1	1	-0.72
2236	Servant	127075	1.649	1	1	-0.722
2237	betwixt	127079	1.649	1	1	-0.722
2238	present	383135	4.972	3	3	-0.729
2239	B.	127907	1.66	1	1	-0.731
2240	Business	128020	1.661	1	1	-0.732
2241	Sword	128215	1.664	1	1	-0.734
2242	known	257669	3.344	2	2	-0.741
2243	glorious	128843	1.672	1	1	-0.741
2244	they	6960305	90.317	54	34	-0.742
2245	doing	129395	1.679	1	1	-0.748
2246	pleased	129448	1.68	1	1	-0.748
2247	When	2343068	30.404	18	17	-0.756
2248	French	130315	1.691	1	1	-0.758
2249	Seed	130549	1.694	1	1	-0.76
2250	former	261116	3.388	2	2	-0.761
2251	from	3924250	50.921	30	24	-0.763
2252	(	3147389	40.841	24	21	-0.767
2253	not	8929558	115.87	68	51	-0.769
2254	Thus	788750	10.235	6	5	-0.77
2255	Man	1972758	25.599	15	13	-0.771
2256	in	20011385	259.669	152	106	-0.773
2257	much	1448309	18.793	11	11	-0.773
2258	rest	396125	5.14	3	3	-0.777
2259	happy	132157	1.715	1	1	-0.778
2260	Nations	132713	1.722	1	1	-0.784
2261	Thence	133035	1.726	1	1	-0.788
2262	world	932868	12.105	7	7	-0.79
2263	which	6940930	90.066	52	36	-0.792
2264	save	133689	1.735	1	1	-0.795
2265	teach	134574	1.746	1	1	-0.804
2266	could	808277	10.488	6	6	-0.806
2267	outward	135202	1.754	1	1	-0.811
2268	fear	406154	5.27	3	2	-0.813
2269	cross	135455	1.758	1	1	-0.814
2270	might	949632	12.323	7	6	-0.816
2271	dare	135920	1.764	1	1	-0.819
2272	hear	273421	3.548	2	2	-0.827
2273	answered	137849	1.789	1	1	-0.839
2274	hence	139086	1.805	1	1	-0.852
2275	up	1119358	14.525	8	8	-0.86
2276	received	280865	3.645	2	2	-0.866
2277	Just	281045	3.647	2	2	-0.867
2278	si	141064	1.831	1	1	-0.872
2279	he	9215356	119.579	65	51	-0.879
2280	work	425644	5.523	3	3	-0.881
2281	Praise	141937	1.842	1	1	-0.881
2282	Blood	426566	5.535	3	3	-0.884
2283	most	1280269	16.613	9	8	-0.884
2284	Rich	142318	1.847	1	1	-0.885
2285	actions	142378	1.848	1	1	-0.886
2286	showed	142959	1.855	1	1	-0.891
2287	day	864384	11.216	6	6	-0.903
2288	home	144093	1.87	1	1	-0.903
2289	4	434750	5.641	3	3	-0.911
2290	gave	290757	3.773	2	2	-0.916
2291	Enter	145726	1.891	1	1	-0.919
2292	have	4691254	60.874	32	31	-0.928
2293	Noble	146938	1.907	1	1	-0.931
2294	being	1764433	22.895	12	11	-0.932
2295	fire	294315	3.819	2	2	-0.933
2296	together	444738	5.771	3	2	-0.944
2297	set	595126	7.722	4	4	-0.949
2298	16	148850	1.932	1	1	-0.95
2299	Hell	149518	1.94	1	1	-0.956
2300	Book	299396	3.885	2	2	-0.958
2301	true	751380	9.75	5	5	-0.963
2302	do	2417629	31.371	16	16	-0.971
2303	fell	151275	1.963	1	1	-0.973
2304	easily	151870	1.971	1	1	-0.979
2305	put	607656	7.885	4	4	-0.979
2306	always	304181	3.947	2	2	-0.981
2307	Gold	152169	1.975	1	1	-0.982
2308	several	304872	3.956	2	2	-0.984
2309	speaks	153099	1.987	1	1	-0.99
2310	some	1845849	23.952	12	8	-0.997
2311	plain	154580	2.006	1	1	-1.004
2312	unless	154621	2.006	1	1	-1.005
2313	Five	154870	2.01	1	1	-1.007
2314	15	154905	2.01	1	1	-1.007
2315	kind	310094	4.024	2	2	-1.009
2316	all	5908829	76.673	38	26	-1.013
2317	again	627628	8.144	4	4	-1.026
2318	Bread	156950	2.037	1	1	-1.026
2319	find	472931	6.137	3	2	-1.033
2320	sayeth	633645	8.222	4	4	-1.04
2321	Secondly	160056	2.077	1	1	-1.054
2322	taken	481305	6.245	3	3	-1.058
2323	good	1608969	20.878	10	10	-1.062
2324	yea	321813	4.176	2	2	-1.062
2325	act	322490	4.185	2	2	-1.065
2326	right	484646	6.289	3	3	-1.068
2327	such	2262212	29.355	14	12	-1.068
2328	Enemy	162072	2.103	1	1	-1.073
2329	proper	163180	2.117	1	1	-1.082
2330	se	163405	2.12	1	1	-1.084
2331	King	1308410	16.978	8	8	-1.086
2332	given	491070	6.372	3	2	-1.087
2333	Spirit	654859	8.498	4	3	-1.087
2334	lost	164242	2.131	1	1	-1.092
2335	due	164838	2.139	1	1	-1.097
2336	general	331599	4.303	2	2	-1.105
2337	course	166149	2.156	1	1	-1.108
2338	seem	166761	2.164	1	1	-1.114
2339	very	1174247	15.237	7	7	-1.122
2340	less	337828	4.384	2	2	-1.132
2341	Whereas	170273	2.21	1	1	-1.144
2342	Brother	170744	2.216	1	1	-1.148
2343	Grace	516661	6.704	3	2	-1.16
2344	form	173701	2.254	1	1	-1.172
2345	Holy	701649	9.105	4	4	-1.187
2346	Command	177468	2.303	1	1	-1.203
2347	ill	177562	2.304	1	1	-1.204
2348	before	1422340	18.456	8	7	-1.206
2349	11	177974	2.309	1	1	-1.208
2350	whole	534092	6.93	3	3	-1.208
2351	Charge	178431	2.315	1	1	-1.211
2352	above	357391	4.638	2	2	-1.213
2353	Joy	178769	2.32	1	1	-1.214
2354	neither	537051	6.969	3	3	-1.216
2355	Non	359411	4.664	2	2	-1.221
2356	Chief	180904	2.347	1	1	-1.231
2357	Mans	181090	2.35	1	1	-1.233
2358	without	1089706	14.14	6	4	-1.237
2359	beginning	182083	2.363	1	1	-1.24
2360	promise	182124	2.363	1	1	-1.241
2361	person	366738	4.759	2	2	-1.251
2362	Wherefore	183911	2.386	1	1	-1.255
2363	certain	370843	4.812	2	2	-1.267
2364	want	185706	2.41	1	1	-1.269
2365	written	186305	2.418	1	1	-1.274
2366	Duke	187759	2.436	1	1	-1.285
2367	Word	751485	9.751	4	4	-1.286
2368	Army	188187	2.442	1	1	-1.288
2369	Saviour	188665	2.448	1	1	-1.292
2370	Way	756236	9.813	4	4	-1.295
2371	Friends	189996	2.465	1	1	-1.302
2372	must	1333555	17.304	7	6	-1.306
2373	learned	191725	2.488	1	1	-1.315
2374	6.	191822	2.489	1	1	-1.316
2375	Occasion	193025	2.505	1	1	-1.325
2376	having	579260	7.517	3	3	-1.325
2377	power	776557	10.077	4	4	-1.333
2378	Saints	194939	2.53	1	1	-1.339
2379	we	4105074	53.268	21	17	-1.343
2380	St.	195546	2.537	1	1	-1.343
2381	Condition	196366	2.548	1	1	-1.349
2382	bear	196568	2.551	1	1	-1.351
2383	days	393520	5.106	2	2	-1.352
2384	times	394191	5.115	2	2	-1.355
2385	sort	197789	2.567	1	1	-1.36
2386	few	199429	2.588	1	1	-1.372
2387	Light	399350	5.182	2	2	-1.374
2388	even	607522	7.883	3	3	-1.394
2389	Nature	607747	7.886	3	3	-1.394
2390	ought	406522	5.275	2	2	-1.399
2391	la	204980	2.66	1	1	-1.411
2392	Subject	206440	2.679	1	1	-1.422
2393	Worship	206782	2.683	1	1	-1.424
2394	unto	1880305	24.399	9	9	-1.439
2395	appear	209107	2.713	1	1	-1.44
2396	5.	210462	2.731	1	1	-1.449
2397	Account	211262	2.741	1	1	-1.455
2398	saying	211699	2.747	1	1	-1.458
2399	hundred	212307	2.755	1	1	-1.462
2400	Parliament	214227	2.78	1	1	-1.475
2401	words	643917	8.356	3	3	-1.478
2402	whether	435425	5.65	2	2	-1.498
2403	whereby	220196	2.857	1	1	-1.515
2404	especially	220705	2.864	1	1	-1.518
2405	others	665440	8.635	3	3	-1.525
2406	any	2444028	31.714	11	11	-1.528
2407	service	222275	2.884	1	1	-1.528
2408	thing	892670	11.583	4	4	-1.534
2409	Court	223217	2.897	1	1	-1.534
2410	care	224334	2.911	1	1	-1.542
2411	enough	225014	2.92	1	1	-1.546
2412	Blessed	226222	2.936	1	1	-1.554
2413	seen	227877	2.957	1	1	-1.564
2414	Lords	228223	2.961	1	1	-1.566
2415	it	11231693	145.743	49	37	-1.573
2416	other	2103223	27.292	9	9	-1.6
2417	Stand	235721	3.059	1	1	-1.613
2418	pass	235903	3.061	1	1	-1.614
2419	Death	707920	9.186	3	3	-1.614
2420	their	5435041	70.525	23	20	-1.617
2421	life	948809	12.312	4	4	-1.622
2422	time	1426900	18.516	6	6	-1.626
2423	were	2871299	37.258	12	9	-1.635
2424	came	478712	6.212	2	2	-1.635
2425	Hearts	239757	3.111	1	1	-1.637
2426	Virtue	240899	3.126	1	1	-1.644
2427	1	1451762	18.838	6	5	-1.651
2428	pray	242183	3.143	1	1	-1.652
2429	sin	729699	9.469	3	3	-1.658
2430	know	736780	9.561	3	3	-1.672
2431	its	492268	6.388	2	2	-1.675
2432	into	1727535	22.417	7	7	-1.679
2433	7	251211	3.26	1	1	-1.705
2434	according	502781	6.524	2	2	-1.706
2435	Heaven	503504	6.534	2	2	-1.708
2436	Four	252980	3.283	1	1	-1.715
2437	themselves	761621	9.883	3	3	-1.72
2438	Enemies	253975	3.296	1	1	-1.721
2439	Faith	762492	9.894	3	2	-1.722
2440	tell	255280	3.313	1	1	-1.728
2441	Men	1835942	23.823	7	7	-1.767
2442	concerning	262903	3.411	1	1	-1.77
2443	Laws	264682	3.435	1	1	-1.78
2444	himself	1068396	13.864	4	4	-1.793
2445	place	808630	10.493	3	3	-1.806
2446	part	827721	10.741	3	2	-1.84
2447	Soul	555660	7.21	2	2	-1.85
2448	those	1667771	21.641	6	6	-1.851
2449	sense	285637	3.706	1	1	-1.89
2450	them	4855982	63.012	17	16	-1.89
2451	&	2737777	35.526	9	9	-1.981
2452	Doctrine	304623	3.953	1	1	-1.983
2453	therefore	1231317	15.978	4	4	-1.998
2454	same	1256120	16.3	4	4	-2.027
2455	us	2216337	28.759	7	7	-2.039
2456	3.	318523	4.133	1	1	-2.047
2457	least	319491	4.146	1	1	-2.052
2458	Scripture	324647	4.213	1	1	-2.075
2459	both	976138	12.666	3	3	-2.078
2460	about	661900	8.589	2	2	-2.102
2461	order	331304	4.299	1	1	-2.104
2462	best	335557	4.354	1	1	-2.122
2463	God	4174430	54.168	12	12	-2.174
2464	under	696455	9.037	2	2	-2.176
2465	year	352165	4.57	1	1	-2.192
2466	within	355110	4.608	1	1	-2.204
2467	body	712249	9.242	2	2	-2.208
2468	Answer	362673	4.706	1	1	-2.235
2469	Peace	369451	4.794	1	1	-2.261
2470	speak	374513	4.86	1	1	-2.281
2471	est	394171	5.115	1	1	-2.355
2472	Means	397591	5.159	1	1	-2.367
2473	Jesus	399809	5.188	1	1	-2.375
2474	mind	407887	5.293	1	1	-2.404
2475	innon-Latinalphabet	427513	5.547	1	1	-2.472
2476	Matter	427808	5.551	1	1	-2.473
2477	Earth	451529	5.859	1	1	-2.551
2478	manner	467036	6.06	1	1	-2.599
2479	doth	963309	12.5	2	2	-2.644
2480	Lord	1459090	18.933	3	3	-2.658
2481	Truth	521766	6.771	1	1	-2.759
2482	Either	552589	7.17	1	1	-2.842
2483	3	571164	7.412	1	1	-2.89
2484	end	571167	7.412	1	1	-2.89
2485	use	603174	7.827	1	1	-2.968
2486	Christ	1858951	24.122	3	3	-3.007
2487	our	3333885	43.261	5	5	-3.113
2488	things	1357990	17.621	2	2	-3.139
2489	Law	712338	9.243	1	1	-3.208
2490	th'Petticoat	1	0	1	1	n/a
2491	raecarry	1	0	1	1	n/a
2492	Godsookes	2	0	1	1	n/a
2493	Gumgal	1	0	2	1	n/a
2494	Charldon	2	0	1	1	n/a
2495	Hoylin	3	0	1	1	n/a
2496	Bagascia	2	0	1	1	n/a
2497	rlotta	1	0	2	1	n/a
2498	Diueticks	2	0	1	1	n/a
2499	Hoger	3	0	1	1	n/a
2500	standsguilty	1	0	1	1	n/a
2501	o'th'Scarlet	1	0	1	1	n/a
2502	Caper-man	1	0	1	1	n/a
2503	Amloic	1	0	1	1	n/a
2504	lightHave	1	0	1	1	n/a
2505	vigrou	1	0	1	1	n/a
2506	Bully-Gamster	1	0	1	1	n/a
2507	Wridlesworths	1	0	1	1	n/a
2508	Pos-tern	1	0	1	1	n/a
2509	Kedeshah	3	0	1	1	n/a
2510	Tholede	1	0	1	1	n/a
2511	murmuryou	1	0	1	1	n/a
2512	Grabb	3	0	1	1	n/a
2513	vinti-tre	2	0	1	1	n/a
2514	Whimscy	1	0	1	1	n/a
2515	Church-parasite	3	0	2	2	n/a
2516	Attainments.	3	0	1	1	n/a
2517	harra'st	2	0	1	1	n/a
2518	Collytus	3	0	1	1	n/a
2519	Gadalus	1	0	1	1	n/a
2520	Ratcliffe-Hill	2	0	2	2	n/a
2521	Lolpoops	2	0	1	1	n/a
2522	rletta	1	0	1	1	n/a
2523	Signagogue	2	0	1	1	n/a
2524	Pick-pockit	1	0	1	1	n/a
2525	Splaysoot	1	0	1	1	n/a
2526	Genital-parts	1	0	1	1	n/a
2527	Briddleworths	1	0	2	1	n/a
2528	Macfarlnd	1	0	1	1	n/a
2529	o'th'Floor	1	0	1	1	n/a
2530	Sancyer	1	0	1	1	n/a
2531	Heiressbut	2	0	1	1	n/a
2532	Wridlesworth	2	0	1	1	n/a
2533	Termagent	1	0	1	1	n/a
2534	Kedeschah	1	0	1	1	n/a
2535	'Prepar	1	0	1	1	n/a
2536	Reval.	2	0	1	1	n/a
2537	seeThere	2	0	1	1	n/a
2538	Actoeon	2	0	1	1	n/a
2539	Stistead	3	0	2	2	n/a
2540	eterniie	1	0	1	1	n/a
2541	Polhore	1	0	2	1	n/a
2542	lnclination	1	0	1	1	n/a
2543	Harpers-town	1	0	1	1	n/a
2544	old-rotten	1	0	1	1	n/a
2545	P.4o	1	0	1	1	n/a
2546	elseO	2	0	1	1	n/a
2547	Arlotha	3	0	1	1	n/a
2548	teethor	1	0	1	1	n/a
2549	Bawdor	1	0	1	1	n/a
2550	Ratcliff-Hill	1	0	1	1	n/a
2551	girer	3	0	1	1	n/a
2552	verriest	3	0	1	1	n/a
2553	risolve	1	0	1	1	n/a
2554	Guppey	3	0	3	3	n/a
2555	Salgador	1	0	1	1	n/a
2556	Horeles	2	0	1	1	n/a
2557	Briddlesworth	1	0	1	1	n/a
2558	by'er	1	0	1	1	n/a
2559	Eblliio	1	0	1	1	n/a
2560	Tantums	1	0	1	1	n/a
2561	'Big	1	0	1	1	n/a
2562	Bridleworth.	1	0	1	1	n/a
2563	Green-GooseFair	1	0	1	1	n/a
2564	pockyest	1	0	1	1	n/a
2565	nescio-quo	1	0	1	1	n/a
2566	stipry	1	0	1	1	n/a
2567	Jarni	3	0	1	1	n/a
2568	leuolev	2	0	1	1	n/a
2569	Ramumque	1	0	1	1	n/a
