https://cqpweb.lancs.ac.uk/eebov3/concordance.php?pp=1&theData=%7Bwhore%2FN%7D&qmode=sq_nocase&del=begin%26t%3D-%7Cyear%7E1687%26t%3D-%7Cyear%7E1688%26t%3D-%7Cyear%7E1689%26t%3D-%7Cyear%7E1690%26t%3D-%7Cyear%7E1691%26t%3D-%7Cyear%7E1692%26t%3D-%7Cyear%7E1693%26t%3D-%7Cyear%7E1694%26t%3D-%7Cyear%7E1695%26t%3D-%7Cyear%7E1696&del=end&uT=yThere are 2,643 different words in your collocation database for "[lemma="(whore)_SUBST"%c]". (Your query "{whore/N}", restricted to texts meeting criteria "<em>year</em>: <em>1687</em> or <em>1688</em> or <em>1689</em> or <em>1690</em> or <em>1691</em> or <em>1692</em> or <em>1693</em> or <em>1694</em> or <em>1695</em> or <em>1696</em>",  returned 1,658 matches in 535 different texts)  
__________________

No.	Word	Total no. in whole corpus	Expected collocate frequency	Observed collocate frequency	In no. of texts	Mutual information value

1	good-father	9	0	2	2	14.288
2	Ci'el	4	0	1	1	13.288
3	Coccam	5	0	1	1	13.288
4	Tyhee	8	0	1	1	13.288
5	Pledgers	6	0	1	1	13.288
6	Taghmon	4	0	1	1	13.288
7	Postillian	10	0	1	1	13.288
8	prononnce	9	0	1	1	13.288
9	meritoious	7	0	1	1	13.288
10	gawdy	8	0	1	1	13.288
11	Mevia	8	0	1	1	13.288
12	Ohwhat	6	0	1	1	13.288
13	Verticillatae	6	0	1	1	13.288
14	Zowns	6	0	1	1	13.288
15	Mcfarland	4	0	1	1	13.288
16	guttle	8	0	1	1	13.288
17	Anchristian	8	0	1	1	13.288
18	Water-wag-tail	5	0	1	1	13.288
19	Poltrones	6	0	1	1	13.288
20	Haug	13	0	2	1	13.288
21	Hedge-Wine	4	0	1	1	13.288
22	Arlotta	9	0	1	1	13.288
23	Curver	4	0	1	1	13.288
24	everin	4	0	1	1	13.288
25	hooli	5	0	1	1	13.288
26	great-est	8	0	1	1	13.288
27	meretricissima	4	0	1	1	13.288
28	Hedge-Tavern	4	0	1	1	13.288
29	Ogl	7	0	1	1	13.288
30	Scariet	7	0	1	1	13.288
31	Iiltall	5	0	1	1	13.288
32	Ballinrobe	4	0	1	1	13.288
33	Chozbi	6	0	1	1	13.288
34	thurch	9	0	1	1	13.288
35	Daggle-tayl	4	0	1	1	13.288
36	VVheedling	5	0	1	1	13.288
37	Chiffinch	24	0	2	2	12.703
38	Esquires.	21	0	2	1	12.703
39	Marpud	21	0	2	1	12.703
40	kidnap	18	0	1	1	12.288
41	soak't	16	0	1	1	12.288
42	largent	11	0	1	1	12.288
43	Iohnny	11	0	1	1	12.288
44	Pockified	11	0	1	1	12.288
45	Deteriorated	16	0	1	1	12.288
46	genteelness	16	0	1	1	12.288
47	Babyln	16	0	1	1	12.288
48	Noseless	11	0	1	1	12.288
49	Ham-like	12	0	1	1	12.288
50	Courti	13	0	1	1	12.288
51	pholders	11	0	1	1	12.288
52	bylon	17	0	1	1	12.288
53	Hark'ee	12	0	1	1	12.288
54	Temporizings	13	0	1	1	12.288
55	thisI	17	0	1	1	12.288
56	thumped	34	0.001	2	2	11.966
57	Th'Emperiall	20	0	1	1	11.703
58	strapping	45	0.001	2	2	11.703
59	'Ah	19	0	1	1	11.703
60	Lolpoop	21	0	1	1	11.703
61	Pok	25	0	1	1	11.703
62	Agosto	20	0	1	1	11.703
63	Slattern	25	0	1	1	11.703
64	starv	25	0	1	1	11.703
65	Cuckoldly	51	0.001	2	2	11.48
66	heretoore	29	0	1	1	11.288
67	Vnkept	27	0	1	1	11.288
68	Granny	29	0	1	1	11.288
69	Trosse	28	0	1	1	11.288
70	Marosia	26	0	1	1	11.288
71	Jdgment	31	0	1	1	11.288
72	Putteinio	28	0	1	1	11.288
73	crueltys	32	0	1	1	11.288
74	Bowling-greens	32	0	1	1	11.288
75	sitteth	39	0.001	1	1	10.966
76	Hackum	34	0.001	1	1	10.966
77	Acro	35	0.001	1	1	10.966
78	poxt	38	0.001	1	1	10.966
79	quoif	38	0.001	1	1	10.966
80	Ch'al	39	0.001	1	1	10.966
81	Cloaths	35	0.001	1	1	10.966
82	dogbolt	39	0.001	1	1	10.966
83	flyting	39	0.001	1	1	10.966
84	mezza	34	0.001	1	1	10.966
85	mannish	82	0.001	2	2	10.828
86	maquerelle	47	0.001	1	1	10.703
87	gteat	46	0.001	1	1	10.703
88	assinity	41	0.001	1	1	10.703
89	Bandore	46	0.001	1	1	10.703
90	Kirkton	45	0.001	1	1	10.703
91	DURSLEY	40	0.001	1	1	10.703
92	over-ridden	41	0.001	1	1	10.703
93	Gold-lace	47	0.001	1	1	10.703
94	Decker	105	0.001	2	2	10.48
95	Aeli	49	0.001	1	1	10.48
96	squanders	50	0.001	1	1	10.48
97	sneering	52	0.001	1	1	10.48
98	Cla.	48	0.001	1	1	10.48
99	harkee	52	0.001	1	1	10.48
100	roba	99	0.001	2	1	10.48
101	pivate	48	0.001	1	1	10.48
102	onIs	52	0.001	1	1	10.48
103	Dungarvan	103	0.001	2	1	10.48
104	of'	59	0.001	1	1	10.288
105	chiely	60	0.001	1	1	10.288
106	a-far	61	0.001	1	1	10.288
107	CHARDON	55	0.001	1	1	10.288
108	Slah	65	0.001	1	1	10.118
109	Pandors	62	0.001	1	1	10.118
110	Beged	65	0.001	1	1	10.118
111	arrow-head	67	0.001	1	1	10.118
112	jilting	142	0.002	2	2	9.966
113	Hoopers	71	0.001	1	1	9.966
114	Lowzy	72	0.001	1	1	9.966
115	Englis	76	0.001	1	1	9.966
116	revelled	154	0.002	2	1	9.895
117	Reserv'dness	81	0.001	1	1	9.828
118	opprobious	83	0.001	1	1	9.828
119	CCXXX	81	0.001	1	1	9.828
120	Jilt	317	0.004	4	3	9.828
121	Decrets	82	0.001	1	1	9.828
122	Luscindo	77	0.001	1	1	9.828
123	first-fruit	78	0.001	1	1	9.828
124	Moorfields	89	0.001	1	1	9.703
125	poc	85	0.001	1	1	9.703
126	Naps	84	0.001	1	1	9.703
127	incirca	86	0.001	1	1	9.703
128	Postilion	179	0.003	2	2	9.644
129	23.18	179	0.003	2	1	9.644
130	Stephana	96	0.001	1	1	9.587
131	sarce	97	0.001	1	1	9.587
132	Hobbies	95	0.001	1	1	9.587
133	muckle	97	0.001	1	1	9.587
134	Horseleeches	95	0.001	1	1	9.587
135	Sligoe	104	0.001	1	1	9.48
136	Linsey-Woolsey	98	0.001	1	1	9.48
137	stivers	307	0.004	3	3	9.48
138	Dips	214	0.003	2	2	9.381
139	Minx	106	0.002	1	1	9.381
140	Merr	224	0.003	2	1	9.334
141	preceeds	113	0.002	1	1	9.288
142	Marozia	115	0.002	1	1	9.288
143	Punck	117	0.002	1	1	9.288
144	carted	237	0.003	2	2	9.243
145	thoughtless	242	0.003	2	2	9.243
146	Cully	363	0.005	3	3	9.229
147	Scarlet-coloured	125	0.002	1	1	9.2
148	Siderfin	121	0.002	1	1	9.2
149	VVom	123	0.002	1	1	9.2
150	Meand	125	0.002	1	1	9.2
151	Pock	122	0.002	1	1	9.2
152	britch	126	0.002	1	1	9.2
153	embarks	123	0.002	1	1	9.2
154	Mavis	256	0.004	2	1	9.158
155	snips	130	0.002	1	1	9.118
156	fing	131	0.002	1	1	9.118
157	Anllad	134	0.002	1	1	9.118
158	Bans	132	0.002	1	1	9.118
159	Babilons	136	0.002	1	1	9.04
160	Placket	135	0.002	1	1	9.04
161	craftiest	137	0.002	1	1	9.04
162	well-favoured	135	0.002	1	1	9.04
163	Maiden-heads	147	0.002	1	1	8.966
164	Nauseated	148	0.002	1	1	8.966
165	Pimp	1027	0.014	7	7	8.945
166	Wiat	453	0.006	3	3	8.918
167	Astride	154	0.002	1	1	8.895
168	carlet	152	0.002	1	1	8.895
169	bitch	1244	0.017	8	8	8.861
170	Iilt	163	0.002	1	1	8.828
171	o'rethrow	163	0.002	1	1	8.828
172	tawdry	156	0.002	1	1	8.828
173	Close-stool	170	0.002	1	1	8.764
174	thoul't	168	0.002	1	1	8.764
175	Bawdy-house	334	0.005	2	2	8.764
176	mush	165	0.002	1	1	8.764
177	Bently	169	0.002	1	1	8.764
178	Bullies	330	0.005	2	1	8.764
179	Amazonian	336	0.005	2	2	8.764
180	rankly	176	0.002	1	1	8.703
181	Bonners	171	0.002	1	1	8.703
182	mensem	882	0.012	5	1	8.679
183	Foot-man	355	0.005	2	2	8.673
184	Block-head	183	0.003	1	1	8.644
185	Chuck	180	0.003	1	1	8.644
186	Hot-House	183	0.003	1	1	8.644
187	Ubiquitary	191	0.003	1	1	8.587
188	Phryne	189	0.003	1	1	8.587
189	Cornus	185	0.003	1	1	8.587
190	Ral	192	0.003	1	1	8.587
191	Elisian	196	0.003	1	1	8.533
192	Debauchees	193	0.003	1	1	8.533
193	Strutting	397	0.006	2	2	8.506
194	tease	202	0.003	1	1	8.48
195	Exhausts	203	0.003	1	1	8.48
196	Nokes	200	0.003	1	1	8.48
197	Equip	209	0.003	1	1	8.43
198	Whiff	216	0.003	1	1	8.381
199	Scarlet	9179	0.127	42	38	8.374
200	Ten-Horned	225	0.003	1	1	8.334
201	Slash	446	0.006	2	2	8.334
202	I'Gad	229	0.003	1	1	8.288
203	hectoring	235	0.003	1	1	8.288
204	17.1.	463	0.006	2	2	8.288
205	arrand	229	0.003	1	1	8.288
206	Meretrix	474	0.007	2	2	8.265
207	Jesuitism	238	0.003	1	1	8.243
208	auger	242	0.003	1	1	8.243
209	preferrs	236	0.003	1	1	8.243
210	Buffoon	491	0.007	2	2	8.2
211	23.27	248	0.003	1	1	8.2
212	Apocalipse	257	0.004	1	1	8.158
213	whole-sale	255	0.004	1	1	8.158
214	23.17	259	0.004	1	1	8.118
215	Overset	261	0.004	1	1	8.118
216	Puritanical	259	0.004	1	1	8.118
217	Bawd	2878	0.04	11	10	8.114
218	infamously	271	0.004	1	1	8.078
219	Warbeck	271	0.004	1	1	8.078
220	Babylon	38888	0.536	143	84	8.059
221	Whore	20634	0.285	74	20	8.022
222	m'a	566	0.008	2	2	8.002
223	sweaty	286	0.004	1	1	8.002
224	Youngsters	282	0.004	1	1	8.002
225	carrys	280	0.004	1	1	8.002
226	Blockhead	562	0.008	2	2	8.002
227	Covent-Garden	854	0.012	3	2	7.99
228	Asserter	292	0.004	1	1	7.966
229	19.2.	299	0.004	1	1	7.93
230	4o	4844	0.067	16	3	7.904
231	Turd	301	0.004	1	1	7.895
232	Bitches	307	0.004	1	1	7.895
233	juicy	304	0.004	1	1	7.895
234	Aph	310	0.004	1	1	7.861
235	Slashed	312	0.004	1	1	7.861
236	Blockheads	313	0.004	1	1	7.861
237	Daughter-in-law	310	0.004	1	1	7.861
238	Eugen	313	0.004	1	1	7.861
239	weds	312	0.004	1	1	7.861
240	Nell	628	0.009	2	1	7.845
241	Babels	948	0.013	3	2	7.839
242	Belf	317	0.004	1	1	7.828
243	masking	642	0.009	2	2	7.812
244	VVhore	326	0.005	1	1	7.796
245	Fops	658	0.009	2	2	7.78
246	Hipocrite	334	0.005	1	1	7.764
247	Comer	333	0.005	1	1	7.764
248	consortium	337	0.005	1	1	7.764
249	filthily	677	0.009	2	2	7.749
250	17.15.	340	0.005	1	1	7.733
251	Tournon	344	0.005	1	1	7.733
252	twit	342	0.005	1	1	7.733
253	Monkery	339	0.005	1	1	7.733
254	Clot	679	0.009	2	1	7.733
255	Brats	1042	0.014	3	3	7.703
256	Calenture	350	0.005	1	1	7.703
257	Deut.	356	0.005	1	1	7.673
258	adverso	368	0.005	1	1	7.615
259	Cuckold	2667	0.037	7	6	7.572
260	wert	1143	0.016	3	3	7.569
261	ridding	383	0.005	1	1	7.56
262	Baud	767	0.011	2	2	7.56
263	surper	382	0.005	1	1	7.56
264	Penny-Royal	398	0.006	1	1	7.506
265	Transubstantiate	400	0.006	1	1	7.506
266	Gis	801	0.011	2	1	7.506
267	Pander	805	0.011	2	2	7.493
268	Volumina	406	0.006	1	1	7.48
269	353.	406	0.006	1	1	7.48
270	Madrigal	414	0.006	1	1	7.455
271	Phill	424	0.006	1	1	7.43
272	Whimsy	421	0.006	1	1	7.43
273	Prostituted	1269	0.018	3	3	7.421
274	Honoria	427	0.006	1	1	7.405
275	trappings	887	0.012	2	2	7.357
276	flouted	441	0.006	1	1	7.357
277	Rampant	2244	0.031	5	5	7.338
278	amisit	449	0.006	1	1	7.334
279	Bret	453	0.006	1	1	7.334
280	Theodora	1369	0.019	3	3	7.31
281	Lawns	454	0.006	1	1	7.31
282	17.16	459	0.006	1	1	7.31
283	Fortunatus	921	0.013	2	2	7.299
284	Thais	936	0.013	2	2	7.276
285	Dix	494	0.007	1	1	7.2
286	anguis	503	0.007	1	1	7.179
287	Petticoat	1011	0.014	2	2	7.169
288	supplanting	504	0.007	1	1	7.158
289	17.3.	508	0.007	1	1	7.158
290	Webster	506	0.007	1	1	7.158
291	Lackey	1019	0.014	2	2	7.148
292	Addle	519	0.007	1	1	7.118
293	Scribler	525	0.007	1	1	7.118
294	intoxicate	532	0.007	1	1	7.098
295	Squeeze	1592	0.022	3	1	7.091
296	Brat	1070	0.015	2	2	7.078
297	Dillon	533	0.007	1	1	7.078
298	Jade	2169	0.03	4	4	7.064
299	Weeded	547	0.008	1	1	7.059
300	509	542	0.008	1	1	7.059
301	369	1094	0.015	2	2	7.049
302	17.7.	551	0.008	1	1	7.04
303	sisteth	553	0.008	1	1	7.04
304	Backbite	554	0.008	1	1	7.04
305	Popedom	1121	0.016	2	2	7.012
306	well-wisher	566	0.008	1	1	7.002
307	Armstrong	563	0.008	1	1	7.002
308	Cobweb	570	0.008	1	1	6.984
309	Ungentle	574	0.008	1	1	6.984
310	Davis	1753	0.024	3	3	6.954
311	adulterated	1175	0.016	2	2	6.948
312	nelle	584	0.008	1	1	6.948
313	unfolded	2356	0.033	4	1	6.943
314	Portsmouth	1769	0.024	3	1	6.942
315	528	598	0.008	1	1	6.93
316	undertaketh	595	0.008	1	1	6.93
317	Pocky	594	0.008	1	1	6.93
318	arrogated	603	0.008	1	1	6.913
319	thou'st	605	0.008	1	1	6.913
320	Brothel	610	0.008	1	1	6.895
321	Artful	613	0.009	1	1	6.878
322	Stallion	613	0.009	1	1	6.878
323	stumbles	1242	0.017	2	2	6.87
324	Prostitute	2508	0.035	4	3	6.853
325	478	633	0.009	1	1	6.845
326	Breviate	631	0.009	1	1	6.845
327	Williamson	632	0.009	1	1	6.845
328	Rogue	6990	0.096	11	11	6.834
329	1679.	638	0.009	1	1	6.828
330	Bur	2579	0.036	4	1	6.812
331	Elves	644	0.009	1	1	6.812
332	entices	645	0.009	1	1	6.812
333	ridden	1300	0.018	2	1	6.804
334	Lye	653	0.009	1	1	6.796
335	fluttering	655	0.009	1	1	6.796
336	Strumpet	3285	0.045	5	5	6.786
337	Cellier	663	0.009	1	1	6.78
338	fore-head	2008	0.028	3	3	6.759
339	Smock	1342	0.019	2	2	6.756
340	Humorous	1352	0.019	2	2	6.749
341	Esquires	3379	0.047	5	1	6.745
342	Temporizing	683	0.009	1	1	6.733
343	Clout	1378	0.019	2	2	6.718
344	17th.	686	0.01	1	1	6.718
345	Huff	687	0.01	1	1	6.718
346	fawns	688	0.01	1	1	6.718
347	Strephon	699	0.01	1	1	6.703
348	Bracelet	697	0.01	1	1	6.703
349	Babel	9790	0.135	14	11	6.696
350	Platonic	2111	0.029	3	3	6.688
351	wid	1439	0.02	2	1	6.658
352	defies	716	0.01	1	1	6.658
353	perpetrate	728	0.01	1	1	6.644
354	sullied	725	0.01	1	1	6.644
355	Fitz-Harris	724	0.01	1	1	6.644
356	Fop	1448	0.02	2	2	6.644
357	Babylonish	2911	0.04	4	4	6.64
358	swagger	729	0.01	1	1	6.63
359	piled	730	0.01	1	1	6.63
360	muffled	749	0.01	1	1	6.601
361	shrieks	750	0.01	1	1	6.601
362	8.3.	751	0.01	1	1	6.587
363	stiling	751	0.01	1	1	6.587
364	hiring	760	0.011	1	1	6.573
365	Hob	1524	0.021	2	1	6.573
366	Baby	761	0.011	1	1	6.573
367	grand-mother	768	0.011	1	1	6.56
368	vl	775	0.011	1	1	6.546
369	Cashier	785	0.011	1	1	6.533
370	Papistry	790	0.011	1	1	6.52
371	reeking	803	0.011	1	1	6.493
372	Trot	2441	0.034	3	3	6.476
373	inclusive	821	0.011	1	1	6.468
374	redouble	819	0.011	1	1	6.468
375	tacitly	1646	0.023	2	2	6.461
376	Jezebel	835	0.012	1	1	6.442
377	unthinking	851	0.012	1	1	6.417
378	Drunken	11882	0.164	14	11	6.416
379	peeping	860	0.012	1	1	6.393
380	Sweet-heart	864	0.012	1	1	6.393
381	fightings	864	0.012	1	1	6.393
382	Heiress	868	0.012	1	1	6.381
383	Spungy	874	0.012	1	1	6.369
384	Self-will	876	0.012	1	1	6.369
385	Mob	884	0.012	1	1	6.357
386	Gibeah	892	0.012	1	1	6.345
387	Modish	892	0.012	1	1	6.345
388	railed	2685	0.037	3	3	6.341
389	Witchcrafts	901	0.012	1	1	6.334
390	teeming	907	0.013	1	1	6.322
391	Banes	907	0.013	1	1	6.322
392	448	907	0.013	1	1	6.322
393	Debauch	1818	0.025	2	2	6.316
394	Perkin	917	0.013	1	1	6.31
395	sits	23190	0.32	25	13	6.289
396	Gratuity	926	0.013	1	1	6.288
397	Impotence	933	0.013	1	1	6.276
398	7.22	939	0.013	1	1	6.276
399	Iewry	945	0.013	1	1	6.265
400	Bris	967	0.013	1	1	6.232
401	Whoredoms	1981	0.027	2	2	6.195
402	16.2	997	0.014	1	1	6.19
403	Desolate	12933	0.178	13	11	6.187
404	bonny	1002	0.014	1	1	6.179
405	Broome	1001	0.014	1	1	6.179
406	Huguenot	2030	0.028	2	2	6.158
407	Enfeebled	1012	0.014	1	1	6.158
408	errant	2050	0.028	2	2	6.143
409	winking	1029	0.014	1	1	6.138
410	Tilt	1029	0.014	1	1	6.138
411	Cs	1042	0.014	1	1	6.118
412	17.1	1045	0.014	1	1	6.118
413	Lithuania	1054	0.015	1	1	6.108
414	Wiping	1060	0.015	1	1	6.098
415	Bearded	1068	0.015	1	1	6.088
416	apostatised	1065	0.015	1	1	6.088
417	whining	1088	0.015	1	1	6.059
418	Fiddlers	1087	0.015	1	1	6.059
419	handed	2178	0.03	2	2	6.059
420	13.8	1102	0.015	1	1	6.04
421	wile	1099	0.015	1	1	6.04
422	7.14.	1109	0.015	1	1	6.03
423	abominate	1113	0.015	1	1	6.03
424	Serj	1109	0.015	1	1	6.03
425	Jezabel	1114	0.015	1	1	6.021
426	Antiquated	1123	0.016	1	1	6.012
427	Epi	1122	0.016	1	1	6.012
428	nasty	2252	0.031	2	2	6.007
429	costly	11277	0.156	10	6	6.007
430	Play-House	1131	0.016	1	1	6.002
431	mingles	1147	0.016	1	1	5.984
432	Fornicator	1143	0.016	1	1	5.984
433	Baptists	2301	0.032	2	2	5.979
434	pinned	1158	0.016	1	1	5.966
435	Mercenary	4683	0.065	4	4	5.952
436	gild	1181	0.016	1	1	5.939
437	Unfaithfulness	2369	0.033	2	2	5.935
438	Procurer	1187	0.016	1	1	5.93
439	Purchaser	1196	0.017	1	1	5.921
440	Wizard	2415	0.033	2	2	5.908
441	Fences	1210	0.017	1	1	5.904
442	free-born	1219	0.017	1	1	5.895
443	Carl	1219	0.017	1	1	5.895
444	French-men	1219	0.017	1	1	5.895
445	Leech	1220	0.017	1	1	5.895
446	Amour	1234	0.017	1	1	5.878
447	bragged	1243	0.017	1	1	5.87
448	Rogues	5001	0.069	4	4	5.857
449	Revenges	1256	0.017	1	1	5.853
450	Wie	1252	0.017	1	1	5.853
451	Anti-christ	1261	0.017	1	1	5.845
452	enticements	1271	0.018	1	1	5.837
453	1635	1268	0.018	1	1	5.837
454	LVI	1284	0.018	1	1	5.82
455	N.B.	1293	0.018	1	1	5.812
456	Fornication	14235	0.196	11	8	5.808
457	Ducat	1296	0.018	1	1	5.804
458	1643.	1306	0.018	1	1	5.796
459	Apocalypse	3947	0.054	3	2	5.785
460	Charta	5347	0.074	4	4	5.762
461	Lais	1345	0.019	1	1	5.756
462	Masks	1343	0.019	1	1	5.756
463	ply	2720	0.038	2	2	5.737
464	fetching	2721	0.038	2	2	5.737
465	repeateth	1379	0.019	1	1	5.718
466	Noon-day	1376	0.019	1	1	5.718
467	Proverbs	6913	0.095	5	4	5.713
468	Cannibals	1387	0.019	1	1	5.71
469	Livy	2769	0.038	2	1	5.71
470	ugly	8331	0.115	6	5	5.707
471	buckle	1390	0.019	1	1	5.703
472	Anton	1392	0.019	1	1	5.703
473	Jun.	1413	0.02	1	1	5.68
474	Bottle	7144	0.099	5	5	5.666
475	Broker	1425	0.02	1	1	5.666
476	conducts	1431	0.02	1	1	5.666
477	Rags	5772	0.08	4	3	5.651
478	Comp	1441	0.02	1	1	5.651
479	spurious	2907	0.04	2	2	5.64
480	Comical	1457	0.02	1	1	5.637
481	Sorceries	1462	0.02	1	1	5.63
482	hire	8785	0.121	6	5	5.63
483	Mystery	54678	0.754	37	17	5.617
484	8th.	1481	0.02	1	1	5.615
485	Rendezvous	2979	0.041	2	2	5.605
486	430	1497	0.021	1	1	5.601
487	ditch	10469	0.144	7	6	5.599
488	Amours	1506	0.021	1	1	5.587
489	impudent	12093	0.167	8	7	5.584
490	Damme	1514	0.021	1	1	5.58
491	Secus	1523	0.021	1	1	5.573
492	Gamesters	1523	0.021	1	1	5.573
493	Genealogies	1536	0.021	1	1	5.56
494	peccat	1537	0.021	1	1	5.56
495	Epigrams	1534	0.021	1	1	5.56
496	unconscionable	1543	0.021	1	1	5.553
497	Bastard	12394	0.171	8	8	5.549
498	dice	6226	0.086	4	4	5.541
499	Dock	1558	0.022	1	1	5.54
500	hate	65701	0.906	42	20	5.535
501	Y.	4725	0.065	3	2	5.524
502	separately	1585	0.022	1	1	5.513
503	signally	1588	0.022	1	1	5.513
504	arrant	1596	0.022	1	1	5.506
505	Bolus	1599	0.022	1	1	5.5
506	Caiphas	1619	0.022	1	1	5.487
507	Idolatries	3266	0.045	2	2	5.474
508	Posting	1640	0.023	1	1	5.468
509	hale	3294	0.045	2	1	5.461
510	Rev.	51328	0.708	31	16	5.453
511	Strip	3365	0.046	2	1	5.43
512	soak	1689	0.023	1	1	5.424
513	Epicure	1691	0.023	1	1	5.424
514	divorced	3378	0.047	2	2	5.424
515	courting	1698	0.023	1	1	5.417
516	beast	81566	1.125	48	27	5.415
517	Deborah	1704	0.024	1	1	5.411
518	startle	1717	0.024	1	1	5.399
519	Grandmother	1722	0.024	1	1	5.399
520	Fornications	1721	0.024	1	1	5.399
521	Cornelia	1733	0.024	1	1	5.387
522	Raked	1740	0.024	1	1	5.381
523	7.14	1746	0.024	1	1	5.375
524	Cro.	1747	0.024	1	1	5.375
525	Dad	1763	0.024	1	1	5.363
526	roving	1769	0.024	1	1	5.357
527	Arg	1766	0.024	1	1	5.357
528	Hag	1766	0.024	1	1	5.357
529	Ford	3571	0.049	2	2	5.345
530	learns	1782	0.025	1	1	5.345
531	Kite	1785	0.025	1	1	5.345
532	demur	1786	0.025	1	1	5.345
533	Roger	12679	0.175	7	4	5.323
534	hunts	1820	0.025	1	1	5.316
535	Harlot	9167	0.126	5	4	5.306
536	Hallelujah	1833	0.025	1	1	5.305
537	fawn	1837	0.025	1	1	5.305
538	pompous	3677	0.051	2	1	5.302
539	Godwin	1843	0.025	1	1	5.299
540	Triple	5531	0.076	3	3	5.297
541	starving	1848	0.026	1	1	5.293
542	Carcass	5550	0.077	3	3	5.293
543	fid	1873	0.026	1	1	5.276
544	Particularities	1874	0.026	1	1	5.276
545	Aelian	1872	0.026	1	1	5.276
546	1260	1870	0.026	1	1	5.276
547	Gull	1888	0.026	1	1	5.265
548	played	11334	0.156	6	5	5.263
549	holt	1896	0.026	1	1	5.26
550	cheated	3803	0.052	2	2	5.254
551	Parasites	1901	0.026	1	1	5.254
552	brands	1898	0.026	1	1	5.254
553	abortive	1907	0.026	1	1	5.249
554	boot	3835	0.053	2	2	5.241
555	Adulteress	1919	0.027	1	1	5.238
556	patched	1934	0.027	1	1	5.227
557	Taylors	1938	0.027	1	1	5.227
558	Spawn	1933	0.027	1	1	5.227
559	Millain	1943	0.027	1	1	5.222
560	Spinola	1945	0.027	1	1	5.222
561	Susanna	1981	0.027	1	1	5.195
562	Sweats	1977	0.027	1	1	5.195
563	perusing	1978	0.027	1	1	5.195
564	sono	1988	0.027	1	1	5.19
565	Bastards	3979	0.055	2	2	5.187
566	obtrude	1997	0.028	1	1	5.184
567	plaid	4003	0.055	2	2	5.179
568	're	16048	0.221	8	6	5.176
569	styled	6081	0.084	3	3	5.16
570	Bracelets	2031	0.028	1	1	5.158
571	Stew	2041	0.028	1	1	5.153
572	playing	10275	0.142	5	4	5.141
573	stint	2060	0.028	1	1	5.138
574	Gender	4127	0.057	2	1	5.135
575	Faggot	2069	0.029	1	1	5.133
576	Raillery	2085	0.029	1	1	5.118
577	17th	2116	0.029	1	1	5.098
578	bewitched	6431	0.089	3	1	5.08
579	Hah	2157	0.03	1	1	5.073
580	fawning	2152	0.03	1	1	5.073
581	Sci	2175	0.03	1	1	5.059
582	Sirrah	4365	0.06	2	2	5.054
583	slit	2183	0.03	1	1	5.054
584	falsified	2188	0.03	1	1	5.049
585	thirsting	2194	0.03	1	1	5.045
586	Shepherdess	2215	0.031	1	1	5.035
587	Boston	2219	0.031	1	1	5.03
588	Epig.	2233	0.031	1	1	5.021
589	Prov	2234	0.031	1	1	5.021
590	shameless	6711	0.093	3	2	5.018
591	listening	2243	0.031	1	1	5.016
592	Ivy	4513	0.062	2	1	5.007
593	Horse-back	2255	0.031	1	1	5.007
594	236	2264	0.031	1	1	5.002
595	recommends	2262	0.031	1	1	5.002
596	Iuno	4530	0.063	2	2	5
597	226	2266	0.031	1	1	4.998
598	Generate	2276	0.031	1	1	4.993
599	Spark	9150	0.126	4	3	4.986
600	Innovations	4611	0.064	2	1	4.975
601	Coach	9292	0.128	4	4	4.965
602	singly	4646	0.064	2	2	4.964
603	Ital	2329	0.032	1	1	4.961
604	Swearer	2324	0.032	1	1	4.961
605	ascribes	2336	0.032	1	1	4.957
606	dote	4744	0.065	2	1	4.935
607	1678	2378	0.033	1	1	4.93
608	hymns	7142	0.099	3	3	4.929
609	debauched	4771	0.066	2	2	4.926
610	pockets	2410	0.033	1	1	4.913
611	Bride	12056	0.166	5	4	4.91
612	222	2412	0.033	1	1	4.908
613	wipe	7298	0.101	3	3	4.898
614	Forehead	12159	0.168	5	4	4.898
615	whale	4866	0.067	2	2	4.898
616	7th	4877	0.067	2	1	4.893
617	Starts	2440	0.034	1	1	4.891
618	Critic	2468	0.034	1	1	4.878
619	Dido	2463	0.034	1	1	4.878
620	Hound	2485	0.034	1	1	4.866
621	Resent	2493	0.034	1	1	4.861
622	Belg	2500	0.035	1	1	4.857
623	208	2514	0.035	1	1	4.849
624	trimmed	2517	0.035	1	1	4.849
625	game	15105	0.208	6	6	4.848
626	3d.	2520	0.035	1	1	4.845
627	Courtship	2530	0.035	1	1	4.841
628	Switzer	2536	0.035	1	1	4.837
629	Clar	2539	0.035	1	1	4.837
630	`	2544	0.035	1	1	4.832
631	209	2545	0.035	1	1	4.832
632	Dishonesty	2571	0.036	1	1	4.816
633	Gloves	2576	0.036	1	1	4.816
634	Alice	2589	0.036	1	1	4.808
635	89	7913	0.109	3	1	4.781
636	Harlots	5276	0.073	2	2	4.78
637	dee	2650	0.037	1	1	4.776
638	Cheat	10600	0.146	4	4	4.774
639	plaints	2663	0.037	1	1	4.768
640	Abominations	10678	0.147	4	4	4.763
641	Scotch	5363	0.074	2	2	4.756
642	stagger	2689	0.037	1	1	4.752
643	Pop	2725	0.038	1	1	4.733
644	Pont	2730	0.038	1	1	4.729
645	herba	2731	0.038	1	1	4.729
646	rag	2762	0.038	1	1	4.714
647	Harry	2761	0.038	1	1	4.714
648	beats	5554	0.077	2	1	4.707
649	Rake	2789	0.039	1	1	4.699
650	Draughts	2837	0.039	1	1	4.677
651	bequeath	2835	0.039	1	1	4.677
652	inscribed	2843	0.039	1	1	4.673
653	hug	2849	0.039	1	1	4.669
654	insinuations	2867	0.04	1	1	4.662
655	upheld	5752	0.079	2	2	4.657
656	Blaspheme	8684	0.12	3	3	4.646
657	ODE	2901	0.04	1	1	4.644
658	Gay	8805	0.121	3	3	4.627
659	Persecuting	8817	0.122	3	2	4.625
660	faced	2948	0.041	1	1	4.619
661	lends	2960	0.041	1	1	4.615
662	drunk	35533	0.49	12	10	4.614
663	nominate	2964	0.041	1	1	4.612
664	crust	2975	0.041	1	1	4.608
665	Carcase	2978	0.041	1	1	4.605
666	whet	2994	0.041	1	1	4.598
667	Swear	56939	0.785	19	17	4.597
668	Bona	12019	0.166	4	3	4.592
669	Amor	6013	0.083	2	2	4.592
670	Nymph	6022	0.083	2	2	4.589
671	quondam	3022	0.042	1	1	4.584
672	Enchantments	3037	0.042	1	1	4.577
673	Edw	6081	0.084	2	1	4.575
674	Entertainments	3056	0.042	1	1	4.57
675	Polluted	12233	0.169	4	3	4.567
676	Iun	3062	0.042	1	1	4.567
677	Partner	3067	0.042	1	1	4.563
678	unmerciful	3065	0.042	1	1	4.563
679	Matron	3083	0.043	1	1	4.556
680	furiously	6196	0.086	2	2	4.548
681	Covent	3102	0.043	1	1	4.546
682	Unfaithful	6230	0.086	2	2	4.541
683	surviving	3130	0.043	1	1	4.533
684	dos	3133	0.043	1	1	4.533
685	importune	3148	0.043	1	1	4.526
686	XVII	9484	0.131	3	3	4.52
687	Tradesmen	3168	0.044	1	1	4.516
688	births	3166	0.044	1	1	4.516
689	weeps	3186	0.044	1	1	4.51
690	lucky	3186	0.044	1	1	4.51
691	lewd	15983	0.22	5	5	4.504
692	defines	3208	0.044	1	1	4.5
693	Builder	3209	0.044	1	1	4.497
694	Insulting	3223	0.044	1	1	4.493
695	play	61168	0.844	19	18	4.493
696	myself	3224	0.045	1	1	4.49
697	Papal	9725	0.134	3	2	4.484
698	gaudy	3241	0.045	1	1	4.484
699	plotted	3245	0.045	1	1	4.48
700	convoy	3249	0.045	1	1	4.48
701	Toils	3262	0.045	1	1	4.474
702	devilish	9817	0.135	3	2	4.47
703	adhered	3305	0.046	1	1	4.455
704	starve	6627	0.091	2	2	4.452
705	begone	3314	0.046	1	1	4.452
706	Magna	13335	0.184	4	4	4.443
707	Tragedies	3338	0.046	1	1	4.442
708	softer	3351	0.046	1	1	4.436
709	Antichrist	50530	0.697	15	11	4.428
710	Comparatively	3374	0.047	1	1	4.427
711	HYMN	6751	0.093	2	2	4.425
712	Spy	6749	0.093	2	2	4.425
713	battered	3389	0.047	1	1	4.42
714	Concubine	3397	0.047	1	1	4.417
715	Limb	6792	0.094	2	2	4.416
716	Cork	3400	0.047	1	1	4.414
717	Ladder	6829	0.094	2	2	4.408
718	Phillis	3423	0.047	1	1	4.405
719	Impudence	10304	0.142	3	3	4.4
720	coloured	10332	0.143	3	3	4.396
721	Scot	6898	0.095	2	2	4.394
722	lusty	10354	0.143	3	3	4.393
723	unmarried	3459	0.048	1	1	4.39
724	17.	83120	1.146	24	15	4.388
725	pluck	13862	0.191	4	1	4.387
726	Swain	3484	0.048	1	1	4.381
727	pinch	3491	0.048	1	1	4.378
728	Cage	3498	0.048	1	1	4.375
729	Kick	3504	0.048	1	1	4.372
730	Lined	3506	0.048	1	1	4.369
731	Lane	7088	0.098	2	2	4.354
732	convict	3561	0.049	1	1	4.348
733	Libels	3576	0.049	1	1	4.342
734	Offspring	3577	0.049	1	1	4.342
735	Steal	17906	0.247	5	5	4.34
736	Doting	3584	0.049	1	1	4.339
737	Stings	3588	0.05	1	1	4.336
738	Humphrey	7225	0.1	2	1	4.328
739	interval	3633	0.05	1	1	4.319
740	Feminine	3630	0.05	1	1	4.319
741	Pox	10902	0.15	3	3	4.318
742	Damn	7322	0.101	2	2	4.308
743	stole	7345	0.101	2	2	4.303
744	infamous	11020	0.152	3	3	4.303
745	XXXI	3682	0.051	1	1	4.299
746	impudently	3698	0.051	1	1	4.293
747	horns	22193	0.306	6	6	4.293
748	Lee	3724	0.051	1	1	4.282
749	notorious	22363	0.308	6	6	4.282
750	Church-men	3738	0.052	1	1	4.276
751	Paganism	3764	0.052	1	1	4.268
752	commits	7541	0.104	2	1	4.265
753	attack	3768	0.052	1	1	4.265
754	Albertus	3798	0.052	1	1	4.254
755	damned	34243	0.472	9	9	4.252
756	Roma	3816	0.053	1	1	4.249
757	Stratagems	3824	0.053	1	1	4.246
758	Goal	3948	0.054	1	1	4.2
759	entitle	3969	0.055	1	1	4.192
760	Deponent	3995	0.055	1	1	4.182
761	pick	8026	0.111	2	2	4.175
762	Mammon	4040	0.056	1	1	4.166
763	Aunt	4036	0.056	1	1	4.166
764	thereabout	4047	0.056	1	1	4.164
765	Mundo	4046	0.056	1	1	4.164
766	wiped	4053	0.056	1	1	4.161
767	Bellarmin	4075	0.056	1	1	4.153
768	Camel	4072	0.056	1	1	4.153
769	Concubines	4078	0.056	1	1	4.153
770	dirty	4102	0.057	1	1	4.143
771	famed	4124	0.057	1	1	4.135
772	lustful	4133	0.057	1	1	4.133
773	longs	4138	0.057	1	1	4.13
774	Drink	140890	1.943	34	29	4.129
775	Deportment	4156	0.057	1	1	4.125
776	Revelation	41988	0.579	10	5	4.11
777	Shakes	4227	0.058	1	1	4.1
778	mystical	21135	0.292	5	3	4.1
779	Adulterer	4237	0.058	1	1	4.098
780	Reproachful	4237	0.058	1	1	4.098
781	Politic	21242	0.293	5	4	4.093
782	entice	4278	0.059	1	1	4.083
783	Retinue	4290	0.059	1	1	4.078
784	Bribes	4305	0.059	1	1	4.073
785	crack	4315	0.06	1	1	4.071
786	rides	4321	0.06	1	1	4.069
787	Females	4334	0.06	1	1	4.064
788	stale	4338	0.06	1	1	4.064
789	Jailer	4336	0.06	1	1	4.064
790	Oppress	13025	0.18	3	3	4.062
791	drowsy	4344	0.06	1	1	4.061
792	Apostate	8710	0.12	2	1	4.058
793	forge	4385	0.061	1	1	4.047
794	Reverse	4385	0.061	1	1	4.047
795	Plays	17593	0.243	4	4	4.043
796	brisk	4421	0.061	1	1	4.035
797	Phi	4425	0.061	1	1	4.035
798	Cat	8876	0.122	2	1	4.03
799	Bailiff	4460	0.062	1	1	4.023
800	Revelations	13397	0.185	3	3	4.021
801	Coronation	8940	0.123	2	2	4.02
802	Characters	17893	0.247	4	1	4.019
803	dissuade	4505	0.062	1	1	4.009
804	decked	4505	0.062	1	1	4.009
805	Jesuit	9014	0.124	2	2	4.008
806	peevish	4508	0.062	1	1	4.007
807	Dragon	18054	0.249	4	4	4.006
808	Misfortunes	9138	0.126	2	2	3.989
809	Revile	4565	0.063	1	1	3.989
810	partaking	4582	0.063	1	1	3.984
811	Usurpation	9177	0.127	2	1	3.982
812	Thief	23047	0.318	5	4	3.976
813	Witch	9245	0.128	2	2	3.971
814	Mrs.	13889	0.192	3	2	3.97
815	joint	18677	0.258	4	4	3.957
816	Complements	4685	0.065	1	1	3.952
817	Plates	4725	0.065	1	1	3.939
818	Blunt	4726	0.065	1	1	3.939
819	dunghill	4743	0.065	1	1	3.935
820	Athenian	4760	0.066	1	1	3.93
821	Scoff	4767	0.066	1	1	3.928
822	owed	4773	0.066	1	1	3.926
823	rolling	4789	0.066	1	1	3.921
824	Robe	9576	0.132	2	2	3.92
825	124	4812	0.066	1	1	3.913
826	Character	38558	0.532	8	4	3.911
827	Vial	4819	0.067	1	1	3.911
828	reservation	4824	0.067	1	1	3.911
829	perfidious	4828	0.067	1	1	3.908
830	Idolatrous	14523	0.2	3	1	3.905
831	Pension	4843	0.067	1	1	3.904
832	whit	14561	0.201	3	2	3.901
833	Mask	4856	0.067	1	1	3.9
834	Masculine	4862	0.067	1	1	3.898
835	contributed	4892	0.068	1	1	3.889
836	'Till	4919	0.068	1	1	3.883
837	122	4938	0.068	1	1	3.876
838	Luc	4952	0.068	1	1	3.872
839	gad	4956	0.068	1	1	3.872
840	Passengers	4981	0.069	1	1	3.864
841	perjured	4993	0.069	1	1	3.859
842	Wedlock	5013	0.069	1	1	3.855
843	dis	5030	0.069	1	1	3.849
844	Isaiah	15113	0.208	3	3	3.848
845	1.	5044	0.07	1	1	3.845
846	160	5050	0.07	1	1	3.845
847	strikes	10128	0.14	2	2	3.84
848	itch	5094	0.07	1	1	3.83
849	Clothed	25607	0.353	5	3	3.823
850	repeating	5125	0.071	1	1	3.822
851	spotted	5160	0.071	1	1	3.812
852	Crying	25811	0.356	5	4	3.812
853	boasted	5195	0.072	1	1	3.804
854	Helm	5216	0.072	1	1	3.798
855	finest	5244	0.072	1	1	3.79
856	hallowed	5243	0.072	1	1	3.79
857	ne'er	20984	0.289	4	4	3.789
858	Margaret	10516	0.145	2	1	3.786
859	Revel	21061	0.291	4	4	3.783
860	Walter	10593	0.146	2	1	3.775
861	hating	5297	0.073	1	1	3.774
862	display	5310	0.073	1	1	3.772
863	Ape	5317	0.073	1	1	3.77
864	Babilon	5325	0.073	1	1	3.768
865	hateful	10655	0.147	2	2	3.767
866	bidding	5342	0.074	1	1	3.762
867	Jane	5355	0.074	1	1	3.758
868	Cup	48330	0.667	9	8	3.755
869	lute	5388	0.074	1	1	3.75
870	Champions	5435	0.075	1	1	3.737
871	grind	5454	0.075	1	1	3.733
872	lascivious	5471	0.076	1	1	3.727
873	pawn	5492	0.076	1	1	3.724
874	beauteous	5494	0.076	1	1	3.722
875	peoples	33008	0.455	6	5	3.72
876	Alderman	5500	0.076	1	1	3.72
877	Whores	5508	0.076	1	1	3.718
878	stiled	11034	0.152	2	2	3.716
879	Marry	38694	0.534	7	5	3.714
880	steer	5540	0.076	1	1	3.71
881	Girl	5585	0.077	1	1	3.699
882	Honest	83801	1.156	15	11	3.698
883	flourished	11210	0.155	2	2	3.693
884	Conceited	5628	0.078	1	1	3.688
885	asserts	5641	0.078	1	1	3.684
886	offends	5663	0.078	1	1	3.679
887	Mer	5689	0.079	1	1	3.671
888	Lucifer	5730	0.079	1	1	3.662
889	frown	5737	0.079	1	1	3.66
890	Price	57392	0.792	10	10	3.659
891	forsook	11497	0.159	2	2	3.657
892	denote	5763	0.08	1	1	3.653
893	committing	11606	0.16	2	2	3.643
894	Constables	5821	0.08	1	1	3.638
895	dreamed	5831	0.08	1	1	3.637
896	hypocritical	5868	0.081	1	1	3.628
897	abomination	11757	0.162	2	2	3.625
898	off-spring	5879	0.081	1	1	3.624
899	reside	5891	0.081	1	1	3.622
900	Bottomless	5909	0.082	1	1	3.617
901	disposal	5923	0.082	1	1	3.614
902	noting	5928	0.082	1	1	3.612
903	Conspirators	5940	0.082	1	1	3.61
904	Hark	5947	0.082	1	1	3.608
905	treble	5950	0.082	1	1	3.606
906	bloody	53730	0.741	9	5	3.602
907	dishonest	6002	0.083	1	1	3.594
908	artifice	6013	0.083	1	1	3.592
909	Calumny	6022	0.083	1	1	3.589
910	Ptolomy	6038	0.083	1	1	3.586
911	Exeunt	12174	0.168	2	2	3.574
912	Dire	6091	0.084	1	1	3.573
913	Worships	6121	0.084	1	1	3.567
914	Squire	6126	0.085	1	1	3.565
915	Crucify	6157	0.085	1	1	3.558
916	Maiden	6187	0.085	1	1	3.551
917	Dog	30988	0.427	5	4	3.548
918	desolation	12402	0.171	2	2	3.548
919	stoned	6236	0.086	1	1	3.54
920	prostrate	6239	0.086	1	1	3.54
921	'm	31244	0.431	5	5	3.537
922	judging	18760	0.259	3	3	3.536
923	slander	12613	0.174	2	2	3.524
924	revolted	6316	0.087	1	1	3.521
925	Dregs	6317	0.087	1	1	3.521
926	stark	6325	0.087	1	1	3.52
927	marrying	6327	0.087	1	1	3.518
928	Baggage	6358	0.088	1	1	3.511
929	whip	6373	0.088	1	1	3.508
930	Atheist	6384	0.088	1	1	3.506
931	Exeter	6409	0.088	1	1	3.5
932	Absolve	6434	0.089	1	1	3.495
933	Bon	6489	0.09	1	1	3.482
934	Bench	13026	0.18	2	2	3.477
935	Drunkard	6511	0.09	1	1	3.477
936	Trespass	13117	0.181	2	2	3.467
937	Specious	6599	0.091	1	1	3.458
938	Bud	6607	0.091	1	1	3.456
939	98	6652	0.092	1	1	3.447
940	despite	13448	0.186	2	1	3.431
941	allure	6732	0.093	1	1	3.43
942	lovers	26913	0.371	4	4	3.43
943	hopeful	6741	0.093	1	1	3.427
944	pertaining	6774	0.093	1	1	3.42
945	laborious	6787	0.094	1	1	3.417
946	Partial	6793	0.094	1	1	3.416
947	Hey	6793	0.094	1	1	3.416
948	gaining	6791	0.094	1	1	3.416
949	Penal	6800	0.094	1	1	3.414
950	Kindred	20409	0.282	3	3	3.414
951	corner	20657	0.285	3	2	3.396
952	Sixthly	6886	0.095	1	1	3.396
953	Antichristian	13777	0.19	2	2	3.396
954	Hereditary	6934	0.096	1	1	3.387
955	locked	6933	0.096	1	1	3.387
956	Accuser	6942	0.096	1	1	3.385
957	Annual	6938	0.096	1	1	3.385
958	License	6976	0.096	1	1	3.378
959	Lily	6986	0.096	1	1	3.376
960	Sampson	6989	0.096	1	1	3.375
961	Roar	6989	0.096	1	1	3.375
962	Liquors	6994	0.097	1	1	3.373
963	91	7022	0.097	1	1	3.369
964	Fist	7028	0.097	1	1	3.367
965	calling	105619	1.457	15	9	3.364
966	sitting	35270	0.486	5	4	3.362
967	conspire	7065	0.097	1	1	3.36
968	betimes	7115	0.098	1	1	3.35
969	FAB	7117	0.098	1	1	3.348
970	Cell	7136	0.098	1	1	3.345
971	!	371996	5.13	52	30	3.341
972	Horseback	7160	0.099	1	1	3.341
973	pays	7160	0.099	1	1	3.341
974	gets	14332	0.198	2	2	3.339
975	Mother	150593	2.077	21	20	3.338
976	'll	158479	2.186	22	15	3.331
977	rail	7220	0.1	1	1	3.328
978	cruelties	7253	0.1	1	1	3.322
979	Ruth	7305	0.101	1	1	3.312
980	Rotten	14651	0.202	2	2	3.307
981	Foxes	7333	0.101	1	1	3.306
982	disguised	7330	0.101	1	1	3.306
983	Woman	183598	2.532	25	19	3.304
984	kneel	7364	0.102	1	1	3.299
985	prithee	7377	0.102	1	1	3.298
986	Monster	14836	0.205	2	2	3.289
987	Scorned	7420	0.102	1	1	3.289
988	Couple	7466	0.103	1	1	3.279
989	treats	7496	0.103	1	1	3.274
990	Sirs	7500	0.103	1	1	3.274
991	beastly	7495	0.103	1	1	3.274
992	Portions	7504	0.104	1	1	3.272
993	Keepers	7518	0.104	1	1	3.27
994	whoredom	7526	0.104	1	1	3.268
995	trading	7537	0.104	1	1	3.267
996	Card	7542	0.104	1	1	3.265
997	Scandal	22639	0.312	3	3	3.264
998	filthy	30299	0.418	4	4	3.259
999	82	7639	0.105	1	1	3.246
1000	abusing	7672	0.106	1	1	3.241
1001	Wife	214853	2.963	28	23	3.24
1002	Jude	7690	0.106	1	1	3.237
1003	Plutarch	15426	0.213	2	1	3.233
1004	successively	7724	0.107	1	1	3.231
1005	managing	7739	0.107	1	1	3.228
1006	Rome	271183	3.74	35	26	3.226
1007	tear	15500	0.214	2	2	3.226
1008	casts	15527	0.214	2	2	3.224
1009	119	7780	0.107	1	1	3.22
1010	83	7828	0.108	1	1	3.211
1011	malicious	23689	0.327	3	3	3.199
1012	inconsiderable	7918	0.109	1	1	3.195
1013	Wretch	15921	0.22	2	1	3.187
1014	Hare	7991	0.11	1	1	3.182
1015	cry	87922	1.213	11	9	3.181
1016	Epist	8012	0.111	1	1	3.178
1017	carries	24147	0.333	3	3	3.171
1018	Travelling	8101	0.112	1	1	3.162
1019	pull	24362	0.336	3	3	3.158
1020	tantum	16252	0.224	2	1	3.158
1021	Son	570683	7.87	70	45	3.153
1022	flew	8160	0.113	1	1	3.152
1023	Adultery	24714	0.341	3	3	3.138
1024	wide	24766	0.342	3	2	3.135
1025	stiff	8274	0.114	1	1	3.132
1026	inseparable	8314	0.115	1	1	3.124
1027	Taylor	8326	0.115	1	1	3.123
1028	Popular	16668	0.23	2	2	3.121
1029	Gown	8419	0.116	1	1	3.107
1030	frailty	8418	0.116	1	1	3.107
1031	address	16870	0.233	2	2	3.103
1032	dull	25362	0.35	3	3	3.1
1033	Mistress	42310	0.584	5	5	3.099
1034	cheap	8467	0.117	1	1	3.098
1035	apparently	8551	0.118	1	1	3.084
1036	admits	8553	0.118	1	1	3.083
1037	repute	8562	0.118	1	1	3.082
1038	Imperial	25835	0.356	3	3	3.074
1039	versus	8614	0.119	1	1	3.073
1040	n't	34507	0.476	4	3	3.071
1041	120	8654	0.119	1	1	3.067
1042	blasphemies	8683	0.12	1	1	3.063
1043	Confounded	17397	0.24	2	2	3.059
1044	Luxury	8713	0.12	1	1	3.056
1045	instead	52525	0.724	6	6	3.05
1046	covet	8785	0.121	1	1	3.045
1047	Continent	8853	0.122	1	1	3.034
1048	Knave	8870	0.122	1	1	3.032
1049	dig	8923	0.123	1	1	3.022
1050	great	1790493	24.693	200	54	3.018
1051	Villain	8957	0.124	1	1	3.017
1052	Type	17907	0.247	2	2	3.017
1053	Venus	26929	0.371	3	3	3.014
1054	Pity	62915	0.868	7	4	3.012
1055	pleads	8993	0.124	1	1	3.012
1056	enrich	9011	0.124	1	1	3.008
1057	Talent	9018	0.124	1	1	3.007
1058	Cursing	9071	0.125	1	1	2.999
1059	71	9104	0.126	1	1	2.993
1060	purple	18224	0.251	2	1	2.993
1061	Ep	27473	0.379	3	1	2.985
1062	Defile	9264	0.128	1	1	2.968
1063	naked	46459	0.641	5	5	2.964
1064	enriched	9319	0.129	1	1	2.96
1065	disguise	9345	0.129	1	1	2.956
1066	spreading	9364	0.129	1	1	2.953
1067	impure	9368	0.129	1	1	2.952
1068	CUPID	9383	0.129	1	1	2.95
1069	embracing	9401	0.13	1	1	2.947
1070	hired	9416	0.13	1	1	2.945
1071	outwardly	19010	0.262	2	2	2.931
1072	Pair	19031	0.263	2	2	2.93
1073	dissemble	9543	0.132	1	1	2.926
1074	horrid	19167	0.264	2	2	2.92
1075	Patents	9586	0.132	1	1	2.919
1076	Pulse	9594	0.132	1	1	2.918
1077	crowned	28810	0.397	3	3	2.917
1078	abhor	19419	0.268	2	2	2.901
1079	Bell	19417	0.268	2	2	2.901
1080	fasten	9759	0.135	1	1	2.893
1081	signal	9775	0.135	1	1	2.891
1082	abhorred	9825	0.136	1	1	2.884
1083	Cam	9828	0.136	1	1	2.884
1084	whereon	19704	0.272	2	2	2.88
1085	drives	9907	0.137	1	1	2.872
1086	Lawyer	9909	0.137	1	1	2.871
1087	viz	9934	0.137	1	1	2.868
1088	sharply	9944	0.137	1	1	2.867
1089	claim	29873	0.412	3	3	2.864
1090	Omnipotent	9996	0.138	1	1	2.858
1091	Daughters	40010	0.552	4	4	2.858
1092	Ruling	10062	0.139	1	1	2.849
1093	threatens	10096	0.139	1	1	2.845
1094	Counterfeit	20191	0.279	2	2	2.844
1095	Interpreter	10101	0.139	1	1	2.844
1096	Fortune	101130	1.395	10	9	2.842
1097	wanton	20242	0.279	2	2	2.841
1098	ride	20257	0.279	2	2	2.84
1099	quarto	10132	0.14	1	1	2.84
1100	embraces	10141	0.14	1	1	2.838
1101	burn	40670	0.561	4	3	2.834
1102	Car	20342	0.281	2	2	2.834
1103	Tragedy	10196	0.141	1	1	2.83
1104	aloud	10233	0.141	1	1	2.825
1105	handling	10289	0.142	1	1	2.817
1106	Tail	30912	0.426	3	3	2.815
1107	Marquess	10309	0.142	1	1	2.814
1108	Protestant	51645	0.712	5	5	2.812
1109	Lease	20724	0.286	2	1	2.807
1110	she	1006738	13.884	97	69	2.805
1111	Spear	10397	0.143	1	1	2.802
1112	Brazen	10407	0.144	1	1	2.801
1113	herself	10419	0.144	1	1	2.799
1114	brutish	10442	0.144	1	1	2.796
1115	Borrow	10448	0.144	1	1	2.795
1116	Liar	10452	0.144	1	1	2.795
1117	Matrimony	10446	0.144	1	1	2.795
1118	Wares	10458	0.144	1	1	2.794
1119	Parson	10471	0.144	1	1	2.792
1120	offending	10488	0.145	1	1	2.79
1121	meets	10502	0.145	1	1	2.788
1122	Callings	10529	0.145	1	1	2.784
1123	consecrate	10547	0.146	1	1	2.781
1124	expressing	10565	0.146	1	1	2.779
1125	cursed	42622	0.588	4	4	2.767
1126	Cries	32046	0.442	3	3	2.763
1127	IV	42765	0.59	4	4	2.762
1128	expectation	32361	0.446	3	3	2.749
1129	Robes	10833	0.149	1	1	2.743
1130	61	10846	0.15	1	1	2.741
1131	Wales	21702	0.299	2	2	2.74
1132	Perdition	10866	0.15	1	1	2.738
1133	Impatient	10884	0.15	1	1	2.736
1134	destroys	10886	0.15	1	1	2.736
1135	Expenses	10928	0.151	1	1	2.73
1136	daring	11022	0.152	1	1	2.718
1137	Perjury	11072	0.153	1	1	2.711
1138	restoring	11097	0.153	1	1	2.708
1139	her	1811491	24.983	162	107	2.697
1140	Station	11208	0.155	1	1	2.693
1141	Poet	34204	0.472	3	3	2.669
1142	Gulf	11408	0.157	1	1	2.668
1143	Blasphemous	11428	0.158	1	1	2.666
1144	Prodigal	11427	0.158	1	1	2.666
1145	curses	11438	0.158	1	1	2.665
1146	vowed	11454	0.158	1	1	2.662
1147	64	11464	0.158	1	1	2.661
1148	Abominable	22990	0.317	2	2	2.657
1149	handsome	11498	0.159	1	1	2.657
1150	infallibly	11634	0.16	1	1	2.64
1151	Speaker	11638	0.161	1	1	2.639
1152	[	280684	3.871	24	11	2.632
1153	seasonable	11704	0.161	1	1	2.631
1154	ravished	11709	0.162	1	1	2.63
1155	thrown	23518	0.324	2	2	2.625
1156	preferment	11954	0.165	1	1	2.6
1157	wishes	12019	0.166	1	1	2.592
1158	corrupted	36122	0.498	3	3	2.59
1159	Fox	24216	0.334	2	1	2.582
1160	Ann	12147	0.168	1	1	2.578
1161	Vows	24417	0.337	2	2	2.57
1162	proclaim	12226	0.169	1	1	2.568
1163	seeks	24462	0.337	2	2	2.567
1164	young	171502	2.365	14	11	2.565
1165	Pagan	12292	0.17	1	1	2.561
1166	mounted	12305	0.17	1	1	2.559
1167	weaker	12343	0.17	1	1	2.555
1168	fetch	24696	0.341	2	2	2.554
1169	Telling	24804	0.342	2	2	2.548
1170	descending	12509	0.173	1	1	2.535
1171	dealt	25109	0.346	2	2	2.53
1172	Murderer	12581	0.174	1	1	2.527
1173	deep	75511	1.041	6	6	2.526
1174	smell	25352	0.35	2	2	2.516
1175	Limbs	12705	0.175	1	1	2.513
1176	F	50955	0.703	4	3	2.509
1177	waited	12759	0.176	1	1	2.506
1178	mourn	12769	0.176	1	1	2.506
1179	Virgil	12778	0.176	1	1	2.505
1180	Common	346098	4.773	27	25	2.5
1181	crafty	12823	0.177	1	1	2.5
1182	pursuit	12818	0.177	1	1	2.5
1183	odd	12894	0.178	1	1	2.492
1184	murder	51605	0.712	4	4	2.491
1185	Hebr.	12923	0.178	1	1	2.488
1186	gent	12956	0.179	1	1	2.484
1187	Bargain	12971	0.179	1	1	2.483
1188	Hypocrite	13012	0.18	1	1	2.478
1189	Raging	13043	0.18	1	1	2.475
1190	'd	144543	1.993	11	9	2.464
1191	disgrace	26379	0.364	2	2	2.459
1192	Lev	13206	0.182	1	1	2.457
1193	offerings	13224	0.182	1	1	2.455
1194	Pipe	13225	0.182	1	1	2.455
1195	Andrew	13250	0.183	1	1	2.452
1196	designed	39808	0.549	3	3	2.45
1197	early	26548	0.366	2	2	2.45
1198	Cur	13329	0.184	1	1	2.444
1199	replied	40276	0.556	3	3	2.433
1200	runs	40288	0.556	3	3	2.433
1201	tract	13512	0.186	1	1	2.424
1202	Globe	13523	0.187	1	1	2.423
1203	asking	13581	0.187	1	1	2.417
1204	Secretary	13724	0.189	1	1	2.401
1205	Solomon	41245	0.569	3	3	2.399
1206	henceforth	13747	0.19	1	1	2.399
1207	proves	41434	0.571	3	3	2.392
1208	Tune	13862	0.191	1	1	2.387
1209	waiting	13872	0.191	1	1	2.386
1210	wonderfully	13915	0.192	1	1	2.382
1211	Resemblance	13923	0.192	1	1	2.381
1212	beware	28157	0.388	2	1	2.365
1213	Charms	14109	0.195	1	1	2.361
1214	Methinks	14132	0.195	1	1	2.359
1215	nine	42485	0.586	3	3	2.356
1216	ascended	14176	0.196	1	1	2.355
1217	sensual	14173	0.196	1	1	2.355
1218	Goats	14285	0.197	1	1	2.344
1219	Martin	14281	0.197	1	1	2.344
1220	sue	14301	0.197	1	1	2.342
1221	described	42932	0.592	3	3	2.341
1222	ha	28655	0.395	2	1	2.339
1223	invade	14360	0.198	1	1	2.336
1224	surprise	14398	0.199	1	1	2.332
1225	Dish	14435	0.199	1	1	2.328
1226	meeting	43320	0.597	3	3	2.328
1227	Lame	14461	0.199	1	1	2.326
1228	IX	28939	0.399	2	1	2.325
1229	Ranks	14516	0.2	1	1	2.32
1230	reflect	14530	0.2	1	1	2.319
1231	Ah	29075	0.401	2	2	2.318
1232	titles	29194	0.403	2	2	2.313
1233	Plot	29203	0.403	2	2	2.312
1234	foregoing	14654	0.202	1	1	2.307
1235	excused	14733	0.203	1	1	2.299
1236	old	414305	5.714	28	24	2.293
1237	Mar	14814	0.204	1	1	2.291
1238	hunting	14846	0.205	1	1	2.288
1239	opposition	44888	0.619	3	1	2.277
1240	doors	29993	0.414	2	2	2.274
1241	asleep	15079	0.208	1	1	2.265
1242	Liquor	30328	0.418	2	2	2.257
1243	Foe	15213	0.21	1	1	2.253
1244	reveal	15245	0.21	1	1	2.25
1245	founded	30617	0.422	2	2	2.244
1246	fix	15345	0.212	1	1	2.241
1247	Brown	15384	0.212	1	1	2.237
1248	Northern	15398	0.212	1	1	2.235
1249	hist	15438	0.213	1	1	2.232
1250	Popery	30936	0.427	2	2	2.229
1251	kindly	15466	0.213	1	1	2.229
1252	Merchandise	15488	0.214	1	1	2.227
1253	mightily	15485	0.214	1	1	2.227
1254	blind	77737	1.072	5	5	2.221
1255	mentions	15583	0.215	1	1	2.218
1256	Angles	15592	0.215	1	1	2.218
1257	Madam	46920	0.647	3	2	2.213
1258	owned	15681	0.216	1	1	2.209
1259	Wall	47250	0.652	3	2	2.203
1260	abused	31590	0.436	2	2	2.199
1261	corrupt	63197	0.872	4	4	2.198
1262	's	1833403	25.285	116	93	2.198
1263	poured	15849	0.219	1	1	2.194
1264	confound	15864	0.219	1	1	2.192
1265	Persecute	15918	0.22	1	1	2.188
1266	illustrious	15935	0.22	1	1	2.186
1267	fitly	16083	0.222	1	1	2.173
1268	Lady	112639	1.553	7	7	2.172
1269	has	321926	4.44	20	18	2.171
1270	Ox	16129	0.222	1	1	2.169
1271	reverend	32495	0.448	2	2	2.158
1272	Purse	16277	0.225	1	1	2.155
1273	Cloak	16351	0.226	1	1	2.149
1274	silly	16358	0.226	1	1	2.148
1275	Sanctify	16453	0.227	1	1	2.14
1276	Penny	16458	0.227	1	1	2.139
1277	keep	313074	4.318	19	17	2.138
1278	Quarrel	32992	0.455	2	2	2.136
1279	executed	33017	0.455	2	2	2.135
1280	fits	16510	0.228	1	1	2.135
1281	Maid	33079	0.456	2	2	2.132
1282	Married	66560	0.918	4	3	2.124
1283	waters	83222	1.148	5	4	2.123
1284	Eloquence	16652	0.23	1	1	2.122
1285	burnt	50113	0.691	3	3	2.118
1286	Prov.	50161	0.692	3	2	2.117
1287	wandering	16735	0.231	1	1	2.115
1288	Judgment	235552	3.249	14	10	2.108
1289	kin	17056	0.235	1	1	2.088
1290	support	34167	0.471	2	2	2.086
1291	Board	17171	0.237	1	1	2.078
1292	K	17207	0.237	1	1	2.075
1293	Ornaments	17222	0.238	1	1	2.074
1294	false	224466	3.096	13	12	2.07
1295	C.	296045	4.083	17	4	2.058
1296	accursed	17442	0.241	1	1	2.056
1297	Regiment	17461	0.241	1	1	2.054
1298	prime	17461	0.241	1	1	2.054
1299	needed	17481	0.241	1	1	2.052
1300	shows	70001	0.965	4	4	2.051
1301	whenever	17549	0.242	1	1	2.047
1302	shift	17549	0.242	1	1	2.047
1303	Roman	141472	1.951	8	7	2.036
1304	got	88984	1.227	5	4	2.027
1305	Butter	17830	0.246	1	1	2.024
1306	destruction	89423	1.233	5	4	2.019
1307	buy	35853	0.495	2	2	2.016
1308	Encounter	17935	0.247	1	1	2.016
1309	Sport	17952	0.248	1	1	2.014
1310	Gallant	17961	0.248	1	1	2.013
1311	Betrayed	18001	0.248	1	1	2.01
1312	Dram	18014	0.248	1	1	2.009
1313	Oh	126299	1.742	7	6	2.007
1314	defiled	18090	0.25	1	1	2.003
1315	Eat	145185	2.002	8	8	1.998
1316	comprehended	18167	0.251	1	1	1.997
1317	Complain	36342	0.501	2	2	1.997
1318	marked	18201	0.251	1	1	1.994
1319	behind	73039	1.007	4	4	1.99
1320	Lust	54865	0.757	3	2	1.987
1321	quit	18392	0.254	1	1	1.979
1322	proud	73660	1.016	4	4	1.977
1323	modest	18444	0.254	1	1	1.975
1324	Courtesy	18515	0.255	1	1	1.97
1325	refuge	18535	0.256	1	1	1.968
1326	Emperors	18606	0.257	1	1	1.962
1327	spend	37287	0.514	2	2	1.96
1328	kill	74750	1.031	4	4	1.956
1329	definition	18738	0.258	1	1	1.952
1330	Judged	56237	0.776	3	2	1.952
1331	Iniquity	56296	0.776	3	2	1.95
1332	plagues	18774	0.259	1	1	1.95
1333	Traitor	18785	0.259	1	1	1.948
1334	Marriage	94195	1.299	5	4	1.944
1335	Quality	75538	1.042	4	4	1.941
1336	attributed	18934	0.261	1	1	1.937
1337	loves	76043	1.049	4	4	1.931
1338	continues	19061	0.263	1	1	1.927
1339	Wives	57399	0.792	3	3	1.922
1340	November	19152	0.264	1	1	1.921
1341	readiness	19245	0.265	1	1	1.914
1342	call	328774	4.534	17	16	1.907
1343	18.	77389	1.067	4	4	1.906
1344	Sink	19378	0.267	1	1	1.904
1345	keeping	58223	0.803	3	3	1.901
1346	Exit	19436	0.268	1	1	1.9
1347	Forgive	38909	0.537	2	2	1.898
1348	a	14471665	199.582	741	265	1.892
1349	habitation	19587	0.27	1	1	1.888
1350	favourable	19618	0.271	1	1	1.886
1351	Devils	59091	0.815	3	3	1.88
1352	City	377406	5.205	19	4	1.868
1353	signify	59908	0.826	3	3	1.86
1354	hit	19976	0.276	1	1	1.86
1355	profane	40020	0.552	2	2	1.858
1356	kept	180349	2.487	9	9	1.855
1357	Arts	40476	0.558	2	2	1.841
1358	Loyal	20260	0.279	1	1	1.84
1359	Wonder	81268	1.121	4	4	1.835
1360	calls	121932	1.682	6	5	1.835
1361	Converted	40728	0.562	2	2	1.832
1362	arose	20382	0.281	1	1	1.831
1363	adore	20395	0.281	1	1	1.83
1364	Apostolical	20443	0.282	1	1	1.827
1365	crave	20437	0.282	1	1	1.827
1366	]	429805	5.928	21	8	1.825
1367	35	41018	0.566	2	2	1.822
1368	printed	82066	1.132	4	3	1.821
1369	Colonel	20655	0.285	1	1	1.811
1370	Warning	20690	0.285	1	1	1.809
1371	"	41388	0.571	2	2	1.809
1372	Pit	20801	0.287	1	1	1.801
1373	Lewis	20972	0.289	1	1	1.79
1374	becomes	41957	0.579	2	2	1.789
1375	persecuted	21044	0.29	1	1	1.785
1376	inwardly	21063	0.291	1	1	1.783
1377	Superstitious	21092	0.291	1	1	1.781
1378	abound	21155	0.292	1	1	1.777
1379	Devil	190658	2.629	9	9	1.775
1380	modern	21190	0.292	1	1	1.775
1381	Slave	21201	0.292	1	1	1.774
1382	event	21225	0.293	1	1	1.773
1383	rose	42445	0.585	2	2	1.773
1384	pronounced	21268	0.293	1	1	1.77
1385	q	21289	0.294	1	1	1.768
1386	Progress	21299	0.294	1	1	1.768
1387	i.	191916	2.647	9	6	1.766
1388	virtuous	42661	0.588	2	2	1.765
1389	Grand	42729	0.589	2	2	1.763
1390	venture	21408	0.295	1	1	1.76
1391	final	21409	0.295	1	1	1.76
1392	Strain	21461	0.296	1	1	1.756
1393	encourage	21511	0.297	1	1	1.753
1394	destroy	86113	1.188	4	4	1.752
1395	frequent	43207	0.596	2	2	1.747
1396	safe	64842	0.894	3	3	1.746
1397	Lake	21647	0.299	1	1	1.744
1398	formal	21650	0.299	1	1	1.744
1399	Daughter	108707	1.499	5	5	1.738
1400	Swords	21748	0.3	1	1	1.737
1401	ca	21771	0.3	1	1	1.736
1402	troublesome	21852	0.301	1	1	1.73
1403	moist	21878	0.302	1	1	1.729
1404	generous	21938	0.303	1	1	1.725
1405	Jealousy	21960	0.303	1	1	1.723
1406	turned	109846	1.515	5	5	1.723
1407	Recovery	21997	0.303	1	1	1.721
1408	prove	220093	3.035	10	10	1.72
1409	meaning	110075	1.518	5	5	1.72
1410	ibid	66183	0.913	3	2	1.717
1411	Officer	22077	0.305	1	1	1.715
1412	29	66407	0.916	3	3	1.712
1413	Poison	44407	0.612	2	2	1.707
1414	Thieves	22285	0.307	1	1	1.702
1415	bent	22285	0.307	1	1	1.702
1416	Prophet	133904	1.847	6	6	1.7
1417	white	134914	1.861	6	5	1.689
1418	60	22504	0.31	1	1	1.688
1419	Spouse	22595	0.312	1	1	1.682
1420	Guard	45684	0.63	2	2	1.667
1421	grown	45966	0.634	2	2	1.658
1422	cried	45966	0.634	2	2	1.658
1423	smoke	23076	0.318	1	1	1.652
1424	odious	23239	0.321	1	1	1.642
1425	Vice	46611	0.643	2	2	1.638
1426	attend	46658	0.644	2	2	1.636
1427	rightly	47299	0.652	2	2	1.616
1428	painted	23662	0.326	1	1	1.616
1429	offers	23765	0.328	1	1	1.61
1430	sat	47715	0.658	2	2	1.604
1431	seldom	47805	0.659	2	2	1.601
1432	Sorry	23995	0.331	1	1	1.596
1433	Trade	71989	0.993	3	3	1.595
1434	lie	168129	2.319	7	7	1.594
1435	Constancy	24222	0.334	1	1	1.582
1436	19.	72769	1.004	3	3	1.58
1437	burning	48634	0.671	2	2	1.576
1438	discharged	24372	0.336	1	1	1.573
1439	Coat	24384	0.336	1	1	1.572
1440	distinct	48978	0.676	2	1	1.566
1441	Bed	73593	1.015	3	3	1.564
1442	elected	24530	0.338	1	1	1.564
1443	Mourning	24529	0.338	1	1	1.564
1444	Garment	24609	0.339	1	1	1.559
1445	tells	98449	1.358	4	4	1.559
1446	Lights	24751	0.341	1	1	1.551
1447	faithfully	24842	0.343	1	1	1.545
1448	Ruin	74606	1.029	3	2	1.544
1449	Angel	74694	1.03	3	1	1.542
1450	imagined	25023	0.345	1	1	1.535
1451	Page	252043	3.476	10	2	1.525
1452	Dominion	50446	0.696	2	1	1.523
1453	Nose	25309	0.349	1	1	1.519
1454	termed	25438	0.351	1	1	1.511
1455	Returning	25466	0.351	1	1	1.51
1456	Sex	25550	0.352	1	1	1.505
1457	Confusion	51173	0.706	2	2	1.503
1458	wish	76763	1.059	3	3	1.503
1459	accident	25658	0.354	1	1	1.499
1460	makes	359288	4.955	14	13	1.498
1461	G.	51419	0.709	2	1	1.496
1462	Sister	51618	0.712	2	2	1.49
1463	Chamber	51849	0.715	2	2	1.484
1464	opening	25968	0.358	1	1	1.482
1465	possessed	51998	0.717	2	2	1.48
1466	gain	78199	1.079	3	3	1.476
1467	Ten	130362	1.798	5	3	1.476
1468	loved	78391	1.081	3	3	1.472
1469	maintain	78757	1.086	3	3	1.466
1470	Advice	52773	0.728	2	2	1.458
1471	Heathens	26424	0.364	1	1	1.456
1472	foolish	52888	0.729	2	2	1.455
1473	entertained	26459	0.365	1	1	1.454
1474	Grave	79381	1.095	3	3	1.454
1475	wanted	26501	0.366	1	1	1.452
1476	Sir	371184	5.119	14	7	1.451
1477	Tom	26564	0.366	1	1	1.449
1478	conceived	53148	0.733	2	2	1.448
1479	List	26655	0.368	1	1	1.444
1480	pay	106691	1.471	4	4	1.443
1481	break	107397	1.481	4	3	1.433
1482	Distress	26900	0.371	1	1	1.431
1483	carry	108052	1.49	4	4	1.424
1484	gained	27095	0.374	1	1	1.42
1485	lastly	81334	1.122	3	3	1.419
1486	Mr.	271819	3.749	10	8	1.416
1487	Faction	27201	0.375	1	1	1.415
1488	served	54417	0.751	2	2	1.414
1489	loath	27335	0.377	1	1	1.407
1490	saw	191431	2.64	7	4	1.407
1491	44	27360	0.377	1	1	1.406
1492	Native	27451	0.379	1	1	1.401
1493	renewed	27500	0.379	1	1	1.399
1494	VI	55012	0.759	2	2	1.398
1495	suitable	27681	0.382	1	1	1.389
1496	morrow	27739	0.383	1	1	1.386
1497	Professors	27778	0.383	1	1	1.384
1498	melancholy	27965	0.386	1	1	1.374
1499	Kings	363629	5.015	13	10	1.374
1500	acted	28050	0.387	1	1	1.37
1501	thirst	28225	0.389	1	1	1.361
1502	Joh.	56601	0.781	2	2	1.357
1503	imagination	28389	0.392	1	1	1.353
1504	Services	28473	0.393	1	1	1.349
1505	fatal	28526	0.393	1	1	1.346
1506	Yoke	28576	0.394	1	1	1.343
1507	cunning	28670	0.395	1	1	1.339
1508	preferred	28699	0.396	1	1	1.337
1509	Challenge	28699	0.396	1	1	1.337
1510	art	315875	4.356	11	11	1.336
1511	exactly	28776	0.397	1	1	1.333
1512	Crimes	28899	0.399	1	1	1.327
1513	hole	28915	0.399	1	1	1.326
1514	Drinking	29093	0.401	1	1	1.318
1515	Queen	174640	2.409	6	3	1.317
1516	hour	87383	1.205	3	3	1.316
1517	pour	29172	0.402	1	1	1.314
1518	Commonwealth	29279	0.404	1	1	1.308
1519	zealous	29282	0.404	1	1	1.308
1520	reference	29409	0.406	1	1	1.302
1521	captivity	29583	0.408	1	1	1.293
1522	share	29601	0.408	1	1	1.293
1523	Child	148012	2.041	5	4	1.292
1524	famous	88824	1.225	3	3	1.292
1525	fruitful	29679	0.409	1	1	1.289
1526	Nation	148522	2.048	5	2	1.288
1527	SECT.	59519	0.821	2	1	1.285
1528	pretty	29773	0.411	1	1	1.284
1529	term	59683	0.823	2	2	1.281
1530	Consent	119423	1.647	4	4	1.28
1531	allowed	59743	0.824	2	2	1.279
1532	permit	29877	0.412	1	1	1.279
1533	Purity	29926	0.413	1	1	1.277
1534	Supper	60000	0.828	2	2	1.273
1535	contains	30140	0.416	1	1	1.266
1536	Next	271507	3.744	9	4	1.265
1537	figures	30387	0.419	1	1	1.255
1538	T.	60824	0.839	2	2	1.254
1539	asked	61036	0.842	2	2	1.248
1540	commend	30571	0.422	1	1	1.246
1541	25	91872	1.267	3	3	1.244
1542	Anointed	30642	0.423	1	1	1.243
1543	Star	30709	0.424	1	1	1.24
1544	unclean	30723	0.424	1	1	1.239
1545	Harm	30750	0.424	1	1	1.238
1546	takes	123079	1.697	4	4	1.237
1547	Wild	61696	0.851	2	2	1.233
1548	Priest	123560	1.704	4	3	1.231
1549	Husbands	30992	0.427	1	1	1.226
1550	curse	61992	0.855	2	2	1.226
1551	flesh	279311	3.852	9	8	1.224
1552	Text	124188	1.713	4	4	1.224
1553	Night	217853	3.005	7	7	1.22
1554	Monarchy	31153	0.43	1	1	1.219
1555	execute	31219	0.431	1	1	1.216
1556	reported	31227	0.431	1	1	1.215
1557	endeavoured	31247	0.431	1	1	1.215
1558	16.	93810	1.294	3	3	1.213
1559	beautiful	31363	0.433	1	1	1.209
1560	sworn	31396	0.433	1	1	1.208
1561	Draws	31643	0.436	1	1	1.196
1562	Desert	31779	0.438	1	1	1.19
1563	Per	190947	2.633	6	2	1.188
1564	hang	31830	0.439	1	1	1.188
1565	presume	31879	0.44	1	1	1.185
1566	Operation	31914	0.44	1	1	1.184
1567	Whilst	127767	1.762	4	4	1.183
1568	Case	319514	4.407	10	5	1.182
1569	spoke	31965	0.441	1	1	1.182
1570	fields	31970	0.441	1	1	1.181
1571	represented	31976	0.441	1	1	1.181
1572	called	768363	10.597	24	23	1.179
1573	exercised	32045	0.442	1	1	1.178
1574	Damnation	32064	0.442	1	1	1.177
1575	Deuteronomy	64271	0.886	2	1	1.174
1576	door	64326	0.887	2	2	1.173
1577	Constant	64819	0.894	2	2	1.162
1578	sometimes	226924	3.13	7	3	1.161
1579	Like	1070087	14.758	33	30	1.161
1580	Bond	32545	0.449	1	1	1.156
1581	remaining	32552	0.449	1	1	1.156
1582	accused	32564	0.449	1	1	1.155
1583	making	195439	2.695	6	6	1.155
1584	commonly	97748	1.348	3	3	1.154
1585	Master	228418	3.15	7	7	1.152
1586	thin	32659	0.45	1	1	1.151
1587	told	164509	2.269	5	5	1.14
1588	endure	66031	0.911	2	2	1.135
1589	record	33094	0.456	1	1	1.132
1590	afford	33330	0.46	1	1	1.121
1591	please	133516	1.841	4	4	1.119
1592	Trinity	33437	0.461	1	1	1.117
1593	marks	33471	0.462	1	1	1.115
1594	goes	100413	1.385	3	3	1.115
1595	Shore	33521	0.462	1	1	1.113
1596	colour	100836	1.391	3	3	1.109
1597	sees	33635	0.464	1	1	1.108
1598	make	1313915	18.121	39	31	1.106
1599	v.	202373	2.791	6	5	1.104
1600	Hen	33893	0.467	1	1	1.097
1601	alas	67915	0.937	2	2	1.094
1602	VII	34063	0.47	1	1	1.09
1603	judgments	34069	0.47	1	1	1.09
1604	bred	34100	0.47	1	1	1.088
1605	Injury	34234	0.472	1	1	1.083
1606	confession	68490	0.945	2	1	1.082
1607	professed	34256	0.472	1	1	1.082
1608	physic	34467	0.475	1	1	1.073
1609	uncertain	34586	0.477	1	1	1.068
1610	Friend	138523	1.91	4	4	1.066
1611	John	415725	5.733	12	10	1.066
1612	demanded	34888	0.481	1	1	1.056
1613	broad	35012	0.483	1	1	1.05
1614	Serious	35051	0.483	1	1	1.049
1615	Forbear	35085	0.484	1	1	1.047
1616	delights	35263	0.486	1	1	1.04
1617	Monsieur	35326	0.487	1	1	1.037
1618	habit	35431	0.489	1	1	1.033
1619	shortly	35459	0.489	1	1	1.032
1620	down	533657	7.36	15	12	1.027
1621	Protestants	71207	0.982	2	2	1.026
1622	37	35612	0.491	1	1	1.026
1623	Tower	35614	0.491	1	1	1.026
1624	Laying	35626	0.491	1	1	1.025
1625	Poverty	35712	0.493	1	1	1.022
1626	special	107206	1.479	3	2	1.021
1627	thou	1398203	19.283	39	25	1.016
1628	Verses	35860	0.495	1	1	1.016
1629	acknowledged	35881	0.495	1	1	1.015
1630	engaged	35885	0.495	1	1	1.015
1631	Why	394748	5.444	11	10	1.015
1632	Arguments	71833	0.991	2	2	1.013
1633	off	323311	4.459	9	8	1.013
1634	each	252025	3.476	7	6	1.01
1635	double	72073	0.994	2	1	1.009
1636	Courage	72091	0.994	2	2	1.008
1637	sure	217623	3.001	6	6	0.999
1638	mistake	36342	0.501	1	1	0.997
1639	Jer.	36352	0.501	1	1	0.996
1640	am	509469	7.026	14	9	0.995
1641	Garden	36538	0.504	1	1	0.989
1642	possess	36617	0.505	1	1	0.986
1643	London	146866	2.026	4	3	0.982
1644	resolve	36730	0.507	1	1	0.981
1645	vast	36772	0.507	1	1	0.98
1646	became	73544	1.014	2	2	0.98
1647	spoken	147126	2.029	4	3	0.979
1648	&c	479189	6.609	13	11	0.976
1649	Overthrow	36900	0.509	1	1	0.975
1650	House	407406	5.619	11	9	0.969
1651	Palace	37162	0.513	1	1	0.964
1652	Satan	111662	1.54	3	3	0.962
1653	disposed	37317	0.515	1	1	0.958
1654	Fat	37322	0.515	1	1	0.958
1655	writ	74728	1.031	2	2	0.957
1656	Wilderness	37400	0.516	1	1	0.955
1657	get	149760	2.065	4	4	0.954
1658	gone	112323	1.549	3	3	0.954
1659	while	300747	4.148	8	5	0.948
1660	fifty	37601	0.519	1	1	0.947
1661	?	2527462	34.857	67	44	0.943
1662	bow	37729	0.52	1	1	0.943
1663	Masters	75576	1.042	2	2	0.94
1664	Ecclesiastical	75702	1.044	2	2	0.938
1665	Ages	75749	1.045	2	2	0.937
1666	wrath	113648	1.567	3	3	0.937
1667	Dan	38042	0.525	1	1	0.931
1668	brave	38044	0.525	1	1	0.93
1669	lips	38066	0.525	1	1	0.93
1670	praying	38212	0.527	1	1	0.924
1671	maintained	38390	0.529	1	1	0.918
1672	committed	115180	1.589	3	3	0.917
1673	FINIS	38468	0.531	1	1	0.915
1674	Reign	115734	1.596	3	3	0.91
1675	rising	38647	0.533	1	1	0.908
1676	Deserved	38662	0.533	1	1	0.907
1677	Chap	271060	3.738	7	3	0.905
1678	Qualities	38805	0.535	1	1	0.902
1679	hide	38812	0.535	1	1	0.902
1680	Senate	38824	0.535	1	1	0.901
1681	sweet	155475	2.144	4	4	0.9
1682	George	39058	0.539	1	1	0.892
1683	whose	468798	6.465	12	9	0.892
1684	12	195478	2.696	5	5	0.891
1685	Poor	313465	4.323	8	7	0.888
1686	turns	39404	0.543	1	1	0.88
1687	Teeth	39404	0.543	1	1	0.88
1688	follows	118360	1.632	3	3	0.878
1689	whereupon	78977	1.089	2	1	0.877
1690	lively	39523	0.545	1	1	0.875
1691	attain	39646	0.547	1	1	0.871
1692	36	39832	0.549	1	1	0.864
1693	wants	39855	0.55	1	1	0.864
1694	Seven	120863	1.667	3	3	0.848
1695	viz.	161354	2.225	4	2	0.846
1696	8	242055	3.338	6	4	0.846
1697	deceive	40456	0.558	1	1	0.842
1698	Provide	40597	0.56	1	1	0.837
1699	Natures	40702	0.561	1	1	0.833
1700	pounds	40756	0.562	1	1	0.831
1701	notable	40823	0.563	1	1	0.829
1702	or	6140246	84.682	149	87	0.815
1703	Fool	41266	0.569	1	1	0.813
1704	openly	41440	0.572	1	1	0.807
1705	still	373001	5.144	9	9	0.807
1706	colours	41565	0.573	1	1	0.803
1707	intention	41747	0.576	1	1	0.797
1708	evident	83651	1.154	2	1	0.794
1709	Honey	41845	0.577	1	1	0.793
1710	turn	167524	2.31	4	4	0.792
1711	embrace	41941	0.578	1	1	0.79
1712	roots	42047	0.58	1	1	0.786
1713	Prejudice	42088	0.58	1	1	0.785
1714	running	42083	0.58	1	1	0.785
1715	Rare	42119	0.581	1	1	0.784
1716	5	338721	4.671	8	6	0.776
1717	whither	42388	0.585	1	1	0.774
1718	Milk	42416	0.585	1	1	0.773
1719	Infants	42501	0.586	1	1	0.771
1720	stands	85073	1.173	2	2	0.769
1721	Fact	42577	0.587	1	1	0.768
1722	carried	127788	1.762	3	3	0.767
1723	utter	42614	0.588	1	1	0.767
1724	honoured	42718	0.589	1	1	0.763
1725	distinction	42763	0.59	1	1	0.762
1726	deal	85541	1.18	2	1	0.762
1727	Description	42949	0.592	1	1	0.756
1728	benefits	42986	0.593	1	1	0.754
1729	become	172873	2.384	4	4	0.747
1730	18	129797	1.79	3	3	0.745
1731	French	130315	1.797	3	3	0.739
1732	ye	825703	11.387	19	14	0.739
1733	Forms	43593	0.601	1	1	0.734
1734	alleged	43807	0.604	1	1	0.727
1735	sit	131502	1.814	3	3	0.726
1736	Camp	43972	0.606	1	1	0.722
1737	bringing	44028	0.607	1	1	0.72
1738	yours	44031	0.607	1	1	0.72
1739	Leave	264688	3.65	6	6	0.717
1740	fancy	44141	0.609	1	1	0.716
1741	on	1948583	26.873	44	34	0.711
1742	Dust	44440	0.613	1	1	0.706
1743	does	222564	3.069	5	5	0.704
1744	Reputation	44574	0.615	1	1	0.702
1745	appearance	44583	0.615	1	1	0.702
1746	17	133873	1.846	3	2	0.7
1747	fall	267911	3.695	6	5	0.699
1748	il	44690	0.616	1	1	0.698
1749	Neck	44710	0.617	1	1	0.698
1750	than	940786	12.975	21	18	0.695
1751	di	44811	0.618	1	1	0.694
1752	unjust	44820	0.618	1	1	0.694
1753	Defence	89679	1.237	2	2	0.693
1754	draw	134904	1.861	3	3	0.689
1755	bid	45051	0.621	1	1	0.687
1756	Instrument	45056	0.621	1	1	0.686
1757	Institution	45069	0.622	1	1	0.686
1758	half	181109	2.498	4	4	0.679
1759	Hill	45286	0.625	1	1	0.679
1760	remain	90767	1.252	2	2	0.676
1761	Mine	181777	2.507	4	4	0.674
1762	concerned	45475	0.627	1	1	0.673
1763	main	45562	0.628	1	1	0.67
1764	settled	45575	0.629	1	1	0.67
1765	Math	45572	0.629	1	1	0.67
1766	easy	91240	1.258	2	2	0.669
1767	Patient	45655	0.63	1	1	0.667
1768	strong	182777	2.521	4	4	0.666
1769	you	3714542	51.228	81	53	0.661
1770	Affliction	45899	0.633	1	1	0.66
1771	belongs	45900	0.633	1	1	0.66
1772	expected	45982	0.634	1	1	0.657
1773	laid	184949	2.551	4	4	0.649
1774	once	277740	3.83	6	6	0.647
1775	store	46312	0.639	1	1	0.647
1776	Freedom	46462	0.641	1	1	0.642
1777	Ghost	139834	1.929	3	3	0.637
1778	shall	2624249	36.192	56	32	0.63
1779	Crown	140652	1.94	3	3	0.629
1780	Money	188212	2.596	4	4	0.624
1781	ones	94155	1.299	2	2	0.623
1782	where	1086411	14.983	23	18	0.618
1783	History	94546	1.304	2	1	0.617
1784	United	47414	0.654	1	1	0.613
1785	Devotion	47524	0.655	1	1	0.61
1786	lately	47691	0.658	1	1	0.604
1787	15.	95551	1.318	2	2	0.602
1788	lower	47845	0.66	1	1	0.6
1789	warrant	48147	0.664	1	1	0.591
1790	Lies	96467	1.33	2	2	0.588
1791	fine	96522	1.331	2	2	0.587
1792	Philip	48328	0.667	1	1	0.585
1793	worst	48340	0.667	1	1	0.585
1794	20	145215	2.003	3	3	0.583
1795	J.	48447	0.668	1	1	0.582
1796	Enter	145726	2.01	3	3	0.578
1797	Burden	48806	0.673	1	1	0.571
1798	happen	48850	0.674	1	1	0.57
1799	charged	49036	0.676	1	1	0.564
1800	States	49055	0.677	1	1	0.564
1801	Heavens	49058	0.677	1	1	0.564
1802	pretence	49124	0.678	1	1	0.562
1803	Sacrifices	49194	0.678	1	1	0.56
1804	Col.	49217	0.679	1	1	0.559
1805	wicked	246712	3.403	5	5	0.555
1806	abundance	49441	0.682	1	1	0.552
1807	alive	49526	0.683	1	1	0.55
1808	Golden	49785	0.687	1	1	0.542
1809	naturally	49783	0.687	1	1	0.542
1810	servants	149996	2.069	3	3	0.536
1811	Lamb	50063	0.69	1	1	0.534
1812	James	100348	1.384	2	2	0.531
1813	;	9536348	131.518	190	132	0.531
1814	External	50280	0.693	1	1	0.528
1815	away	504942	6.964	10	9	0.522
1816	short	151930	2.095	3	3	0.518
1817	Instruments	50653	0.699	1	1	0.517
1818	6	304045	4.193	6	6	0.517
1819	Posterity	50699	0.699	1	1	0.516
1820	Behold	152112	2.098	3	3	0.516
1821	express	101655	1.402	2	2	0.513
1822	Revealed	50925	0.702	1	1	0.51
1823	Women	152987	2.11	3	3	0.508
1824	thinking	51014	0.704	1	1	0.507
1825	punished	51064	0.704	1	1	0.506
1826	commit	51155	0.706	1	1	0.503
1827	Prophecy	51210	0.706	1	1	0.502
1828	Fellow	51208	0.706	1	1	0.502
1829	Seat	51212	0.706	1	1	0.502
1830	single	51634	0.712	1	1	0.49
1831	imagine	51686	0.713	1	1	0.488
1832	aside	51692	0.713	1	1	0.488
1833	Worship	206782	2.852	4	4	0.488
1834	thousand	207672	2.864	4	4	0.482
1835	my	2492426	34.374	48	33	0.482
1836	little	624322	8.61	12	11	0.479
1837	looks	52264	0.721	1	1	0.472
1838	born	104623	1.443	2	2	0.471
1839	esteemed	52613	0.726	1	1	0.463
1840	Who	2315377	31.932	44	38	0.463
1841	excuse	52632	0.726	1	1	0.462
1842	going	105462	1.454	2	2	0.46
1843	suddenly	53066	0.732	1	1	0.45
1844	secure	53168	0.733	1	1	0.448
1845	usually	53352	0.736	1	1	0.443
1846	the	59190422	816.308	1109	330	0.442
1847	Church	1175787	16.216	22	18	0.44
1848	apt	53529	0.738	1	1	0.438
1849	wound	53525	0.738	1	1	0.438
1850	falling	53567	0.739	1	1	0.437
1851	Heathen	53596	0.739	1	1	0.436
1852	mouth	161086	2.222	3	3	0.433
1853	mighty	107406	1.481	2	2	0.433
1854	Conversation	53957	0.744	1	1	0.426
1855	sound	107925	1.488	2	2	0.426
1856	Virgin	54072	0.746	1	1	0.423
1857	drawn	108352	1.494	2	2	0.421
1858	Israel	162651	2.243	3	3	0.419
1859	Glass	54513	0.752	1	1	0.412
1860	deceived	54539	0.752	1	1	0.411
1861	lusts	54617	0.753	1	1	0.409
1862	Wine	164447	2.268	3	3	0.404
1863	brings	54834	0.756	1	1	0.403
1864	Walls	54925	0.758	1	1	0.401
1865	Bold	54959	0.758	1	1	0.4
1866	Talk	54978	0.758	1	1	0.399
1867	help	220081	3.035	4	4	0.398
1868	mentioned	110171	1.519	2	2	0.396
1869	Henry	110662	1.526	2	1	0.39
1870	Ordinances	55387	0.764	1	1	0.389
1871	Generation	55724	0.769	1	1	0.38
1872	me	1731164	23.875	31	21	0.377
1873	Prophets	111696	1.54	2	2	0.377
1874	judgement	111780	1.542	2	1	0.376
1875	whom	782727	10.795	14	12	0.375
1876	Breast	56115	0.774	1	1	0.37
1877	Rather	393402	5.426	7	7	0.368
1878	enough	225014	3.103	4	3	0.366
1879	Consciences	56276	0.776	1	1	0.366
1880	accounted	56307	0.777	1	1	0.365
1881	render	56345	0.777	1	1	0.364
1882	luck	56354	0.777	1	1	0.364
1883	Mountains	56383	0.778	1	1	0.363
1884	Interest	112821	1.556	2	2	0.362
1885	Mass	56555	0.78	1	1	0.358
1886	Feast	56711	0.782	1	1	0.355
1887	an	2497908	34.449	44	40	0.353
1888	clearly	57009	0.786	1	1	0.347
1889	no	2739631	37.783	48	36	0.345
1890	often	229358	3.163	4	4	0.339
1891	dark	57339	0.791	1	1	0.339
1892	apply	57357	0.791	1	1	0.338
1893	distance	57644	0.795	1	1	0.331
1894	Arms	173309	2.39	3	3	0.328
1895	fallen	57829	0.798	1	1	0.326
1896	Besides	231481	3.192	4	4	0.325
1897	finding	57977	0.8	1	1	0.323
1898	Horses	58059	0.801	1	1	0.321
1899	whosoever	58235	0.803	1	1	0.316
1900	Commission	58345	0.805	1	1	0.314
1901	wont	58350	0.805	1	1	0.313
1902	length	117029	1.614	2	2	0.309
1903	thy	1346327	18.568	23	17	0.309
1904	giving	117136	1.615	2	2	0.308
1905	,	97296499	1341.837	1661	443	0.308
1906	taste	58748	0.81	1	1	0.304
1907	Cardinal	58899	0.812	1	1	0.3
1908	hand	471988	6.509	8	6	0.297
1909	Ceremonies	59141	0.816	1	1	0.294
1910	self	948089	13.075	16	13	0.291
1911	measure	118535	1.635	2	2	0.291
1912	go	533648	7.36	9	8	0.29
1913	three	474878	6.549	8	7	0.289
1914	condemn	59378	0.819	1	1	0.288
1915	seems	178155	2.457	3	3	0.288
1916	Conscience	238823	3.294	4	4	0.28
1917	loose	59737	0.824	1	1	0.28
1918	'	59808	0.825	1	1	0.278
1919	spiritual	239256	3.3	4	4	0.278
1920	&c.	299097	4.125	5	5	0.278
1921	e.	119746	1.651	2	2	0.276
1922	Magistrates	59888	0.826	1	1	0.276
1923	sake	119831	1.653	2	2	0.275
1924	Names	120160	1.657	2	2	0.271
1925	this	6548918	90.318	109	55	0.271
1926	wrote	60122	0.829	1	1	0.27
1927	quiet	60323	0.832	1	1	0.266
1928	Revenge	60376	0.833	1	1	0.264
1929	Face	181454	2.503	3	3	0.262
1930	Gentlemen	60495	0.834	1	1	0.261
1931	mortal	60563	0.835	1	1	0.26
1932	Did	1515759	20.904	25	22	0.258
1933	thee	728077	10.041	12	10	0.257
1934	.	39047260	538.509	643	236	0.256
1935	Spring	60792	0.838	1	1	0.254
1936	breath	60807	0.839	1	1	0.254
1937	Confidence	60886	0.84	1	1	0.252
1938	your	2073026	28.59	34	22	0.25
1939	mean	244094	3.366	4	4	0.249
1940	ere	61209	0.844	1	1	0.245
1941	though	1040761	14.353	17	16	0.244
1942	Party	122702	1.692	2	2	0.241
1943	Land	307074	4.235	5	2	0.24
1944	join	61462	0.848	1	1	0.239
1945	upon	2522161	34.784	41	31	0.237
1946	began	184715	2.547	3	3	0.236
1947	Town	184940	2.551	3	3	0.234
1948	base	61654	0.85	1	1	0.234
1949	killed	61673	0.851	1	1	0.234
1950	along	61778	0.852	1	1	0.231
1951	de	804522	11.095	13	6	0.229
1952	perceive	62013	0.855	1	1	0.226
1953	bring	310345	4.28	5	5	0.224
1954	Italy	62147	0.857	1	1	0.222
1955	pleasure	186565	2.573	3	3	0.222
1956	changed	62232	0.858	1	1	0.22
1957	How	1244740	17.167	20	16	0.22
1958	with	6743369	92.999	108	79	0.216
1959	is	12301699	169.655	197	107	0.216
1960	pretended	62449	0.861	1	1	0.216
1961	prevent	62672	0.864	1	1	0.21
1962	inhabitants	62803	0.866	1	1	0.207
1963	P.	440626	6.077	7	6	0.204
1964	II	125905	1.736	2	2	0.204
1965	Powers	63000	0.869	1	1	0.203
1966	Prison	63013	0.869	1	1	0.203
1967	Supposed	63181	0.871	1	1	0.199
1968	give	758276	10.458	12	8	0.198
1969	better	443737	6.12	7	5	0.194
1970	continually	63423	0.875	1	1	0.193
1971	Nor	1146191	15.807	18	15	0.187
1972	will	2993503	41.284	47	41	0.187
1973	confess	127821	1.763	2	2	0.182
1974	Between	321208	4.43	5	4	0.175
1975	difference	128593	1.774	2	2	0.173
1976	Children	387096	5.339	6	4	0.169
1977	Liberty	193859	2.674	3	3	0.166
1978	pleased	129448	1.785	2	2	0.164
1979	months	65020	0.897	1	1	0.157
1980	cause	585252	8.071	9	6	0.157
1981	Avoid	65191	0.899	1	1	0.153
1982	innocent	65570	0.904	1	1	0.145
1983	Hours	65642	0.905	1	1	0.144
1984	brought	394377	5.439	6	6	0.142
1985	lying	65748	0.907	1	1	0.141
1986	Gentleman	66021	0.911	1	1	0.135
1987	higher	66116	0.912	1	1	0.133
1988	destroyed	66138	0.912	1	1	0.133
1989	went	264770	3.652	4	3	0.132
1990	meet	132574	1.828	2	2	0.129
1991	of	39170514	540.209	589	262	0.125
1992	trial	66850	0.922	1	1	0.117
1993	Issue	66951	0.923	1	1	0.115
1994	lose	66954	0.923	1	1	0.115
1995	persuaded	67094	0.925	1	1	0.112
1996	I	6187300	85.33	92	59	0.109
1997	Letter	134624	1.857	2	2	0.107
1998	run	134767	1.859	2	2	0.106
1999	extraordinary	67414	0.93	1	1	0.105
2000	Clergy	67422	0.93	1	1	0.105
2001	private	134915	1.861	2	2	0.104
2002	miserable	67471	0.931	1	1	0.104
2003	Head	338290	4.665	5	5	0.1
2004	O	541781	7.472	8	8	0.099
2005	many	1356675	18.71	20	17	0.096
2006	Month	67860	0.936	1	1	0.096
2007	e	136544	1.883	2	2	0.087
2008	Throne	68392	0.943	1	1	0.084
2009	Malice	68470	0.944	1	1	0.083
2010	large	136943	1.889	2	2	0.083
2011	Well	1096551	15.123	16	15	0.081
2012	and	37698224	519.904	549	255	0.079
2013	Mary	68927	0.951	1	1	0.073
2014	was	5179337	71.429	75	56	0.07
2015	lawful	138238	1.907	2	2	0.069
2016	would	1733888	23.912	25	23	0.064
2017	particularly	69414	0.957	1	1	0.063
2018	bare	69451	0.958	1	1	0.062
2019	Sons	139530	1.924	2	2	0.056
2020	Love	838220	11.56	12	11	0.054
2021	oft	69946	0.965	1	1	0.052
2022	divers	210634	2.905	3	3	0.046
2023	cut	140466	1.937	2	2	0.046
2024	every	1057014	14.578	15	14	0.041
2025	thought	352735	4.865	5	3	0.04
2026	follow	211834	2.921	3	3	0.038
2027	almost	141302	1.949	2	2	0.037
2028	praise	141937	1.958	2	2	0.031
2029	Fathers	213875	2.95	3	3	0.024
2030	utterly	71440	0.985	1	1	0.022
2031	D	143450	1.978	2	2	0.016
2032	wickedness	71915	0.992	1	1	0.012
2033	public	215912	2.978	3	3	0.011
2034	said	1514302	20.884	21	14	0.008
2035	free	216340	2.984	3	3	0.008
2036	Raise	72133	0.995	1	1	0.008
2037	knows	144623	1.995	2	2	0.004
2038	because	1157094	15.958	16	11	0.004
2039	One	2538275	35.006	35	23	-0
2040	For	9369441	129.216	129	89	-0.002
2041	Priests	145909	2.012	2	2	-0.009
2042	F.	73082	1.008	1	1	-0.011
2043	expect	73209	1.01	1	1	-0.014
2044	Kingdoms	73313	1.011	1	1	-0.016
2045	Wealth	73703	1.017	1	1	-0.024
2046	that	17465266	240.867	236	135	-0.029
2047	red	74028	1.021	1	1	-0.03
2048	during	74035	1.021	1	1	-0.03
2049	wilt	74391	1.026	1	1	-0.037
2050	against	1339213	18.469	18	16	-0.037
2051	what	2320680	32.005	31	23	-0.046
2052	Effects	75047	1.035	1	1	-0.05
2053	seemed	75334	1.039	1	1	-0.055
2054	Latin	75364	1.039	1	1	-0.056
2055	indeed	301803	4.162	4	3	-0.057
2056	agree	75479	1.041	1	1	-0.058
2057	Edward	75687	1.044	1	1	-0.062
2058	among	379416	5.233	5	5	-0.066
2059	Name	607418	8.377	8	7	-0.066
2060	Wisdom	228022	3.145	3	1	-0.068
2061	always	304181	4.195	4	4	-0.069
2062	had	2740575	37.796	36	31	-0.07
2063	cast	229673	3.168	3	2	-0.078
2064	none	383245	5.285	5	5	-0.08
2065	Popes	76677	1.058	1	1	-0.081
2066	Ignorance	77023	1.062	1	1	-0.087
2067	l.	308378	4.253	4	3	-0.088
2068	first	1465032	20.205	19	17	-0.089
2069	Unless	154621	2.132	2	2	-0.092
2070	England	309285	4.265	4	4	-0.093
2071	Gift	77682	1.071	1	1	-0.099
2072	credit	77984	1.076	1	1	-0.105
2073	root	78309	1.08	1	1	-0.111
2074	already	157133	2.167	2	2	-0.116
2075	Father	550491	7.592	7	6	-0.117
2076	Nay	158341	2.184	2	2	-0.127
2077	signifies	79472	1.096	1	1	-0.132
2078	n.	79817	1.101	1	1	-0.139
2079	space	80076	1.104	1	1	-0.143
2080	Castle	80430	1.109	1	1	-0.15
2081	Live	322774	4.451	4	4	-0.154
2082	let	968524	13.357	12	12	-0.155
2083	s.	403850	5.57	5	4	-0.156
2084	lives	161569	2.228	2	2	-0.156
2085	Enemy	162072	2.235	2	2	-0.16
2086	14	162434	2.24	2	2	-0.164
2087	profession	81244	1.121	1	1	-0.164
2088	knew	162531	2.242	2	2	-0.164
2089	late	162556	2.242	2	2	-0.165
2090	Knight	81427	1.123	1	1	-0.167
2091	13	164052	2.263	2	2	-0.178
2092	forth	410791	5.665	5	5	-0.18
2093	)	3126749	43.122	38	27	-0.182
2094	since	412107	5.684	5	4	-0.185
2095	to	27864128	384.28	338	172	-0.185
2096	State	329799	4.548	4	4	-0.185
2097	can	1982819	27.346	24	22	-0.188
2098	un	83123	1.146	1	1	-0.197
2099	may	2661871	36.71	32	24	-0.198
2100	lead	83367	1.15	1	1	-0.201
2101	acknowledge	83501	1.152	1	1	-0.204
2102	7	251211	3.465	3	2	-0.208
2103	at	3182175	43.886	38	32	-0.208
2104	be	9896153	136.48	118	87	-0.21
2105	cure	84022	1.159	1	1	-0.213
2106	grief	84127	1.16	1	1	-0.214
2107	But	6983890	96.316	83	66	-0.215
2108	been	1095200	15.104	13	12	-0.216
2109	ordained	84488	1.165	1	1	-0.221
2110	chosen	84591	1.167	1	1	-0.222
2111	verse	254782	3.514	3	2	-0.228
2112	piece	85080	1.173	1	1	-0.231
2113	comes	255457	3.523	3	3	-0.232
2114	precious	85205	1.175	1	1	-0.233
2115	found	426408	5.881	5	4	-0.234
2116	Author	170634	2.353	2	2	-0.235
2117	Officers	85656	1.181	1	1	-0.24
2118	obey	85680	1.182	1	1	-0.241
2119	known	257669	3.554	3	3	-0.244
2120	Wit	172149	2.374	2	2	-0.247
2121	haste	258415	3.564	3	3	-0.248
2122	joined	86338	1.191	1	1	-0.252
2123	if	3293480	45.421	38	33	-0.257
2124	hath	1823449	25.148	21	15	-0.26
2125	too	521045	7.186	6	6	-0.26
2126	named	86879	1.198	1	1	-0.261
2127	sight	174034	2.4	2	2	-0.263
2128	ready	174387	2.405	2	1	-0.266
2129	show	349122	4.815	4	4	-0.267
2130	returned	87529	1.207	1	1	-0.272
2131	judge	262867	3.625	3	3	-0.273
2132	rise	87880	1.212	1	1	-0.277
2133	knowing	87901	1.212	1	1	-0.278
2134	terms	88303	1.218	1	1	-0.284
2135	as	9292085	128.149	105	69	-0.287
2136	30	88541	1.221	1	1	-0.288
2137	Captain	88772	1.224	1	1	-0.292
2138	Original	88923	1.226	1	1	-0.294
2139	should	1871070	25.804	21	21	-0.297
2140	Q.	89193	1.23	1	1	-0.299
2141	new	447014	6.165	5	5	-0.302
2142	there	2595192	35.791	29	23	-0.304
2143	Bishops	179221	2.472	2	2	-0.306
2144	conclude	89613	1.236	1	1	-0.306
2145	forced	89873	1.24	1	1	-0.31
2146	acts	180390	2.488	2	2	-0.315
2147	Empire	90491	1.248	1	1	-0.32
2148	deliver	90659	1.25	1	1	-0.322
2149	take	907131	12.51	10	10	-0.323
2150	black	90820	1.253	1	1	-0.325
2151	judges	91633	1.264	1	1	-0.338
2152	stay	91988	1.269	1	1	-0.343
2153	Two	926661	12.78	10	10	-0.354
2154	Learning	92794	1.28	1	1	-0.356
2155	want	185706	2.561	2	2	-0.357
2156	used	278736	3.844	3	3	-0.358
2157	Saint	186918	2.578	2	2	-0.366
2158	Reader	93498	1.29	1	1	-0.367
2159	Honour	374182	5.16	4	4	-0.367
2160	out	1686345	23.257	18	18	-0.37
2161	ask	93732	1.293	1	1	-0.37
2162	high	281250	3.879	3	3	-0.371
2163	Riches	93796	1.294	1	1	-0.371
2164	else	281410	3.881	3	3	-0.371
2165	Shame	94222	1.299	1	1	-0.378
2166	Advantage	94526	1.304	1	1	-0.383
2167	hot	94567	1.304	1	1	-0.383
2168	Sacred	94725	1.306	1	1	-0.386
2169	left	284479	3.923	3	3	-0.387
2170	die	284558	3.924	3	3	-0.388
2171	now	1519152	20.951	16	16	-0.389
2172	bad	95210	1.313	1	1	-0.393
2173	suffer	191145	2.636	2	2	-0.398
2174	happiness	95587	1.318	1	1	-0.399
2175	Beauty	95667	1.319	1	1	-0.4
2176	pains	95716	1.32	1	1	-0.401
2177	his	9217642	127.123	96	64	-0.405
2178	offer	96063	1.325	1	1	-0.406
2179	Sorrow	96091	1.325	1	1	-0.406
2180	here	866663	11.952	9	9	-0.409
2181	:	8018849	110.59	83	61	-0.414
2182	Speaking	96859	1.336	1	1	-0.418
2183	Kingdom	388117	5.353	4	3	-0.42
2184	Come	1165618	16.075	12	11	-0.422
2185	begin	97196	1.341	1	1	-0.423
2186	Never	778679	10.739	8	8	-0.425
2187	another	682313	9.41	7	7	-0.427
2188	St.	195546	2.697	2	2	-0.431
2189	strength	196140	2.705	2	2	-0.436
2190	Fire	294315	4.059	3	3	-0.436
2191	withal	98276	1.355	1	1	-0.439
2192	bear	196568	2.711	2	2	-0.439
2193	People	885047	12.206	9	6	-0.44
2194	continued	98376	1.357	1	1	-0.44
2195	granted	98434	1.358	1	1	-0.441
2196	fit	197019	2.717	2	2	-0.442
2197	Affairs	98583	1.36	1	1	-0.443
2198	rest	396125	5.463	4	4	-0.45
2199	say	1089806	15.03	11	11	-0.45
2200	Image	99324	1.37	1	1	-0.454
2201	Beasts	99530	1.373	1	1	-0.457
2202	perhaps	99958	1.379	1	1	-0.463
2203	Authority	299886	4.136	3	3	-0.463
2204	are	5017099	69.192	50	36	-0.469
2205	William	100370	1.384	1	1	-0.469
2206	greatest	200955	2.771	2	2	-0.471
2207	declare	100528	1.386	1	1	-0.471
2208	principal	100602	1.387	1	1	-0.472
2209	consideration	100610	1.388	1	1	-0.472
2210	could	808277	11.147	8	8	-0.479
2211	Royal	101049	1.394	1	1	-0.479
2212	Darkness	101306	1.397	1	1	-0.482
2213	Catholic	101512	1.4	1	1	-0.485
2214	(	3147389	43.406	31	22	-0.486
2215	Religion	406309	5.604	4	4	-0.486
2216	content	101607	1.401	1	1	-0.487
2217	Communion	101932	1.406	1	1	-0.491
2218	yet	1835928	25.32	18	15	-0.492
2219	sorts	102012	1.407	1	1	-0.493
2220	fair	204535	2.821	2	2	-0.496
2221	also	1433690	19.772	14	12	-0.498
2222	Feet	102703	1.416	1	1	-0.502
2223	Testimony	102732	1.417	1	1	-0.503
2224	Only	1544540	21.301	15	13	-0.506
2225	pro	103839	1.432	1	1	-0.518
2226	twenty	103869	1.433	1	1	-0.519
2227	9	208082	2.87	2	2	-0.521
2228	sign	104160	1.437	1	1	-0.523
2229	Custom	105184	1.451	1	1	-0.537
2230	longer	105304	1.452	1	1	-0.538
2231	promised	105333	1.453	1	1	-0.539
2232	Pride	105444	1.454	1	1	-0.54
2233	sayeth	633645	8.739	6	6	-0.542
2234	Husband	105631	1.457	1	1	-0.543
2235	Saying	211699	2.92	2	2	-0.546
2236	after	1272516	17.55	12	10	-0.548
2237	motion	106536	1.469	1	1	-0.555
2238	nothing	640275	8.83	6	6	-0.557
2239	Years	427133	5.891	4	4	-0.558
2240	13.	106799	1.473	1	1	-0.559
2241	minds	106848	1.474	1	1	-0.559
2242	word	751485	10.364	7	6	-0.566
2243	made	1503973	20.742	14	14	-0.567
2244	think	539870	7.446	5	5	-0.574
2245	likewise	215998	2.979	2	1	-0.575
2246	somewhat	108061	1.49	1	1	-0.576
2247	2	973176	13.421	9	8	-0.577
2248	Jerusalem	108264	1.493	1	1	-0.578
2249	grow	108376	1.495	1	1	-0.58
2250	ever	652700	9.002	6	5	-0.585
2251	by	7416468	102.282	68	51	-0.589
2252	hands	327530	4.517	3	3	-0.59
2253	dear	109293	1.507	1	1	-0.592
2254	stone	110110	1.519	1	1	-0.603
2255	being	1764433	24.334	16	15	-0.605
2256	design	110482	1.524	1	1	-0.608
2257	promises	110749	1.527	1	1	-0.611
2258	walk	111166	1.533	1	1	-0.616
2259	much	1448309	19.974	13	13	-0.62
2260	Court	223217	3.078	2	2	-0.622
2261	m	111752	1.541	1	1	-0.624
2262	Creature	112250	1.548	1	1	-0.63
2263	meant	112513	1.552	1	1	-0.634
2264	last	450430	6.212	4	4	-0.635
2265	less	337828	4.659	3	3	-0.635
2266	caused	113016	1.559	1	1	-0.64
2267	offered	113433	1.564	1	1	-0.646
2268	Fourth	113523	1.566	1	1	-0.647
2269	lived	113584	1.567	1	1	-0.648
2270	long	571124	7.877	5	5	-0.656
2271	Action	114368	1.577	1	1	-0.657
2272	11.	115752	1.596	1	1	-0.675
2273	Title	115960	1.599	1	1	-0.677
2274	man	1972758	27.207	17	15	-0.678
2275	Members	116122	1.602	1	1	-0.679
2276	near	232787	3.21	2	2	-0.683
2277	Tongue	116704	1.61	1	1	-0.687
2278	Parts	350458	4.833	3	3	-0.688
2279	remember	116819	1.611	1	1	-0.688
2280	these	1985969	27.389	17	11	-0.688
2281	then	2700348	37.241	23	21	-0.695
2282	which	6940930	95.724	59	40	-0.698
2283	In	20011385	275.981	170	110	-0.699
2284	find	472931	6.522	4	3	-0.705
2285	proved	118293	1.631	1	1	-0.706
2286	certainly	118694	1.637	1	1	-0.711
2287	heavenly	118984	1.641	1	1	-0.714
2288	more	2262327	31.2	19	16	-0.716
2289	lay	238823	3.294	2	2	-0.72
2290	Cold	119553	1.649	1	1	-0.721
2291	presently	119716	1.651	1	1	-0.723
2292	Pope	240165	3.312	2	2	-0.728
2293	taken	481305	6.638	4	4	-0.731
2294	send	120341	1.66	1	1	-0.731
2295	purpose	240680	3.319	2	1	-0.731
2296	Paul	240876	3.322	2	2	-0.732
2297	do	2417629	33.342	20	19	-0.737
2298	believe	363239	5.01	3	3	-0.74
2299	must	1333555	18.391	11	9	-0.742
2300	further	242781	3.348	2	2	-0.743
2301	even	607522	8.379	5	4	-0.745
2302	put	607656	8.38	5	5	-0.745
2303	took	243304	3.356	2	2	-0.747
2304	War	243324	3.356	2	2	-0.747
2305	Hold	243646	3.36	2	2	-0.749
2306	him	4270811	58.9	35	31	-0.751
2307	Bishop	244304	3.369	2	2	-0.752
2308	not	8929558	123.15	73	52	-0.754
2309	from	3924250	54.12	32	26	-0.758
2310	through	491298	6.776	4	4	-0.76
2311	when	2343068	32.314	19	17	-0.766
2312	past	123448	1.703	1	1	-0.768
2313	so	5366625	74.012	43	33	-0.783
2314	Except	124877	1.722	1	1	-0.784
2315	side	250068	3.449	2	2	-0.786
2316	understood	125485	1.731	1	1	-0.791
2317	second	377815	5.211	3	2	-0.796
2318	trust	126242	1.741	1	1	-0.8
2319	they	6960305	95.991	55	36	-0.803
2320	till	379902	5.239	3	3	-0.804
2321	Servant	127075	1.753	1	1	-0.809
2322	betwixt	127079	1.753	1	1	-0.809
2323	Look	255208	3.52	2	2	-0.815
2324	tell	255280	3.521	2	2	-0.816
2325	present	383135	5.284	3	3	-0.817
2326	B.	127907	1.764	1	1	-0.819
2327	Business	128020	1.766	1	1	-0.82
2328	Sword	128215	1.768	1	1	-0.822
2329	words	643917	8.88	5	4	-0.829
2330	glorious	128843	1.777	1	1	-0.829
2331	doing	129395	1.785	1	1	-0.836
2332	Seed	130549	1.8	1	1	-0.848
2333	former	261116	3.601	2	2	-0.848
2334	Thus	788750	10.878	6	5	-0.858
2335	1	1451762	20.022	11	9	-0.864
2336	happy	132157	1.823	1	1	-0.866
2337	Nations	132713	1.83	1	1	-0.872
2338	Thence	133035	1.835	1	1	-0.876
2339	such	2262212	31.199	17	14	-0.876
2340	world	932868	12.865	7	7	-0.878
2341	save	133689	1.844	1	1	-0.883
2342	teach	134574	1.856	1	1	-0.892
2343	outward	135202	1.865	1	1	-0.899
2344	cross	135455	1.868	1	1	-0.902
2345	might	949632	13.097	7	6	-0.904
2346	dare	135920	1.875	1	1	-0.907
2347	Horse	136110	1.877	1	1	-0.909
2348	hear	273421	3.771	2	2	-0.915
2349	he	9215356	127.091	67	55	-0.924
2350	answered	137849	1.901	1	1	-0.927
2351	Bound	138712	1.913	1	1	-0.936
2352	hence	139086	1.918	1	1	-0.94
2353	own	1256418	17.328	9	9	-0.945
2354	up	1119358	15.437	8	8	-0.948
2355	received	280865	3.874	2	2	-0.954
2356	Just	281045	3.876	2	2	-0.955
2357	greater	281340	3.88	2	2	-0.956
2358	si	141064	1.945	1	1	-0.96
2359	work	425644	5.87	3	3	-0.968
2360	have	4691254	64.698	33	32	-0.971
2361	Blood	426566	5.883	3	3	-0.972
2362	most	1280269	17.657	9	8	-0.972
2363	Rich	142318	1.963	1	1	-0.973
2364	actions	142378	1.964	1	1	-0.974
2365	Day	864384	11.921	6	6	-0.99
2366	home	144093	1.987	1	1	-0.991
2367	4	434750	5.996	3	3	-0.999
2368	gave	290757	4.01	2	2	-1.004
2369	King	1308410	18.045	9	9	-1.004
2370	good	1608969	22.19	11	11	-1.012
2371	afterwards	146805	2.025	1	1	-1.018
2372	Noble	146938	2.027	1	1	-1.019
2373	together	444738	6.134	3	2	-1.032
2374	set	595126	8.208	4	4	-1.037
2375	16	148850	2.053	1	1	-1.038
2376	Hell	149518	2.062	1	1	-1.044
2377	Book	299396	4.129	2	2	-1.046
2378	fell	151275	2.086	1	1	-1.061
2379	easily	151870	2.095	1	1	-1.067
2380	Gold	152169	2.099	1	1	-1.069
2381	says	304429	4.198	2	2	-1.07
2382	several	304872	4.205	2	2	-1.072
2383	speaks	153099	2.111	1	1	-1.078
2384	some	1845849	25.457	12	8	-1.085
2385	plain	154580	2.132	1	1	-1.092
2386	Five	154870	2.136	1	1	-1.095
2387	15	154905	2.136	1	1	-1.095
2388	kind	310094	4.277	2	2	-1.096
2389	power	776557	10.71	5	5	-1.099
2390	all	5908829	81.49	38	26	-1.101
2391	sufficient	156507	2.158	1	1	-1.11
2392	again	627628	8.656	4	4	-1.114
2393	Bread	156950	2.165	1	1	-1.114
2394	until	158797	2.19	1	1	-1.131
2395	3.	318523	4.393	2	2	-1.135
2396	Secondly	160056	2.207	1	1	-1.142
2397	See	961542	13.261	6	5	-1.144
2398	yea	321813	4.438	2	2	-1.15
2399	act	322490	4.448	2	2	-1.153
2400	right	484646	6.684	3	3	-1.156
2401	proper	163180	2.251	1	1	-1.17
2402	given	491070	6.773	3	2	-1.175
2403	lost	164242	2.265	1	1	-1.18
2404	due	164838	2.273	1	1	-1.185
2405	general	331599	4.573	2	2	-1.193
2406	course	166149	2.291	1	1	-1.196
2407	seem	166761	2.3	1	1	-1.202
2408	doubt	169037	2.331	1	1	-1.221
2409	Whereas	170273	2.348	1	1	-1.232
2410	Brother	170744	2.355	1	1	-1.236
2411	full	343239	4.734	2	1	-1.243
2412	Grace	516661	7.125	3	2	-1.248
2413	into	1727535	23.825	10	10	-1.252
2414	form	173701	2.396	1	1	-1.26
2415	Holy	701649	9.677	4	4	-1.275
2416	Command	177468	2.448	1	1	-1.291
2417	ill	177562	2.449	1	1	-1.292
2418	11	177974	2.455	1	1	-1.295
2419	whole	534092	7.366	3	3	-1.296
2420	Charge	178431	2.461	1	1	-1.299
2421	above	357391	4.929	2	2	-1.301
2422	Joy	178769	2.465	1	1	-1.302
2423	neither	537051	7.407	3	3	-1.304
2424	Chief	180904	2.495	1	1	-1.319
2425	Mans	181090	2.498	1	1	-1.32
2426	without	1089706	15.028	6	4	-1.325
2427	beginning	182083	2.511	1	1	-1.328
2428	promise	182124	2.512	1	1	-1.329
2429	Person	366738	5.058	2	2	-1.339
2430	Wherefore	183911	2.536	1	1	-1.343
2431	certain	370843	5.114	2	2	-1.355
2432	written	186305	2.569	1	1	-1.361
2433	we	4105074	56.614	22	18	-1.364
2434	t	186780	2.576	1	1	-1.365
2435	open	187653	2.588	1	1	-1.372
2436	Duke	187759	2.589	1	1	-1.373
2437	true	751380	10.362	4	4	-1.373
2438	Army	188187	2.595	1	1	-1.376
2439	Saviour	188665	2.602	1	1	-1.38
2440	Way	756236	10.429	4	4	-1.383
2441	life	948809	13.085	5	5	-1.388
2442	Friends	189996	2.62	1	1	-1.39
2443	3	571164	7.877	3	3	-1.393
2444	themselves	761621	10.504	4	4	-1.393
2445	were	2871299	39.599	15	12	-1.4
2446	6.	191822	2.646	1	1	-1.404
2447	gives	192161	2.65	1	1	-1.406
2448	Occasion	193025	2.662	1	1	-1.413
2449	having	579260	7.989	3	3	-1.413
2450	it	11231693	154.899	58	44	-1.417
2451	their	5435041	74.956	28	24	-1.421
2452	Saints	194939	2.688	1	1	-1.427
2453	very	1174247	16.194	6	6	-1.432
2454	Condition	196366	2.708	1	1	-1.437
2455	quod	196567	2.711	1	1	-1.439
2456	days	393520	5.427	2	2	-1.44
2457	Jews	197436	2.723	1	1	-1.445
2458	sort	197789	2.728	1	1	-1.448
2459	serve	198842	2.742	1	1	-1.455
2460	few	199429	2.75	1	1	-1.46
2461	Nature	607747	8.382	3	3	-1.482
2462	Age	202681	2.795	1	1	-1.483
2463	before	1422340	19.616	7	6	-1.487
2464	Ought	406522	5.606	2	2	-1.487
2465	time	1426900	19.679	7	7	-1.491
2466	mind	407887	5.625	2	2	-1.492
2467	la	204980	2.827	1	1	-1.499
2468	Subject	206440	2.847	1	1	-1.509
2469	unto	1880305	25.932	9	9	-1.527
2470	appear	209107	2.884	1	1	-1.528
2471	5.	210462	2.903	1	1	-1.537
2472	Account	211262	2.914	1	1	-1.543
2473	hundred	212307	2.928	1	1	-1.55
2474	Parliament	214227	2.955	1	1	-1.563
2475	whether	435425	6.005	2	2	-1.586
2476	Spirit	654859	9.031	3	2	-1.59
2477	whereby	220196	3.037	1	1	-1.603
2478	especially	220705	3.044	1	1	-1.606
2479	service	222275	3.065	1	1	-1.616
2480	thing	892670	12.311	4	4	-1.622
2481	care	224334	3.094	1	1	-1.629
2482	Blessed	226222	3.12	1	1	-1.641
2483	seen	227877	3.143	1	1	-1.652
2484	Lords	228223	3.148	1	1	-1.654
2485	under	696455	9.605	3	3	-1.679
2486	10	233570	3.221	1	1	-1.688
2487	Stand	235721	3.251	1	1	-1.701
2488	pass	235903	3.253	1	1	-1.702
2489	came	478712	6.602	2	2	-1.723
2490	Hearts	239757	3.307	1	1	-1.725
2491	Virtue	240899	3.322	1	1	-1.732
2492	pray	242183	3.34	1	1	-1.74
2493	sin	729699	10.063	3	3	-1.746
2494	both	976138	13.462	4	4	-1.751
2495	any	2444028	33.706	10	10	-1.753
2496	know	736780	10.161	3	3	-1.76
2497	its	492268	6.789	2	2	-1.763
2498	same	1256120	17.323	5	5	-1.793
2499	according	502781	6.934	2	2	-1.794
2500	Heaven	503504	6.944	2	2	-1.796
2501	Four	252980	3.489	1	1	-1.803
2502	Enemies	253975	3.503	1	1	-1.808
2503	them	4855982	66.97	19	18	-1.818
2504	Truth	521766	7.196	2	2	-1.847
2505	Men	1835942	25.32	7	7	-1.855
2506	other	2103223	29.006	8	8	-1.858
2507	concerning	262903	3.626	1	1	-1.858
2508	Laws	264682	3.65	1	1	-1.868
2509	himself	1068396	14.735	4	4	-1.881
2510	Place	808630	11.152	3	3	-1.894
2511	part	827721	11.415	3	2	-1.928
2512	soul	555660	7.663	2	2	-1.938
2513	those	1667771	23.001	6	6	-1.939
2514	sense	285637	3.939	1	1	-1.978
2515	Eyes	285959	3.944	1	1	-1.98
2516	Lord	1459090	20.123	5	5	-2.009
2517	use	603174	8.319	2	2	-2.056
2518	&	2737777	37.757	9	9	-2.069
2519	Doctrine	304623	4.201	1	1	-2.071
2520	therefore	1231317	16.981	4	4	-2.086
2521	us	2216337	30.566	7	7	-2.127
2522	Scripture	324647	4.477	1	1	-2.163
2523	about	661900	9.128	2	2	-2.19
2524	order	331304	4.569	1	1	-2.192
2525	others	665440	9.177	2	2	-2.198
2526	wherein	332751	4.589	1	1	-2.198
2527	best	335557	4.628	1	1	-2.21
2528	God	4174430	57.571	12	12	-2.262
2529	year	352165	4.857	1	1	-2.28
2530	death	707920	9.763	2	2	-2.287
2531	within	355110	4.897	1	1	-2.292
2532	body	712249	9.823	2	2	-2.296
2533	Non	359411	4.957	1	1	-2.309
2534	Answer	362673	5.002	1	1	-2.322
2535	Peace	369451	5.095	1	1	-2.349
2536	speak	374513	5.165	1	1	-2.369
2537	Faith	762492	10.516	2	2	-2.394
2538	persons	384539	5.303	1	1	-2.407
2539	times	394191	5.436	1	1	-2.443
2540	Means	397591	5.483	1	1	-2.455
2541	Light	399350	5.508	1	1	-2.461
2542	Jesus	399809	5.514	1	1	-2.463
2543	fear	406154	5.601	1	1	-2.486
2544	innon-Latinalphabet	427513	5.896	1	1	-2.56
2545	Matter	427808	5.9	1	1	-2.561
2546	Earth	451529	6.227	1	1	-2.639
2547	thereof	458302	6.321	1	1	-2.66
2548	Christ	1858951	25.637	4	4	-2.68
2549	manner	467036	6.441	1	1	-2.687
2550	Either	552589	7.621	1	1	-2.93
2551	Heart	559805	7.72	1	1	-2.949
2552	end	571167	7.877	1	1	-2.978
2553	done	601055	8.289	1	1	-3.051
2554	Reason	664880	9.17	1	1	-3.197
2555	our	3333885	45.978	5	5	-3.201
2556	things	1357990	18.728	2	2	-3.227
2557	Law	712338	9.824	1	1	-3.296
2558	doth	963309	13.285	1	1	-3.732
2559	Hoylin	3	0	1	1	n/a
2560	by'er	1	0	1	1	n/a
2561	Reval.	2	0	1	1	n/a
2562	Chaumout	2	0	1	1	n/a
2563	o'th'Floor	1	0	1	1	n/a
2564	Hoger	3	0	1	1	n/a
2565	Collytus	3	0	1	1	n/a
2566	Attainments.	3	0	1	1	n/a
2567	Caper-man	1	0	1	1	n/a
2568	eterniie	1	0	1	1	n/a
2569	Sin-trimmed	1	0	1	1	n/a
2570	Wridlesworths	1	0	1	1	n/a
2571	Lolpoops	2	0	1	1	n/a
2572	Mitred-dress	1	0	1	1	n/a
2573	rlotta	1	0	2	1	n/a
2574	Salgador	1	0	1	1	n/a
2575	Mamzeres	2	0	1	1	n/a
2576	girer	3	0	1	1	n/a
2577	Harpers-town	1	0	1	1	n/a
2578	Sanclius	1	0	1	1	n/a
2579	Amloic	1	0	1	1	n/a
2580	Kedeschah	1	0	1	1	n/a
2581	smoaky-coverlid	2	0	1	1	n/a
2582	Stistead	3	0	2	2	n/a
2583	P.4o	1	0	1	1	n/a
2584	Signagogue	2	0	1	1	n/a
2585	Polhore	1	0	2	1	n/a
2586	Briddleworths	1	0	2	1	n/a
2587	Church-parasite	3	0	2	2	n/a
2588	lnclination	1	0	1	1	n/a
2589	Ratcliffe-Hill	2	0	2	2	n/a
2590	teethor	1	0	1	1	n/a
2591	verriest	3	0	1	1	n/a
2592	Pick-pockit	1	0	1	1	n/a
2593	standsguilty	1	0	1	1	n/a
2594	Wridlesworth	2	0	1	1	n/a
2595	Bully-Gamster	1	0	1	1	n/a
2596	rletta	1	0	1	1	n/a
2597	Godsookes	2	0	1	1	n/a
2598	Tantums	1	0	1	1	n/a
2599	old-rotten	1	0	1	1	n/a
2600	elseO	2	0	1	1	n/a
2601	pockyest	1	0	1	1	n/a
2602	Gadalus	1	0	1	1	n/a
2603	'Prepar	1	0	1	1	n/a
2604	stipry	1	0	1	1	n/a
2605	Guppey	3	0	3	3	n/a
2606	Diueticks	2	0	1	1	n/a
2607	Termagent	1	0	1	1	n/a
2608	Actoeon	2	0	1	1	n/a
2609	Tholede	1	0	1	1	n/a
2610	Sancyer	1	0	1	1	n/a
2611	vigrou	1	0	1	1	n/a
2612	Pos-tern	1	0	1	1	n/a
2613	Briddlesworth	1	0	1	1	n/a
2614	Eblliio	1	0	1	1	n/a
2615	Horeles	2	0	1	1	n/a
2616	vinti-tre	2	0	1	1	n/a
2617	Splaysoot	1	0	1	1	n/a
2618	leuolev	2	0	1	1	n/a
2619	Bridleworth.	1	0	1	1	n/a
2620	raecarry	1	0	1	1	n/a
2621	Green-GooseFair	1	0	1	1	n/a
2622	Ratcliff-Hill	1	0	1	1	n/a
2623	th'Petticoat	1	0	1	1	n/a
2624	o'th'Scarlet	1	0	1	1	n/a
2625	seeThere	2	0	1	1	n/a
2626	Arlotha	3	0	1	1	n/a
2627	Whimscy	1	0	1	1	n/a
2628	Grabb	3	0	1	1	n/a
2629	Heiressbut	2	0	1	1	n/a
2630	risolve	1	0	1	1	n/a
2631	Bagascia	2	0	1	1	n/a
2632	Bawdor	1	0	1	1	n/a
2633	Macfarlnd	1	0	1	1	n/a
2634	'Big	1	0	1	1	n/a
2635	murmuryou	1	0	1	1	n/a
2636	Men-Players	3	0	1	1	n/a
2637	Gumgal	1	0	2	1	n/a
2638	harra'st	2	0	1	1	n/a
2639	Jarni	3	0	1	1	n/a
2640	Kedeshah	3	0	1	1	n/a
2641	lightHave	1	0	1	1	n/a
2642	Ramumque	1	0	1	1	n/a
2643	Charldon	2	0	1	1	n/a
