https://cqpweb.lancs.ac.uk/eebov3/concordance.php?pp=1&theData=%7Bwhore%2FN%7D&qmode=sq_nocase&del=begin%26t%3D-%7Cyear%7E1688%26t%3D-%7Cyear%7E1689%26t%3D-%7Cyear%7E1690%26t%3D-%7Cyear%7E1691%26t%3D-%7Cyear%7E1692%26t%3D-%7Cyear%7E1693%26t%3D-%7Cyear%7E1694%26t%3D-%7Cyear%7E1695%26t%3D-%7Cyear%7E1696%26t%3D-%7Cyear%7E1697&del=end&uT=yThere are 2,743 different words in your collocation database for "[lemma="(whore)_SUBST"%c]". (Your query "{whore/N}", restricted to texts meeting criteria "<em>year</em>: <em>1688</em> or <em>1689</em> or <em>1690</em> or <em>1691</em> or <em>1692</em> or <em>1693</em> or <em>1694</em> or <em>1695</em> or <em>1696</em> or <em>1697</em>",  returned 1,778 matches in 547 different texts)  
__________________

No.	Word	Total no. in whole corpus	Expected collocate frequency	Observed collocate frequency	In no. of texts	Mutual information value

1	good-father	9	0	2	2	14.288
2	everin	4	0	1	1	13.288
3	Ogl	7	0	1	1	13.288
4	Water-wag-tail	5	0	1	1	13.288
5	gawdy	8	0	1	1	13.288
6	Haug	13	0	2	1	13.288
7	Hedge-Wine	4	0	1	1	13.288
8	Scariet	7	0	1	1	13.288
9	Verticillatae	6	0	1	1	13.288
10	Taghmon	4	0	1	1	13.288
11	Ballinrobe	4	0	1	1	13.288
12	Pledgers	6	0	1	1	13.288
13	bilk't	7	0	1	1	13.288
14	VVheedling	5	0	1	1	13.288
15	Poltrones	6	0	1	1	13.288
16	great-est	8	0	1	1	13.288
17	meretricissima	4	0	1	1	13.288
18	Hedge-Tavern	4	0	1	1	13.288
19	Ohwhat	6	0	1	1	13.288
20	prononnce	9	0	1	1	13.288
21	Mevia	8	0	1	1	13.288
22	Iiltall	5	0	1	1	13.288
23	Tyhee	8	0	1	1	13.288
24	Chozbi	6	0	1	1	13.288
25	Curver	4	0	1	1	13.288
26	Mcfarland	4	0	1	1	13.288
27	guttle	8	0	1	1	13.288
28	Anchristian	8	0	1	1	13.288
29	Postillian	10	0	1	1	13.288
30	Ci'el	4	0	1	1	13.288
31	Arlotta	9	0	1	1	13.288
32	Daggle-tayl	4	0	1	1	13.288
33	meritoious	7	0	1	1	13.288
34	Coccam	5	0	1	1	13.288
35	chosing	6	0	1	1	13.288
36	Zowns	6	0	1	1	13.288
37	Marpud	21	0	2	1	12.703
38	Esquires.	21	0	2	1	12.703
39	Deteriorated	16	0	1	1	12.288
40	Babyln	16	0	1	1	12.288
41	Play'rs	15	0	1	1	12.288
42	largent	11	0	1	1	12.288
43	t'undoe	13	0	1	1	12.288
44	Courti	13	0	1	1	12.288
45	genteelness	16	0	1	1	12.288
46	Iohnny	11	0	1	1	12.288
47	Pockified	11	0	1	1	12.288
48	Hark'ee	12	0	1	1	12.288
49	pholders	11	0	1	1	12.288
50	Temporizings	13	0	1	1	12.288
51	Chiffinch	24	0	2	2	12.288
52	soak't	16	0	1	1	12.288
53	Volan	13	0	1	1	12.288
54	Ham-like	12	0	1	1	12.288
55	Noseless	11	0	1	1	12.288
56	thumped	34	0.001	2	2	11.966
57	mezza	34	0.001	2	2	11.966
58	bylon	17	0	1	1	11.703
59	'Ah	19	0	1	1	11.703
60	Agosto	20	0	1	1	11.703
61	Intrigueing	19	0	1	1	11.703
62	kidnap	18	0	1	1	11.703
63	Lolpoop	21	0	1	1	11.703
64	low-priz	21	0	1	1	11.703
65	thisI	17	0	1	1	11.703
66	Th'Emperiall	20	0	1	1	11.703
67	squanders	50	0.001	2	2	11.48
68	strapping	45	0.001	2	2	11.48
69	starv	25	0	1	1	11.288
70	Cuckoldly	51	0.001	2	2	11.288
71	Granny	29	0	1	1	11.288
72	Slattern	25	0	1	1	11.288
73	heretoore	29	0	1	1	11.288
74	Marosia	26	0	1	1	11.288
75	Putteinio	28	0	1	1	11.288
76	Pok	25	0	1	1	11.288
77	Bowling-greens	32	0.001	1	1	10.966
78	self-admiring	32	0.001	1	1	10.966
79	Hackum	34	0.001	1	1	10.966
80	Jdgment	31	0.001	1	1	10.966
81	Acro	35	0.001	1	1	10.966
82	Cloaths	35	0.001	1	1	10.966
83	o're-grown	37	0.001	1	1	10.966
84	crueltys	32	0.001	1	1	10.966
85	poxt	38	0.001	1	1	10.703
86	Harlots.	38	0.001	1	1	10.703
87	assinity	41	0.001	1	1	10.703
88	sitteth	39	0.001	1	1	10.703
89	flyting	39	0.001	1	1	10.703
90	quoif	38	0.001	1	1	10.703
91	DURSLEY	40	0.001	1	1	10.703
92	Naps	84	0.001	2	2	10.703
93	Mannish	82	0.001	2	2	10.703
94	dogbolt	39	0.001	1	1	10.703
95	Ch'al	39	0.001	1	1	10.703
96	over-ridden	41	0.001	1	1	10.703
97	Chits	38	0.001	1	1	10.703
98	jilting	142	0.002	3	3	10.48
99	Linsey-Woolsey	98	0.001	2	2	10.48
100	Cla.	48	0.001	1	1	10.48
101	Kirkton	45	0.001	1	1	10.48
102	Unvailed	98	0.001	2	2	10.48
103	Aeli	49	0.001	1	1	10.48
104	flabby	44	0.001	1	1	10.48
105	maquerelle	47	0.001	1	1	10.48
106	gteat	46	0.001	1	1	10.48
107	pivate	48	0.001	1	1	10.48
108	Bandore	46	0.001	1	1	10.48
109	Gold-lace	47	0.001	1	1	10.48
110	Dungarvan	103	0.002	2	1	10.381
111	roba	99	0.002	2	1	10.381
112	sneering	52	0.001	1	1	10.288
113	harkee	52	0.001	1	1	10.288
114	57.3	53	0.001	1	1	10.288
115	CHARDON	55	0.001	1	1	10.288
116	onIs	52	0.001	1	1	10.288
117	Pandors	62	0.001	1	1	10.118
118	chiely	60	0.001	1	1	10.118
119	of'	59	0.001	1	1	10.118
120	a-far	61	0.001	1	1	10.118
121	Jilt	317	0.005	5	4	10.055
122	arrow-head	67	0.001	1	1	9.966
123	Beged	65	0.001	1	1	9.966
124	Slah	65	0.001	1	1	9.966
125	Englis	76	0.001	1	1	9.828
126	Lowzy	72	0.001	1	1	9.828
127	Luscindo	77	0.001	1	1	9.828
128	revelled	154	0.002	2	1	9.764
129	first-fruit	78	0.001	1	1	9.703
130	Decrets	82	0.001	1	1	9.703
131	Reserv'dness	81	0.001	1	1	9.703
132	opprobious	83	0.001	1	1	9.703
133	Close-stool	170	0.003	2	2	9.644
134	Postilion	179	0.003	2	2	9.587
135	23.18	179	0.003	2	1	9.587
136	incirca	86	0.001	1	1	9.587
137	poc	85	0.001	1	1	9.587
138	Bastard-Son	91	0.001	1	1	9.587
139	Moorfields	89	0.001	1	1	9.587
140	well-fed	88	0.001	1	1	9.587
141	Horseleeches	95	0.001	1	1	9.48
142	muckle	97	0.001	1	1	9.48
143	sarce	97	0.001	1	1	9.48
144	Stephana	96	0.001	1	1	9.48
145	stivers	307	0.005	3	3	9.381
146	Sligoe	104	0.002	1	1	9.381
147	Minx	106	0.002	1	1	9.288
148	Dips	214	0.003	2	2	9.288
149	Merr	224	0.003	2	1	9.243
150	Pimp	1027	0.015	9	8	9.21
151	preceeds	113	0.002	1	1	9.2
152	Marozia	115	0.002	1	1	9.2
153	Punck	117	0.002	1	1	9.2
154	carted	237	0.004	2	2	9.158
155	Pock	122	0.002	1	1	9.118
156	Siderfin	121	0.002	1	1	9.118
157	embarks	123	0.002	1	1	9.118
158	Scarlet-coloured	125	0.002	1	1	9.118
159	thoughtless	242	0.004	2	2	9.118
160	VVom	123	0.002	1	1	9.118
161	Meand	125	0.002	1	1	9.118
162	Cully	363	0.005	3	3	9.118
163	Mavis	256	0.004	2	1	9.04
164	fing	131	0.002	1	1	9.04
165	britch	126	0.002	1	1	9.04
166	snips	130	0.002	1	1	9.04
167	well-favoured	135	0.002	1	1	8.966
168	Placket	135	0.002	1	1	8.966
169	craftiest	137	0.002	1	1	8.966
170	Bans	132	0.002	1	1	8.966
171	Babilons	136	0.002	1	1	8.966
172	Anllad	134	0.002	1	1	8.966
173	Nauseated	148	0.002	1	1	8.828
174	carlet	152	0.002	1	1	8.828
175	Maiden-heads	147	0.002	1	1	8.828
176	H'had	150	0.002	1	1	8.828
177	giorni	151	0.002	1	1	8.828
178	Bitch	1244	0.018	8	8	8.764
179	tawdry	156	0.002	1	1	8.764
180	Astride	154	0.002	1	1	8.764
181	o'rethrow	163	0.002	1	1	8.703
182	Iilt	163	0.002	1	1	8.703
183	mush	165	0.002	1	1	8.703
184	Bullies	330	0.005	2	1	8.673
185	Bawdy-house	334	0.005	2	2	8.673
186	Bently	169	0.003	1	1	8.644
187	Amazonian	336	0.005	2	2	8.644
188	Bonners	171	0.003	1	1	8.644
189	Dancing-Master	166	0.003	1	1	8.644
190	mensem	882	0.013	5	1	8.587
191	rankly	176	0.003	1	1	8.587
192	Foot-man	355	0.005	2	2	8.56
193	Chuck	180	0.003	1	1	8.533
194	Block-head	183	0.003	1	1	8.533
195	Cornus	185	0.003	1	1	8.533
196	Hot-House	183	0.003	1	1	8.533
197	satiating	184	0.003	1	1	8.533
198	chas	189	0.003	1	1	8.48
199	Phryne	189	0.003	1	1	8.48
200	Ral	192	0.003	1	1	8.48
201	Ubiquitary	191	0.003	1	1	8.48
202	Debauchees	193	0.003	1	1	8.43
203	Elisian	196	0.003	1	1	8.43
204	strutting	397	0.006	2	2	8.405
205	tease	202	0.003	1	1	8.381
206	Topping	409	0.006	2	1	8.381
207	Exhausts	203	0.003	1	1	8.381
208	Nokes	200	0.003	1	1	8.381
209	Peggy	203	0.003	1	1	8.381
210	Equip	209	0.003	1	1	8.334
211	Nell	628	0.009	3	2	8.334
212	Whiff	216	0.003	1	1	8.288
213	flouted	441	0.007	2	2	8.265
214	fia	225	0.003	1	1	8.243
215	Ten-Horned	225	0.003	1	1	8.243
216	Slash	446	0.007	2	2	8.243
217	Scarlet	9179	0.136	41	37	8.238
218	I'Gad	229	0.003	1	1	8.2
219	17.1.	463	0.007	2	2	8.2
220	arrand	229	0.003	1	1	8.2
221	preferrs	236	0.004	1	1	8.158
222	Meretrix	474	0.007	2	2	8.158
223	Hobby-Horse	238	0.004	1	1	8.158
224	Jesuitism	238	0.004	1	1	8.158
225	hectoring	235	0.004	1	1	8.158
226	auger	242	0.004	1	1	8.118
227	Scoundrel	241	0.004	1	1	8.118
228	Buffoon	491	0.007	2	2	8.098
229	tick	502	0.007	2	1	8.078
230	23.27	248	0.004	1	1	8.078
231	whole-sale	255	0.004	1	1	8.04
232	23.17	259	0.004	1	1	8.04
233	Apocalipse	257	0.004	1	1	8.04
234	Puritanical	259	0.004	1	1	8.04
235	Slut	523	0.008	2	2	8.021
236	Bawd	2878	0.043	11	10	8.012
237	Overset	261	0.004	1	1	8.002
238	infamously	271	0.004	1	1	7.966
239	carrys	280	0.004	1	1	7.93
240	Whore	20634	0.305	74	20	7.922
241	Blockhead	562	0.008	2	2	7.913
242	Youngsters	282	0.004	1	1	7.895
243	sweaty	286	0.004	1	1	7.895
244	m'a	566	0.008	2	2	7.895
245	Babylon	38888	0.575	134	78	7.864
246	Asserter	292	0.004	1	1	7.861
247	Portsmouth	1769	0.026	6	2	7.839
248	19.2.	299	0.004	1	1	7.828
249	juicy	304	0.005	1	1	7.796
250	Twists	302	0.005	1	1	7.796
251	Gantlet	307	0.005	1	1	7.796
252	Bitches	307	0.005	1	1	7.796
253	Turd	301	0.005	1	1	7.796
254	weds	312	0.005	1	1	7.764
255	Daughter-in-law	310	0.005	1	1	7.764
256	Blockheads	313	0.005	1	1	7.764
257	Thais	936	0.014	3	3	7.764
258	Eugen	313	0.005	1	1	7.764
259	Slashed	312	0.005	1	1	7.764
260	Babels	948	0.014	3	2	7.743
261	Belf	317	0.005	1	1	7.733
262	VVhore	326	0.005	1	1	7.703
263	hempen	326	0.005	1	1	7.703
264	Comer	333	0.005	1	1	7.673
265	Hipocrite	334	0.005	1	1	7.673
266	Cuse	333	0.005	1	1	7.673
267	17.15.	340	0.005	1	1	7.644
268	Monkery	339	0.005	1	1	7.644
269	Bully	673	0.01	2	2	7.644
270	filthily	677	0.01	2	2	7.644
271	consortium	337	0.005	1	1	7.644
272	Tournon	344	0.005	1	1	7.615
273	twit	342	0.005	1	1	7.615
274	Calenture	350	0.005	1	1	7.587
275	Deut.	356	0.005	1	1	7.56
276	adverso	368	0.005	1	1	7.533
277	boarding	382	0.006	1	1	7.48
278	wert	1143	0.017	3	3	7.472
279	Baud	767	0.011	2	2	7.468
280	ridding	383	0.006	1	1	7.455
281	disowns	391	0.006	1	1	7.43
282	Penny-Royal	398	0.006	1	1	7.405
283	Gis	801	0.012	2	1	7.405
284	Transubstantiate	400	0.006	1	1	7.405
285	Pander	805	0.012	2	2	7.393
286	Volumina	406	0.006	1	1	7.381
287	353.	406	0.006	1	1	7.381
288	pilfering	410	0.006	1	1	7.357
289	Madrigal	414	0.006	1	1	7.357
290	Whimsy	421	0.006	1	1	7.334
291	Phill	424	0.006	1	1	7.31
292	Honoria	427	0.006	1	1	7.31
293	Rogue	6990	0.103	16	15	7.274
294	638	440	0.007	1	1	7.265
295	Cuckold	2667	0.039	6	5	7.251
296	amisit	449	0.007	1	1	7.243
297	Rampant	2244	0.033	5	5	7.235
298	Lawns	454	0.007	1	1	7.222
299	Wiat	453	0.007	1	1	7.222
300	Bret	453	0.007	1	1	7.222
301	Theodora	1369	0.02	3	3	7.214
302	17.16	459	0.007	1	1	7.2
303	Rascally	463	0.007	1	1	7.2
304	Humph	474	0.007	1	1	7.158
305	Fop	1448	0.021	3	3	7.131
306	Dix	494	0.007	1	1	7.098
307	supplanting	504	0.008	1	1	7.059
308	17.3.	508	0.008	1	1	7.059
309	Petticoat	1011	0.015	2	2	7.059
310	Webster	506	0.008	1	1	7.059
311	snarle	523	0.008	1	1	7.021
312	Brats	1042	0.015	2	2	7.021
313	Addle	519	0.008	1	1	7.021
314	Scribler	525	0.008	1	1	7.002
315	Squeeze	1592	0.024	3	1	6.996
316	Dillon	533	0.008	1	1	6.984
317	Brat	1070	0.016	2	2	6.984
318	intoxicate	532	0.008	1	1	6.984
319	abed	541	0.008	1	1	6.966
320	509	542	0.008	1	1	6.966
321	Jade	2169	0.032	4	4	6.961
322	369	1094	0.016	2	2	6.948
323	17.7.	551	0.008	1	1	6.948
324	Backbite	554	0.008	1	1	6.93
325	sisteth	553	0.008	1	1	6.93
326	Armstrong	563	0.008	1	1	6.913
327	Popedom	1121	0.017	2	2	6.913
328	Womankind	560	0.008	1	1	6.913
329	nasty	2252	0.033	4	3	6.908
330	Cobweb	570	0.008	1	1	6.895
331	well-wisher	566	0.008	1	1	6.895
332	Maudlin	567	0.008	1	1	6.895
333	nelle	584	0.009	1	1	6.861
334	Babylonish	2911	0.043	5	5	6.858
335	Davis	1753	0.026	3	3	6.856
336	adulterated	1175	0.017	2	2	6.845
337	unfolded	2356	0.035	4	1	6.845
338	Aunts	585	0.009	1	1	6.845
339	undertaketh	595	0.009	1	1	6.828
340	Pocky	594	0.009	1	1	6.828
341	528	598	0.009	1	1	6.828
342	thou'st	605	0.009	1	1	6.812
343	arrogated	603	0.009	1	1	6.812
344	Brothel	610	0.009	1	1	6.796
345	Vails	611	0.009	1	1	6.796
346	Complainant	608	0.009	1	1	6.796
347	Babel	9790	0.145	16	13	6.788
348	489	615	0.009	1	1	6.78
349	Artful	613	0.009	1	1	6.78
350	Stallion	613	0.009	1	1	6.78
351	Prostitute	2508	0.037	4	3	6.752
352	Breviate	631	0.009	1	1	6.749
353	Williamson	632	0.009	1	1	6.749
354	1679.	638	0.009	1	1	6.733
355	Prostituted	1269	0.019	2	2	6.733
356	478	633	0.009	1	1	6.733
357	Cleveland	636	0.009	1	1	6.733
358	entices	645	0.01	1	1	6.718
359	Elves	644	0.01	1	1	6.718
360	Bur	2579	0.038	4	1	6.714
361	ridden	1300	0.019	2	1	6.703
362	fluttering	655	0.01	1	1	6.688
363	Lye	653	0.01	1	1	6.688
364	Fops	658	0.01	1	1	6.688
365	mickle	653	0.01	1	1	6.688
366	Cellier	663	0.01	1	1	6.673
367	Smock	1342	0.02	2	2	6.658
368	fore-head	2008	0.03	3	3	6.658
369	Esquires	3379	0.05	5	1	6.644
370	Temporizing	683	0.01	1	1	6.63
371	Clout	1378	0.02	2	2	6.615
372	fawns	688	0.01	1	1	6.615
373	Huff	687	0.01	1	1	6.615
374	Bracelet	697	0.01	1	1	6.601
375	Strephon	699	0.01	1	1	6.601
376	defies	716	0.011	1	1	6.56
377	wid	1439	0.021	2	1	6.553
378	Fitz-Harris	724	0.011	1	1	6.546
379	sullied	725	0.011	1	1	6.546
380	swagger	729	0.011	1	1	6.533
381	lamed	733	0.011	1	1	6.533
382	perpetrate	728	0.011	1	1	6.533
383	piled	730	0.011	1	1	6.533
384	8.3.	751	0.011	1	1	6.493
385	shrieks	750	0.011	1	1	6.493
386	muffled	749	0.011	1	1	6.493
387	hiring	760	0.011	1	1	6.48
388	Hob	1524	0.023	2	1	6.474
389	Baby	761	0.011	1	1	6.468
390	grand-mother	768	0.011	1	1	6.455
391	vl	775	0.012	1	1	6.442
392	Cashier	785	0.012	1	1	6.43
393	Papistry	790	0.012	1	1	6.417
394	reeking	803	0.012	1	1	6.393
395	Trot	2441	0.036	3	3	6.377
396	redouble	819	0.012	1	1	6.369
397	inclusive	821	0.012	1	1	6.369
398	tacitly	1646	0.024	2	2	6.363
399	Strumpet	3285	0.049	4	4	6.363
400	Jezebel	835	0.012	1	1	6.345
401	unthinking	851	0.013	1	1	6.31
402	Cass	864	0.013	1	1	6.288
403	fightings	864	0.013	1	1	6.288
404	Heiress	868	0.013	1	1	6.288
405	Sweet-heart	864	0.013	1	1	6.288
406	Spungy	874	0.013	1	1	6.276
407	Self-will	876	0.013	1	1	6.265
408	Mob	884	0.013	1	1	6.254
409	trappings	887	0.013	1	1	6.254
410	Modish	892	0.013	1	1	6.243
411	Gibeah	892	0.013	1	1	6.243
412	railed	2685	0.04	3	3	6.24
413	Witchcrafts	901	0.013	1	1	6.232
414	fancying	898	0.013	1	1	6.232
415	448	907	0.013	1	1	6.222
416	teeming	907	0.013	1	1	6.222
417	Banes	907	0.013	1	1	6.222
418	Debauch	1818	0.027	2	2	6.216
419	Drunken	11882	0.176	13	10	6.209
420	Gratuity	926	0.014	1	1	6.19
421	Impotence	933	0.014	1	1	6.179
422	7.22	939	0.014	1	1	6.169
423	Iewry	945	0.014	1	1	6.158
424	Parasites	1901	0.028	2	2	6.153
425	patched	1934	0.029	2	2	6.128
426	Taylors	1938	0.029	2	2	6.123
427	Ls	973	0.014	1	1	6.118
428	Whoredoms	1981	0.029	2	2	6.093
429	16.2	997	0.015	1	1	6.088
430	sono	1988	0.029	2	2	6.088
431	bonny	1002	0.015	1	1	6.078
432	Broome	1001	0.015	1	1	6.078
433	Huguenot	2030	0.03	2	2	6.059
434	Enfeebled	1012	0.015	1	1	6.059
435	Beau	2044	0.03	2	2	6.049
436	tempo	1024	0.015	1	1	6.049
437	Lackey	1019	0.015	1	1	6.049
438	errant	2050	0.03	2	2	6.045
439	Tilt	1029	0.015	1	1	6.04
440	winking	1029	0.015	1	1	6.04
441	kneels	1035	0.015	1	1	6.03
442	Cs	1042	0.015	1	1	6.021
443	17.1	1045	0.016	1	1	6.012
444	Lithuania	1054	0.016	1	1	6.002
445	Wiping	1060	0.016	1	1	5.993
446	apostatised	1065	0.016	1	1	5.984
447	Bearded	1068	0.016	1	1	5.984
448	Charta	5347	0.079	5	5	5.982
449	disoblige	1079	0.016	1	1	5.966
450	handed	2178	0.032	2	2	5.957
451	Fiddlers	1087	0.016	1	1	5.957
452	Fornication	14235	0.211	13	10	5.949
453	skipping	1100	0.016	1	1	5.939
454	13.8	1102	0.016	1	1	5.939
455	wile	1099	0.016	1	1	5.939
456	sits	23190	0.343	21	13	5.936
457	Serj	1109	0.016	1	1	5.93
458	7.14.	1109	0.016	1	1	5.93
459	Epi	1122	0.017	1	1	5.913
460	Antiquated	1123	0.017	1	1	5.913
461	Fornicator	1143	0.017	1	1	5.887
462	mingles	1147	0.017	1	1	5.878
463	Baptists	2301	0.034	2	2	5.878
464	Proverbs	6913	0.102	6	5	5.875
465	Rags	5772	0.085	5	4	5.872
466	pinned	1158	0.017	1	1	5.87
467	Mercenary	4683	0.069	4	4	5.851
468	Unfaithfulness	2369	0.035	2	2	5.837
469	gild	1181	0.018	1	1	5.837
470	Procurer	1187	0.018	1	1	5.828
471	Purchaser	1196	0.018	1	1	5.82
472	Fences	1210	0.018	1	1	5.804
473	free-born	1219	0.018	1	1	5.796
474	Leech	1220	0.018	1	1	5.796
475	French-men	1219	0.018	1	1	5.796
476	Carl	1219	0.018	1	1	5.796
477	Amour	1234	0.018	1	1	5.772
478	bragged	1243	0.018	1	1	5.764
479	stumbles	1242	0.018	1	1	5.764
480	Wie	1252	0.019	1	1	5.756
481	Rogues	5001	0.074	4	4	5.756
482	Anti-christ	1261	0.019	1	1	5.749
483	`	2544	0.038	2	2	5.733
484	enticements	1271	0.019	1	1	5.733
485	1635	1268	0.019	1	1	5.733
486	N.B.	1293	0.019	1	1	5.71
487	Desolate	12933	0.191	10	10	5.708
488	Alice	2589	0.038	2	2	5.707
489	Ducat	1296	0.019	1	1	5.703
490	1643.	1306	0.019	1	1	5.695
491	Apocalypse	3947	0.058	3	2	5.683
492	Harlots	5276	0.078	4	4	5.68
493	plaid	4003	0.059	3	3	5.663
494	Impudent	12093	0.179	9	8	5.654
495	Masks	1343	0.02	1	1	5.651
496	Lais	1345	0.02	1	1	5.651
497	fetching	2721	0.04	2	2	5.637
498	ply	2720	0.04	2	2	5.637
499	Noon-day	1376	0.02	1	1	5.615
500	repeateth	1379	0.02	1	1	5.615
501	Livy	2769	0.041	2	1	5.608
502	Cannibals	1387	0.021	1	1	5.608
503	Anton	1392	0.021	1	1	5.601
504	buckle	1390	0.021	1	1	5.601
505	Debased	1398	0.021	1	1	5.594
506	Mystery	54678	0.809	39	18	5.592
507	Jun.	1413	0.021	1	1	5.58
508	played	11334	0.168	8	7	5.577
509	Broker	1425	0.021	1	1	5.567
510	Bottle	7144	0.106	5	5	5.564
511	conducts	1431	0.021	1	1	5.56
512	Comp	1441	0.021	1	1	5.553
513	Comical	1457	0.022	1	1	5.54
514	spurious	2907	0.043	2	2	5.54
515	Sorceries	1462	0.022	1	1	5.533
516	hire	8785	0.13	6	5	5.529
517	8th.	1481	0.022	1	1	5.513
518	Rendezvous	2979	0.044	2	2	5.503
519	430	1497	0.022	1	1	5.5
520	ditch	10469	0.155	7	6	5.499
521	Amours	1506	0.022	1	1	5.487
522	Beast	81566	1.206	54	28	5.484
523	Damme	1514	0.022	1	1	5.48
524	Secus	1523	0.023	1	1	5.474
525	Gamesters	1523	0.023	1	1	5.474
526	Epigrams	1534	0.023	1	1	5.461
527	Genealogies	1536	0.023	1	1	5.461
528	unconscionable	1543	0.023	1	1	5.455
529	Bastard	12394	0.183	8	8	5.448
530	Bard	1556	0.023	1	1	5.442
531	Dock	1558	0.023	1	1	5.442
532	counterfeits	1566	0.023	1	1	5.43
533	Y.	4725	0.07	3	2	5.424
534	separately	1585	0.023	1	1	5.417
535	appellations	1585	0.023	1	1	5.417
536	signally	1588	0.024	1	1	5.411
537	Bolus	1599	0.024	1	1	5.405
538	arrant	1596	0.024	1	1	5.405
539	Rev.	51328	0.759	32	16	5.398
540	Caiphas	1619	0.024	1	1	5.387
541	Statesmen	1625	0.024	1	1	5.381
542	Idolatries	3266	0.048	2	2	5.372
543	hate	65701	0.972	40	21	5.363
544	Posting	1640	0.024	1	1	5.363
545	reel	1644	0.024	1	1	5.363
546	hale	3294	0.049	2	1	5.36
547	ugly	8331	0.123	5	4	5.343
548	soak	1689	0.025	1	1	5.322
549	divorced	3378	0.05	2	2	5.322
550	Epicure	1691	0.025	1	1	5.322
551	courting	1698	0.025	1	1	5.316
552	Deborah	1704	0.025	1	1	5.31
553	startle	1717	0.025	1	1	5.299
554	Fornications	1721	0.026	1	1	5.293
555	Grandmother	1722	0.026	1	1	5.293
556	Arraignment	1737	0.026	1	1	5.282
557	7.14	1746	0.026	1	1	5.276
558	Cro.	1747	0.026	1	1	5.276
559	Dad	1763	0.026	1	1	5.26
560	Hag	1766	0.026	1	1	5.26
561	Arg	1766	0.026	1	1	5.26
562	roving	1769	0.026	1	1	5.254
563	Kite	1785	0.026	1	1	5.243
564	demur	1786	0.026	1	1	5.243
565	learns	1782	0.026	1	1	5.243
566	Whoremongers	1796	0.027	1	1	5.232
567	Roger	12679	0.188	7	4	5.222
568	hunts	1820	0.027	1	1	5.216
569	Spark	9150	0.135	5	4	5.208
570	Hallelujah	1833	0.027	1	1	5.206
571	Harlot	9167	0.136	5	4	5.204
572	pompous	3677	0.054	2	1	5.2
573	fawn	1837	0.027	1	1	5.2
574	Triple	5531	0.082	3	3	5.197
575	Godwin	1843	0.027	1	1	5.195
576	starving	1848	0.027	1	1	5.195
577	Carcass	5550	0.082	3	3	5.191
578	Coach	9292	0.137	5	4	5.185
579	Aelian	1872	0.028	1	1	5.174
580	1260	1870	0.028	1	1	5.174
581	fid	1873	0.028	1	1	5.174
582	277	1872	0.028	1	1	5.174
583	Particularities	1874	0.028	1	1	5.174
584	Pranks	1881	0.028	1	1	5.169
585	Gull	1888	0.028	1	1	5.164
586	holt	1896	0.028	1	1	5.158
587	cheated	3803	0.056	2	2	5.153
588	abortive	1907	0.028	1	1	5.148
589	boot	3835	0.057	2	2	5.141
590	Adulteress	1919	0.028	1	1	5.138
591	Spawn	1933	0.029	1	1	5.128
592	Parricide	1938	0.029	1	1	5.123
593	Millain	1943	0.029	1	1	5.123
594	Spinola	1945	0.029	1	1	5.118
595	Midwives	1960	0.029	1	1	5.108
596	Sweats	1977	0.029	1	1	5.098
597	perusing	1978	0.029	1	1	5.093
598	Susanna	1981	0.029	1	1	5.093
599	Bastards	3979	0.059	2	2	5.088
600	obtrude	1997	0.03	1	1	5.083
601	're	16048	0.237	8	6	5.075
602	styled	6081	0.09	3	3	5.06
603	Bracelets	2031	0.03	1	1	5.059
604	Stew	2041	0.03	1	1	5.049
605	playing	10275	0.152	5	4	5.04
606	stint	2060	0.031	1	1	5.035
607	Gender	4127	0.061	2	1	5.035
608	Faggot	2069	0.031	1	1	5.03
609	Unfaithful	6230	0.092	3	3	5.026
610	Raillery	2085	0.031	1	1	5.021
611	Clamorous	2094	0.031	1	1	5.012
612	1665	2099	0.031	1	1	5.012
613	Platonic	2111	0.031	1	1	5.002
614	Adulterer	4237	0.063	2	2	4.995
615	bewitched	6431	0.095	3	1	4.979
616	fawning	2152	0.032	1	1	4.975
617	Hah	2157	0.032	1	1	4.97
618	game	15105	0.223	7	7	4.97
619	Sci	2175	0.032	1	1	4.957
620	Sirrah	4365	0.065	2	2	4.952
621	slit	2183	0.032	1	1	4.952
622	thirsting	2194	0.032	1	1	4.948
623	falsified	2188	0.032	1	1	4.948
624	brisk	4421	0.065	2	2	4.935
625	Boston	2219	0.033	1	1	4.93
626	Shepherdess	2215	0.033	1	1	4.93
627	Prov	2234	0.033	1	1	4.921
628	Epig.	2233	0.033	1	1	4.921
629	shameless	6711	0.099	3	2	4.917
630	listening	2243	0.033	1	1	4.913
631	Ivy	4513	0.067	2	1	4.906
632	costly	11277	0.167	5	3	4.906
633	Horse-back	2255	0.033	1	1	4.904
634	236	2264	0.034	1	1	4.9
635	Iuno	4530	0.067	2	2	4.9
636	recommends	2262	0.034	1	1	4.9
637	Generate	2276	0.034	1	1	4.891
638	seizes	2283	0.034	1	1	4.887
639	Scot	6898	0.102	3	3	4.878
640	Innovations	4611	0.068	2	1	4.874
641	singly	4646	0.069	2	2	4.864
642	Ital	2329	0.034	1	1	4.861
643	Swearer	2324	0.034	1	1	4.861
644	ascribes	2336	0.035	1	1	4.857
645	dote	4744	0.07	2	1	4.832
646	Hymns	7142	0.106	3	3	4.828
647	1678	2378	0.035	1	1	4.828
648	Lieu	9547	0.141	4	1	4.824
649	Debauched	4771	0.071	2	2	4.824
650	rolling	4789	0.071	2	2	4.82
651	pockets	2410	0.036	1	1	4.812
652	Bride	12056	0.178	5	4	4.81
653	Wizard	2415	0.036	1	1	4.808
654	222	2412	0.036	1	1	4.808
655	forehead	12159	0.18	5	4	4.797
656	wipe	7298	0.108	3	3	4.797
657	Whale	4866	0.072	2	2	4.796
658	7th	4877	0.072	2	1	4.794
659	Starts	2440	0.036	1	1	4.792
660	Dido	2463	0.036	1	1	4.78
661	Critic	2468	0.037	1	1	4.776
662	gad	4956	0.073	2	2	4.77
663	Hound	2485	0.037	1	1	4.764
664	Resent	2493	0.037	1	1	4.76
665	Belg	2500	0.037	1	1	4.756
666	trimmed	2517	0.037	1	1	4.749
667	208	2514	0.037	1	1	4.749
668	Courtship	2530	0.037	1	1	4.741
669	Switzer	2536	0.038	1	1	4.737
670	Clar	2539	0.038	1	1	4.733
671	209	2545	0.038	1	1	4.733
672	Dishonesty	2571	0.038	1	1	4.718
673	Gloves	2576	0.038	1	1	4.714
674	impudence	10304	0.152	4	4	4.714
675	Dragon	18054	0.267	7	5	4.712
676	112.	2592	0.038	1	1	4.707
677	Epigram	2632	0.039	1	1	4.684
678	89	7913	0.117	3	1	4.68
679	Cheat	10600	0.157	4	4	4.673
680	dee	2650	0.039	1	1	4.673
681	Babilon	5325	0.079	2	2	4.666
682	Magna	13335	0.197	5	5	4.664
683	Scotch	5363	0.079	2	2	4.657
684	stagger	2689	0.04	1	1	4.651
685	Pop	2725	0.04	1	1	4.633
686	Pont	2730	0.04	1	1	4.63
687	piously	2750	0.041	1	1	4.619
688	rag	2762	0.041	1	1	4.615
689	beats	5554	0.082	2	1	4.606
690	Rake	2789	0.041	1	1	4.601
691	Intrigues	2809	0.042	1	1	4.591
692	bequeath	2835	0.042	1	1	4.577
693	inscribed	2843	0.042	1	1	4.573
694	Draughts	2837	0.042	1	1	4.573
695	hug	2849	0.042	1	1	4.57
696	insinuations	2867	0.042	1	1	4.56
697	upheld	5752	0.085	2	2	4.555
698	skirts	2878	0.043	1	1	4.553
699	Blaspheme	8684	0.128	3	3	4.546
700	ODE	2901	0.043	1	1	4.543
701	gay	8805	0.13	3	3	4.526
702	persecuting	8817	0.13	3	2	4.524
703	Cat	8876	0.131	3	2	4.514
704	drunk	35533	0.526	12	10	4.513
705	lends	2960	0.044	1	1	4.513
706	Carcase	2978	0.044	1	1	4.506
707	Steal	17906	0.265	6	6	4.502
708	whet	2994	0.044	1	1	4.497
709	swear	56939	0.842	19	17	4.496
710	Bona	12019	0.178	4	3	4.492
711	Amor	6013	0.089	2	2	4.492
712	quondam	3022	0.045	1	1	4.484
713	Enchantments	3037	0.045	1	1	4.477
714	Edw	6081	0.09	2	1	4.476
715	Entertainments	3056	0.045	1	1	4.468
716	polluted	12233	0.181	4	3	4.467
717	unmerciful	3065	0.045	1	1	4.464
718	Iun	3062	0.045	1	1	4.464
719	Partner	3067	0.045	1	1	4.461
720	Matron	3083	0.046	1	1	4.455
721	furiously	6196	0.092	2	2	4.449
722	Covent	3102	0.046	1	1	4.445
723	Dice	6226	0.092	2	2	4.441
724	dos	3133	0.046	1	1	4.433
725	importune	3148	0.047	1	1	4.424
726	XVII	9484	0.14	3	3	4.418
727	marrying	6327	0.094	2	2	4.417
728	births	3166	0.047	1	1	4.417
729	horns	22193	0.328	7	7	4.415
730	Tradesmen	3168	0.047	1	1	4.414
731	lucky	3186	0.047	1	1	4.408
732	weeps	3186	0.047	1	1	4.408
733	lewd	15983	0.236	5	5	4.403
734	Builder	3209	0.048	1	1	4.396
735	Smiled	3217	0.048	1	1	4.393
736	play	61168	0.905	19	18	4.393
737	myself	3224	0.048	1	1	4.39
738	Insulting	3223	0.048	1	1	4.39
739	gaudy	3241	0.048	1	1	4.384
740	Papal	9725	0.144	3	2	4.383
741	plotted	3245	0.048	1	1	4.381
742	convoy	3249	0.048	1	1	4.378
743	Toils	3262	0.048	1	1	4.375
744	devilish	9817	0.145	3	2	4.369
745	adhered	3305	0.049	1	1	4.354
746	begone	3314	0.049	1	1	4.351
747	starve	6627	0.098	2	2	4.351
748	Revelations	13397	0.198	4	4	4.336
749	softer	3351	0.05	1	1	4.334
750	Comparatively	3374	0.05	1	1	4.325
751	Spy	6749	0.1	2	2	4.325
752	HYMN	6751	0.1	2	2	4.325
753	battered	3389	0.05	1	1	4.319
754	Limb	6792	0.1	2	2	4.316
755	Concubine	3397	0.05	1	1	4.316
756	Cork	3400	0.05	1	1	4.313
757	Ladder	6829	0.101	2	2	4.308
758	Phillis	3423	0.051	1	1	4.305
759	sailing	6884	0.102	2	1	4.296
760	coloured	10332	0.153	3	3	4.295
761	lusty	10354	0.153	3	3	4.292
762	unmarried	3459	0.051	1	1	4.288
763	pluck	13862	0.205	4	1	4.286
764	Mrs.	13889	0.205	4	3	4.283
765	Swain	3484	0.052	1	1	4.279
766	pinch	3491	0.052	1	1	4.276
767	Cage	3498	0.052	1	1	4.274
768	Kick	3504	0.052	1	1	4.271
769	Lined	3506	0.052	1	1	4.268
770	Mystical	21135	0.313	6	4	4.263
771	Lane	7088	0.105	2	2	4.254
772	hateful	10655	0.158	3	3	4.251
773	Abominations	10678	0.158	3	3	4.248
774	chained	3565	0.053	1	1	4.246
775	convict	3561	0.053	1	1	4.246
776	Offspring	3577	0.053	1	1	4.241
777	Libels	3576	0.053	1	1	4.241
778	Doting	3584	0.053	1	1	4.238
779	Stings	3588	0.053	1	1	4.235
780	Antichrist	50530	0.747	14	10	4.228
781	17.	83120	1.229	23	14	4.226
782	Humphrey	7225	0.107	2	1	4.226
783	Feminine	3630	0.054	1	1	4.219
784	interval	3633	0.054	1	1	4.219
785	pox	10902	0.161	3	3	4.218
786	Damn	7322	0.108	2	2	4.207
787	Stole	7345	0.109	2	2	4.203
788	infamous	11020	0.163	3	3	4.202
789	XXXI	3682	0.055	1	1	4.198
790	impudently	3698	0.055	1	1	4.192
791	Lee	3724	0.055	1	1	4.182
792	joint	18677	0.276	5	5	4.178
793	Church-men	3738	0.055	1	1	4.177
794	attack	3768	0.056	1	1	4.166
795	Paganism	3764	0.056	1	1	4.166
796	commits	7541	0.112	2	1	4.165
797	Rascal	3785	0.056	1	1	4.158
798	Albertus	3798	0.056	1	1	4.153
799	damned	34243	0.506	9	9	4.152
800	Roma	3816	0.056	1	1	4.148
801	Stratagems	3824	0.057	1	1	4.143
802	Thief	23047	0.341	6	5	4.138
803	Prologue	3863	0.057	1	1	4.13
804	rolls	7736	0.114	2	1	4.128
805	Goal	3948	0.058	1	1	4.098
806	entitle	3969	0.059	1	1	4.09
807	Deponent	3995	0.059	1	1	4.081
808	pick	8026	0.119	2	2	4.075
809	Aunt	4036	0.06	1	1	4.066
810	Mammon	4040	0.06	1	1	4.066
811	matchless	4042	0.06	1	1	4.064
812	Mundo	4046	0.06	1	1	4.064
813	wiped	4053	0.06	1	1	4.061
814	thereabout	4047	0.06	1	1	4.061
815	Exeunt	12174	0.18	3	3	4.059
816	Camel	4072	0.06	1	1	4.054
817	Concubines	4078	0.06	1	1	4.052
818	dirty	4102	0.061	1	1	4.042
819	rider	4104	0.061	1	1	4.042
820	famed	4124	0.061	1	1	4.035
821	lustful	4133	0.061	1	1	4.033
822	longs	4138	0.061	1	1	4.03
823	Deportment	4156	0.062	1	1	4.023
824	Shakes	4227	0.063	1	1	4
825	Reproachful	4237	0.063	1	1	3.995
826	Politic	21242	0.314	5	4	3.992
827	Drink	140890	2.084	33	28	3.985
828	entice	4278	0.063	1	1	3.982
829	Character	38558	0.57	9	5	3.98
830	Retinue	4290	0.063	1	1	3.979
831	Bribes	4305	0.064	1	1	3.973
832	crack	4315	0.064	1	1	3.97
833	rides	4321	0.064	1	1	3.968
834	Jailer	4336	0.064	1	1	3.964
835	Females	4334	0.064	1	1	3.964
836	drowsy	4344	0.064	1	1	3.961
837	Oppress	13025	0.193	3	3	3.961
838	Apostate	8710	0.129	2	1	3.957
839	Reverse	4385	0.065	1	1	3.946
840	forge	4385	0.065	1	1	3.946
841	Plays	17593	0.26	4	4	3.942
842	Phi	4425	0.065	1	1	3.935
843	Bailiff	4460	0.066	1	1	3.921
844	'm	31244	0.462	7	6	3.921
845	notorious	22363	0.331	5	5	3.918
846	Characters	17893	0.265	4	1	3.918
847	dissuade	4505	0.067	1	1	3.908
848	decked	4505	0.067	1	1	3.908
849	Jesuit	9014	0.133	2	2	3.907
850	peevish	4508	0.067	1	1	3.906
851	Nun	4515	0.067	1	1	3.904
852	Revile	4565	0.068	1	1	3.889
853	Misfortunes	9138	0.135	2	2	3.888
854	Usurpation	9177	0.136	2	1	3.882
855	Antichristian	13777	0.204	3	3	3.88
856	Witch	9245	0.137	2	2	3.871
857	Revelation	41988	0.621	9	4	3.857
858	judging	18760	0.277	4	4	3.85
859	Blunt	4726	0.07	1	1	3.839
860	dunghill	4743	0.07	1	1	3.834
861	Athenian	4760	0.07	1	1	3.828
862	Scoff	4767	0.071	1	1	3.826
863	Robe	9576	0.142	2	2	3.82
864	tainted	4789	0.071	1	1	3.82
865	124	4812	0.071	1	1	3.812
866	Vial	4819	0.071	1	1	3.81
867	perfidious	4828	0.071	1	1	3.808
868	Cup	48330	0.715	10	9	3.806
869	4o	4844	0.072	1	1	3.804
870	Idolatrous	14523	0.215	3	1	3.804
871	Pension	4843	0.072	1	1	3.804
872	whit	14561	0.215	3	2	3.801
873	Mask	4856	0.072	1	1	3.8
874	Masculine	4862	0.072	1	1	3.798
875	contributed	4892	0.072	1	1	3.79
876	'Till	4919	0.073	1	1	3.782
877	122	4938	0.073	1	1	3.776
878	Luc	4952	0.073	1	1	3.772
879	perjured	4993	0.074	1	1	3.76
880	Villains	5013	0.074	1	1	3.754
881	Wedlock	5013	0.074	1	1	3.754
882	dis	5030	0.074	1	1	3.749
883	Isaiah	15113	0.224	3	3	3.747
884	1.	5044	0.075	1	1	3.745
885	160	5050	0.075	1	1	3.743
886	strikes	10128	0.15	2	2	3.739
887	itch	5094	0.075	1	1	3.731
888	repeating	5125	0.076	1	1	3.722
889	spotted	5160	0.076	1	1	3.712
890	Imperial	25835	0.382	5	5	3.71
891	Excise	5174	0.077	1	1	3.708
892	boasted	5195	0.077	1	1	3.703
893	Helm	5216	0.077	1	1	3.697
894	'twixt	5238	0.078	1	1	3.69
895	ne'er	20984	0.31	4	4	3.688
896	finest	5244	0.078	1	1	3.688
897	Margaret	10516	0.156	2	1	3.685
898	Revel	21061	0.312	4	4	3.683
899	hating	5297	0.078	1	1	3.675
900	Walter	10593	0.157	2	1	3.674
901	Pol	5309	0.079	1	1	3.671
902	display	5310	0.079	1	1	3.671
903	Ape	5317	0.079	1	1	3.669
904	bidding	5342	0.079	1	1	3.662
905	Jane	5355	0.079	1	1	3.658
906	Clap	5368	0.079	1	1	3.655
907	Venus	26929	0.398	5	5	3.65
908	lute	5388	0.08	1	1	3.649
909	61	10846	0.16	2	2	3.64
910	Champions	5435	0.08	1	1	3.637
911	grind	5454	0.081	1	1	3.631
912	lascivious	5471	0.081	1	1	3.628
913	pawn	5492	0.081	1	1	3.622
914	Alderman	5500	0.081	1	1	3.621
915	beauteous	5494	0.081	1	1	3.621
916	vie	5504	0.081	1	1	3.619
917	Whores	5508	0.082	1	1	3.617
918	Coal	5526	0.082	1	1	3.614
919	Marry	38694	0.572	7	5	3.613
920	steer	5540	0.082	1	1	3.61
921	Niece	5575	0.083	1	1	3.599
922	Flatterers	5582	0.083	1	1	3.598
923	Girl	5585	0.083	1	1	3.598
924	flourished	11210	0.166	2	2	3.592
925	Conceited	5628	0.083	1	1	3.587
926	asserts	5641	0.083	1	1	3.584
927	Ned	5651	0.084	1	1	3.58
928	offends	5663	0.084	1	1	3.577
929	Mer	5689	0.084	1	1	3.572
930	watched	5724	0.085	1	1	3.561
931	Lucifer	5730	0.085	1	1	3.561
932	frown	5737	0.085	1	1	3.56
933	price	57392	0.849	10	10	3.558
934	forsook	11497	0.17	2	2	3.556
935	denote	5763	0.085	1	1	3.553
936	confounded	17397	0.257	3	3	3.543
937	Constables	5821	0.086	1	1	3.538
938	dreamed	5831	0.086	1	1	3.536
939	Sustenance	5837	0.086	1	1	3.534
940	l'	5856	0.087	1	1	3.529
941	hypocritical	5868	0.087	1	1	3.526
942	off-spring	5879	0.087	1	1	3.525
943	reside	5891	0.087	1	1	3.521
944	airy	5893	0.087	1	1	3.52
945	Bottomless	5909	0.087	1	1	3.516
946	Woman	183598	2.715	31	24	3.513
947	disposal	5923	0.088	1	1	3.513
948	noting	5928	0.088	1	1	3.511
949	Conspirators	5940	0.088	1	1	3.51
950	treble	5950	0.088	1	1	3.506
951	Hark	5947	0.088	1	1	3.506
952	bloody	53730	0.795	9	5	3.502
953	dishonest	6002	0.089	1	1	3.493
954	artifice	6013	0.089	1	1	3.492
955	Calumny	6022	0.089	1	1	3.488
956	Ptolomy	6038	0.089	1	1	3.485
957	Dire	6091	0.09	1	1	3.472
958	stink	6090	0.09	1	1	3.472
959	'll	158479	2.344	26	18	3.472
960	!	371996	5.502	61	32	3.471
961	Worships	6121	0.091	1	1	3.466
962	dozen	6144	0.091	1	1	3.46
963	Crucify	6157	0.091	1	1	3.456
964	Dog	30988	0.458	5	4	3.448
965	desolation	12402	0.183	2	2	3.447
966	stoned	6236	0.092	1	1	3.439
967	prostrate	6239	0.092	1	1	3.438
968	Mother	150593	2.227	24	22	3.43
969	slander	12613	0.187	2	2	3.423
970	basely	6310	0.093	1	1	3.422
971	revolted	6316	0.093	1	1	3.42
972	Dregs	6317	0.093	1	1	3.42
973	Bull	18950	0.28	3	1	3.42
974	stark	6325	0.094	1	1	3.419
975	Baggage	6358	0.094	1	1	3.411
976	whip	6373	0.094	1	1	3.407
977	Absolve	6434	0.095	1	1	3.393
978	Bon	6489	0.096	1	1	3.381
979	Wife	214853	3.178	33	28	3.377
980	Drunkard	6511	0.096	1	1	3.376
981	Specious	6599	0.098	1	1	3.357
982	Bud	6607	0.098	1	1	3.355
983	98	6652	0.098	1	1	3.345
984	despite	13448	0.199	2	1	3.33
985	allure	6732	0.1	1	1	3.328
986	hopeful	6741	0.1	1	1	3.326
987	pertaining	6774	0.1	1	1	3.319
988	burn	40670	0.602	6	4	3.318
989	Rome	271183	4.011	40	31	3.318
990	laborious	6787	0.1	1	1	3.316
991	gaining	6791	0.1	1	1	3.316
992	Partial	6793	0.101	1	1	3.315
993	Hey	6793	0.101	1	1	3.315
994	Penal	6800	0.101	1	1	3.313
995	Kindred	20409	0.302	3	3	3.313
996	Apostolick	6841	0.101	1	1	3.305
997	Sixthly	6886	0.102	1	1	3.296
998	corner	20657	0.306	3	2	3.296
999	n't	34507	0.51	5	4	3.293
1000	Hereditary	6934	0.103	1	1	3.286
1001	Annual	6938	0.103	1	1	3.285
1002	Accuser	6942	0.103	1	1	3.283
1003	opposes	6981	0.103	1	1	3.276
1004	License	6976	0.103	1	1	3.276
1005	honest	83801	1.239	12	10	3.275
1006	Lily	6986	0.103	1	1	3.275
1007	Roar	6989	0.103	1	1	3.274
1008	Sampson	6989	0.103	1	1	3.274
1009	Liquors	6994	0.103	1	1	3.274
1010	91	7022	0.104	1	1	3.267
1011	Fist	7028	0.104	1	1	3.267
1012	calling	105619	1.562	15	9	3.263
1013	Son	570683	8.44	81	51	3.263
1014	conspire	7065	0.105	1	1	3.258
1015	betimes	7115	0.105	1	1	3.249
1016	FAB	7117	0.105	1	1	3.247
1017	Cell	7136	0.106	1	1	3.245
1018	Horseback	7160	0.106	1	1	3.239
1019	pays	7160	0.106	1	1	3.239
1020	gets	14332	0.212	2	2	3.238
1021	rail	7220	0.107	1	1	3.227
1022	cruelties	7253	0.107	1	1	3.22
1023	Ruth	7305	0.108	1	1	3.211
1024	Rotten	14651	0.217	2	2	3.206
1025	disguised	7330	0.108	1	1	3.206
1026	Foxes	7333	0.109	1	1	3.204
1027	Bait	7360	0.109	1	1	3.2
1028	kneel	7364	0.109	1	1	3.199
1029	prithee	7377	0.109	1	1	3.196
1030	Mar	14814	0.219	2	2	3.19
1031	Monster	14836	0.219	2	2	3.188
1032	Scorned	7420	0.11	1	1	3.188
1033	Couple	7466	0.11	1	1	3.179
1034	beastly	7495	0.111	1	1	3.174
1035	treats	7496	0.111	1	1	3.173
1036	Sirs	7500	0.111	1	1	3.173
1037	Portions	7504	0.111	1	1	3.171
1038	trusty	7517	0.111	1	1	3.169
1039	Keepers	7518	0.111	1	1	3.169
1040	whoredom	7526	0.111	1	1	3.167
1041	Card	7542	0.112	1	1	3.165
1042	trading	7537	0.112	1	1	3.165
1043	Scandal	22639	0.335	3	3	3.164
1044	filthy	30299	0.448	4	4	3.158
1045	82	7639	0.113	1	1	3.146
1046	abusing	7672	0.114	1	1	3.139
1047	Jude	7690	0.114	1	1	3.137
1048	Plutarch	15426	0.228	2	1	3.132
1049	successively	7724	0.114	1	1	3.13
1050	managing	7739	0.115	1	1	3.127
1051	tear	15500	0.229	2	2	3.125
1052	casts	15527	0.23	2	2	3.123
1053	119	7780	0.115	1	1	3.119
1054	83	7828	0.116	1	1	3.11
1055	malicious	23689	0.35	3	3	3.098
1056	expects	7910	0.117	1	1	3.095
1057	inconsiderable	7918	0.117	1	1	3.094
1058	Wretch	15921	0.236	2	1	3.086
1059	Epist	8012	0.119	1	1	3.077
1060	carries	24147	0.357	3	3	3.071
1061	Ox	16129	0.239	2	2	3.068
1062	pull	24362	0.36	3	3	3.058
1063	tantum	16252	0.24	2	1	3.056
1064	flew	8160	0.121	1	1	3.051
1065	peoples	33008	0.488	4	4	3.034
1066	wide	24766	0.366	3	2	3.034
1067	fits	16510	0.244	2	2	3.034
1068	inseparable	8314	0.123	1	1	3.023
1069	Taylor	8326	0.123	1	1	3.022
1070	Popular	16668	0.247	2	2	3.02
1071	great	1790493	26.48	213	58	3.008
1072	Gown	8419	0.125	1	1	3.006
1073	frailty	8418	0.125	1	1	3.006
1074	address	16870	0.25	2	2	3.003
1075	Prophetical	8443	0.125	1	1	3.001
1076	dull	25362	0.375	3	3	3
1077	Mistress	42310	0.626	5	5	2.998
1078	cheap	8467	0.125	1	1	2.998
1079	Giant	8482	0.125	1	1	2.995
1080	Dross	8493	0.126	1	1	2.993
1081	apparently	8551	0.127	1	1	2.983
1082	admits	8553	0.127	1	1	2.983
1083	repute	8562	0.127	1	1	2.982
1084	String	8570	0.127	1	1	2.981
1085	Crying	25811	0.382	3	3	2.974
1086	versus	8614	0.127	1	1	2.973
1087	120	8654	0.128	1	1	2.966
1088	Luxury	8713	0.129	1	1	2.956
1089	needed	17481	0.259	2	2	2.952
1090	instead	52525	0.777	6	6	2.949
1091	Literal	8761	0.13	1	1	2.948
1092	covet	8785	0.13	1	1	2.945
1093	cry	87922	1.3	10	8	2.943
1094	Papist	17633	0.261	2	1	2.939
1095	early	26548	0.393	3	3	2.934
1096	Continent	8853	0.131	1	1	2.933
1097	Knave	8870	0.131	1	1	2.93
1098	kissed	8900	0.132	1	1	2.926
1099	dig	8923	0.132	1	1	2.921
1100	Type	17907	0.265	2	2	2.917
1101	Villain	8957	0.133	1	1	2.916
1102	Gallant	17961	0.266	2	2	2.913
1103	pleads	8993	0.133	1	1	2.911
1104	betrayed	18001	0.266	2	2	2.909
1105	prick	9007	0.133	1	1	2.908
1106	enrich	9011	0.133	1	1	2.907
1107	Talent	9018	0.133	1	1	2.906
1108	defiled	18090	0.268	2	2	2.902
1109	Cursing	9071	0.134	1	1	2.898
1110	Restless	9094	0.135	1	1	2.894
1111	71	9104	0.135	1	1	2.893
1112	Ep	27473	0.406	3	1	2.884
1113	Defile	9264	0.137	1	1	2.868
1114	enriched	9319	0.138	1	1	2.859
1115	disguise	9345	0.138	1	1	2.855
1116	spreading	9364	0.139	1	1	2.852
1117	impure	9368	0.139	1	1	2.852
1118	CUPID	9383	0.139	1	1	2.849
1119	embracing	9401	0.139	1	1	2.847
1120	hired	9416	0.139	1	1	2.844
1121	Gentlewoman	9432	0.14	1	1	2.842
1122	outwardly	19010	0.281	2	2	2.831
1123	pair	19031	0.282	2	2	2.829
1124	dissemble	9543	0.141	1	1	2.825
1125	Countess	9549	0.141	1	1	2.824
1126	Prophet	133904	1.98	14	9	2.822
1127	Patents	9586	0.142	1	1	2.818
1128	Eighteen	9589	0.142	1	1	2.818
1129	Pulse	9594	0.142	1	1	2.817
1130	crowned	28810	0.426	3	3	2.816
1131	Bell	19417	0.287	2	2	2.8
1132	abhor	19419	0.287	2	2	2.8
1133	fasten	9759	0.144	1	1	2.793
1134	signal	9775	0.145	1	1	2.79
1135	Cam	9828	0.145	1	1	2.783
1136	abhorred	9825	0.145	1	1	2.783
1137	whereon	19704	0.291	2	2	2.779
1138	gratify	9854	0.146	1	1	2.779
1139	Tumults	9898	0.146	1	1	2.772
1140	Lawyer	9909	0.147	1	1	2.771
1141	drives	9907	0.147	1	1	2.771
1142	viz	9934	0.147	1	1	2.767
1143	claim	29873	0.442	3	3	2.763
1144	Omnipotent	9996	0.148	1	1	2.758
1145	Daughters	40010	0.592	4	4	2.757
1146	merry	30040	0.444	3	1	2.755
1147	abandoned	10042	0.149	1	1	2.751
1148	Ruling	10062	0.149	1	1	2.749
1149	threatens	10096	0.149	1	1	2.744
1150	Counterfeit	20191	0.299	2	2	2.744
1151	Interpreter	10101	0.149	1	1	2.743
1152	Wanton	20242	0.299	2	2	2.74
1153	ride	20257	0.3	2	2	2.739
1154	quarto	10132	0.15	1	1	2.739
1155	Car	20342	0.301	2	2	2.733
1156	Tragedy	10196	0.151	1	1	2.729
1157	False	224466	3.32	22	15	2.728
1158	aloud	10233	0.151	1	1	2.725
1159	travelled	10293	0.152	1	1	2.716
1160	handling	10289	0.152	1	1	2.716
1161	Tail	30912	0.457	3	3	2.714
1162	Marquess	10309	0.153	1	1	2.713
1163	murder	51605	0.763	5	5	2.712
1164	Protestant	51645	0.764	5	5	2.711
1165	"	41388	0.612	4	4	2.708
1166	Lease	20724	0.307	2	1	2.706
1167	she	1006738	14.889	97	69	2.704
1168	Spear	10397	0.154	1	1	2.701
1169	herself	10419	0.154	1	1	2.698
1170	brutish	10442	0.154	1	1	2.695
1171	Matrimony	10446	0.155	1	1	2.694
1172	Liar	10452	0.155	1	1	2.693
1173	Wares	10458	0.155	1	1	2.692
1174	her	1811491	26.791	173	113	2.691
1175	Parson	10471	0.155	1	1	2.691
1176	offending	10488	0.155	1	1	2.689
1177	asks	10519	0.156	1	1	2.684
1178	Callings	10529	0.156	1	1	2.683
1179	consecrate	10547	0.156	1	1	2.68
1180	expressing	10565	0.156	1	1	2.679
1181	Modern	21190	0.313	2	1	2.674
1182	Slave	21201	0.314	2	2	2.673
1183	cursed	42622	0.63	4	4	2.666
1184	cries	32046	0.474	3	3	2.662
1185	IV	42765	0.633	4	4	2.661
1186	Talents	10810	0.16	1	1	2.645
1187	common	346098	5.119	32	27	2.644
1188	Robes	10833	0.16	1	1	2.642
1189	Reverend	32495	0.481	3	3	2.642
1190	Perdition	10866	0.161	1	1	2.638
1191	destroys	10886	0.161	1	1	2.635
1192	Impatient	10884	0.161	1	1	2.635
1193	Expenses	10928	0.162	1	1	2.63
1194	daring	11022	0.163	1	1	2.617
1195	stiled	11034	0.163	1	1	2.615
1196	Perjury	11072	0.164	1	1	2.611
1197	restoring	11097	0.164	1	1	2.607
1198	Standard	11129	0.165	1	1	2.603
1199	Station	11208	0.166	1	1	2.592
1200	[	280684	4.151	25	12	2.59
1201	Fortune	101130	1.496	9	8	2.589
1202	Nails	11259	0.167	1	1	2.586
1203	Gulf	11408	0.169	1	1	2.567
1204	Prodigal	11427	0.169	1	1	2.565
1205	Blasphemous	11428	0.169	1	1	2.565
1206	curses	11438	0.169	1	1	2.563
1207	vowed	11454	0.169	1	1	2.561
1208	64	11464	0.17	1	1	2.561
1209	cried	45966	0.68	4	4	2.557
1210	Abominable	22990	0.34	2	2	2.556
1211	handsome	11498	0.17	1	1	2.556
1212	Vote	11551	0.171	1	1	2.55
1213	committing	11606	0.172	1	1	2.543
1214	naked	46459	0.687	4	4	2.541
1215	infallibly	11634	0.172	1	1	2.539
1216	Speaker	11638	0.172	1	1	2.539
1217	seasonable	11704	0.173	1	1	2.53
1218	sitting	35270	0.522	3	3	2.524
1219	thrown	23518	0.348	2	2	2.524
1220	abomination	11757	0.174	1	1	2.524
1221	painted	23662	0.35	2	2	2.515
1222	preferment	11954	0.177	1	1	2.5
1223	wishes	12019	0.178	1	1	2.492
1224	'd	144543	2.138	12	10	2.489
1225	Fox	24216	0.358	2	1	2.482
1226	Ann	12147	0.18	1	1	2.477
1227	Vows	24417	0.361	2	2	2.47
1228	proclaim	12226	0.181	1	1	2.468
1229	resolve	36730	0.543	3	3	2.465
1230	young	171502	2.536	14	11	2.465
1231	Pagan	12292	0.182	1	1	2.46
1232	Leo	24606	0.364	2	1	2.458
1233	mounted	12305	0.182	1	1	2.458
1234	weaker	12343	0.183	1	1	2.454
1235	fetch	24696	0.365	2	2	2.453
1236	Adultery	24714	0.366	2	2	2.452
1237	Telling	24804	0.367	2	2	2.447
1238	faithfully	24842	0.367	2	2	2.445
1239	descending	12509	0.185	1	1	2.434
1240	dealt	25109	0.371	2	2	2.429
1241	Ae	12569	0.186	1	1	2.427
1242	Murderer	12581	0.186	1	1	2.426
1243	deep	75511	1.117	6	6	2.426
1244	smell	25352	0.375	2	2	2.415
1245	Limbs	12705	0.188	1	1	2.412
1246	termed	25438	0.376	2	2	2.41
1247	f	50955	0.754	4	3	2.408
1248	waited	12759	0.189	1	1	2.406
1249	mourn	12769	0.189	1	1	2.405
1250	Virgil	12778	0.189	1	1	2.404
1251	Clothed	25607	0.379	2	2	2.401
1252	crafty	12823	0.19	1	1	2.399
1253	pursuit	12818	0.19	1	1	2.399
1254	odd	12894	0.191	1	1	2.391
1255	Hebr.	12923	0.191	1	1	2.388
1256	gent	12956	0.192	1	1	2.384
1257	Bargain	12971	0.192	1	1	2.382
1258	Hypocrite	13012	0.192	1	1	2.378
1259	Raging	13043	0.193	1	1	2.374
1260	disgrace	26379	0.39	2	2	2.358
1261	Lev	13206	0.195	1	1	2.356
1262	Pipe	13225	0.196	1	1	2.354
1263	offerings	13224	0.196	1	1	2.354
1264	Andrew	13250	0.196	1	1	2.351
1265	prophesied	13251	0.196	1	1	2.351
1266	designed	39808	0.589	3	3	2.349
1267	Cur	13329	0.197	1	1	2.343
1268	Old	414305	6.127	31	27	2.339
1269	replied	40276	0.596	3	3	2.332
1270	runs	40288	0.596	3	3	2.332
1271	lovers	26913	0.398	2	2	2.329
1272	tract	13512	0.2	1	1	2.323
1273	Globe	13523	0.2	1	1	2.322
1274	Converted	40728	0.602	3	3	2.316
1275	asking	13581	0.201	1	1	2.315
1276	Jo	13681	0.202	1	1	2.305
1277	Secretary	13724	0.203	1	1	2.3
1278	henceforth	13747	0.203	1	1	2.298
1279	Solomon	41245	0.61	3	3	2.298
1280	proves	41434	0.613	3	3	2.291
1281	Tune	13862	0.205	1	1	2.286
1282	wonderfully	13915	0.206	1	1	2.281
1283	Resemblance	13923	0.206	1	1	2.28
1284	Beware	28157	0.416	2	1	2.264
1285	Charms	14109	0.209	1	1	2.26
1286	spleen	14135	0.209	1	1	2.258
1287	Methinks	14132	0.209	1	1	2.258
1288	nine	42485	0.628	3	3	2.255
1289	sensual	14173	0.21	1	1	2.254
1290	Conferred	14170	0.21	1	1	2.254
1291	ascended	14176	0.21	1	1	2.254
1292	virtuous	42661	0.631	3	3	2.249
1293	Martin	14281	0.211	1	1	2.243
1294	Goats	14285	0.211	1	1	2.243
1295	sue	14301	0.212	1	1	2.241
1296	plague	42909	0.635	3	2	2.241
1297	ha	28655	0.424	2	1	2.239
1298	invade	14360	0.212	1	1	2.235
1299	surprise	14398	0.213	1	1	2.232
1300	double	72073	1.066	5	3	2.23
1301	Dish	14435	0.214	1	1	2.228
1302	meeting	43320	0.641	3	3	2.227
1303	Lame	14461	0.214	1	1	2.225
1304	IX	28939	0.428	2	1	2.224
1305	Ranks	14516	0.215	1	1	2.22
1306	reflect	14530	0.215	1	1	2.218
1307	Ah	29075	0.43	2	2	2.218
1308	titles	29194	0.432	2	2	2.212
1309	foregoing	14654	0.217	1	1	2.206
1310	Bed	73593	1.088	5	5	2.2
1311	proud	73660	1.089	5	4	2.198
1312	excused	14733	0.218	1	1	2.198
1313	got	88984	1.316	6	5	2.189
1314	Arbitrary	14838	0.219	1	1	2.188
1315	hunting	14846	0.22	1	1	2.187
1316	opposition	44888	0.664	3	1	2.176
1317	doors	29993	0.444	2	2	2.173
1318	institution	45069	0.667	3	3	2.17
1319	asleep	15079	0.223	1	1	2.165
1320	Liquor	30328	0.449	2	2	2.157
1321	Foe	15213	0.225	1	1	2.152
1322	reveal	15245	0.226	1	1	2.149
1323	founded	30617	0.453	2	2	2.143
1324	Anointed	30642	0.453	2	2	2.142
1325	has	321926	4.761	21	19	2.141
1326	fix	15345	0.227	1	1	2.14
1327	Brown	15384	0.228	1	1	2.136
1328	Northern	15398	0.228	1	1	2.135
1329	's	1833403	27.115	119	97	2.134
1330	hist	15438	0.228	1	1	2.131
1331	kindly	15466	0.229	1	1	2.128
1332	Popery	30936	0.458	2	2	2.128
1333	mightily	15485	0.229	1	1	2.127
1334	Merchandise	15488	0.229	1	1	2.126
1335	Daughter	108707	1.608	7	7	2.122
1336	blind	77737	1.15	5	5	2.121
1337	mentions	15583	0.231	1	1	2.117
1338	Angles	15592	0.231	1	1	2.117
1339	Madam	46920	0.694	3	2	2.112
1340	keep	313074	4.63	20	18	2.111
1341	sworn	31396	0.464	2	2	2.107
1342	Wall	47250	0.699	3	2	2.102
1343	abused	31590	0.467	2	2	2.098
1344	corrupt	63197	0.935	4	4	2.098
1345	poured	15849	0.234	1	1	2.093
1346	confound	15864	0.235	1	1	2.092
1347	Persecute	15918	0.235	1	1	2.087
1348	illustrious	15935	0.236	1	1	2.085
1349	fitly	16083	0.238	1	1	2.072
1350	Lady	112639	1.666	7	7	2.071
1351	expectation	32361	0.479	2	2	2.063
1352	safe	64842	0.959	4	4	2.06
1353	Purse	16277	0.241	1	1	2.055
1354	Cloak	16351	0.242	1	1	2.048
1355	silly	16358	0.242	1	1	2.048
1356	printed	82066	1.214	5	4	2.043
1357	Sanctify	16453	0.243	1	1	2.039
1358	Penny	16458	0.243	1	1	2.039
1359	Quarrel	32992	0.488	2	2	2.035
1360	executed	33017	0.488	2	2	2.034
1361	Maid	33079	0.489	2	2	2.032
1362	married	66560	0.984	4	3	2.023
1363	waters	83222	1.231	5	5	2.022
1364	Eloquence	16652	0.246	1	1	2.022
1365	burnt	50113	0.741	3	3	2.017
1366	Prov.	50161	0.742	3	2	2.016
1367	wandering	16735	0.248	1	1	2.014
1368	caught	16892	0.25	1	1	2.001
1369	kin	17056	0.252	1	1	1.987
1370	support	34167	0.505	2	2	1.985
1371	57	17142	0.254	1	1	1.98
1372	Board	17171	0.254	1	1	1.978
1373	K	17207	0.255	1	1	1.974
1374	Ornaments	17222	0.255	1	1	1.973
1375	infected	17325	0.256	1	1	1.965
1376	calls	121932	1.803	7	6	1.957
1377	accursed	17442	0.258	1	1	1.955
1378	Regiment	17461	0.258	1	1	1.953
1379	prime	17461	0.258	1	1	1.953
1380	shows	70001	1.035	4	4	1.95
1381	shift	17549	0.26	1	1	1.946
1382	whenever	17549	0.26	1	1	1.946
1383	advice	52773	0.781	3	3	1.942
1384	foolish	52888	0.782	3	3	1.939
1385	Roman	141472	2.092	8	7	1.935
1386	a	14471665	214.027	817	281	1.933
1387	conceived	53148	0.786	3	3	1.932
1388	Protestants	71207	1.053	4	4	1.925
1389	Butter	17830	0.264	1	1	1.923
1390	awake	17876	0.264	1	1	1.919
1391	destruction	89423	1.323	5	4	1.919
1392	buy	35853	0.53	2	2	1.915
1393	Encounter	17935	0.265	1	1	1.915
1394	Sport	17952	0.266	1	1	1.913
1395	Dram	18014	0.266	1	1	1.908
1396	corrupted	36122	0.534	2	2	1.905
1397	Judgment	235552	3.484	13	9	1.9
1398	served	54417	0.805	3	3	1.898
1399	Eat	145185	2.147	8	8	1.898
1400	comprehended	18167	0.269	1	1	1.896
1401	Complain	36342	0.538	2	2	1.896
1402	marked	18201	0.269	1	1	1.893
1403	spite	18225	0.27	1	1	1.892
1404	behind	73039	1.08	4	4	1.889
1405	call	328774	4.862	18	17	1.888
1406	Lust	54865	0.811	3	3	1.886
1407	quit	18392	0.272	1	1	1.878
1408	Monarch	18420	0.272	1	1	1.876
1409	modest	18444	0.273	1	1	1.874
1410	Courtesy	18515	0.274	1	1	1.869
1411	refuge	18535	0.274	1	1	1.867
1412	Emperors	18606	0.275	1	1	1.861
1413	French	130315	1.927	7	5	1.861
1414	Lodging	18632	0.276	1	1	1.859
1415	kill	74750	1.106	4	4	1.855
1416	definition	18738	0.277	1	1	1.852
1417	judged	56237	0.832	3	2	1.851
1418	Iniquity	56296	0.833	3	2	1.849
1419	plagues	18774	0.278	1	1	1.848
1420	Traitor	18785	0.278	1	1	1.848
1421	fifty	37601	0.556	2	2	1.847
1422	Marriage	94195	1.393	5	4	1.844
1423	bow	37729	0.558	2	2	1.842
1424	attributed	18934	0.28	1	1	1.837
1425	loves	76043	1.125	4	4	1.831
1426	brave	38044	0.563	2	2	1.83
1427	Debt	38106	0.564	2	1	1.827
1428	Wives	57399	0.849	3	3	1.821
1429	November	19152	0.283	1	1	1.82
1430	horrid	19167	0.284	1	1	1.819
1431	encouraged	19234	0.285	1	1	1.813
1432	readiness	19245	0.285	1	1	1.813
1433	Dukes	19254	0.285	1	1	1.812
1434	18.	77389	1.145	4	4	1.805
1435	Sink	19378	0.287	1	1	1.803
1436	keeping	58223	0.861	3	3	1.801
1437	Exit	19436	0.287	1	1	1.799
1438	Forgive	38909	0.575	2	2	1.797
1439	denies	19481	0.288	1	1	1.795
1440	Breasts	19504	0.289	1	1	1.793
1441	habitation	19587	0.29	1	1	1.787
1442	favourable	19618	0.29	1	1	1.785
1443	Devils	59091	0.874	3	3	1.779
1444	Complaints	19851	0.294	1	1	1.768
1445	reputed	19893	0.294	1	1	1.765
1446	allowed	59743	0.884	3	3	1.763
1447	signify	59908	0.886	3	3	1.76
1448	hit	19976	0.295	1	1	1.759
1449	prove	220093	3.255	11	11	1.757
1450	profane	40020	0.592	2	2	1.757
1451	Arts	40476	0.599	2	2	1.74
1452	Loyal	20260	0.3	1	1	1.739
1453	lastly	81334	1.203	4	4	1.733
1454	arose	20382	0.301	1	1	1.73
1455	adore	20395	0.302	1	1	1.729
1456	Apostolical	20443	0.302	1	1	1.726
1457	crave	20437	0.302	1	1	1.726
1458	35	41018	0.607	2	2	1.721
1459	wear	20558	0.304	1	1	1.718
1460	Fool	41266	0.61	2	2	1.712
1461	Colonel	20655	0.306	1	1	1.711
1462	Pit	20801	0.308	1	1	1.701
1463	Education	20944	0.31	1	1	1.691
1464	City	377406	5.582	18	3	1.689
1465	Lewis	20972	0.31	1	1	1.689
1466	becomes	41957	0.621	2	2	1.688
1467	running	42083	0.622	2	2	1.684
1468	persecuted	21044	0.311	1	1	1.684
1469	Oh	126299	1.868	6	5	1.684
1470	Rare	42119	0.623	2	2	1.683
1471	inwardly	21063	0.312	1	1	1.683
1472	Superstitious	21092	0.312	1	1	1.681
1473	Husband	105631	1.562	5	2	1.678
1474	abound	21155	0.313	1	1	1.676
1475	rose	42445	0.628	2	2	1.672
1476	event	21225	0.314	1	1	1.672
1477	pronounced	21268	0.315	1	1	1.669
1478	Priesthood	21290	0.315	1	1	1.667
1479	q	21289	0.315	1	1	1.667
1480	Progress	21299	0.315	1	1	1.667
1481	pay	106691	1.578	5	5	1.664
1482	Grand	42729	0.632	2	2	1.662
1483	venture	21408	0.317	1	1	1.659
1484	final	21409	0.317	1	1	1.659
1485	Strain	21461	0.317	1	1	1.656
1486	described	42932	0.635	2	2	1.655
1487	]	429805	6.357	20	7	1.654
1488	encourage	21511	0.318	1	1	1.652
1489	destroy	86113	1.274	4	4	1.651
1490	Widow	21540	0.319	1	1	1.65
1491	frequent	43207	0.639	2	2	1.646
1492	Lake	21647	0.32	1	1	1.643
1493	formal	21650	0.32	1	1	1.643
1494	Swords	21748	0.322	1	1	1.637
1495	ca	21771	0.322	1	1	1.635
1496	Night	217853	3.222	10	10	1.634
1497	troublesome	21852	0.323	1	1	1.63
1498	moist	21878	0.324	1	1	1.628
1499	lying	65748	0.972	3	3	1.625
1500	generous	21938	0.324	1	1	1.624
1501	Jealousy	21960	0.325	1	1	1.622
1502	turned	109846	1.625	5	5	1.622
1503	Recovery	21997	0.325	1	1	1.62
1504	meaning	110075	1.628	5	5	1.619
1505	Ibid	66183	0.979	3	2	1.616
1506	fancy	44141	0.653	2	2	1.615
1507	Officer	22077	0.327	1	1	1.615
1508	Poison	44407	0.657	2	2	1.606
1509	Virgins	22219	0.329	1	1	1.606
1510	bent	22285	0.33	1	1	1.601
1511	Thieves	22285	0.33	1	1	1.601
1512	il	44690	0.661	2	2	1.597
1513	60	22504	0.333	1	1	1.587
1514	Ruled	22509	0.333	1	1	1.587
1515	kept	180349	2.667	8	8	1.585
1516	concerned	45475	0.673	2	2	1.572
1517	e	136544	2.019	6	4	1.571
1518	Guard	45684	0.676	2	2	1.566
1519	grown	45966	0.68	2	2	1.557
1520	smoke	23076	0.341	1	1	1.551
1521	Sir	371184	5.49	16	9	1.543
1522	odious	23239	0.344	1	1	1.541
1523	Vice	46611	0.689	2	2	1.537
1524	attend	46658	0.69	2	2	1.535
1525	rightly	47299	0.7	2	2	1.516
1526	Devil	190658	2.82	8	8	1.504
1527	consent	119423	1.766	5	5	1.501
1528	Seldom	47805	0.707	2	2	1.5
1529	i.	191916	2.838	8	6	1.495
1530	Trade	71989	1.065	3	3	1.495
1531	Sorry	23995	0.355	1	1	1.495
1532	Constancy	24222	0.358	1	1	1.481
1533	Preacher	24230	0.358	1	1	1.481
1534	19.	72769	1.076	3	3	1.479
1535	Burning	48634	0.719	2	2	1.475
1536	Coat	24384	0.361	1	1	1.472
1537	seeks	24462	0.362	1	1	1.467
1538	distinct	48978	0.724	2	1	1.465
1539	States	49055	0.726	2	2	1.463
1540	elected	24530	0.363	1	1	1.463
1541	Mourning	24529	0.363	1	1	1.463
1542	Garment	24609	0.364	1	1	1.458
1543	tells	98449	1.456	4	4	1.458
1544	oblige	24703	0.365	1	1	1.453
1545	Mr.	271819	4.02	11	9	1.452
1546	Lights	24751	0.366	1	1	1.45
1547	ruin	74606	1.103	3	2	1.443
1548	Angel	74694	1.105	3	1	1.441
1549	j	24919	0.369	1	1	1.44
1550	imagined	25023	0.37	1	1	1.434
1551	goes	100413	1.485	4	4	1.43
1552	Quality	75538	1.117	3	3	1.425
1553	Dominion	50446	0.746	2	1	1.423
1554	Nose	25309	0.374	1	1	1.418
1555	Returning	25466	0.377	1	1	1.409
1556	Sex	25550	0.378	1	1	1.404
1557	whilst	127767	1.89	5	5	1.404
1558	Confusion	51173	0.757	2	2	1.402
1559	wish	76763	1.135	3	3	1.402
1560	accident	25658	0.38	1	1	1.398
1561	makes	359288	5.314	14	13	1.398
1562	G.	51419	0.761	2	1	1.395
1563	Chamber	51849	0.767	2	2	1.383
1564	opening	25968	0.384	1	1	1.38
1565	possessed	51998	0.769	2	2	1.379
1566	gain	78199	1.157	3	3	1.375
1567	poor	313465	4.636	12	11	1.372
1568	loved	78391	1.159	3	3	1.372
1569	Maintain	78757	1.165	3	3	1.365
1570	Heathens	26424	0.391	1	1	1.355
1571	entertained	26459	0.391	1	1	1.354
1572	wanted	26501	0.392	1	1	1.351
1573	Tom	26564	0.393	1	1	1.348
1574	List	26655	0.394	1	1	1.343
1575	please	133516	1.975	5	5	1.34
1576	break	107397	1.588	4	3	1.333
1577	Distress	26900	0.398	1	1	1.33
1578	Conversation	53957	0.798	2	2	1.326
1579	carry	108052	1.598	4	4	1.324
1580	gained	27095	0.401	1	1	1.319
1581	Faction	27201	0.402	1	1	1.314
1582	per	190947	2.824	7	3	1.31
1583	44	27360	0.405	1	1	1.305
1584	told	164509	2.433	6	6	1.302
1585	Native	27451	0.406	1	1	1.3
1586	Bold	54959	0.813	2	2	1.299
1587	renewed	27500	0.407	1	1	1.298
1588	suitable	27681	0.409	1	1	1.288
1589	weep	27707	0.41	1	1	1.287
1590	morrow	27739	0.41	1	1	1.286
1591	Professors	27778	0.411	1	1	1.283
1592	melancholy	27965	0.414	1	1	1.274
1593	acted	28050	0.415	1	1	1.27
1594	persuasion	28067	0.415	1	1	1.268
1595	thirst	28225	0.417	1	1	1.26
1596	Joh.	56601	0.837	2	2	1.257
1597	stands	85073	1.258	3	3	1.254
1598	imagination	28389	0.42	1	1	1.252
1599	called	768363	11.364	27	26	1.249
1600	Services	28473	0.421	1	1	1.248
1601	deal	85541	1.265	3	2	1.246
1602	Master	228418	3.378	8	8	1.244
1603	Yoke	28576	0.423	1	1	1.243
1604	cunning	28670	0.424	1	1	1.238
1605	Challenge	28699	0.424	1	1	1.237
1606	preferred	28699	0.424	1	1	1.237
1607	exactly	28776	0.426	1	1	1.232
1608	committed	115180	1.703	4	4	1.232
1609	Crimes	28899	0.427	1	1	1.226
1610	hole	28915	0.428	1	1	1.226
1611	Horses	58059	0.859	2	2	1.22
1612	Drinking	29093	0.43	1	1	1.217
1613	Queen	174640	2.583	6	3	1.216
1614	hour	87383	1.292	3	3	1.215
1615	pour	29172	0.431	1	1	1.213
1616	plot	29203	0.432	1	1	1.211
1617	Commonwealth	29279	0.433	1	1	1.208
1618	zealous	29282	0.433	1	1	1.207
1619	reference	29409	0.435	1	1	1.201
1620	spoken	147126	2.176	5	4	1.2
1621	captivity	29583	0.438	1	1	1.193
1622	Child	148012	2.189	5	4	1.192
1623	share	29601	0.438	1	1	1.192
1624	famous	88824	1.314	3	3	1.191
1625	fruitful	29679	0.439	1	1	1.188
1626	Nation	148522	2.197	5	2	1.187
1627	pretty	29773	0.44	1	1	1.183
1628	publicly	29824	0.441	1	1	1.181
1629	term	59683	0.883	2	2	1.18
1630	permit	29877	0.442	1	1	1.178
1631	'	59808	0.885	2	2	1.177
1632	Purity	29926	0.443	1	1	1.176
1633	get	149760	2.215	5	5	1.175
1634	Supper	60000	0.887	2	2	1.172
1635	contains	30140	0.446	1	1	1.166
1636	Half	181109	2.679	6	6	1.164
1637	figures	30387	0.449	1	1	1.154
1638	asked	61036	0.903	2	2	1.148
1639	commend	30571	0.452	1	1	1.145
1640	Women	152987	2.263	5	5	1.144
1641	Star	30709	0.454	1	1	1.139
1642	unclean	30723	0.454	1	1	1.138
1643	Harm	30750	0.455	1	1	1.137
1644	takes	123079	1.82	4	4	1.136
1645	base	61654	0.912	2	2	1.133
1646	wild	61696	0.912	2	2	1.132
1647	Priest	123560	1.827	4	3	1.13
1648	Husbands	30992	0.458	1	1	1.125
1649	curse	61992	0.917	2	2	1.125
1650	Flesh	279311	4.131	9	8	1.124
1651	Text	124188	1.837	4	4	1.123
1652	sure	217623	3.219	7	7	1.121
1653	Monarchy	31153	0.461	1	1	1.118
1654	execute	31219	0.462	1	1	1.115
1655	endeavoured	31247	0.462	1	1	1.114
1656	beautiful	31363	0.464	1	1	1.108
1657	Pity	62915	0.931	2	1	1.104
1658	Fr	63238	0.935	2	2	1.096
1659	Draws	31643	0.468	1	1	1.095
1660	Desert	31779	0.47	1	1	1.089
1661	hang	31830	0.471	1	1	1.087
1662	presume	31879	0.472	1	1	1.085
1663	Operation	31914	0.472	1	1	1.083
1664	spoke	31965	0.473	1	1	1.081
1665	fields	31970	0.473	1	1	1.081
1666	exercised	32045	0.474	1	1	1.077
1667	Damnation	32064	0.474	1	1	1.076
1668	Dogs	32101	0.475	1	1	1.075
1669	Treat	32126	0.475	1	1	1.074
1670	Deuteronomy	64271	0.951	2	1	1.073
1671	enough	225014	3.328	7	5	1.073
1672	door	64326	0.951	2	2	1.072
1673	sometimes	226924	3.356	7	3	1.061
1674	Bond	32545	0.481	1	1	1.055
1675	remaining	32552	0.481	1	1	1.055
1676	accused	32564	0.482	1	1	1.054
1677	making	195439	2.89	6	6	1.054
1678	commonly	97748	1.446	3	3	1.053
1679	Ten	130362	1.928	4	3	1.053
1680	thin	32659	0.483	1	1	1.05
1681	innocent	65570	0.97	2	2	1.044
1682	?	2527462	37.38	77	49	1.043
1683	make	1313915	19.432	40	33	1.042
1684	Why	394748	5.838	12	11	1.039
1685	endure	66031	0.977	2	2	1.034
1686	Kings	363629	5.378	11	10	1.032
1687	record	33094	0.489	1	1	1.031
1688	afford	33330	0.493	1	1	1.021
1689	down	533657	7.893	16	13	1.02
1690	while	300747	4.448	9	6	1.017
1691	Trinity	33437	0.495	1	1	1.016
1692	James	100348	1.484	3	3	1.015
1693	marks	33471	0.495	1	1	1.014
1694	turn	167524	2.478	5	5	1.013
1695	Shore	33521	0.496	1	1	1.012
1696	colour	100836	1.491	3	3	1.008
1697	lie	168129	2.487	5	5	1.008
1698	sees	33635	0.497	1	1	1.008
1699	Extraordinary	67414	0.997	2	2	1.004
1700	white	134914	1.995	4	3	1.003
1701	Hen	33893	0.501	1	1	0.996
1702	still	373001	5.517	11	11	0.996
1703	House	407406	6.025	12	10	0.994
1704	alas	67915	1.004	2	2	0.994
1705	am	509469	7.535	15	10	0.993
1706	VII	34063	0.504	1	1	0.989
1707	judgments	34069	0.504	1	1	0.989
1708	Poet	34204	0.506	1	1	0.983
1709	Injury	34234	0.506	1	1	0.982
1710	confession	68490	1.013	2	1	0.982
1711	professed	34256	0.507	1	1	0.981
1712	physic	34467	0.51	1	1	0.972
1713	become	172873	2.557	5	5	0.968
1714	uncertain	34586	0.512	1	1	0.967
1715	Friend	138523	2.049	4	4	0.965
1716	John	415725	6.148	12	10	0.965
1717	finds	34792	0.515	1	1	0.958
1718	Than	940786	13.914	27	23	0.956
1719	born	104623	1.547	3	3	0.955
1720	demanded	34888	0.516	1	1	0.955
1721	broad	35012	0.518	1	1	0.95
1722	Serious	35051	0.518	1	1	0.948
1723	Forbear	35085	0.519	1	1	0.946
1724	art	315875	4.672	9	9	0.946
1725	going	105462	1.56	3	3	0.944
1726	Crown	140652	2.08	4	4	0.943
1727	delights	35263	0.522	1	1	0.939
1728	Monsieur	35326	0.522	1	1	0.937
1729	habit	35431	0.524	1	1	0.932
1730	shortly	35459	0.524	1	1	0.931
1731	37	35612	0.527	1	1	0.925
1732	Laying	35626	0.527	1	1	0.924
1733	Like	1070087	15.826	30	27	0.923
1734	Poverty	35712	0.528	1	1	0.921
1735	Special	107206	1.586	3	2	0.92
1736	mighty	107406	1.589	3	3	0.917
1737	Verses	35860	0.53	1	1	0.915
1738	engaged	35885	0.531	1	1	0.914
1739	Breach	35926	0.531	1	1	0.912
1740	each	252025	3.727	7	6	0.909
1741	Courage	72091	1.066	2	2	0.908
1742	dumb	36044	0.533	1	1	0.908
1743	Whose	468798	6.933	13	9	0.907
1744	mistake	36342	0.538	1	1	0.896
1745	Jer.	36352	0.538	1	1	0.895
1746	thrust	36372	0.538	1	1	0.895
1747	Garden	36538	0.54	1	1	0.888
1748	possess	36617	0.542	1	1	0.885
1749	London	146866	2.172	4	3	0.881
1750	became	73544	1.088	2	2	0.879
1751	&c	479189	7.087	13	11	0.875
1752	Overthrow	36900	0.546	1	1	0.874
1753	laid	184949	2.735	5	5	0.87
1754	sincere	37054	0.548	1	1	0.868
1755	Palace	37162	0.55	1	1	0.864
1756	Satan	111662	1.651	3	3	0.861
1757	spend	37287	0.552	1	1	0.859
1758	disposed	37317	0.552	1	1	0.858
1759	Fat	37322	0.552	1	1	0.857
1760	Writ	74728	1.105	2	2	0.856
1761	Wilderness	37400	0.553	1	1	0.854
1762	gone	112323	1.661	3	3	0.853
1763	obligation	37610	0.556	1	1	0.846
1764	Money	188212	2.784	5	5	0.845
1765	Masters	75576	1.118	2	2	0.839
1766	Ecclesiastical	75702	1.12	2	2	0.837
1767	Ages	75749	1.12	2	2	0.836
1768	wrath	113648	1.681	3	3	0.836
1769	Evening	37929	0.561	1	1	0.834
1770	Dan	38042	0.563	1	1	0.83
1771	praying	38212	0.565	1	1	0.823
1772	saw	191431	2.831	5	3	0.821
1773	maintained	38390	0.568	1	1	0.817
1774	FINIS	38468	0.569	1	1	0.814
1775	Reign	115734	1.712	3	3	0.81
1776	rising	38647	0.572	1	1	0.807
1777	Deserved	38662	0.572	1	1	0.806
1778	Chap	271060	4.009	7	3	0.804
1779	Qualities	38805	0.574	1	1	0.801
1780	hide	38812	0.574	1	1	0.801
1781	Senate	38824	0.574	1	1	0.8
1782	giving	117136	1.732	3	3	0.792
1783	George	39058	0.578	1	1	0.792
1784	already	157133	2.324	4	3	0.783
1785	turns	39404	0.583	1	1	0.779
1786	Teeth	39404	0.583	1	1	0.779
1787	follows	118360	1.751	3	3	0.777
1788	whereupon	78977	1.168	2	1	0.776
1789	lively	39523	0.585	1	1	0.775
1790	Lo	39596	0.586	1	1	0.772
1791	attain	39646	0.586	1	1	0.77
1792	Grave	79381	1.174	2	2	0.769
1793	wants	39855	0.589	1	1	0.763
1794	N.	79817	1.18	2	2	0.761
1795	thou	1398203	20.679	35	23	0.759
1796	keeps	40024	0.592	1	1	0.757
1797	space	80076	1.184	2	2	0.756
1798	tried	40042	0.592	1	1	0.756
1799	Seven	120863	1.788	3	3	0.747
1800	viz.	161354	2.386	4	2	0.745
1801	off	323311	4.782	8	7	0.743
1802	deceive	40456	0.598	1	1	0.741
1803	wonder	81268	1.202	2	2	0.735
1804	Natures	40702	0.602	1	1	0.732
1805	notable	40823	0.604	1	1	0.728
1806	or	6140246	90.81	150	86	0.724
1807	on	1948583	28.818	47	38	0.706
1808	colours	41565	0.615	1	1	0.702
1809	intention	41747	0.617	1	1	0.696
1810	evident	83651	1.237	2	1	0.693
1811	embrace	41941	0.62	1	1	0.689
1812	Manners	41947	0.62	1	1	0.689
1813	cure	84022	1.243	2	2	0.687
1814	roots	42047	0.622	1	1	0.685
1815	Prejudice	42088	0.623	1	1	0.684
1816	C.	296045	4.378	7	3	0.677
1817	whither	42388	0.627	1	1	0.674
1818	Milk	42416	0.627	1	1	0.673
1819	Reformed	42488	0.628	1	1	0.67
1820	Infants	42501	0.629	1	1	0.67
1821	Fact	42577	0.63	1	1	0.667
1822	carried	127788	1.89	3	3	0.667
1823	utter	42614	0.63	1	1	0.666
1824	you	3714542	54.936	87	58	0.663
1825	distinction	42763	0.632	1	1	0.661
1826	Description	42949	0.635	1	1	0.655
1827	benefits	42986	0.636	1	1	0.654
1828	ye	825703	12.212	19	14	0.638
1829	Forms	43593	0.645	1	1	0.633
1830	rather	393402	5.818	9	9	0.629
1831	alleged	43807	0.648	1	1	0.626
1832	sit	131502	1.945	3	3	0.625
1833	rise	87880	1.3	2	2	0.622
1834	Camp	43972	0.65	1	1	0.621
1835	bringing	44028	0.651	1	1	0.619
1836	yours	44031	0.651	1	1	0.619
1837	Leave	264688	3.915	6	6	0.616
1838	Dust	44440	0.657	1	1	0.606
1839	go	533648	7.892	12	10	0.605
1840	Reputation	44574	0.659	1	1	0.601
1841	17	133873	1.98	3	2	0.6
1842	fall	267911	3.962	6	5	0.599
1843	Neck	44710	0.661	1	1	0.597
1844	di	44811	0.663	1	1	0.594
1845	unjust	44820	0.663	1	1	0.593
1846	Defence	89679	1.326	2	2	0.593
1847	forced	89873	1.329	2	2	0.589
1848	draw	134904	1.995	3	3	0.589
1849	bid	45051	0.666	1	1	0.586
1850	Instrument	45056	0.666	1	1	0.586
1851	highly	45059	0.666	1	1	0.586
1852	outward	135202	2	3	3	0.585
1853	Hill	45286	0.67	1	1	0.578
1854	Mine	181777	2.688	4	4	0.573
1855	main	45562	0.674	1	1	0.57
1856	settled	45575	0.674	1	1	0.569
1857	Math	45572	0.674	1	1	0.569
1858	easy	91240	1.349	2	2	0.568
1859	Patient	45655	0.675	1	1	0.567
1860	strong	182777	2.703	4	4	0.565
1861	;	9536348	141.037	208	139	0.561
1862	Affliction	45899	0.679	1	1	0.559
1863	belongs	45900	0.679	1	1	0.559
1864	expected	45982	0.68	1	1	0.556
1865	whom	782727	11.576	17	15	0.554
1866	Town	184940	2.735	4	4	0.548
1867	once	277740	4.108	6	6	0.547
1868	Who	2315377	34.243	50	42	0.546
1869	store	46312	0.685	1	1	0.546
1870	Freedom	46462	0.687	1	1	0.541
1871	16.	93810	1.387	2	2	0.528
1872	my	2492426	36.861	53	35	0.524
1873	eternity	47176	0.698	1	1	0.519
1874	hand	471988	6.98	10	7	0.519
1875	W.	47212	0.698	1	1	0.518
1876	History	94546	1.398	2	1	0.516
1877	hot	94567	1.399	2	2	0.516
1878	United	47414	0.701	1	1	0.512
1879	Devotion	47524	0.703	1	1	0.509
1880	lately	47691	0.705	1	1	0.504
1881	shall	2624249	38.811	55	35	0.503
1882	sat	47715	0.706	1	1	0.503
1883	15.	95551	1.413	2	2	0.501
1884	lower	47845	0.708	1	1	0.499
1885	little	624322	9.233	13	12	0.494
1886	Frame	48094	0.711	1	1	0.491
1887	warrant	48147	0.712	1	1	0.49
1888	Lies	96467	1.427	2	2	0.487
1889	fine	96522	1.428	2	2	0.487
1890	Philip	48328	0.715	1	1	0.485
1891	Head	338290	5.003	7	6	0.485
1892	worst	48340	0.715	1	1	0.484
1893	J.	48447	0.717	1	1	0.481
1894	Portion	48529	0.718	1	1	0.479
1895	Enter	145726	2.155	3	3	0.477
1896	Burden	48806	0.722	1	1	0.47
1897	happen	48850	0.723	1	1	0.469
1898	12	195478	2.891	4	4	0.468
1899	P.	440626	6.517	9	6	0.466
1900	charged	49036	0.725	1	1	0.464
1901	Heavens	49058	0.726	1	1	0.463
1902	pretence	49124	0.727	1	1	0.461
1903	withal	98276	1.453	2	2	0.461
1904	Sacrifices	49194	0.728	1	1	0.459
1905	Col.	49217	0.728	1	1	0.458
1906	with	6743369	99.73	137	91	0.458
1907	O	541781	8.013	11	11	0.457
1908	better	443737	6.563	9	7	0.456
1909	wicked	246712	3.649	5	5	0.455
1910	abundance	49441	0.731	1	1	0.452
1911	me	1731164	25.603	35	25	0.451
1912	Id	49498	0.732	1	1	0.45
1913	alive	49526	0.733	1	1	0.449
1914	neighbour	49578	0.733	1	1	0.448
1915	naturally	49783	0.736	1	1	0.442
1916	Golden	49785	0.736	1	1	0.442
1917	Servants	149996	2.218	3	3	0.436
1918	Lamb	50063	0.74	1	1	0.434
1919	External	50280	0.744	1	1	0.427
1920	away	504942	7.468	10	9	0.421
1921	Royal	101049	1.495	2	2	0.42
1922	name	607418	8.983	12	11	0.418
1923	short	151930	2.247	3	3	0.417
1924	Instruments	50653	0.749	1	1	0.417
1925	Posterity	50699	0.75	1	1	0.415
1926	behold	152112	2.25	3	3	0.415
1927	express	101655	1.503	2	2	0.412
1928	the	59190422	875.389	1164	331	0.411
1929	Revealed	50925	0.753	1	1	0.409
1930	an	2497908	36.943	49	43	0.408
1931	r	50984	0.754	1	1	0.407
1932	thinking	51014	0.755	1	1	0.406
1933	punished	51064	0.755	1	1	0.405
1934	commit	51155	0.757	1	1	0.402
1935	Fellow	51208	0.757	1	1	0.401
1936	Seat	51212	0.757	1	1	0.401
1937	Prophecy	51210	0.757	1	1	0.401
1938	Sister	51618	0.763	1	1	0.389
1939	imagine	51686	0.764	1	1	0.388
1940	aside	51692	0.765	1	1	0.387
1941	Worship	206782	3.058	4	4	0.387
1942	bring	310345	4.59	6	6	0.387
1943	thy	1346327	19.911	26	20	0.385
1944	Sweet	155475	2.299	3	3	0.384
1945	your	2073026	30.659	40	23	0.384
1946	thousand	207672	3.071	4	4	0.381
1947	looks	52264	0.773	1	1	0.371
1948	esteemed	52613	0.778	1	1	0.362
1949	excuse	52632	0.778	1	1	0.361
1950	three	474878	7.023	9	8	0.358
1951	went	264770	3.916	5	4	0.353
1952	suddenly	53066	0.785	1	1	0.35
1953	Instance	53150	0.786	1	1	0.347
1954	usually	53352	0.789	1	1	0.342
1955	spent	53460	0.791	1	1	0.339
1956	Count	53522	0.792	1	1	0.337
1957	wound	53525	0.792	1	1	0.337
1958	falling	53567	0.792	1	1	0.336
1959	Heathen	53596	0.793	1	1	0.335
1960	Mouth	161086	2.382	3	3	0.333
1961	no	2739631	40.517	51	39	0.332
1962	sound	107925	1.596	2	2	0.325
1963	Virgin	54072	0.8	1	1	0.322
1964	inferior	54087	0.8	1	1	0.322
1965	this	6548918	96.854	121	62	0.321
1966	give	758276	11.214	14	9	0.32
1967	drawn	108352	1.603	2	2	0.32
1968	Israel	162651	2.406	3	3	0.319
1969	next	271507	4.015	5	3	0.316
1970	where	1086411	16.067	20	17	0.316
1971	Glass	54513	0.806	1	1	0.311
1972	deceived	54539	0.807	1	1	0.31
1973	,	97296499	1438.954	1783	452	0.309
1974	lusts	54617	0.808	1	1	0.308
1975	dear	109293	1.616	2	2	0.307
1976	though	1040761	15.392	19	18	0.304
1977	Wine	164447	2.432	3	3	0.303
1978	upon	2522161	37.301	46	34	0.302
1979	brings	54834	0.811	1	1	0.302
1980	Walls	54925	0.812	1	1	0.3
1981	Talk	54978	0.813	1	1	0.298
1982	VI	55012	0.814	1	1	0.298
1983	help	220081	3.255	4	4	0.297
1984	mentioned	110171	1.629	2	2	0.296
1985	Henry	110662	1.637	2	1	0.289
1986	Ordinances	55387	0.819	1	1	0.288
1987	room	55576	0.822	1	1	0.283
1988	every	1057014	15.633	19	18	0.281
1989	does	222564	3.292	4	4	0.281
1990	Generation	55724	0.824	1	1	0.279
1991	Prophets	111696	1.652	2	2	0.276
1992	would	1733888	25.643	31	28	0.274
1993	Church	1175787	17.389	21	18	0.272
1994	thee	728077	10.768	13	11	0.272
1995	Breast	56115	0.83	1	1	0.269
1996	Consciences	56276	0.832	1	1	0.265
1997	accounted	56307	0.833	1	1	0.264
1998	render	56345	0.833	1	1	0.263
1999	luck	56354	0.833	1	1	0.263
2000	Mountains	56383	0.834	1	1	0.262
2001	Interest	112821	1.669	2	2	0.261
2002	Mass	56555	0.836	1	1	0.258
2003	Feast	56711	0.839	1	1	0.254
2004	another	682313	10.091	12	10	0.25
2005	clearly	57009	0.843	1	1	0.246
2006	dark	57339	0.848	1	1	0.238
2007	often	229358	3.392	4	4	0.238
2008	apply	57357	0.848	1	1	0.237
2009	cast	229673	3.397	4	3	0.236
2010	de	804522	11.898	14	7	0.235
2011	distance	57644	0.853	1	1	0.23
2012	arms	173309	2.563	3	3	0.227
2013	I	6187300	91.506	107	67	0.226
2014	fallen	57829	0.855	1	1	0.225
2015	Besides	231481	3.424	4	4	0.225
2016	.	39047260	577.485	674	250	0.223
2017	overcome	57959	0.857	1	1	0.222
2018	finding	57977	0.857	1	1	0.222
2019	Title	115960	1.715	2	2	0.222
2020	sight	174034	2.574	3	3	0.221
2021	whosoever	58235	0.861	1	1	0.215
2022	Commission	58345	0.863	1	1	0.213
2023	wont	58350	0.863	1	1	0.213
2024	shut	58420	0.864	1	1	0.211
2025	Occasions	58514	0.865	1	1	0.209
2026	length	117029	1.731	2	2	0.209
2027	taste	58748	0.869	1	1	0.203
2028	thought	352735	5.217	6	4	0.202
2029	Cardinal	58899	0.871	1	1	0.199
2030	Ceremonies	59141	0.875	1	1	0.193
2031	wait	59233	0.876	1	1	0.191
2032	measure	118535	1.753	2	2	0.19
2033	condemn	59378	0.878	1	1	0.187
2034	Conscience	238823	3.532	4	4	0.18
2035	is	12301699	181.934	206	111	0.179
2036	e.	119746	1.771	2	2	0.175
2037	Magistrates	59888	0.886	1	1	0.175
2038	sake	119831	1.772	2	2	0.174
2039	Names	120160	1.777	2	2	0.17
2040	send	120341	1.78	2	2	0.168
2041	Story	60177	0.89	1	1	0.168
2042	quiet	60323	0.892	1	1	0.165
2043	indeed	301803	4.464	5	4	0.164
2044	Revenge	60376	0.893	1	1	0.163
2045	Face	181454	2.684	3	3	0.161
2046	Gentlemen	60495	0.895	1	1	0.161
2047	Spring	60792	0.899	1	1	0.153
2048	breath	60807	0.899	1	1	0.153
2049	6	304045	4.497	5	5	0.153
2050	Confidence	60886	0.901	1	1	0.151
2051	found	426408	6.306	7	6	0.151
2052	will	2993503	44.272	49	43	0.146
2053	ere	61209	0.905	1	1	0.144
2054	Party	122702	1.815	2	2	0.14
2055	Land	307074	4.541	5	2	0.139
2056	join	61462	0.909	1	1	0.138
2057	began	184715	2.732	3	3	0.135
2058	killed	61673	0.912	1	1	0.133
2059	along	61778	0.914	1	1	0.13
2060	England	309285	4.574	5	5	0.128
2061	perceive	62013	0.917	1	1	0.125
2062	Italy	62147	0.919	1	1	0.122
2063	pleasure	186565	2.759	3	3	0.121
2064	and	37698224	557.533	606	267	0.12
2065	changed	62232	0.92	1	1	0.12
2066	how	1244740	18.409	20	16	0.12
2067	had	2740575	40.531	44	36	0.118
2068	pretended	62449	0.924	1	1	0.115
2069	prevent	62672	0.927	1	1	0.11
2070	inhabitants	62803	0.929	1	1	0.107
2071	II	125905	1.862	2	2	0.103
2072	Powers	63000	0.932	1	1	0.102
2073	Prison	63013	0.932	1	1	0.102
2074	Did	1515759	22.417	24	21	0.098
2075	continually	63423	0.938	1	1	0.092
2076	nor	1146191	16.951	18	15	0.087
2077	Carnal	63756	0.943	1	1	0.085
2078	tell	255280	3.775	4	4	0.083
2079	B.	127907	1.892	2	2	0.08
2080	of	39170514	579.307	612	270	0.079
2081	Business	128020	1.893	2	2	0.079
2082	offence	64157	0.949	1	1	0.076
2083	between	321208	4.751	5	4	0.074
2084	Difference	128593	1.902	2	2	0.073
2085	known	257669	3.811	4	4	0.07
2086	Love	838220	12.397	13	12	0.069
2087	Children	387096	5.725	6	4	0.068
2088	pleased	129448	1.915	2	2	0.063
2089	cause	585252	8.656	9	6	0.056
2090	too	521045	7.706	8	8	0.054
2091	St.	195546	2.892	3	3	0.053
2092	Avoid	65191	0.964	1	1	0.053
2093	Seed	130549	1.931	2	2	0.051
2094	bear	196568	2.907	3	3	0.045
2095	Anger	65536	0.969	1	1	0.045
2096	was	5179337	76.599	79	57	0.045
2097	Hours	65642	0.971	1	1	0.043
2098	judge	262867	3.888	4	4	0.041
2099	brought	394377	5.833	6	6	0.041
2100	State	329799	4.878	5	4	0.036
2101	Gentleman	66021	0.976	1	1	0.034
2102	higher	66116	0.978	1	1	0.032
2103	destroyed	66138	0.978	1	1	0.032
2104	meet	132574	1.961	2	2	0.029
2105	Nations	132713	1.963	2	2	0.027
2106	29	66407	0.982	1	1	0.026
2107	s	133183	1.97	2	1	0.022
2108	one	2538275	37.54	38	25	0.018
2109	save	133689	1.977	2	2	0.017
2110	trial	66850	0.989	1	1	0.016
2111	lose	66954	0.99	1	1	0.014
2112	Issue	66951	0.99	1	1	0.014
2113	persuaded	67094	0.992	1	1	0.011
2114	Letter	134624	1.991	2	2	0.007
2115	Clergy	67422	0.997	1	1	0.004
2116	private	134915	1.995	2	2	0.003
2117	v.	202373	2.993	3	3	0.003
2118	miserable	67471	0.998	1	1	0.003
2119	obliged	67494	0.998	1	1	0.003
2120	self	948089	14.022	14	11	-0.002
2121	Month	67860	1.004	1	1	-0.005
2122	dare	135920	2.01	2	2	-0.007
2123	for	9369441	138.568	137	94	-0.016
2124	Throne	68392	1.012	1	1	-0.016
2125	Malice	68470	1.013	1	1	-0.018
2126	large	136943	2.025	2	2	-0.018
2127	Well	1096551	16.217	16	15	-0.019
2128	said	1514302	22.396	22	15	-0.026
2129	Answered	137849	2.039	2	2	-0.028
2130	Lawful	138238	2.045	2	2	-0.032
2131	at	3182175	47.062	46	40	-0.033
2132	particularly	69414	1.027	1	1	-0.038
2133	bare	69451	1.027	1	1	-0.039
2134	that	17465266	258.3	251	138	-0.041
2135	strange	139257	2.06	2	1	-0.042
2136	Sons	139530	2.064	2	2	-0.045
2137	show	349122	5.163	5	5	-0.046
2138	Ghost	139834	2.068	2	2	-0.048
2139	oft	69946	1.035	1	1	-0.049
2140	Denied	69953	1.035	1	1	-0.049
2141	hath	1823449	26.968	26	17	-0.053
2142	divers	210634	3.115	3	3	-0.054
2143	cut	140466	2.077	2	2	-0.055
2144	high	281250	4.16	4	4	-0.056
2145	what	2320680	34.321	33	24	-0.057
2146	follow	211834	3.133	3	3	-0.063
2147	almost	141302	2.09	2	2	-0.063
2148	Praise	141937	2.099	2	2	-0.07
2149	Fathers	213875	3.163	3	3	-0.076
2150	many	1356675	20.064	19	17	-0.079
2151	utterly	71440	1.057	1	1	-0.079
2152	D	143450	2.122	2	2	-0.085
2153	Arguments	71833	1.062	1	1	-0.087
2154	wickedness	71915	1.064	1	1	-0.089
2155	public	215912	3.193	3	3	-0.09
2156	free	216340	3.2	3	3	-0.093
2157	Raise	72133	1.067	1	1	-0.093
2158	knows	144623	2.139	2	2	-0.097
2159	because	1157094	17.113	16	11	-0.097
2160	pleasant	72707	1.075	1	1	-0.105
2161	Priests	145909	2.158	2	2	-0.11
2162	F.	73082	1.081	1	1	-0.112
2163	expect	73209	1.083	1	1	-0.115
2164	Kingdoms	73313	1.084	1	1	-0.117
2165	can	1982819	29.325	27	25	-0.119
2166	Noble	146938	2.173	2	2	-0.12
2167	Wealth	73703	1.09	1	1	-0.124
2168	may	2661871	39.367	36	28	-0.129
2169	red	74028	1.095	1	1	-0.131
2170	during	74035	1.095	1	1	-0.131
2171	wilt	74391	1.1	1	1	-0.138
2172	against	1339213	19.806	18	16	-0.138
2173	Court	223217	3.301	3	3	-0.138
2174	let	968524	14.324	13	13	-0.14
2175	new	447014	6.611	6	6	-0.14
2176	to	27864128	412.093	374	182	-0.14
2177	Effects	75047	1.11	1	1	-0.15
2178	forces	75262	1.113	1	1	-0.155
2179	Isa.	75282	1.113	1	1	-0.155
2180	seemed	75334	1.114	1	1	-0.156
2181	Latin	75364	1.115	1	1	-0.157
2182	agree	75479	1.116	1	1	-0.159
2183	Edward	75687	1.119	1	1	-0.163
2184	among	379416	5.611	5	5	-0.166
2185	wisdom	228022	3.372	3	1	-0.169
2186	always	304181	4.499	4	4	-0.169
2187	be	9896153	146.358	130	92	-0.171
2188	if	3293480	48.709	43	37	-0.18
2189	none	383245	5.668	5	5	-0.181
2190	Popes	76677	1.134	1	1	-0.181
2191	Ignorance	77023	1.139	1	1	-0.188
2192	l.	308378	4.561	4	3	-0.189
2193	think	539870	7.984	7	6	-0.19
2194	Unless	154621	2.287	2	2	-0.193
2195	near	232787	3.443	3	3	-0.199
2196	Gift	77682	1.149	1	1	-0.2
2197	credit	77984	1.153	1	1	-0.206
2198	)	3126749	46.243	40	28	-0.209
2199	root	78309	1.158	1	1	-0.212
2200	But	6983890	103.287	89	69	-0.215
2201	father	550491	8.141	7	6	-0.218
2202	Nay	158341	2.342	2	2	-0.228
2203	rest	396125	5.858	5	5	-0.229
2204	his	9217642	136.323	116	70	-0.233
2205	signifies	79472	1.175	1	1	-0.233
2206	spiritual	239256	3.538	3	3	-0.238
2207	live	322774	4.774	4	4	-0.255
2208	S.	403850	5.973	5	4	-0.256
2209	Lives	161569	2.39	2	2	-0.257
2210	further	242781	3.591	3	3	-0.259
2211	:	8018849	118.594	99	71	-0.261
2212	Enemy	162072	2.397	2	2	-0.261
2213	There	2595192	38.381	32	25	-0.262
2214	hold	243646	3.603	3	3	-0.264
2215	Victory	81232	1.201	1	1	-0.265
2216	profession	81244	1.202	1	1	-0.265
2217	should	1871070	27.672	23	22	-0.267
2218	mean	244094	3.61	3	3	-0.267
2219	First	1465032	21.667	18	16	-0.267
2220	Knight	81427	1.204	1	1	-0.268
2221	long	571124	8.447	7	7	-0.271
2222	13	164052	2.426	2	2	-0.279
2223	forth	410791	6.075	5	5	-0.281
2224	since	412107	6.095	5	4	-0.286
2225	un	83123	1.229	1	1	-0.298
2226	side	250068	3.698	3	3	-0.302
2227	lead	83367	1.233	1	1	-0.302
2228	acknowledge	83501	1.235	1	1	-0.304
2229	made	1503973	22.243	18	17	-0.305
2230	7	251211	3.715	3	2	-0.309
2231	say	1089806	16.118	13	13	-0.31
2232	grief	84127	1.244	1	1	-0.315
2233	less	337828	4.996	4	4	-0.321
2234	Tears	84461	1.249	1	1	-0.321
2235	ordained	84488	1.25	1	1	-0.321
2236	chosen	84591	1.251	1	1	-0.323
2237	Verse	254782	3.768	3	2	-0.329
2238	piece	85080	1.258	1	1	-0.331
2239	comes	255457	3.778	3	3	-0.333
2240	precious	85205	1.26	1	1	-0.334
2241	Author	170634	2.524	2	2	-0.335
2242	Patience	85500	1.265	1	1	-0.339
2243	Officers	85656	1.267	1	1	-0.341
2244	obey	85680	1.267	1	1	-0.342
2245	Wit	172149	2.546	2	2	-0.348
2246	haste	258415	3.822	3	3	-0.349
2247	joined	86338	1.277	1	1	-0.353
2248	never	778679	11.516	9	9	-0.356
2249	Here	866663	12.817	10	10	-0.358
2250	Table	86761	1.283	1	1	-0.36
2251	put	607656	8.987	7	7	-0.36
2252	as	9292085	137.424	107	69	-0.361
2253	named	86879	1.285	1	1	-0.362
2254	ready	174387	2.579	2	1	-0.367
2255	returned	87529	1.295	1	1	-0.372
2256	knowing	87901	1.3	1	1	-0.379
2257	terms	88303	1.306	1	1	-0.385
2258	30	88541	1.31	1	1	-0.389
2259	out	1686345	24.94	19	19	-0.392
2260	Captain	88772	1.313	1	1	-0.393
2261	Original	88923	1.315	1	1	-0.395
2262	seems	178155	2.635	2	2	-0.398
2263	Q.	89193	1.319	1	1	-0.4
2264	Joy	178769	2.644	2	2	-0.403
2265	Bishops	179221	2.651	2	2	-0.406
2266	conclude	89613	1.325	1	1	-0.406
2267	Come	1165618	17.239	13	12	-0.407
2268	could	808277	11.954	9	9	-0.409
2269	(	3147389	46.548	35	25	-0.411
2270	acts	180390	2.668	2	2	-0.416
2271	Chief	180904	2.676	2	2	-0.42
2272	Empire	90491	1.338	1	1	-0.42
2273	much	1448309	21.42	16	15	-0.421
2274	deliver	90659	1.341	1	1	-0.423
2275	take	907131	13.416	10	10	-0.424
2276	remain	90767	1.342	1	1	-0.425
2277	black	90820	1.343	1	1	-0.426
2278	after	1272516	18.82	14	12	-0.427
2279	beginning	182083	2.693	2	2	-0.429
2280	been	1095200	16.197	12	11	-0.433
2281	Guilty	91473	1.353	1	1	-0.436
2282	judges	91633	1.355	1	1	-0.439
2283	25	91872	1.359	1	1	-0.442
2284	stay	91988	1.36	1	1	-0.444
2285	Learning	92794	1.372	1	1	-0.457
2286	want	185706	2.747	2	2	-0.458
2287	being	1764433	26.095	19	18	-0.458
2288	used	278736	4.122	3	3	-0.458
2289	do	2417629	35.755	26	22	-0.46
2290	Saint	186918	2.764	2	2	-0.467
2291	Reader	93498	1.383	1	1	-0.468
2292	ask	93732	1.386	1	1	-0.471
2293	Riches	93796	1.387	1	1	-0.472
2294	else	281410	4.162	3	3	-0.472
2295	Duke	187759	2.777	2	2	-0.473
2296	ones	94155	1.393	1	1	-0.478
2297	Shame	94222	1.394	1	1	-0.479
2298	Second	377815	5.588	4	3	-0.482
2299	Advantage	94526	1.398	1	1	-0.483
2300	find	472931	6.994	5	4	-0.484
2301	are	5017099	74.2	53	38	-0.485
2302	Sacred	94725	1.401	1	1	-0.486
2303	die	284558	4.208	3	3	-0.488
2304	now	1519152	22.467	16	16	-0.49
2305	bad	95210	1.408	1	1	-0.494
2306	sense	285637	4.224	3	3	-0.494
2307	suffer	191145	2.827	2	2	-0.499
2308	happiness	95587	1.414	1	1	-0.499
2309	Beauty	95667	1.415	1	1	-0.501
2310	pains	95716	1.416	1	1	-0.501
2311	offer	96063	1.421	1	1	-0.507
2312	Sorrow	96091	1.421	1	1	-0.507
2313	taken	481305	7.118	5	5	-0.51
2314	Speaking	96859	1.433	1	1	-0.519
2315	Liberty	193859	2.867	2	2	-0.52
2316	power	776557	11.485	8	8	-0.522
2317	begin	97196	1.438	1	1	-0.524
2318	required	97239	1.438	1	1	-0.524
2319	strength	196140	2.901	2	2	-0.536
2320	everlasting	98162	1.452	1	1	-0.538
2321	given	491070	7.263	5	4	-0.539
2322	through	491298	7.266	5	5	-0.539
2323	People	885047	13.089	9	6	-0.54
2324	continued	98376	1.455	1	1	-0.541
2325	granted	98434	1.456	1	1	-0.542
2326	fit	197019	2.914	2	2	-0.543
2327	Affairs	98583	1.458	1	1	-0.544
2328	Thus	788750	11.665	8	7	-0.544
2329	Image	99324	1.469	1	1	-0.555
2330	Beasts	99530	1.472	1	1	-0.558
2331	&c.	299097	4.424	3	3	-0.56
2332	Book	299396	4.428	3	3	-0.562
2333	William	100370	1.484	1	1	-0.57
2334	greatest	200955	2.972	2	2	-0.571
2335	declare	100528	1.487	1	1	-0.572
2336	principal	100602	1.488	1	1	-0.573
2337	consideration	100610	1.488	1	1	-0.573
2338	Thomas	100867	1.492	1	1	-0.577
2339	says	304429	4.502	3	3	-0.586
2340	Religion	406309	6.009	4	4	-0.587
2341	content	101607	1.503	1	1	-0.588
2342	up	1119358	16.555	11	11	-0.59
2343	When	2343068	34.653	23	21	-0.591
2344	Communion	101932	1.508	1	1	-0.592
2345	sorts	102012	1.509	1	1	-0.593
2346	La	204980	3.032	2	2	-0.6
2347	not	8929558	132.063	87	61	-0.602
2348	Feet	102703	1.519	1	1	-0.603
2349	Testimony	102732	1.519	1	1	-0.603
2350	two	926661	13.705	9	9	-0.607
2351	Grace	516661	7.641	5	4	-0.612
2352	Man	1972758	29.176	19	17	-0.619
2353	pro	103839	1.536	1	1	-0.619
2354	sign	104160	1.541	1	1	-0.623
2355	him	4270811	63.163	41	36	-0.623
2356	by	7416468	109.685	71	51	-0.627
2357	Custom	105184	1.556	1	1	-0.637
2358	longer	105304	1.557	1	1	-0.639
2359	promised	105333	1.558	1	1	-0.64
2360	Pride	105444	1.56	1	1	-0.641
2361	sayeth	633645	9.371	6	6	-0.643
2362	Account	211262	3.124	2	2	-0.644
2363	saying	211699	3.131	2	2	-0.647
2364	in	20011385	295.956	189	119	-0.647
2365	he	9215356	136.289	87	63	-0.648
2366	Case	319514	4.725	3	3	-0.655
2367	motion	106536	1.576	1	1	-0.656
2368	nothing	640275	9.469	6	6	-0.658
2369	13.	106799	1.58	1	1	-0.659
2370	minds	106848	1.58	1	1	-0.66
2371	Parliament	214227	3.168	2	2	-0.664
2372	yea	321813	4.759	3	3	-0.666
2373	such	2262212	33.457	21	17	-0.672
2374	yet	1835928	27.152	17	14	-0.676
2375	likewise	215998	3.195	2	1	-0.676
2376	then	2700348	39.937	25	23	-0.676
2377	somewhat	108061	1.598	1	1	-0.676
2378	Jerusalem	108264	1.601	1	1	-0.679
2379	grow	108376	1.603	1	1	-0.681
2380	some	1845849	27.299	17	13	-0.683
2381	So	5366625	79.369	49	38	-0.696
2382	stone	110110	1.629	1	1	-0.704
2383	about	661900	9.789	6	5	-0.706
2384	only	1544540	22.843	14	12	-0.706
2385	design	110482	1.634	1	1	-0.708
2386	promises	110749	1.638	1	1	-0.712
2387	le	110821	1.639	1	1	-0.713
2388	walk	111166	1.644	1	1	-0.717
2389	together	444738	6.577	4	3	-0.718
2390	1	1451762	21.471	13	11	-0.724
2391	m	111752	1.653	1	1	-0.725
2392	from	3924250	58.037	35	29	-0.73
2393	Creature	112250	1.66	1	1	-0.731
2394	meant	112513	1.664	1	1	-0.735
2395	last	450430	6.662	4	4	-0.736
2396	5	338721	5.01	3	3	-0.74
2397	caused	113016	1.671	1	1	-0.741
2398	more	2262327	33.458	20	17	-0.742
2399	offered	113433	1.678	1	1	-0.746
2400	Fourth	113523	1.679	1	1	-0.748
2401	lived	113584	1.68	1	1	-0.748
2402	seen	227877	3.37	2	2	-0.753
2403	full	343239	5.076	3	2	-0.759
2404	have	4691254	69.381	41	39	-0.759
2405	which	6940930	102.652	60	40	-0.775
2406	11.	115752	1.712	1	1	-0.776
2407	having	579260	8.567	5	5	-0.777
2408	Members	116122	1.717	1	1	-0.78
2409	Tongue	116704	1.726	1	1	-0.787
2410	remember	116819	1.728	1	1	-0.789
2411	they	6960305	102.939	59	41	-0.803
2412	proved	118293	1.75	1	1	-0.807
2413	certainly	118694	1.755	1	1	-0.812
2414	King	1308410	19.351	11	9	-0.815
2415	heavenly	118984	1.76	1	1	-0.815
2416	lay	238823	3.532	2	2	-0.82
2417	also	1433690	21.203	12	10	-0.821
2418	Cold	119553	1.768	1	1	-0.822
2419	presently	119716	1.771	1	1	-0.824
2420	Pope	240165	3.552	2	2	-0.829
2421	purpose	240680	3.56	2	1	-0.832
2422	believe	363239	5.372	3	3	-0.841
2423	pray	242183	3.582	2	2	-0.841
2424	must	1333555	19.722	11	9	-0.842
2425	Third	242706	3.59	2	2	-0.844
2426	even	607522	8.985	5	4	-0.846
2427	2	973176	14.393	8	7	-0.847
2428	took	243304	3.598	2	2	-0.847
2429	War	243324	3.599	2	2	-0.847
2430	Bishop	244304	3.613	2	2	-0.853
2431	person	366738	5.424	3	3	-0.854
2432	past	123448	1.826	1	1	-0.868
2433	day	864384	12.784	7	7	-0.869
2434	Except	124877	1.847	1	1	-0.885
2435	word	751485	11.114	6	5	-0.889
2436	understood	125485	1.856	1	1	-0.892
2437	again	627628	9.282	5	5	-0.893
2438	trust	126242	1.867	1	1	-0.901
2439	Four	252980	3.741	2	2	-0.904
2440	Servant	127075	1.879	1	1	-0.91
2441	betwixt	127079	1.879	1	1	-0.91
2442	Look	255208	3.774	2	2	-0.916
2443	confess	127821	1.89	1	1	-0.919
2444	most	1280269	18.934	10	9	-0.921
2445	Sword	128215	1.896	1	1	-0.923
2446	glorious	128843	1.906	1	1	-0.93
2447	Kingdom	388117	5.74	3	2	-0.936
2448	doing	129395	1.914	1	1	-0.936
2449	18	129797	1.92	1	1	-0.941
2450	ever	652700	9.653	5	4	-0.949
2451	former	261116	3.862	2	2	-0.949
2452	mark	131282	1.942	1	1	-0.957
2453	happy	132157	1.955	1	1	-0.967
2454	Thence	133035	1.968	1	1	-0.976
2455	World	932868	13.797	7	7	-0.979
2456	teach	134574	1.99	1	1	-0.993
2457	run	134767	1.993	1	1	-0.995
2458	cross	135455	2.003	1	1	-1.002
2459	might	949632	14.045	7	6	-1.005
2460	Horse	136110	2.013	1	1	-1.009
2461	hear	273421	4.044	2	2	-1.016
2462	Bound	138712	2.052	1	1	-1.037
2463	hence	139086	2.057	1	1	-1.041
2464	received	280865	4.154	2	2	-1.054
2465	Just	281045	4.157	2	2	-1.055
2466	greater	281340	4.161	2	2	-1.057
2467	si	141064	2.086	1	1	-1.061
2468	work	425644	6.295	3	3	-1.069
2469	Blood	426566	6.309	3	3	-1.072
2470	left	284479	4.207	2	2	-1.073
2471	Rich	142318	2.105	1	1	-1.074
2472	Years	427133	6.317	3	3	-1.074
2473	actions	142378	2.106	1	1	-1.074
2474	home	144093	2.131	1	1	-1.092
2475	all	5908829	87.388	41	28	-1.092
2476	unto	1880305	27.809	13	11	-1.097
2477	4	434750	6.43	3	3	-1.1
2478	20	145215	2.148	1	1	-1.103
2479	gave	290757	4.3	2	2	-1.104
2480	good	1608969	23.796	11	11	-1.113
2481	Fire	294315	4.353	2	2	-1.122
2482	Spirits	147223	2.177	1	1	-1.123
2483	set	595126	8.802	4	4	-1.138
2484	Hell	149518	2.211	1	1	-1.145
2485	whence	149816	2.216	1	1	-1.148
2486	Authority	299886	4.435	2	2	-1.149
2487	Earth	451529	6.678	3	3	-1.154
2488	necessity	150548	2.227	1	1	-1.155
2489	fell	151275	2.237	1	1	-1.162
2490	effect	151431	2.24	1	1	-1.163
2491	easily	151870	2.246	1	1	-1.167
2492	Gold	152169	2.251	1	1	-1.17
2493	several	304872	4.509	2	2	-1.173
2494	Moses	152440	2.255	1	1	-1.173
2495	These	1985969	29.371	13	9	-1.176
2496	speaks	153099	2.264	1	1	-1.179
2497	plain	154580	2.286	1	1	-1.193
2498	Five	154870	2.29	1	1	-1.196
2499	kind	310094	4.586	2	2	-1.197
2500	excellent	155285	2.297	1	1	-1.199
2501	without	1089706	16.116	7	5	-1.203
2502	sufficient	156507	2.315	1	1	-1.211
2503	Bread	156950	2.321	1	1	-1.215
2504	into	1727535	25.549	11	11	-1.216
2505	own	1256418	18.582	8	8	-1.216
2506	Works	315242	4.662	2	2	-1.221
2507	life	948809	14.032	6	6	-1.226
2508	Vain	158202	2.34	1	1	-1.226
2509	until	158797	2.349	1	1	-1.232
2510	3.	318523	4.711	2	2	-1.236
2511	were	2871299	42.465	18	15	-1.238
2512	came	478712	7.08	3	3	-1.239
2513	Secondly	160056	2.367	1	1	-1.243
2514	words	643917	9.523	4	3	-1.251
2515	act	322490	4.769	2	2	-1.254
2516	right	484646	7.168	3	3	-1.257
2517	Scripture	324647	4.801	2	2	-1.263
2518	14	162434	2.402	1	1	-1.264
2519	knew	162531	2.404	1	1	-1.265
2520	late	162556	2.404	1	1	-1.265
2521	proper	163180	2.413	1	1	-1.271
2522	hands	327530	4.844	2	2	-1.276
2523	seek	163878	2.424	1	1	-1.277
2524	its	492268	7.28	3	3	-1.279
2525	lost	164242	2.429	1	1	-1.28
2526	general	331599	4.904	2	2	-1.294
2527	course	166149	2.457	1	1	-1.297
2528	seem	166761	2.466	1	1	-1.302
2529	doubt	169037	2.5	1	1	-1.322
2530	their	5435041	80.381	32	28	-1.329
2531	it	11231693	166.11	66	50	-1.332
2532	Whereas	170273	2.518	1	1	-1.332
2533	Brother	170744	2.525	1	1	-1.336
2534	form	173701	2.569	1	1	-1.361
2535	Truth	521766	7.717	3	3	-1.363
2536	under	696455	10.3	4	4	-1.365
2537	Holy	701649	10.377	4	4	-1.375
2538	Command	177468	2.625	1	1	-1.392
2539	within	355110	5.252	2	2	-1.393
2540	ill	177562	2.626	1	1	-1.393
2541	before	1422340	21.036	8	7	-1.395
2542	11	177974	2.632	1	1	-1.396
2543	whole	534092	7.899	3	3	-1.397
2544	time	1426900	21.103	8	8	-1.399
2545	Charge	178431	2.639	1	1	-1.4
2546	we	4105074	60.712	23	19	-1.4
2547	above	357391	5.286	2	2	-1.402
2548	neither	537051	7.943	3	3	-1.405
2549	Mans	181090	2.678	1	1	-1.421
2550	promise	182124	2.694	1	1	-1.429
2551	sin	729699	10.792	4	4	-1.432
2552	Wherefore	183911	2.72	1	1	-1.444
2553	know	736780	10.897	4	4	-1.446
2554	certain	370843	5.485	2	2	-1.455
2555	written	186305	2.755	1	1	-1.462
2556	t	186780	2.762	1	1	-1.466
2557	Honour	374182	5.534	2	2	-1.468
2558	open	187653	2.775	1	1	-1.473
2559	true	751380	11.112	4	4	-1.474
2560	any	2444028	36.146	13	13	-1.475
2561	Saviour	188665	2.79	1	1	-1.48
2562	way	756236	11.184	4	4	-1.483
2563	till	379902	5.619	2	2	-1.49
2564	Friends	189996	2.81	1	1	-1.491
2565	3	571164	8.447	3	3	-1.494
2566	themselves	761621	11.264	4	4	-1.494
2567	present	383135	5.666	2	2	-1.502
2568	gives	192161	2.842	1	1	-1.507
2569	See	961542	14.221	5	4	-1.508
2570	Occasion	193025	2.855	1	1	-1.513
2571	Saints	194939	2.883	1	1	-1.528
2572	very	1174247	17.366	6	6	-1.533
2573	Condition	196366	2.904	1	1	-1.538
2574	quod	196567	2.907	1	1	-1.54
2575	days	393520	5.82	2	2	-1.541
2576	Jews	197436	2.92	1	1	-1.546
2577	sort	197789	2.925	1	1	-1.549
2578	serve	198842	2.941	1	1	-1.556
2579	use	603174	8.921	3	3	-1.572
2580	Nature	607747	8.988	3	3	-1.583
2581	Age	202681	2.998	1	1	-1.584
2582	mind	407887	6.032	2	2	-1.593
2583	Fair	204535	3.025	1	1	-1.597
2584	Subject	206440	3.053	1	1	-1.61
2585	part	827721	12.242	4	3	-1.614
2586	appear	209107	3.093	1	1	-1.629
2587	same	1256120	18.577	6	6	-1.63
2588	5.	210462	3.113	1	1	-1.638
2589	hundred	212307	3.14	1	1	-1.651
2590	whether	435425	6.44	2	2	-1.687
2591	Spirit	654859	9.685	3	2	-1.691
2592	whereby	220196	3.257	1	1	-1.703
2593	especially	220705	3.264	1	1	-1.707
2594	service	222275	3.287	1	1	-1.717
2595	thing	892670	13.202	4	4	-1.723
2596	care	224334	3.318	1	1	-1.73
2597	Lords	228223	3.375	1	1	-1.755
2598	Seeing	231216	3.42	1	1	-1.774
2599	manner	467036	6.907	2	2	-1.788
2600	10	233570	3.454	1	1	-1.788
2601	Stand	235721	3.486	1	1	-1.802
2602	pass	235903	3.489	1	1	-1.803
2603	death	707920	10.47	3	3	-1.803
2604	body	712249	10.534	3	3	-1.812
2605	those	1667771	24.665	7	7	-1.817
2606	Hearts	239757	3.546	1	1	-1.826
2607	Paul	240876	3.562	1	1	-1.833
2608	Virtue	240899	3.563	1	1	-1.833
2609	8	242055	3.58	1	1	-1.84
2610	both	976138	14.437	4	4	-1.852
2611	Heaven	503504	7.447	2	2	-1.897
2612	Page	252043	3.728	1	1	-1.898
2613	Enemies	253975	3.756	1	1	-1.909
2614	other	2103223	31.105	8	8	-1.959
2615	concerning	262903	3.888	1	1	-1.959
2616	Laws	264682	3.915	1	1	-1.969
2617	Number	269531	3.986	1	1	-1.995
2618	Place	808630	11.959	3	3	-1.995
2619	them	4855982	71.817	18	17	-1.996
2620	over	545201	8.063	2	1	-2.011
2621	soul	555660	8.218	2	2	-2.039
2622	Knowledge	282458	4.177	1	1	-2.063
2623	Eyes	285959	4.229	1	1	-2.08
2624	Lord	1459090	21.579	5	5	-2.11
2625	&	2737777	40.49	9	9	-2.17
2626	Doctrine	304623	4.505	1	1	-2.172
2627	Men	1835942	27.152	6	6	-2.178
2628	therefore	1231317	18.21	4	4	-2.187
2629	us	2216337	32.778	7	7	-2.227
2630	God	4174430	61.737	13	13	-2.248
2631	order	331304	4.9	1	1	-2.293
2632	others	665440	9.841	2	2	-2.299
2633	wherein	332751	4.921	1	1	-2.299
2634	year	352165	5.208	1	1	-2.381
2635	himself	1068396	15.801	3	3	-2.397
2636	2.	358494	5.302	1	1	-2.407
2637	Answer	362673	5.364	1	1	-2.423
2638	Peace	369451	5.464	1	1	-2.45
2639	Christ	1858951	27.493	5	5	-2.459
2640	speak	374513	5.539	1	1	-2.47
2641	persons	384539	5.687	1	1	-2.508
2642	times	394191	5.83	1	1	-2.543
2643	Means	397591	5.88	1	1	-2.556
2644	Light	399350	5.906	1	1	-2.562
2645	Jesus	399809	5.913	1	1	-2.564
2646	fear	406154	6.007	1	1	-2.587
2647	Ought	406522	6.012	1	1	-2.588
2648	innon-Latinalphabet	427513	6.323	1	1	-2.661
2649	Matter	427808	6.327	1	1	-2.662
2650	far	439291	6.497	1	1	-2.7
2651	things	1357990	20.084	3	3	-2.743
2652	thereof	458302	6.778	1	1	-2.761
2653	according	502781	7.436	1	1	-2.894
2654	Either	552589	8.172	1	1	-3.031
2655	our	3333885	49.306	6	6	-3.039
2656	Heart	559805	8.279	1	1	-3.049
2657	end	571167	8.447	1	1	-3.078
2658	done	601055	8.889	1	1	-3.152
2659	Reason	664880	9.833	1	1	-3.298
2660	Law	712338	10.535	1	1	-3.397
2661	Faith	762492	11.277	1	1	-3.495
2662	doth	963309	14.247	1	1	-3.833
2663	Tantums	1	0	1	1	n/a
2664	Eblliio	1	0	1	1	n/a
2665	Hoylin	3	0	1	1	n/a
2666	un-vailed	3	0	1	1	n/a
2667	lnclination	1	0	1	1	n/a
2668	Bantums	2	0	1	1	n/a
2669	leuolev	2	0	1	1	n/a
2670	Ramumque	1	0	1	1	n/a
2671	herSirrahVillain	1	0	1	1	n/a
2672	hiswho	1	0	2	1	n/a
2673	Church-parasite	3	0	2	2	n/a
2674	Arlotha	3	0	1	1	n/a
2675	Kedeschah	1	0	1	1	n/a
2676	Sin-trimmed	1	0	1	1	n/a
2677	Reval.	2	0	1	1	n/a
2678	Ratcliff-Hill	1	0	1	1	n/a
2679	eterniie	1	0	1	1	n/a
2680	Sancyer	1	0	1	1	n/a
2681	Mamzeres	2	0	1	1	n/a
2682	girer	3	0	1	1	n/a
2683	Signagogue	2	0	1	1	n/a
2684	Polhore	1	0	2	1	n/a
2685	Pos-tern	1	0	1	1	n/a
2686	Gumgal	1	0	2	1	n/a
2687	harra'st	2	0	1	1	n/a
2688	murmuryou	1	0	1	1	n/a
2689	Eating-Pimps	1	0	1	1	n/a
2690	rlotta	1	0	2	1	n/a
2691	seeThere	2	0	1	1	n/a
2692	Pick-pockit	1	0	1	1	n/a
2693	smoaky-coverlid	2	0	1	1	n/a
2694	by'er	1	0	1	1	n/a
2695	Attainments.	3	0	1	1	n/a
2696	verriest	3	0	1	1	n/a
2697	Lockrum-jaws	2	0	1	1	n/a
2698	Green-GooseFair	1	0	1	1	n/a
2699	Caper-man	1	0	1	1	n/a
2700	Termagent	1	0	1	1	n/a
2701	Jarni	3	0	1	1	n/a
2702	Pestsome	2	0	1	1	n/a
2703	Lolpoops	2	0	1	1	n/a
2704	Diueticks	2	0	1	1	n/a
2705	raecarry	1	0	1	1	n/a
2706	Heiressbut	2	0	1	1	n/a
2707	Bagascia	2	0	1	1	n/a
2708	Macfarlnd	1	0	1	1	n/a
2709	Whimscy	1	0	1	1	n/a
2710	Godsookes	2	0	1	1	n/a
2711	Splaysoot	1	0	1	1	n/a
2712	teethor	1	0	1	1	n/a
2713	Choolate-house	1	0	1	1	n/a
2714	Amloic	1	0	1	1	n/a
2715	lightHave	1	0	1	1	n/a
2716	Men-Players	3	0	1	1	n/a
2717	'Prepar	1	0	1	1	n/a
2718	Midiantish	2	0	1	1	n/a
2719	standsguilty	1	0	1	1	n/a
2720	Mitred-dress	1	0	1	1	n/a
2721	Harpers-town	1	0	1	1	n/a
2722	rletta	1	0	1	1	n/a
2723	Chaumout	2	0	1	1	n/a
2724	Horeles	2	0	1	1	n/a
2725	vinti-tre	2	0	2	2	n/a
2726	stipry	1	0	1	1	n/a
2727	Salgador	1	0	1	1	n/a
2728	Kedeshah	3	0	1	1	n/a
2729	Grabb	3	0	1	1	n/a
2730	Hoger	3	0	1	1	n/a
2731	old-rotten	1	0	1	1	n/a
2732	Sanclius	1	0	1	1	n/a
2733	pockyest	1	0	1	1	n/a
2734	Gadalus	1	0	1	1	n/a
2735	'Big	1	0	1	1	n/a
2736	Ratcliffe-Hill	2	0	2	2	n/a
2737	Collytus	3	0	1	1	n/a
2738	elseO	2	0	1	1	n/a
2739	Charldon	2	0	1	1	n/a
2740	risolve	1	0	1	1	n/a
2741	vigrou	1	0	1	1	n/a
2742	Bawdor	1	0	1	1	n/a
2743	Guppey	3	0	3	3	n/a
