https://cqpweb.lancs.ac.uk/eebov3/concordance.php?pp=1&theData=%7Bwhore%2FN%7D&qmode=sq_nocase&del=begin%26t%3D-%7Cyear%7E1689%26t%3D-%7Cyear%7E1690%26t%3D-%7Cyear%7E1691%26t%3D-%7Cyear%7E1692%26t%3D-%7Cyear%7E1693%26t%3D-%7Cyear%7E1694%26t%3D-%7Cyear%7E1695%26t%3D-%7Cyear%7E1696%26t%3D-%7Cyear%7E1697%26t%3D-%7Cyear%7E1698&del=end&uT=yThere are 2,717 different words in your collocation database for "[lemma="(whore)_SUBST"%c]". (Your query "{whore/N}", restricted to texts meeting criteria "<em>year</em>: <em>1689</em> or <em>1690</em> or <em>1691</em> or <em>1692</em> or <em>1693</em> or <em>1694</em> or <em>1695</em> or <em>1696</em> or <em>1697</em> or <em>1698</em>",  returned 1,786 matches in 542 different texts)  
__________________

No.	Word	Total no. in whole corpus	Expected collocate frequency	Observed collocate frequency	In no. of texts	Mutual information value

1	Scariet	7	0	1	1	13.288
2	chosing	6	0	1	1	13.288
3	Anchristian	8	0	1	1	13.288
4	Mcfarland	4	0	1	1	13.288
5	prononnce	9	0	1	1	13.288
6	Hedge-Tavern	4	0	1	1	13.288
7	Taghmon	4	0	1	1	13.288
8	Ci'el	4	0	1	1	13.288
9	meritoious	7	0	1	1	13.288
10	Iiltall	5	0	1	1	13.288
11	Poltrones	6	0	1	1	13.288
12	guttle	8	0	1	1	13.288
13	xix.20	4	0	1	1	13.288
14	Arlotta	9	0	1	1	13.288
15	VVheedling	5	0	1	1	13.288
16	Haug	13	0	2	1	13.288
17	Daggle-tayl	4	0	1	1	13.288
18	nchast	8	0	1	1	13.288
19	Ohwhat	6	0	1	1	13.288
20	everin	4	0	1	1	13.288
21	Curver	4	0	1	1	13.288
22	Chozbi	6	0	1	1	13.288
23	gawdy	8	0	1	1	13.288
24	bilk't	7	0	1	1	13.288
25	Hedge-Wine	4	0	1	1	13.288
26	Ballinrobe	4	0	1	1	13.288
27	Water-wag-tail	5	0	1	1	13.288
28	meretricissima	4	0	1	1	13.288
29	Coccam	5	0	1	1	13.288
30	Pledgers	6	0	1	1	13.288
31	Verticillatae	6	0	1	1	13.288
32	Tyhee	8	0	1	1	13.288
33	Postillian	10	0	1	1	13.288
34	Mevia	8	0	1	1	13.288
35	Esquires.	21	0	2	1	12.703
36	Marpud	21	0	2	1	12.703
37	Temporizings	13	0	1	1	12.288
38	t'undoe	13	0	1	1	12.288
39	Pockified	11	0	1	1	12.288
40	Adulterer.	16	0	1	1	12.288
41	Hark'ee	12	0	1	1	12.288
42	Courti	13	0	1	1	12.288
43	Babyln	16	0	1	1	12.288
44	Iohnny	11	0	1	1	12.288
45	Deteriorated	16	0	1	1	12.288
46	Ham-like	12	0	1	1	12.288
47	Volan	13	0	1	1	12.288
48	Noseless	11	0	1	1	12.288
49	Play'rs	15	0	1	1	12.288
50	largent	11	0	1	1	12.288
51	Slattern	25	0	2	2	12.288
52	soak't	16	0	1	1	12.288
53	pholders	11	0	1	1	12.288
54	Chiffinch	24	0	2	2	12.288
55	genteelness	16	0	1	1	12.288
56	thumped	34	0.001	2	2	11.966
57	mezza	34	0.001	2	2	11.966
58	'Ah	19	0	1	1	11.703
59	bylon	17	0	1	1	11.703
60	thisI	17	0	1	1	11.703
61	Intrigueing	19	0	1	1	11.703
62	low-priz	21	0	1	1	11.703
63	Agosto	20	0	1	1	11.703
64	Th'Emperiall	20	0	1	1	11.703
65	kidnap	18	0	1	1	11.703
66	strapping	45	0.001	2	2	11.48
67	squanders	50	0.001	2	2	11.48
68	Cuckoldly	51	0.001	2	2	11.288
69	heretoore	29	0	1	1	11.288
70	starv	25	0	1	1	11.288
71	Granny	29	0	1	1	11.288
72	Pok	25	0	1	1	11.288
73	self-admiring	32	0.001	1	1	10.966
74	Cloaths	35	0.001	1	1	10.966
75	Jdgment	31	0.001	1	1	10.966
76	o're-grown	37	0.001	1	1	10.966
77	crueltys	32	0.001	1	1	10.966
78	Bowling-greens	32	0.001	1	1	10.966
79	Acro	35	0.001	1	1	10.966
80	jilting	142	0.002	4	4	10.895
81	Chits	38	0.001	1	1	10.703
82	flyting	39	0.001	1	1	10.703
83	mannish	82	0.001	2	2	10.703
84	assinity	41	0.001	1	1	10.703
85	dogbolt	39	0.001	1	1	10.703
86	DURSLEY	40	0.001	1	1	10.703
87	Naps	84	0.001	2	2	10.703
88	poxt	38	0.001	1	1	10.703
89	sitteth	39	0.001	1	1	10.703
90	quoif	38	0.001	1	1	10.703
91	Ch'al	39	0.001	1	1	10.703
92	over-ridden	41	0.001	1	1	10.703
93	Harlots.	38	0.001	1	1	10.703
94	Gold-lace	47	0.001	1	1	10.48
95	Kirkton	45	0.001	1	1	10.48
96	maquerelle	47	0.001	1	1	10.48
97	flabby	44	0.001	1	1	10.48
98	Bandore	46	0.001	1	1	10.48
99	gteat	46	0.001	1	1	10.48
100	Cla.	48	0.001	1	1	10.48
101	Aeli	49	0.001	1	1	10.48
102	Linsey-Woolsey	98	0.002	2	2	10.381
103	Dungarvan	103	0.002	2	1	10.381
104	Unvailed	98	0.002	2	2	10.381
105	roba	99	0.002	2	1	10.381
106	Jilt	317	0.005	6	5	10.318
107	onIs	52	0.001	1	1	10.288
108	CHARDON	55	0.001	1	1	10.288
109	sneering	52	0.001	1	1	10.288
110	57.3	53	0.001	1	1	10.288
111	harkee	52	0.001	1	1	10.288
112	Seamstress	52	0.001	1	1	10.288
113	chiely	60	0.001	1	1	10.118
114	a-far	61	0.001	1	1	10.118
115	Pandors	62	0.001	1	1	10.118
116	of'	59	0.001	1	1	10.118
117	Whore-monger	60	0.001	1	1	10.118
118	profaneth	62	0.001	1	1	10.118
119	Slah	65	0.001	1	1	9.966
120	Beged	65	0.001	1	1	9.966
121	arrow-head	67	0.001	1	1	9.966
122	Lowzy	72	0.001	1	1	9.828
123	busks	76	0.001	1	1	9.828
124	Luscindo	77	0.001	1	1	9.828
125	Englis	76	0.001	1	1	9.828
126	revelled	154	0.002	2	1	9.764
127	Reserv'dness	81	0.001	1	1	9.703
128	opprobious	83	0.001	1	1	9.703
129	Close-stool	170	0.003	2	2	9.644
130	incirca	86	0.001	1	1	9.587
131	poc	85	0.001	1	1	9.587
132	well-fed	88	0.001	1	1	9.587
133	Moorfields	89	0.001	1	1	9.587
134	Postilion	179	0.003	2	2	9.533
135	23.18	179	0.003	2	1	9.533
136	sarce	97	0.001	1	1	9.48
137	Bastard-Son	91	0.001	1	1	9.48
138	Stephana	96	0.001	1	1	9.48
139	Horseleeches	95	0.001	1	1	9.48
140	Sligoe	104	0.002	1	1	9.381
141	tease	202	0.003	2	2	9.381
142	Minx	106	0.002	1	1	9.288
143	bullies	330	0.005	3	2	9.258
144	Merr	224	0.003	2	1	9.243
145	preceeds	113	0.002	1	1	9.2
146	Punck	117	0.002	1	1	9.2
147	Marozia	115	0.002	1	1	9.2
148	carted	237	0.004	2	2	9.158
149	thoughtless	242	0.004	2	2	9.118
150	Cully	363	0.005	3	3	9.118
151	Pock	122	0.002	1	1	9.118
152	Siderfin	121	0.002	1	1	9.118
153	VVom	123	0.002	1	1	9.118
154	embarks	123	0.002	1	1	9.118
155	Meand	125	0.002	1	1	9.04
156	alcune	129	0.002	1	1	9.04
157	Scarlet-coloured	125	0.002	1	1	9.04
158	Mavis	256	0.004	2	1	9.04
159	snips	130	0.002	1	1	9.04
160	britch	126	0.002	1	1	9.04
161	fing	131	0.002	1	1	9.04
162	craftiest	137	0.002	1	1	8.966
163	well-favoured	135	0.002	1	1	8.966
164	Placket	135	0.002	1	1	8.966
165	Bans	132	0.002	1	1	8.966
166	Babilons	136	0.002	1	1	8.966
167	Pimp	1027	0.015	7	6	8.838
168	H'had	150	0.002	1	1	8.828
169	Nauseated	148	0.002	1	1	8.828
170	giorni	151	0.002	1	1	8.828
171	Maiden-heads	147	0.002	1	1	8.828
172	Weds	312	0.005	2	2	8.764
173	carlet	152	0.002	1	1	8.764
174	stivers	307	0.005	2	2	8.764
175	tawdry	156	0.002	1	1	8.764
176	Astride	154	0.002	1	1	8.764
177	shaves	164	0.002	1	1	8.703
178	o'rethrow	163	0.002	1	1	8.703
179	Iilt	163	0.002	1	1	8.703
180	Bawdy-house	334	0.005	2	2	8.644
181	Amazonian	336	0.005	2	2	8.644
182	Bently	169	0.003	1	1	8.644
183	Bonners	171	0.003	1	1	8.644
184	Dancing-Master	166	0.003	1	1	8.644
185	mush	165	0.003	1	1	8.644
186	rankly	176	0.003	1	1	8.587
187	mensem	882	0.013	5	1	8.576
188	Foot-man	355	0.005	2	2	8.56
189	satiating	184	0.003	1	1	8.533
190	Cornus	185	0.003	1	1	8.533
191	Block-head	183	0.003	1	1	8.533
192	Hot-House	183	0.003	1	1	8.533
193	Ubiquitary	191	0.003	1	1	8.48
194	chas	189	0.003	1	1	8.48
195	Phryne	189	0.003	1	1	8.48
196	Salford	186	0.003	1	1	8.48
197	Elisian	196	0.003	1	1	8.43
198	Ral	192	0.003	1	1	8.43
199	Debauchees	193	0.003	1	1	8.43
200	strutting	397	0.006	2	2	8.405
201	Exhausts	203	0.003	1	1	8.381
202	Peggy	203	0.003	1	1	8.381
203	Nokes	200	0.003	1	1	8.381
204	Topping	409	0.006	2	1	8.357
205	Bitch	1244	0.019	6	6	8.341
206	Nell	628	0.009	3	2	8.334
207	Forestalling	218	0.003	1	1	8.288
208	Whiff	216	0.003	1	1	8.288
209	fia	225	0.003	1	1	8.243
210	Ten-Horned	225	0.003	1	1	8.243
211	Slash	446	0.007	2	2	8.243
212	I'Gad	229	0.003	1	1	8.2
213	arrand	229	0.003	1	1	8.2
214	17.1.	463	0.007	2	2	8.179
215	Scarlet	9179	0.136	39	34	8.159
216	preferrs	236	0.004	1	1	8.158
217	hectoring	235	0.004	1	1	8.158
218	Meretrix	474	0.007	2	2	8.158
219	Hobby-Horse	238	0.004	1	1	8.158
220	Jesuitism	238	0.004	1	1	8.158
221	Scoundrel	241	0.004	1	1	8.118
222	Buffoon	491	0.007	2	2	8.098
223	23.27	248	0.004	1	1	8.078
224	tick	502	0.008	2	1	8.059
225	Puritanical	259	0.004	1	1	8.04
226	23.17	259	0.004	1	1	8.04
227	Apocalipse	257	0.004	1	1	8.04
228	whole-sale	255	0.004	1	1	8.04
229	Bawd	2878	0.043	11	10	8.006
230	Overset	261	0.004	1	1	8.002
231	Slut	523	0.008	2	2	8.002
232	infamously	271	0.004	1	1	7.966
233	Youngsters	282	0.004	1	1	7.895
234	sweaty	286	0.004	1	1	7.895
235	carrys	280	0.004	1	1	7.895
236	m'a	566	0.008	2	2	7.895
237	Portsmouth	1769	0.026	6	2	7.834
238	19.2.	299	0.004	1	1	7.828
239	Whore	20634	0.307	69	21	7.815
240	Turd	301	0.005	1	1	7.796
241	juicy	304	0.005	1	1	7.796
242	Twists	302	0.005	1	1	7.796
243	Babylon	38888	0.578	126	72	7.769
244	Daughter-in-law	310	0.005	1	1	7.764
245	Slashed	312	0.005	1	1	7.764
246	Bitches	307	0.005	1	1	7.764
247	Blockheads	313	0.005	1	1	7.764
248	Gantlet	307	0.005	1	1	7.764
249	Eugen	313	0.005	1	1	7.764
250	Thais	936	0.014	3	3	7.754
251	giorno	319	0.005	1	1	7.733
252	Babels	948	0.014	3	2	7.733
253	VVhore	326	0.005	1	1	7.703
254	hempen	326	0.005	1	1	7.703
255	Cuse	333	0.005	1	1	7.673
256	fece	332	0.005	1	1	7.673
257	Bully	673	0.01	2	2	7.644
258	Monkery	339	0.005	1	1	7.644
259	consortium	337	0.005	1	1	7.644
260	Hipocrite	334	0.005	1	1	7.644
261	filthily	677	0.01	2	2	7.63
262	Amanda	343	0.005	1	1	7.615
263	twit	342	0.005	1	1	7.615
264	ordinario	345	0.005	1	1	7.615
265	Tournon	344	0.005	1	1	7.615
266	Calenture	350	0.005	1	1	7.587
267	Deut.	356	0.005	1	1	7.56
268	veriest	737	0.011	2	1	7.52
269	adverso	368	0.006	1	1	7.506
270	Rampant	2244	0.033	6	6	7.493
271	wert	1143	0.017	3	3	7.463
272	Baud	767	0.011	2	2	7.455
273	prostitutes	382	0.006	1	1	7.455
274	boarding	382	0.006	1	1	7.455
275	ridding	383	0.006	1	1	7.455
276	disowns	391	0.006	1	1	7.43
277	Penny-Royal	398	0.006	1	1	7.405
278	Transubstantiate	400	0.006	1	1	7.405
279	Gis	801	0.012	2	1	7.393
280	Pander	805	0.012	2	2	7.381
281	353.	406	0.006	1	1	7.381
282	pilfering	410	0.006	1	1	7.357
283	Cuff	413	0.006	1	1	7.357
284	Madrigal	414	0.006	1	1	7.334
285	Billingsgate	416	0.006	1	1	7.334
286	Prostituted	1269	0.019	3	3	7.31
287	Honoria	427	0.006	1	1	7.31
288	Whimsy	421	0.006	1	1	7.31
289	638	440	0.007	1	1	7.265
290	Cuckold	2667	0.04	6	5	7.243
291	flouted	441	0.007	1	1	7.243
292	Bret	453	0.007	1	1	7.222
293	Lawns	454	0.007	1	1	7.222
294	Wiat	453	0.007	1	1	7.222
295	amisit	449	0.007	1	1	7.222
296	17.16	459	0.007	1	1	7.2
297	Rascally	463	0.007	1	1	7.179
298	Rogue	6990	0.104	15	14	7.175
299	Humph	474	0.007	1	1	7.158
300	eithers	478	0.007	1	1	7.138
301	securest	493	0.007	1	1	7.098
302	Dix	494	0.007	1	1	7.098
303	supplanting	504	0.008	1	1	7.059
304	17.3.	508	0.008	1	1	7.059
305	Webster	506	0.008	1	1	7.059
306	Addle	519	0.008	1	1	7.021
307	Persepolis	519	0.008	1	1	7.021
308	snarle	523	0.008	1	1	7.002
309	Scribler	525	0.008	1	1	7.002
310	Squeeze	1592	0.024	3	1	6.984
311	Dillon	533	0.008	1	1	6.984
312	intoxicate	532	0.008	1	1	6.984
313	Brat	1070	0.016	2	2	6.975
314	abed	541	0.008	1	1	6.966
315	509	542	0.008	1	1	6.948
316	369	1094	0.016	2	2	6.939
317	17.7.	551	0.008	1	1	6.93
318	Backbite	554	0.008	1	1	6.93
319	Womankind	560	0.008	1	1	6.913
320	Lavishly	560	0.008	1	1	6.913
321	Popedom	1121	0.017	2	2	6.904
322	nasty	2252	0.034	4	3	6.9
323	Maudlin	567	0.008	1	1	6.895
324	well-wisher	566	0.008	1	1	6.895
325	Armstrong	563	0.008	1	1	6.895
326	Cobweb	570	0.009	1	1	6.878
327	Davis	1753	0.026	3	3	6.85
328	nelle	584	0.009	1	1	6.845
329	Aunts	585	0.009	1	1	6.845
330	unfolded	2356	0.035	4	1	6.837
331	adulterated	1175	0.018	2	2	6.837
332	undertaketh	595	0.009	1	1	6.828
333	Pocky	594	0.009	1	1	6.828
334	528	598	0.009	1	1	6.812
335	Adulterer	4237	0.063	7	4	6.798
336	arrogated	603	0.009	1	1	6.796
337	thou'st	605	0.009	1	1	6.796
338	Complainant	608	0.009	1	1	6.796
339	dell'	609	0.009	1	1	6.796
340	Vails	611	0.009	1	1	6.78
341	Stallion	613	0.009	1	1	6.78
342	Artful	613	0.009	1	1	6.78
343	489	615	0.009	1	1	6.78
344	Brothel	610	0.009	1	1	6.78
345	Breviate	631	0.009	1	1	6.733
346	Cleveland	636	0.009	1	1	6.733
347	478	633	0.009	1	1	6.733
348	Williamson	632	0.009	1	1	6.733
349	1679.	638	0.01	1	1	6.718
350	Bur	2579	0.038	4	1	6.707
351	Elves	644	0.01	1	1	6.703
352	entices	645	0.01	1	1	6.703
353	ridden	1300	0.019	2	1	6.695
354	Babel	9790	0.145	15	12	6.689
355	mickle	653	0.01	1	1	6.688
356	Lye	653	0.01	1	1	6.688
357	fluttering	655	0.01	1	1	6.688
358	Fops	658	0.01	1	1	6.673
359	Cellier	663	0.01	1	1	6.673
360	fore-head	2008	0.03	3	3	6.654
361	Smock	1342	0.02	2	2	6.651
362	Esquires	3379	0.05	5	1	6.638
363	Temporizing	683	0.01	1	1	6.63
364	Theodora	1369	0.02	2	2	6.622
365	Huff	687	0.01	1	1	6.615
366	fawns	688	0.01	1	1	6.615
367	Strephon	699	0.01	1	1	6.587
368	Bracelet	697	0.01	1	1	6.587
369	defies	716	0.011	1	1	6.56
370	wid	1439	0.021	2	1	6.546
371	Jade	2169	0.032	3	3	6.542
372	Fop	1448	0.022	2	2	6.54
373	piled	730	0.011	1	1	6.533
374	sullied	725	0.011	1	1	6.533
375	Fitz-Harris	724	0.011	1	1	6.533
376	perpetrate	728	0.011	1	1	6.533
377	Babylonish	2911	0.043	4	4	6.533
378	swagger	729	0.011	1	1	6.533
379	lamed	733	0.011	1	1	6.52
380	Napkins	742	0.011	1	1	6.506
381	shrieks	750	0.011	1	1	6.493
382	muffled	749	0.011	1	1	6.493
383	8.3.	751	0.011	1	1	6.48
384	Baby	761	0.011	1	1	6.468
385	hiring	760	0.011	1	1	6.468
386	Hob	1524	0.023	2	1	6.468
387	vl	775	0.012	1	1	6.442
388	Papistry	790	0.012	1	1	6.417
389	Cashier	785	0.012	1	1	6.417
390	Drunken	11882	0.177	15	11	6.409
391	Trot	2441	0.036	3	3	6.369
392	Strumpet	3285	0.049	4	4	6.357
393	inclusive	821	0.012	1	1	6.357
394	tacitly	1646	0.025	2	2	6.351
395	Jezebel	835	0.012	1	1	6.334
396	Prostitute	2508	0.037	3	2	6.33
397	Goldsmith	1679	0.025	2	2	6.328
398	unthinking	851	0.013	1	1	6.31
399	fightings	864	0.013	1	1	6.288
400	Cass	864	0.013	1	1	6.288
401	Heiress	868	0.013	1	1	6.276
402	Spungy	874	0.013	1	1	6.265
403	Self-will	876	0.013	1	1	6.265
404	smelt	1772	0.026	2	1	6.249
405	trappings	887	0.013	1	1	6.243
406	railed	2685	0.04	3	3	6.232
407	Gibeah	892	0.013	1	1	6.232
408	Modish	892	0.013	1	1	6.232
409	fancying	898	0.013	1	1	6.232
410	Witchcrafts	901	0.013	1	1	6.222
411	Sion	902	0.013	1	1	6.222
412	448	907	0.014	1	1	6.211
413	Banes	907	0.014	1	1	6.211
414	teeming	907	0.014	1	1	6.211
415	Debauch	1818	0.027	2	2	6.211
416	Gratuity	926	0.014	1	1	6.179
417	7.22	939	0.014	1	1	6.169
418	Impotence	933	0.014	1	1	6.169
419	Folowers	941	0.014	1	1	6.158
420	Iewry	945	0.014	1	1	6.158
421	Parasites	1901	0.028	2	2	6.148
422	fighters	948	0.014	1	1	6.148
423	wipes	954	0.014	1	1	6.138
424	patched	1934	0.029	2	2	6.123
425	Taylors	1938	0.029	2	2	6.118
426	hire	8785	0.131	9	7	6.108
427	Ls	973	0.015	1	1	6.108
428	Proverbs	6913	0.103	7	6	6.091
429	Whoredoms	1981	0.029	2	2	6.088
430	sono	1988	0.03	2	2	6.083
431	16.2	997	0.015	1	1	6.078
432	Broome	1001	0.015	1	1	6.069
433	bonny	1002	0.015	1	1	6.069
434	grudges	1003	0.015	1	1	6.069
435	Petticoat	1011	0.015	1	1	6.059
436	Enfeebled	1012	0.015	1	1	6.059
437	Huguenot	2030	0.03	2	2	6.049
438	Lackey	1019	0.015	1	1	6.049
439	Fornication	14235	0.212	14	11	6.049
440	Beau	2044	0.03	2	2	6.04
441	tempo	1024	0.015	1	1	6.04
442	errant	2050	0.031	2	2	6.035
443	winking	1029	0.015	1	1	6.03
444	Tilt	1029	0.015	1	1	6.03
445	kneels	1035	0.015	1	1	6.021
446	17.1	1045	0.016	1	1	6.012
447	Cs	1042	0.016	1	1	6.012
448	Brats	1042	0.016	1	1	6.012
449	Wiping	1060	0.016	1	1	5.993
450	Lithuania	1054	0.016	1	1	5.993
451	apostatised	1065	0.016	1	1	5.984
452	Charta	5347	0.079	5	5	5.977
453	disoblige	1079	0.016	1	1	5.966
454	handed	2178	0.032	2	2	5.948
455	wile	1099	0.016	1	1	5.939
456	skipping	1100	0.016	1	1	5.939
457	13.8	1102	0.016	1	1	5.93
458	7.14.	1109	0.017	1	1	5.921
459	Serj	1109	0.017	1	1	5.921
460	Antiquated	1123	0.017	1	1	5.904
461	Epi	1122	0.017	1	1	5.904
462	Fornicator	1143	0.017	1	1	5.878
463	mingles	1147	0.017	1	1	5.878
464	Baptists	2301	0.034	2	2	5.87
465	Rags	5772	0.086	5	4	5.866
466	pinned	1158	0.017	1	1	5.861
467	gadding	1160	0.017	1	1	5.861
468	Mercenary	4683	0.07	4	4	5.845
469	gild	1181	0.018	1	1	5.837
470	Procurer	1187	0.018	1	1	5.828
471	Unfaithfulness	2369	0.035	2	2	5.828
472	Purchaser	1196	0.018	1	1	5.812
473	Fowls	8475	0.126	7	2	5.797
474	Fences	1210	0.018	1	1	5.796
475	Carl	1219	0.018	1	1	5.788
476	free-born	1219	0.018	1	1	5.788
477	Courtesans	1216	0.018	1	1	5.788
478	French-men	1219	0.018	1	1	5.788
479	sits	23190	0.345	19	11	5.785
480	Amour	1234	0.018	1	1	5.772
481	stumbles	1242	0.019	1	1	5.756
482	bragged	1243	0.019	1	1	5.756
483	Wie	1252	0.019	1	1	5.749
484	1635	1268	0.019	1	1	5.733
485	`	2544	0.038	2	2	5.725
486	enticements	1271	0.019	1	1	5.725
487	playing	10275	0.153	8	7	5.712
488	N.B.	1293	0.019	1	1	5.703
489	simplest	1293	0.019	1	1	5.703
490	Alice	2589	0.039	2	2	5.699
491	1643.	1306	0.019	1	1	5.688
492	ditch	10469	0.156	8	7	5.685
493	L'Estrange	1311	0.02	1	1	5.68
494	Harlots	5276	0.078	4	4	5.673
495	illegitimate	1316	0.02	1	1	5.673
496	Lais	1345	0.02	1	1	5.644
497	Masks	1343	0.02	1	1	5.644
498	Middlesex	4050	0.06	3	2	5.639
499	ply	2720	0.04	2	2	5.63
500	fetching	2721	0.04	2	2	5.63
501	Noon-day	1376	0.02	1	1	5.615
502	rag	2762	0.041	2	2	5.608
503	Livy	2769	0.041	2	1	5.605
504	buckle	1390	0.021	1	1	5.601
505	Cannibals	1387	0.021	1	1	5.601
506	Anton	1392	0.021	1	1	5.594
507	Debased	1398	0.021	1	1	5.587
508	Mystery	54678	0.812	39	18	5.585
509	Jun.	1413	0.021	1	1	5.573
510	played	11334	0.168	8	7	5.57
511	Broker	1425	0.021	1	1	5.56
512	Bottle	7144	0.106	5	5	5.558
513	conducts	1431	0.021	1	1	5.553
514	Comp	1441	0.021	1	1	5.546
515	spurious	2907	0.043	2	2	5.533
516	Comical	1457	0.022	1	1	5.533
517	Beast	81566	1.212	56	25	5.53
518	Sorceries	1462	0.022	1	1	5.526
519	8th.	1481	0.022	1	1	5.506
520	430	1497	0.022	1	1	5.493
521	Amours	1506	0.022	1	1	5.48
522	Impudent	12093	0.18	8	7	5.476
523	Damme	1514	0.023	1	1	5.474
524	Gamesters	1523	0.023	1	1	5.468
525	Secus	1523	0.023	1	1	5.468
526	Epigrams	1534	0.023	1	1	5.455
527	Genealogies	1536	0.023	1	1	5.455
528	unconscionable	1543	0.023	1	1	5.449
529	Bard	1556	0.023	1	1	5.436
530	counterfeits	1566	0.023	1	1	5.424
531	Y.	4725	0.07	3	2	5.417
532	separately	1585	0.024	1	1	5.411
533	appellations	1585	0.024	1	1	5.411
534	signally	1588	0.024	1	1	5.405
535	arrant	1596	0.024	1	1	5.399
536	hate	65701	0.976	41	22	5.393
537	Rev.	51328	0.763	32	16	5.391
538	Desolate	12933	0.192	8	8	5.38
539	Statesmen	1625	0.024	1	1	5.375
540	Caiphas	1619	0.024	1	1	5.375
541	reel	1644	0.024	1	1	5.357
542	Posting	1640	0.024	1	1	5.357
543	hale	3294	0.049	2	1	5.354
544	ugly	8331	0.124	5	4	5.336
545	Game	15105	0.224	9	9	5.326
546	Epicure	1691	0.025	1	1	5.316
547	soak	1689	0.025	1	1	5.316
548	courting	1698	0.025	1	1	5.31
549	Deborah	1704	0.025	1	1	5.305
550	startle	1717	0.026	1	1	5.293
551	Fornications	1721	0.026	1	1	5.288
552	Grandmother	1722	0.026	1	1	5.288
553	Arraignment	1737	0.026	1	1	5.276
554	7.14	1746	0.026	1	1	5.271
555	Cro.	1747	0.026	1	1	5.265
556	Kick	3504	0.052	2	2	5.263
557	Hag	1766	0.026	1	1	5.254
558	Arg	1766	0.026	1	1	5.254
559	Dad	1763	0.026	1	1	5.254
560	Bastard	12394	0.184	7	7	5.249
561	roving	1769	0.026	1	1	5.249
562	Kite	1785	0.027	1	1	5.238
563	learns	1782	0.027	1	1	5.238
564	demur	1786	0.027	1	1	5.238
565	Whoremongers	1796	0.027	1	1	5.227
566	Roger	12679	0.188	7	4	5.215
567	hunts	1820	0.027	1	1	5.211
568	Hallelujah	1833	0.027	1	1	5.2
569	fawn	1837	0.027	1	1	5.195
570	pompous	3677	0.055	2	1	5.195
571	Godwin	1843	0.027	1	1	5.19
572	Triple	5531	0.082	3	3	5.19
573	Carcass	5550	0.083	3	3	5.184
574	starving	1848	0.028	1	1	5.184
575	Coach	9292	0.138	5	4	5.179
576	1260	1870	0.028	1	1	5.169
577	Aelian	1872	0.028	1	1	5.169
578	Particularities	1874	0.028	1	1	5.169
579	277	1872	0.028	1	1	5.169
580	Pranks	1881	0.028	1	1	5.164
581	Gull	1888	0.028	1	1	5.158
582	holt	1896	0.028	1	1	5.148
583	Adulteress	1919	0.029	1	1	5.133
584	Spawn	1933	0.029	1	1	5.123
585	Parricide	1938	0.029	1	1	5.118
586	Spinola	1945	0.029	1	1	5.113
587	Millain	1943	0.029	1	1	5.113
588	Midwives	1960	0.029	1	1	5.103
589	Apocalypse	3947	0.059	2	1	5.093
590	Goal	3948	0.059	2	2	5.09
591	Susanna	1981	0.029	1	1	5.088
592	Sweats	1977	0.029	1	1	5.088
593	Bastards	3979	0.059	2	2	5.081
594	obtrude	1997	0.03	1	1	5.073
595	plaid	4003	0.06	2	2	5.071
596	're	16048	0.238	8	6	5.069
597	Dragon	18054	0.268	9	6	5.069
598	styled	6081	0.09	3	3	5.054
599	Bracelets	2031	0.03	1	1	5.049
600	Stew	2041	0.03	1	1	5.045
601	stint	2060	0.031	1	1	5.03
602	Gender	4127	0.061	2	1	5.028
603	Faggot	2069	0.031	1	1	5.026
604	Unfaithful	6230	0.093	3	3	5.018
605	Raillery	2085	0.031	1	1	5.012
606	Clamorous	2094	0.031	1	1	5.007
607	1665	2099	0.031	1	1	5.002
608	Platonic	2111	0.031	1	1	4.993
609	bewitched	6431	0.096	3	1	4.973
610	fawning	2152	0.032	1	1	4.966
611	Hah	2157	0.032	1	1	4.966
612	Sci	2175	0.032	1	1	4.952
613	slit	2183	0.032	1	1	4.948
614	falsified	2188	0.033	1	1	4.943
615	thirsting	2194	0.033	1	1	4.939
616	brisk	4421	0.066	2	2	4.928
617	Shepherdess	2215	0.033	1	1	4.926
618	Boston	2219	0.033	1	1	4.921
619	Prov	2234	0.033	1	1	4.913
620	Epig.	2233	0.033	1	1	4.913
621	shameless	6711	0.1	3	2	4.911
622	decked	4505	0.067	2	2	4.902
623	Ivy	4513	0.067	2	1	4.9
624	Horse-back	2255	0.034	1	1	4.9
625	costly	11277	0.168	5	3	4.9
626	recommends	2262	0.034	1	1	4.895
627	236	2264	0.034	1	1	4.895
628	Iuno	4530	0.067	2	2	4.893
629	Generate	2276	0.034	1	1	4.887
630	seizes	2283	0.034	1	1	4.883
631	Spark	9150	0.136	4	3	4.879
632	harlot	9167	0.136	4	3	4.876
633	Scot	6898	0.103	3	3	4.871
634	Innovations	4611	0.069	2	1	4.868
635	singly	4646	0.069	2	2	4.857
636	Swearer	2324	0.035	1	1	4.857
637	Ital	2329	0.035	1	1	4.853
638	ascribes	2336	0.035	1	1	4.849
639	XVII	9484	0.141	4	4	4.827
640	dote	4744	0.071	2	1	4.826
641	1678	2378	0.035	1	1	4.824
642	hymns	7142	0.106	3	3	4.821
643	Lieu	9547	0.142	4	1	4.818
644	rolling	4789	0.071	2	2	4.814
645	pockets	2410	0.036	1	1	4.804
646	222	2412	0.036	1	1	4.804
647	Bride	12056	0.179	5	4	4.803
648	Wizard	2415	0.036	1	1	4.8
649	Sot	2425	0.036	1	1	4.796
650	forehead	12159	0.181	5	4	4.791
651	wipe	7298	0.108	3	3	4.791
652	Starts	2440	0.036	1	1	4.788
653	7th	4877	0.073	2	1	4.786
654	Dido	2463	0.037	1	1	4.772
655	Critic	2468	0.037	1	1	4.768
656	Gad	4956	0.074	2	2	4.764
657	Hound	2485	0.037	1	1	4.76
658	Resent	2493	0.037	1	1	4.756
659	Belg	2500	0.037	1	1	4.752
660	Rogues	5001	0.074	2	2	4.75
661	208	2514	0.037	1	1	4.745
662	trimmed	2517	0.037	1	1	4.741
663	Clar	2539	0.038	1	1	4.729
664	Switzer	2536	0.038	1	1	4.729
665	drunk	35533	0.528	14	12	4.729
666	209	2545	0.038	1	1	4.725
667	Steal	17906	0.266	7	7	4.718
668	Thief	23047	0.342	9	7	4.716
669	Dishonesty	2571	0.038	1	1	4.71
670	impudence	10304	0.153	4	4	4.707
671	Gloves	2576	0.038	1	1	4.707
672	112.	2592	0.039	1	1	4.699
673	Epigram	2632	0.039	1	1	4.677
674	89	7913	0.118	3	1	4.673
675	Cheat	10600	0.158	4	4	4.667
676	dee	2650	0.039	1	1	4.666
677	Babilon	5325	0.079	2	2	4.66
678	Plaints	2663	0.04	1	1	4.658
679	Magna	13335	0.198	5	5	4.658
680	Scotch	5363	0.08	2	2	4.649
681	stagger	2689	0.04	1	1	4.647
682	Pop	2725	0.041	1	1	4.626
683	Pont	2730	0.041	1	1	4.622
684	encourages	2748	0.041	1	1	4.615
685	piously	2750	0.041	1	1	4.612
686	Harry	2761	0.041	1	1	4.608
687	Rake	2789	0.041	1	1	4.594
688	Intrigues	2809	0.042	1	1	4.584
689	bequeath	2835	0.042	1	1	4.57
690	Draughts	2837	0.042	1	1	4.57
691	inscribed	2843	0.042	1	1	4.567
692	hug	2849	0.042	1	1	4.563
693	insinuations	2867	0.043	1	1	4.553
694	upheld	5752	0.086	2	2	4.548
695	skirts	2878	0.043	1	1	4.546
696	blaspheme	8684	0.129	3	3	4.54
697	ODE	2901	0.043	1	1	4.536
698	gay	8805	0.131	3	3	4.52
699	Carcase	2978	0.044	1	1	4.5
700	Gallus	2983	0.044	1	1	4.497
701	Rendezvous	2979	0.044	1	1	4.497
702	whet	2994	0.045	1	1	4.49
703	Swear	56939	0.846	19	17	4.489
704	Bona	12019	0.179	4	3	4.485
705	Amor	6013	0.089	2	2	4.485
706	mystical	21135	0.314	7	5	4.479
707	quondam	3022	0.045	1	1	4.477
708	Enchantments	3037	0.045	1	1	4.471
709	Entertainments	3056	0.045	1	1	4.461
710	polluted	12233	0.182	4	3	4.46
711	unmerciful	3065	0.046	1	1	4.458
712	Partner	3067	0.046	1	1	4.455
713	Matron	3083	0.046	1	1	4.449
714	furiously	6196	0.092	2	2	4.442
715	Covent	3102	0.046	1	1	4.439
716	dos	3133	0.047	1	1	4.427
717	importune	3148	0.047	1	1	4.417
718	marrying	6327	0.094	2	2	4.411
719	Horns	22193	0.33	7	7	4.408
720	Tradesmen	3168	0.047	1	1	4.408
721	weeps	3186	0.047	1	1	4.402
722	lucky	3186	0.047	1	1	4.402
723	Lewd	15983	0.237	5	5	4.397
724	Builder	3209	0.048	1	1	4.39
725	Smiled	3217	0.048	1	1	4.387
726	play	61168	0.909	19	19	4.386
727	gaudy	3241	0.048	1	1	4.378
728	Papal	9725	0.145	3	2	4.376
729	plotted	3245	0.048	1	1	4.375
730	convoy	3249	0.048	1	1	4.372
731	Idolatries	3266	0.049	1	1	4.366
732	devilish	9817	0.146	3	2	4.363
733	adhered	3305	0.049	1	1	4.348
734	begone	3314	0.049	1	1	4.345
735	Revelations	13397	0.199	4	4	4.329
736	softer	3351	0.05	1	1	4.328
737	Comparatively	3374	0.05	1	1	4.319
738	Spy	6749	0.1	2	2	4.318
739	HYMN	6751	0.1	2	2	4.318
740	divorced	3378	0.05	1	1	4.316
741	battered	3389	0.05	1	1	4.313
742	Limb	6792	0.101	2	2	4.309
743	Cork	3400	0.051	1	1	4.308
744	Concubine	3397	0.051	1	1	4.308
745	Ladder	6829	0.102	2	2	4.3
746	Phillis	3423	0.051	1	1	4.296
747	sailing	6884	0.102	2	1	4.289
748	lusty	10354	0.154	3	3	4.286
749	unmarried	3459	0.051	1	1	4.282
750	pluck	13862	0.206	4	1	4.28
751	Swain	3484	0.052	1	1	4.271
752	pinch	3491	0.052	1	1	4.268
753	Cage	3498	0.052	1	1	4.265
754	hateful	10655	0.158	3	3	4.244
755	Abominations	10678	0.159	3	3	4.241
756	convict	3561	0.053	1	1	4.241
757	chained	3565	0.053	1	1	4.238
758	Offspring	3577	0.053	1	1	4.235
759	Doting	3584	0.053	1	1	4.232
760	Stings	3588	0.053	1	1	4.23
761	Antichrist	50530	0.751	14	10	4.221
762	Humphrey	7225	0.107	2	1	4.22
763	17.	83120	1.235	23	14	4.219
764	Feminine	3630	0.054	1	1	4.214
765	interval	3633	0.054	1	1	4.211
766	Damn	7322	0.109	2	2	4.2
767	Stole	7345	0.109	2	2	4.196
768	infamous	11020	0.164	3	3	4.196
769	XXXI	3682	0.055	1	1	4.192
770	impudently	3698	0.055	1	1	4.187
771	hora	3697	0.055	1	1	4.187
772	Lee	3724	0.055	1	1	4.177
773	notorious	22363	0.332	6	6	4.175
774	Church-men	3738	0.056	1	1	4.171
775	joint	18677	0.278	5	5	4.171
776	Paganism	3764	0.056	1	1	4.161
777	Whoredom	7526	0.112	2	2	4.161
778	commits	7541	0.112	2	1	4.158
779	attack	3768	0.056	1	1	4.158
780	Helena	3775	0.056	1	1	4.156
781	Rascal	3785	0.056	1	1	4.153
782	cheated	3803	0.057	1	1	4.146
783	damned	34243	0.509	9	9	4.145
784	Roma	3816	0.057	1	1	4.141
785	Stratagems	3824	0.057	1	1	4.138
786	Boot	3835	0.057	1	1	4.133
787	Prologue	3863	0.057	1	1	4.123
788	rolls	7736	0.115	2	1	4.122
789	Yorkshire	3876	0.058	1	1	4.118
790	Livelihood	3901	0.058	1	1	4.108
791	Drink	140890	2.093	36	31	4.104
792	incestuous	3954	0.059	1	1	4.09
793	entitle	3969	0.059	1	1	4.083
794	Deponent	3995	0.059	1	1	4.076
795	pick	8026	0.119	2	2	4.069
796	Cup	48330	0.718	12	11	4.063
797	Mammon	4040	0.06	1	1	4.059
798	Aunt	4036	0.06	1	1	4.059
799	matchless	4042	0.06	1	1	4.059
800	thereabout	4047	0.06	1	1	4.056
801	Mundo	4046	0.06	1	1	4.056
802	wiped	4053	0.06	1	1	4.054
803	Exeunt	12174	0.181	3	3	4.052
804	Camel	4072	0.061	1	1	4.047
805	Concubines	4078	0.061	1	1	4.045
806	dirty	4102	0.061	1	1	4.037
807	rider	4104	0.061	1	1	4.035
808	famed	4124	0.061	1	1	4.028
809	lustful	4133	0.061	1	1	4.026
810	longs	4138	0.062	1	1	4.023
811	Deportment	4156	0.062	1	1	4.019
812	pi	4201	0.062	1	1	4.002
813	Shakes	4227	0.063	1	1	3.993
814	Reproachful	4237	0.063	1	1	3.991
815	Politic	21242	0.316	5	4	3.986
816	entice	4278	0.064	1	1	3.975
817	Character	38558	0.573	9	5	3.974
818	Retinue	4290	0.064	1	1	3.973
819	Bribes	4305	0.064	1	1	3.966
820	crack	4315	0.064	1	1	3.964
821	rides	4321	0.064	1	1	3.961
822	Females	4334	0.064	1	1	3.957
823	Jailer	4336	0.064	1	1	3.957
824	drowsy	4344	0.065	1	1	3.955
825	Oppress	13025	0.194	3	3	3.955
826	Apostate	8710	0.129	2	1	3.95
827	Sirrah	4365	0.065	1	1	3.948
828	Incest	4370	0.065	1	1	3.946
829	Reverse	4385	0.065	1	1	3.941
830	forge	4385	0.065	1	1	3.941
831	Persecuting	8817	0.131	2	1	3.932
832	Phi	4425	0.066	1	1	3.928
833	'm	31244	0.464	7	6	3.915
834	Characters	17893	0.266	4	1	3.912
835	dissuade	4505	0.067	1	1	3.902
836	Jesuit	9014	0.134	2	2	3.901
837	enrich	9011	0.134	2	2	3.901
838	peevish	4508	0.067	1	1	3.9
839	Nun	4515	0.067	1	1	3.898
840	Revile	4565	0.068	1	1	3.883
841	Usurpation	9177	0.136	2	1	3.875
842	Antichristian	13777	0.205	3	3	3.873
843	Blunt	4726	0.07	1	1	3.832
844	dunghill	4743	0.071	1	1	3.826
845	Athenian	4760	0.071	1	1	3.822
846	debauched	4771	0.071	1	1	3.818
847	Price	57392	0.853	12	12	3.815
848	tainted	4789	0.071	1	1	3.814
849	Robe	9576	0.142	2	2	3.813
850	Trim	4802	0.071	1	1	3.81
851	124	4812	0.072	1	1	3.806
852	Vial	4819	0.072	1	1	3.804
853	perfidious	4828	0.072	1	1	3.802
854	Pension	4843	0.072	1	1	3.798
855	Idolatrous	14523	0.216	3	1	3.797
856	4o	4844	0.072	1	1	3.796
857	whit	14561	0.216	3	2	3.794
858	Mask	4856	0.072	1	1	3.794
859	Masculine	4862	0.072	1	1	3.792
860	whale	4866	0.072	1	1	3.79
861	contributed	4892	0.073	1	1	3.782
862	'Till	4919	0.073	1	1	3.774
863	122	4938	0.073	1	1	3.768
864	perjured	4993	0.074	1	1	3.752
865	Villains	5013	0.075	1	1	3.747
866	Wedlock	5013	0.075	1	1	3.747
867	dis	5030	0.075	1	1	3.743
868	Isaiah	15113	0.225	3	3	3.74
869	1.	5044	0.075	1	1	3.739
870	160	5050	0.075	1	1	3.737
871	Burn	40670	0.604	8	6	3.727
872	itch	5094	0.076	1	1	3.724
873	sows	5094	0.076	1	1	3.724
874	repeating	5125	0.076	1	1	3.716
875	spotted	5160	0.077	1	1	3.705
876	coloured	10332	0.154	2	2	3.704
877	Imperial	25835	0.384	5	5	3.704
878	Excise	5174	0.077	1	1	3.701
879	boasted	5195	0.077	1	1	3.695
880	Helm	5216	0.078	1	1	3.69
881	'twixt	5238	0.078	1	1	3.684
882	finest	5244	0.078	1	1	3.682
883	ne'er	20984	0.312	4	4	3.682
884	Revelation	41988	0.624	8	3	3.681
885	Revel	21061	0.313	4	4	3.676
886	Walter	10593	0.157	2	1	3.667
887	hating	5297	0.079	1	1	3.667
888	Pol	5309	0.079	1	1	3.664
889	Ape	5317	0.079	1	1	3.662
890	bidding	5342	0.079	1	1	3.655
891	Richard	53481	0.795	10	2	3.654
892	Jane	5355	0.08	1	1	3.651
893	Clap	5368	0.08	1	1	3.649
894	Venus	26929	0.4	5	5	3.643
895	Wed	5405	0.08	1	1	3.638
896	61	10846	0.161	2	2	3.634
897	Champions	5435	0.081	1	1	3.631
898	pox	10902	0.162	2	2	3.626
899	grind	5454	0.081	1	1	3.626
900	lascivious	5471	0.081	1	1	3.621
901	seconded	5474	0.081	1	1	3.621
902	beauteous	5494	0.082	1	1	3.615
903	pawn	5492	0.082	1	1	3.615
904	Alderman	5500	0.082	1	1	3.614
905	vie	5504	0.082	1	1	3.612
906	whores	5508	0.082	1	1	3.612
907	Coal	5526	0.082	1	1	3.606
908	steer	5540	0.082	1	1	3.603
909	Niece	5575	0.083	1	1	3.594
910	Flatterers	5582	0.083	1	1	3.592
911	Girl	5585	0.083	1	1	3.591
912	flourished	11210	0.167	2	2	3.586
913	Conceited	5628	0.084	1	1	3.58
914	asserts	5641	0.084	1	1	3.577
915	Pulpit	11294	0.168	2	2	3.575
916	Ned	5651	0.084	1	1	3.573
917	offends	5663	0.084	1	1	3.572
918	Mer	5689	0.085	1	1	3.565
919	watched	5724	0.085	1	1	3.556
920	Lucifer	5730	0.085	1	1	3.555
921	frown	5737	0.085	1	1	3.553
922	Magus	5737	0.085	1	1	3.553
923	denote	5763	0.086	1	1	3.546
924	confounded	17397	0.258	3	3	3.537
925	dreamed	5831	0.087	1	1	3.529
926	Sustenance	5837	0.087	1	1	3.528
927	Eunuch	5852	0.087	1	1	3.525
928	l'	5856	0.087	1	1	3.523
929	Plays	17593	0.261	3	3	3.521
930	hypocritical	5868	0.087	1	1	3.52
931	off-spring	5879	0.087	1	1	3.518
932	reside	5891	0.088	1	1	3.515
933	airy	5893	0.088	1	1	3.515
934	Bottomless	5909	0.088	1	1	3.51
935	disposal	5923	0.088	1	1	3.506
936	noting	5928	0.088	1	1	3.505
937	Conspirators	5940	0.088	1	1	3.503
938	Hark	5947	0.088	1	1	3.501
939	treble	5950	0.088	1	1	3.5
940	bloody	53730	0.798	9	5	3.495
941	dishonest	6002	0.089	1	1	3.487
942	artifice	6013	0.089	1	1	3.485
943	Calumny	6022	0.09	1	1	3.482
944	Ptolomy	6038	0.09	1	1	3.479
945	brand	6073	0.09	1	1	3.471
946	Ann	12147	0.181	2	2	3.47
947	stink	6090	0.091	1	1	3.466
948	'll	158479	2.354	26	18	3.465
949	Worships	6121	0.091	1	1	3.46
950	Woman	183598	2.728	30	23	3.459
951	dozen	6144	0.091	1	1	3.453
952	Dog	30988	0.46	5	4	3.441
953	desolation	12402	0.184	2	2	3.441
954	Dice	6226	0.093	1	1	3.434
955	stoned	6236	0.093	1	1	3.433
956	judging	18760	0.279	3	3	3.428
957	basely	6310	0.094	1	1	3.416
958	slander	12613	0.187	2	2	3.416
959	Dregs	6317	0.094	1	1	3.414
960	revolted	6316	0.094	1	1	3.414
961	Bull	18950	0.282	3	1	3.414
962	wife	214853	3.192	34	29	3.413
963	stark	6325	0.094	1	1	3.411
964	Baggage	6358	0.095	1	1	3.404
965	whip	6373	0.095	1	1	3.4
966	Absolve	6434	0.096	1	1	3.387
967	Bon	6489	0.096	1	1	3.375
968	Drunkard	6511	0.097	1	1	3.37
969	Specious	6599	0.098	1	1	3.351
970	Disorderly	6607	0.098	1	1	3.348
971	Bud	6607	0.098	1	1	3.348
972	Starve	6627	0.099	1	1	3.344
973	98	6652	0.099	1	1	3.339
974	despite	13448	0.2	2	1	3.323
975	allure	6732	0.1	1	1	3.322
976	hopeful	6741	0.1	1	1	3.32
977	laborious	6787	0.101	1	1	3.31
978	Partial	6793	0.101	1	1	3.309
979	Hey	6793	0.101	1	1	3.309
980	gaining	6791	0.101	1	1	3.309
981	Penal	6800	0.101	1	1	3.308
982	Kindred	20409	0.303	3	3	3.307
983	Apostolick	6841	0.102	1	1	3.299
984	Sixthly	6886	0.102	1	1	3.289
985	corner	20657	0.307	3	2	3.289
986	n't	34507	0.513	5	4	3.286
987	Hereditary	6934	0.103	1	1	3.279
988	locked	6933	0.103	1	1	3.279
989	Annual	6938	0.103	1	1	3.278
990	Accuser	6942	0.103	1	1	3.278
991	Mrs.	13889	0.206	2	2	3.277
992	License	6976	0.104	1	1	3.271
993	opposes	6981	0.104	1	1	3.27
994	Lily	6986	0.104	1	1	3.268
995	Roar	6989	0.104	1	1	3.268
996	Liquors	6994	0.104	1	1	3.267
997	false	224466	3.335	32	16	3.262
998	91	7022	0.104	1	1	3.261
999	Fist	7028	0.104	1	1	3.26
1000	fathom	7065	0.105	1	1	3.252
1001	conspire	7065	0.105	1	1	3.252
1002	Lane	7088	0.105	1	1	3.247
1003	FAB	7117	0.106	1	1	3.242
1004	betimes	7115	0.106	1	1	3.242
1005	Cell	7136	0.106	1	1	3.238
1006	Horseback	7160	0.106	1	1	3.232
1007	pays	7160	0.106	1	1	3.232
1008	gets	14332	0.213	2	2	3.232
1009	Mother	150593	2.237	21	19	3.231
1010	rail	7220	0.107	1	1	3.22
1011	cruelties	7253	0.108	1	1	3.215
1012	!	371996	5.526	51	29	3.206
1013	Ruth	7305	0.109	1	1	3.204
1014	Robert	51164	0.76	7	2	3.203
1015	Rotten	14651	0.218	2	2	3.2
1016	disguised	7330	0.109	1	1	3.199
1017	Bait	7360	0.109	1	1	3.194
1018	kneel	7364	0.109	1	1	3.192
1019	Mar	14814	0.22	2	2	3.184
1020	Scorned	7420	0.11	1	1	3.182
1021	Couple	7466	0.111	1	1	3.173
1022	beastly	7495	0.111	1	1	3.167
1023	treats	7496	0.111	1	1	3.166
1024	Sirs	7500	0.111	1	1	3.166
1025	Portions	7504	0.112	1	1	3.165
1026	trusty	7517	0.112	1	1	3.162
1027	Keepers	7518	0.112	1	1	3.162
1028	Card	7542	0.112	1	1	3.158
1029	trading	7537	0.112	1	1	3.158
1030	calling	105619	1.569	14	8	3.157
1031	scandal	22639	0.336	3	3	3.157
1032	Bowing	7570	0.113	1	1	3.152
1033	honest	83801	1.245	11	9	3.143
1034	82	7639	0.114	1	1	3.139
1035	abusing	7672	0.114	1	1	3.133
1036	Jude	7690	0.114	1	1	3.13
1037	Son	570683	8.478	74	47	3.126
1038	Plutarch	15426	0.229	2	1	3.125
1039	successively	7724	0.115	1	1	3.124
1040	marry	38694	0.575	5	4	3.121
1041	managing	7739	0.115	1	1	3.12
1042	Merchandise	15488	0.23	2	2	3.12
1043	Rome	271183	4.029	35	26	3.119
1044	tear	15500	0.23	2	2	3.118
1045	casts	15527	0.231	2	2	3.116
1046	119	7780	0.116	1	1	3.113
1047	Val	7789	0.116	1	1	3.112
1048	83	7828	0.116	1	1	3.104
1049	malicious	23689	0.352	3	3	3.092
1050	expects	7910	0.118	1	1	3.089
1051	inconsiderable	7918	0.118	1	1	3.088
1052	Esq	23764	0.353	3	2	3.087
1053	Wretch	15921	0.237	2	1	3.08
1054	cry	87922	1.306	11	8	3.074
1055	Daughters	40010	0.594	5	5	3.072
1056	Epist	8012	0.119	1	1	3.071
1057	carries	24147	0.359	3	3	3.064
1058	Ox	16129	0.24	2	2	3.061
1059	tantum	16252	0.241	2	1	3.051
1060	flew	8160	0.121	1	1	3.045
1061	silly	16358	0.243	2	2	3.041
1062	frivolous	8202	0.122	1	1	3.037
1063	wide	24766	0.368	3	2	3.028
1064	fits	16510	0.245	2	2	3.027
1065	inseparable	8314	0.124	1	1	3.017
1066	Taylor	8326	0.124	1	1	3.015
1067	great	1790493	26.599	215	57	3.015
1068	Popular	16668	0.248	2	2	3.014
1069	Gown	8419	0.125	1	1	2.999
1070	frailty	8418	0.125	1	1	2.999
1071	address	16870	0.251	2	2	2.997
1072	Prophetical	8443	0.125	1	1	2.995
1073	dull	25362	0.377	3	3	2.993
1074	cheap	8467	0.126	1	1	2.991
1075	termed	25438	0.378	3	3	2.989
1076	Giant	8482	0.126	1	1	2.989
1077	Dross	8493	0.126	1	1	2.986
1078	apparently	8551	0.127	1	1	2.977
1079	admits	8553	0.127	1	1	2.976
1080	repute	8562	0.127	1	1	2.975
1081	String	8570	0.127	1	1	2.974
1082	xxx	8612	0.128	1	1	2.967
1083	versus	8614	0.128	1	1	2.966
1084	120	8654	0.129	1	1	2.959
1085	Luxury	8713	0.129	1	1	2.95
1086	needed	17481	0.26	2	2	2.945
1087	Literal	8761	0.13	1	1	2.941
1088	covet	8785	0.131	1	1	2.938
1089	Papist	17633	0.262	2	1	2.932
1090	early	26548	0.394	3	3	2.927
1091	Continent	8853	0.132	1	1	2.927
1092	Knave	8870	0.132	1	1	2.924
1093	cat	8876	0.132	1	1	2.922
1094	kissed	8900	0.132	1	1	2.919
1095	Prophet	133904	1.989	15	10	2.915
1096	type	17907	0.266	2	2	2.911
1097	lovers	26913	0.4	3	3	2.908
1098	Gallant	17961	0.267	2	2	2.906
1099	pleads	8993	0.134	1	1	2.904
1100	betrayed	18001	0.267	2	2	2.903
1101	prick	9007	0.134	1	1	2.902
1102	defiled	18090	0.269	2	2	2.896
1103	Restless	9094	0.135	1	1	2.888
1104	71	9104	0.135	1	1	2.887
1105	Misfortunes	9138	0.136	1	1	2.88
1106	Ep	27473	0.408	3	1	2.878
1107	vindicate	9176	0.136	1	1	2.875
1108	Witch	9245	0.137	1	1	2.865
1109	Demetrius	9307	0.138	1	1	2.854
1110	enriched	9319	0.138	1	1	2.853
1111	disguise	9345	0.139	1	1	2.849
1112	common	346098	5.142	37	32	2.847
1113	impure	9368	0.139	1	1	2.845
1114	CUPID	9383	0.139	1	1	2.843
1115	embracing	9401	0.14	1	1	2.84
1116	hired	9416	0.14	1	1	2.838
1117	Gentlewoman	9432	0.14	1	1	2.835
1118	outwardly	19010	0.282	2	2	2.824
1119	pair	19031	0.283	2	2	2.823
1120	dissemble	9543	0.142	1	1	2.818
1121	Countess	9549	0.142	1	1	2.817
1122	Eighteen	9589	0.143	1	1	2.811
1123	Pulse	9594	0.143	1	1	2.811
1124	crowned	28810	0.428	3	3	2.809
1125	abhor	19419	0.289	2	2	2.793
1126	Bell	19417	0.289	2	2	2.793
1127	fasten	9759	0.145	1	1	2.786
1128	signal	9775	0.145	1	1	2.784
1129	Cam	9828	0.146	1	1	2.776
1130	gratify	9854	0.146	1	1	2.772
1131	Tumults	9898	0.147	1	1	2.766
1132	Lawyer	9909	0.147	1	1	2.764
1133	drives	9907	0.147	1	1	2.764
1134	viz	9934	0.148	1	1	2.76
1135	claim	29873	0.444	3	3	2.757
1136	Omnipotent	9996	0.149	1	1	2.751
1137	Courtiers	9997	0.149	1	1	2.751
1138	merry	30040	0.446	3	1	2.749
1139	burnt	50113	0.745	5	5	2.748
1140	abandoned	10042	0.149	1	1	2.745
1141	Ruling	10062	0.15	1	1	2.742
1142	she	1006738	14.956	100	73	2.741
1143	threatens	10096	0.15	1	1	2.737
1144	Counterfeit	20191	0.3	2	2	2.737
1145	filthy	30299	0.45	3	3	2.737
1146	Interpreter	10101	0.15	1	1	2.736
1147	wanton	20242	0.301	2	2	2.734
1148	quarto	10132	0.151	1	1	2.732
1149	strikes	10128	0.151	1	1	2.732
1150	Car	20342	0.302	2	2	2.726
1151	Tragedy	10196	0.152	1	1	2.723
1152	aloud	10233	0.152	1	1	2.718
1153	wear	20558	0.305	2	2	2.711
1154	handling	10289	0.153	1	1	2.709
1155	travelled	10293	0.153	1	1	2.709
1156	Tail	30912	0.459	3	3	2.708
1157	Marquess	10309	0.153	1	1	2.707
1158	murder	51605	0.767	5	5	2.705
1159	Protestant	51645	0.767	5	5	2.704
1160	"	41388	0.615	4	4	2.702
1161	her	1811491	26.911	175	111	2.701
1162	proves	41434	0.616	4	4	2.7
1163	Lease	20724	0.308	2	1	2.699
1164	Spear	10397	0.155	1	1	2.694
1165	herself	10419	0.155	1	1	2.692
1166	fetched	10432	0.155	1	1	2.69
1167	brutish	10442	0.155	1	1	2.689
1168	Matrimony	10446	0.155	1	1	2.688
1169	Liar	10452	0.155	1	1	2.687
1170	Wares	10458	0.155	1	1	2.686
1171	burns	10466	0.156	1	1	2.685
1172	offending	10488	0.156	1	1	2.682
1173	instead	52525	0.78	5	5	2.68
1174	asks	10519	0.156	1	1	2.678
1175	consecrate	10547	0.157	1	1	2.674
1176	Mistress	42310	0.629	4	4	2.67
1177	Modern	21190	0.315	2	1	2.667
1178	Slave	21201	0.315	2	2	2.667
1179	cursed	42622	0.633	4	4	2.659
1180	IV	42765	0.635	4	4	2.654
1181	plague	42909	0.638	4	3	2.65
1182	strain	21461	0.319	2	2	2.649
1183	deep	75511	1.122	7	7	2.642
1184	Talents	10810	0.161	1	1	2.638
1185	reverend	32495	0.483	3	3	2.636
1186	destroys	10886	0.162	1	1	2.629
1187	Impatient	10884	0.162	1	1	2.629
1188	Expenses	10928	0.162	1	1	2.623
1189	daring	11022	0.164	1	1	2.611
1190	stiled	11034	0.164	1	1	2.609
1191	Perjury	11072	0.165	1	1	2.604
1192	restoring	11097	0.165	1	1	2.6
1193	Standard	11129	0.165	1	1	2.597
1194	Station	11208	0.167	1	1	2.586
1195	Fortune	101130	1.502	9	8	2.583
1196	Nails	11259	0.167	1	1	2.579
1197	Flux	11364	0.169	1	1	2.567
1198	Gulf	11408	0.17	1	1	2.561
1199	Blasphemous	11428	0.17	1	1	2.558
1200	Prodigal	11427	0.17	1	1	2.558
1201	curses	11438	0.17	1	1	2.557
1202	vowed	11454	0.17	1	1	2.555
1203	64	11464	0.17	1	1	2.554
1204	Levit.	11468	0.17	1	1	2.553
1205	cried	45966	0.683	4	4	2.55
1206	Abominable	22990	0.342	2	2	2.55
1207	handsome	11498	0.171	1	1	2.55
1208	Vote	11551	0.172	1	1	2.543
1209	committing	11606	0.172	1	1	2.536
1210	infallibly	11634	0.173	1	1	2.533
1211	Speaker	11638	0.173	1	1	2.532
1212	Marriages	11637	0.173	1	1	2.532
1213	[	280684	4.17	24	11	2.525
1214	seasonable	11704	0.174	1	1	2.524
1215	Madam	46920	0.697	4	3	2.521
1216	sitting	35270	0.524	3	3	2.517
1217	thrown	23518	0.349	2	2	2.517
1218	abomination	11757	0.175	1	1	2.517
1219	painted	23662	0.352	2	2	2.508
1220	preferment	11954	0.178	1	1	2.493
1221	wishes	12019	0.179	1	1	2.485
1222	'd	144543	2.147	12	10	2.482
1223	pull	24362	0.362	2	2	2.466
1224	Vows	24417	0.363	2	2	2.463
1225	resolve	36730	0.546	3	3	2.459
1226	Pagan	12292	0.183	1	1	2.453
1227	Leo	24606	0.366	2	1	2.452
1228	mounted	12305	0.183	1	1	2.452
1229	weaker	12343	0.183	1	1	2.447
1230	fetch	24696	0.367	2	2	2.447
1231	Adultery	24714	0.367	2	2	2.446
1232	Telling	24804	0.369	2	2	2.44
1233	faithfully	24842	0.369	2	2	2.438
1234	descending	12509	0.186	1	1	2.428
1235	dealt	25109	0.373	2	2	2.423
1236	Ae	12569	0.187	1	1	2.421
1237	Murderer	12581	0.187	1	1	2.42
1238	loves	76043	1.13	6	6	2.409
1239	smell	25352	0.377	2	2	2.409
1240	Limbs	12705	0.189	1	1	2.406
1241	got	88984	1.322	7	6	2.405
1242	F	50955	0.757	4	3	2.402
1243	waited	12759	0.19	1	1	2.4
1244	mourn	12769	0.19	1	1	2.398
1245	Virgil	12778	0.19	1	1	2.397
1246	abides	12792	0.19	1	1	2.396
1247	Clothed	25607	0.38	2	2	2.394
1248	pursuit	12818	0.19	1	1	2.393
1249	crafty	12823	0.191	1	1	2.392
1250	odd	12894	0.192	1	1	2.384
1251	Crying	25811	0.383	2	2	2.383
1252	Hebr.	12923	0.192	1	1	2.381
1253	gent	12956	0.193	1	1	2.377
1254	Bargain	12971	0.193	1	1	2.376
1255	Hypocrite	13012	0.193	1	1	2.371
1256	Raging	13043	0.194	1	1	2.367
1257	turns	39404	0.585	3	3	2.357
1258	Disgrace	26379	0.392	2	2	2.351
1259	Lev	13206	0.196	1	1	2.35
1260	Pipe	13225	0.197	1	1	2.347
1261	offerings	13224	0.197	1	1	2.347
1262	prophesied	13251	0.197	1	1	2.344
1263	designed	39808	0.591	3	3	2.343
1264	Cur	13329	0.198	1	1	2.336
1265	replied	40276	0.598	3	3	2.326
1266	Arts	40476	0.601	3	3	2.319
1267	tract	13512	0.201	1	1	2.317
1268	Globe	13523	0.201	1	1	2.315
1269	asking	13581	0.202	1	1	2.309
1270	Jo	13681	0.203	1	1	2.299
1271	henceforth	13747	0.204	1	1	2.292
1272	Solomon	41245	0.613	3	3	2.292
1273	Tune	13862	0.206	1	1	2.28
1274	waters	83222	1.236	6	6	2.279
1275	waiting	13872	0.206	1	1	2.279
1276	wonderfully	13915	0.207	1	1	2.274
1277	Resemblance	13923	0.207	1	1	2.274
1278	Beware	28157	0.418	2	1	2.257
1279	Charms	14109	0.21	1	1	2.254
1280	Methinks	14132	0.21	1	1	2.252
1281	spleen	14135	0.21	1	1	2.252
1282	Conferred	14170	0.211	1	1	2.248
1283	ascended	14176	0.211	1	1	2.247
1284	sensual	14173	0.211	1	1	2.247
1285	virtuous	42661	0.634	3	3	2.243
1286	Martin	14281	0.212	1	1	2.237
1287	Goats	14285	0.212	1	1	2.237
1288	Old	414305	6.155	29	26	2.236
1289	young	171502	2.548	12	10	2.236
1290	sue	14301	0.213	1	1	2.234
1291	ha	28655	0.426	2	1	2.232
1292	cunning	28670	0.426	2	2	2.231
1293	invade	14360	0.213	1	1	2.229
1294	surprise	14398	0.214	1	1	2.225
1295	Thomas	100867	1.499	7	3	2.224
1296	double	72073	1.071	5	3	2.223
1297	Lame	14461	0.215	1	1	2.219
1298	IX	28939	0.43	2	1	2.218
1299	Ranks	14516	0.216	1	1	2.214
1300	reflect	14530	0.216	1	1	2.212
1301	Ah	29075	0.432	2	2	2.211
1302	's	1833403	27.237	126	100	2.21
1303	titles	29194	0.434	2	2	2.205
1304	has	321926	4.783	22	20	2.202
1305	foregoing	14654	0.218	1	1	2.2
1306	Reference	29409	0.437	2	2	2.195
1307	Bed	73593	1.093	5	5	2.193
1308	proud	73660	1.094	5	4	2.192
1309	excused	14733	0.219	1	1	2.192
1310	Monster	14836	0.22	1	1	2.182
1311	Arbitrary	14838	0.22	1	1	2.182
1312	hunting	14846	0.221	1	1	2.18
1313	il	44690	0.664	3	3	2.176
1314	opposition	44888	0.667	3	1	2.169
1315	signify	59908	0.89	4	4	2.168
1316	doors	29993	0.446	2	2	2.166
1317	Institution	45069	0.67	3	3	2.164
1318	asleep	15079	0.224	1	1	2.158
1319	Liquor	30328	0.451	2	2	2.15
1320	Foe	15213	0.226	1	1	2.146
1321	reveal	15245	0.227	1	1	2.142
1322	founded	30617	0.455	2	2	2.137
1323	Anointed	30642	0.455	2	2	2.135
1324	fix	15345	0.228	1	1	2.133
1325	Brown	15384	0.229	1	1	2.13
1326	Northern	15398	0.229	1	1	2.128
1327	hist	15438	0.229	1	1	2.125
1328	Popery	30936	0.46	2	2	2.122
1329	mightily	15485	0.23	1	1	2.12
1330	naked	46459	0.69	3	3	2.12
1331	blind	77737	1.155	5	5	2.114
1332	mentions	15583	0.232	1	1	2.111
1333	Angles	15592	0.232	1	1	2.11
1334	sworn	31396	0.466	2	2	2.1
1335	Roman	141472	2.102	9	8	2.098
1336	poured	15849	0.236	1	1	2.086
1337	confound	15864	0.236	1	1	2.085
1338	Persecute	15918	0.237	1	1	2.08
1339	illustrious	15935	0.237	1	1	2.079
1340	Seldom	47805	0.71	3	3	2.079
1341	cries	32046	0.476	2	2	2.071
1342	warrant	48147	0.715	3	2	2.068
1343	fitly	16083	0.239	1	1	2.066
1344	Lady	112639	1.673	7	7	2.065
1345	expectation	32361	0.481	2	2	2.056
1346	Purse	16277	0.242	1	1	2.048
1347	tells	98449	1.463	6	6	2.036
1348	printed	82066	1.219	5	4	2.036
1349	Sanctify	16453	0.244	1	1	2.033
1350	Penny	16458	0.245	1	1	2.032
1351	Quarrel	32992	0.49	2	2	2.029
1352	Peoples	33008	0.49	2	2	2.028
1353	executed	33017	0.491	2	2	2.028
1354	Maid	33079	0.491	2	2	2.025
1355	Eloquence	16652	0.247	1	1	2.015
1356	Prov.	50161	0.745	3	2	2.009
1357	wandering	16735	0.249	1	1	2.008
1358	caught	16892	0.251	1	1	1.995
1359	judgments	34069	0.506	2	2	1.983
1360	support	34167	0.508	2	2	1.978
1361	57	17142	0.255	1	1	1.973
1362	Board	17171	0.255	1	1	1.971
1363	K	17207	0.256	1	1	1.968
1364	Ornaments	17222	0.256	1	1	1.967
1365	infected	17325	0.257	1	1	1.958
1366	calls	121932	1.811	7	6	1.95
1367	accursed	17442	0.259	1	1	1.948
1368	prime	17461	0.259	1	1	1.947
1369	shows	70001	1.04	4	4	1.944
1370	broad	35012	0.52	2	2	1.943
1371	shift	17549	0.261	1	1	1.94
1372	whenever	17549	0.261	1	1	1.94
1373	a	14471665	214.99	819	288	1.93
1374	conceived	53148	0.79	3	3	1.926
1375	usually	53352	0.793	3	2	1.92
1376	Protestants	71207	1.058	4	4	1.919
1377	Butter	17830	0.265	1	1	1.916
1378	awake	17876	0.266	1	1	1.913
1379	buy	35853	0.533	2	2	1.909
1380	Encounter	17935	0.266	1	1	1.908
1381	Sport	17952	0.267	1	1	1.907
1382	Dram	18014	0.268	1	1	1.902
1383	Virgin	54072	0.803	3	3	1.901
1384	Reap	18059	0.268	1	1	1.898
1385	corrupted	36122	0.537	2	2	1.898
1386	Daughter	108707	1.615	6	6	1.894
1387	served	54417	0.808	3	3	1.892
1388	continuing	18162	0.27	1	1	1.89
1389	comprehended	18167	0.27	1	1	1.89
1390	complain	36342	0.54	2	2	1.889
1391	spite	18225	0.271	1	1	1.885
1392	behind	73039	1.085	4	4	1.882
1393	Lust	54865	0.815	3	3	1.88
1394	prove	220093	3.27	12	12	1.876
1395	meaning	110075	1.635	6	6	1.875
1396	quit	18392	0.273	1	1	1.872
1397	Monarch	18420	0.274	1	1	1.87
1398	modest	18444	0.274	1	1	1.868
1399	Courtesy	18515	0.275	1	1	1.862
1400	refuge	18535	0.275	1	1	1.86
1401	Emperors	18606	0.276	1	1	1.855
1402	French	130315	1.936	7	5	1.854
1403	Lodging	18632	0.277	1	1	1.853
1404	]	429805	6.385	23	8	1.849
1405	Kill	74750	1.111	4	4	1.849
1406	Judged	56237	0.836	3	2	1.844
1407	Iniquity	56296	0.836	3	2	1.843
1408	Traitor	18785	0.279	1	1	1.841
1409	fifty	37601	0.559	2	2	1.84
1410	Marriage	94195	1.399	5	4	1.837
1411	bow	37729	0.561	2	2	1.835
1412	attributed	18934	0.281	1	1	1.83
1413	Debt	38106	0.566	2	1	1.821
1414	Wives	57399	0.853	3	3	1.815
1415	November	19152	0.285	1	1	1.813
1416	horrid	19167	0.285	1	1	1.812
1417	encouraged	19234	0.286	1	1	1.807
1418	readiness	19245	0.286	1	1	1.806
1419	Dukes	19254	0.286	1	1	1.806
1420	call	328774	4.884	17	16	1.799
1421	18.	77389	1.15	4	4	1.799
1422	Sink	19378	0.288	1	1	1.796
1423	keeping	58223	0.865	3	3	1.794
1424	Exit	19436	0.289	1	1	1.792
1425	forgive	38909	0.578	2	2	1.791
1426	denies	19481	0.289	1	1	1.789
1427	Breasts	19504	0.29	1	1	1.787
1428	keep	313074	4.651	16	14	1.782
1429	habitation	19587	0.291	1	1	1.781
1430	favourable	19618	0.291	1	1	1.779
1431	Judgment	235552	3.499	12	8	1.778
1432	Devils	59091	0.878	3	3	1.773
1433	whereon	19704	0.293	1	1	1.773
1434	Complaints	19851	0.295	1	1	1.762
1435	City	377406	5.607	19	4	1.761
1436	reputed	19893	0.296	1	1	1.759
1437	allowed	59743	0.888	3	3	1.757
1438	hit	19976	0.297	1	1	1.752
1439	profane	40020	0.595	2	2	1.75
1440	goes	100413	1.492	5	5	1.745
1441	runs	40288	0.599	2	2	1.741
1442	ride	20257	0.301	1	1	1.733
1443	Lastly	81334	1.208	4	4	1.727
1444	Converted	40728	0.605	2	2	1.725
1445	praised	20375	0.303	1	1	1.724
1446	arose	20382	0.303	1	1	1.724
1447	adore	20395	0.303	1	1	1.723
1448	crave	20437	0.304	1	1	1.72
1449	Apostolical	20443	0.304	1	1	1.719
1450	35	41018	0.609	2	2	1.715
1451	Fool	41266	0.613	2	2	1.706
1452	Chaste	20646	0.307	1	1	1.705
1453	Colonel	20655	0.307	1	1	1.705
1454	eat	145185	2.157	7	7	1.698
1455	Hebrew	41553	0.617	2	1	1.696
1456	Pit	20801	0.309	1	1	1.694
1457	Education	20944	0.311	1	1	1.685
1458	embrace	41941	0.623	2	2	1.682
1459	Lewis	20972	0.312	1	1	1.682
1460	becomes	41957	0.623	2	2	1.682
1461	London	146866	2.182	7	5	1.682
1462	running	42083	0.625	2	2	1.678
1463	persecuted	21044	0.313	1	1	1.678
1464	Rare	42119	0.626	2	2	1.676
1465	inwardly	21063	0.313	1	1	1.676
1466	corrupt	63197	0.939	3	3	1.676
1467	Superstitious	21092	0.313	1	1	1.674
1468	Husband	105631	1.569	5	2	1.672
1469	abound	21155	0.314	1	1	1.67
1470	event	21225	0.315	1	1	1.665
1471	nine	42485	0.631	2	2	1.664
1472	pronounced	21268	0.316	1	1	1.662
1473	q	21289	0.316	1	1	1.661
1474	Priesthood	21290	0.316	1	1	1.661
1475	Progress	21299	0.316	1	1	1.66
1476	Grand	42729	0.635	2	2	1.656
1477	venture	21408	0.318	1	1	1.653
1478	final	21409	0.318	1	1	1.652
1479	described	42932	0.638	2	2	1.649
1480	destroy	86113	1.279	4	4	1.645
1481	Widow	21540	0.32	1	1	1.644
1482	frequent	43207	0.642	2	2	1.64
1483	Doctors	43227	0.642	2	1	1.639
1484	safe	64842	0.963	3	3	1.639
1485	formal	21650	0.322	1	1	1.637
1486	Lake	21647	0.322	1	1	1.637
1487	meeting	43320	0.644	2	2	1.636
1488	Swords	21748	0.323	1	1	1.63
1489	ca	21771	0.323	1	1	1.629
1490	hour	87383	1.298	4	4	1.623
1491	troublesome	21852	0.325	1	1	1.623
1492	moist	21878	0.325	1	1	1.621
1493	lying	65748	0.977	3	3	1.619
1494	generous	21938	0.326	1	1	1.617
1495	Jealousy	21960	0.326	1	1	1.616
1496	turned	109846	1.632	5	5	1.615
1497	Recovery	21997	0.327	1	1	1.614
1498	fancy	44141	0.656	2	2	1.609
1499	Officer	22077	0.328	1	1	1.608
1500	married	66560	0.989	3	3	1.601
1501	Poison	44407	0.66	2	2	1.6
1502	Virgins	22219	0.33	1	1	1.599
1503	please	133516	1.984	6	6	1.597
1504	Thieves	22285	0.331	1	1	1.595
1505	bent	22285	0.331	1	1	1.595
1506	destruction	89423	1.329	4	3	1.59
1507	60	22504	0.334	1	1	1.581
1508	Ruled	22509	0.334	1	1	1.58
1509	kept	180349	2.679	8	8	1.578
1510	concerned	45475	0.676	2	2	1.566
1511	e	136544	2.029	6	4	1.565
1512	Guard	45684	0.679	2	2	1.559
1513	grown	45966	0.683	2	2	1.55
1514	smoke	23076	0.343	1	1	1.545
1515	odious	23239	0.345	1	1	1.534
1516	Vice	46611	0.692	2	2	1.53
1517	W.	47212	0.701	2	2	1.512
1518	Wall	47250	0.702	2	1	1.511
1519	Devil	190658	2.832	8	8	1.498
1520	consent	119423	1.774	5	5	1.495
1521	Rob	23959	0.356	1	1	1.49
1522	Sorry	23995	0.357	1	1	1.488
1523	Trade	71989	1.07	3	3	1.488
1524	Night	217853	3.236	9	9	1.476
1525	Constancy	24222	0.36	1	1	1.475
1526	Preacher	24230	0.36	1	1	1.474
1527	19.	72769	1.081	3	3	1.472
1528	burning	48634	0.723	2	2	1.469
1529	Coat	24384	0.362	1	1	1.465
1530	seeks	24462	0.363	1	1	1.46
1531	distinct	48978	0.728	2	1	1.459
1532	procured	24521	0.364	1	1	1.457
1533	States	49055	0.729	2	2	1.456
1534	Mourning	24529	0.364	1	1	1.456
1535	Garment	24609	0.366	1	1	1.452
1536	Child	148012	2.199	6	5	1.448
1537	oblige	24703	0.367	1	1	1.446
1538	Lights	24751	0.368	1	1	1.443
1539	ruin	74606	1.108	3	2	1.437
1540	Angel	74694	1.11	3	1	1.435
1541	j	24919	0.37	1	1	1.434
1542	Queen	174640	2.594	7	4	1.432
1543	imagined	25023	0.372	1	1	1.428
1544	Quality	75538	1.122	3	3	1.419
1545	Dominion	50446	0.749	2	1	1.416
1546	Oh	126299	1.876	5	4	1.414
1547	Nose	25309	0.376	1	1	1.411
1548	Flesh	279311	4.149	11	9	1.407
1549	Sex	25550	0.38	1	1	1.397
1550	whilst	127767	1.898	5	5	1.397
1551	commit	51155	0.76	2	2	1.396
1552	accident	25658	0.381	1	1	1.391
1553	G.	51419	0.764	2	1	1.389
1554	Chamber	51849	0.77	2	2	1.377
1555	opening	25968	0.386	1	1	1.374
1556	Gain	78199	1.162	3	3	1.369
1557	poor	313465	4.657	12	11	1.366
1558	loved	78391	1.165	3	3	1.365
1559	Maintain	78757	1.17	3	3	1.358
1560	sinner	52649	0.782	2	2	1.355
1561	Advice	52773	0.784	2	2	1.351
1562	Heathens	26424	0.393	1	1	1.349
1563	Foolish	52888	0.786	2	2	1.348
1564	entertained	26459	0.393	1	1	1.347
1565	wanted	26501	0.394	1	1	1.345
1566	attended	26513	0.394	1	1	1.344
1567	Tom	26564	0.395	1	1	1.342
1568	List	26655	0.396	1	1	1.336
1569	pay	106691	1.585	4	4	1.336
1570	falling	53567	0.796	2	2	1.33
1571	break	107397	1.596	4	3	1.326
1572	Money	188212	2.796	7	7	1.324
1573	Distress	26900	0.4	1	1	1.323
1574	Conversation	53957	0.802	2	2	1.319
1575	carry	108052	1.605	4	4	1.317
1576	gained	27095	0.403	1	1	1.313
1577	Poets	27112	0.403	1	1	1.312
1578	Mr.	271819	4.038	10	8	1.308
1579	Faction	27201	0.404	1	1	1.307
1580	per	190947	2.837	7	3	1.303
1581	i.	191916	2.851	7	5	1.296
1582	told	164509	2.444	6	6	1.296
1583	Bold	54959	0.817	2	2	1.292
1584	renewed	27500	0.409	1	1	1.292
1585	suitable	27681	0.411	1	1	1.282
1586	weep	27707	0.412	1	1	1.281
1587	morrow	27739	0.412	1	1	1.279
1588	Professors	27778	0.413	1	1	1.277
1589	despised	27877	0.414	1	1	1.272
1590	turn	167524	2.489	6	6	1.27
1591	Prophets	111696	1.659	4	3	1.269
1592	melancholy	27965	0.415	1	1	1.267
1593	acted	28050	0.417	1	1	1.263
1594	persuasion	28067	0.417	1	1	1.262
1595	enough	225014	3.343	8	6	1.259
1596	thirst	28225	0.419	1	1	1.254
1597	Joh.	56601	0.841	2	2	1.25
1598	stands	85073	1.264	3	3	1.247
1599	imagination	28389	0.422	1	1	1.246
1600	Services	28473	0.423	1	1	1.241
1601	deal	85541	1.271	3	2	1.239
1602	torment	28570	0.424	1	1	1.237
1603	Yoke	28576	0.425	1	1	1.236
1604	Challenge	28699	0.426	1	1	1.23
1605	preferred	28699	0.426	1	1	1.23
1606	exactly	28776	0.428	1	1	1.226
1607	committed	115180	1.711	4	4	1.225
1608	Crimes	28899	0.429	1	1	1.22
1609	overcome	57959	0.861	2	2	1.216
1610	Horses	58059	0.863	2	2	1.213
1611	Drinking	29093	0.432	1	1	1.21
1612	pour	29172	0.433	1	1	1.206
1613	plot	29203	0.434	1	1	1.205
1614	Simon	29226	0.434	1	1	1.204
1615	zealous	29282	0.435	1	1	1.201
1616	Commonwealth	29279	0.435	1	1	1.201
1617	spoken	147126	2.186	5	4	1.194
1618	Worship	206782	3.072	7	5	1.188
1619	captivity	29583	0.44	1	1	1.186
1620	follows	118360	1.758	4	4	1.186
1621	share	29601	0.44	1	1	1.185
1622	famous	88824	1.32	3	3	1.185
1623	fruitful	29679	0.441	1	1	1.181
1624	Nation	148522	2.206	5	2	1.18
1625	pretty	29773	0.442	1	1	1.177
1626	publicly	29824	0.443	1	1	1.174
1627	permit	29877	0.444	1	1	1.172
1628	'	59808	0.889	2	2	1.171
1629	Purity	29926	0.445	1	1	1.169
1630	makes	359288	5.338	12	11	1.169
1631	get	149760	2.225	5	5	1.168
1632	Supper	60000	0.891	2	2	1.166
1633	Entertain	30000	0.446	1	1	1.166
1634	contains	30140	0.448	1	1	1.159
1635	Half	181109	2.691	6	6	1.157
1636	ordinarily	30303	0.45	1	1	1.151
1637	figures	30387	0.451	1	1	1.148
1638	asked	61036	0.907	2	2	1.141
1639	commend	30571	0.454	1	1	1.139
1640	Women	152987	2.273	5	5	1.137
1641	Star	30709	0.456	1	1	1.132
1642	unclean	30723	0.456	1	1	1.132
1643	Harm	30750	0.457	1	1	1.13
1644	takes	123079	1.829	4	4	1.129
1645	base	61654	0.916	2	2	1.127
1646	Wild	61696	0.917	2	2	1.126
1647	Priest	123560	1.836	4	3	1.124
1648	Sir	371184	5.514	12	9	1.122
1649	Husbands	30992	0.46	1	1	1.119
1650	curse	61992	0.921	2	2	1.119
1651	sure	217623	3.233	7	7	1.114
1652	execute	31219	0.464	1	1	1.108
1653	endeavoured	31247	0.464	1	1	1.107
1654	beautiful	31363	0.466	1	1	1.102
1655	pity	62915	0.935	2	1	1.097
1656	abused	31590	0.469	1	1	1.091
1657	Fr	63238	0.94	2	2	1.09
1658	Draws	31643	0.47	1	1	1.089
1659	Desert	31779	0.472	1	1	1.083
1660	desperate	31789	0.472	1	1	1.082
1661	hang	31830	0.473	1	1	1.08
1662	presume	31879	0.474	1	1	1.078
1663	Operation	31914	0.474	1	1	1.077
1664	fields	31970	0.475	1	1	1.074
1665	called	768363	11.415	24	23	1.072
1666	exercised	32045	0.476	1	1	1.071
1667	Damnation	32064	0.476	1	1	1.07
1668	Dogs	32101	0.477	1	1	1.068
1669	Treat	32126	0.477	1	1	1.067
1670	Deuteronomy	64271	0.955	2	1	1.067
1671	sometimes	226924	3.371	7	3	1.054
1672	Bond	32545	0.484	1	1	1.048
1673	remaining	32552	0.484	1	1	1.048
1674	accused	32564	0.484	1	1	1.048
1675	commonly	97748	1.452	3	3	1.047
1676	Ten	130362	1.937	4	3	1.046
1677	Master	228418	3.393	7	7	1.045
1678	thin	32659	0.485	1	1	1.043
1679	Worshipped	32660	0.485	1	1	1.043
1680	innocent	65570	0.974	2	2	1.038
1681	make	1313915	19.519	40	33	1.035
1682	sit	131502	1.954	4	4	1.034
1683	Why	394748	5.864	12	11	1.033
1684	endure	66031	0.981	2	2	1.028
1685	record	33094	0.492	1	1	1.024
1686	Ibid	66183	0.983	2	2	1.024
1687	Nations	132713	1.972	4	3	1.021
1688	afford	33330	0.495	1	1	1.014
1689	Trinity	33437	0.497	1	1	1.01
1690	James	100348	1.491	3	3	1.009
1691	marks	33471	0.497	1	1	1.008
1692	Shore	33521	0.498	1	1	1.006
1693	than	940786	13.976	28	24	1.002
1694	colour	100836	1.498	3	3	1.002
1695	lie	168129	2.498	5	5	1.001
1696	sees	33635	0.5	1	1	1.001
1697	?	2527462	37.548	75	48	0.998
1698	Extraordinary	67414	1.002	2	2	0.998
1699	white	134914	2.004	4	3	0.997
1700	obliged	67494	1.003	2	2	0.996
1701	Hen	33893	0.504	1	1	0.99
1702	still	373001	5.541	11	11	0.989
1703	alas	67915	1.009	2	2	0.987
1704	VII	34063	0.506	1	1	0.983
1705	Injury	34234	0.509	1	1	0.975
1706	confession	68490	1.018	2	1	0.975
1707	professed	34256	0.509	1	1	0.975
1708	become	172873	2.568	5	5	0.961
1709	uncertain	34586	0.514	1	1	0.961
1710	Friend	138523	2.058	4	4	0.959
1711	finds	34792	0.517	1	1	0.952
1712	born	104623	1.554	3	3	0.949
1713	demanded	34888	0.518	1	1	0.948
1714	Serious	35051	0.521	1	1	0.941
1715	Forbear	35085	0.521	1	1	0.94
1716	art	315875	4.693	9	9	0.94
1717	going	105462	1.567	3	3	0.937
1718	Crown	140652	2.09	4	4	0.937
1719	fools	35223	0.523	1	1	0.934
1720	Monsieur	35326	0.525	1	1	0.93
1721	habit	35431	0.526	1	1	0.926
1722	shortly	35459	0.527	1	1	0.925
1723	37	35612	0.529	1	1	0.919
1724	Laying	35626	0.529	1	1	0.918
1725	like	1070087	15.897	30	27	0.916
1726	Poverty	35712	0.531	1	1	0.915
1727	Verses	35860	0.533	1	1	0.909
1728	engaged	35885	0.533	1	1	0.908
1729	Breach	35926	0.534	1	1	0.906
1730	Courage	72091	1.071	2	2	0.901
1731	dumb	36044	0.536	1	1	0.901
1732	whose	468798	6.964	13	9	0.9
1733	mistake	36342	0.54	1	1	0.889
1734	Jer.	36352	0.54	1	1	0.889
1735	Kings	363629	5.402	10	9	0.888
1736	thrust	36372	0.54	1	1	0.888
1737	am	509469	7.569	14	9	0.887
1738	Garden	36538	0.543	1	1	0.882
1739	possess	36617	0.544	1	1	0.878
1740	became	73544	1.093	2	2	0.872
1741	&c	479189	7.119	13	11	0.869
1742	Overthrow	36900	0.548	1	1	0.867
1743	laid	184949	2.748	5	5	0.864
1744	House	407406	6.052	11	10	0.862
1745	sincere	37054	0.551	1	1	0.861
1746	Palace	37162	0.552	1	1	0.857
1747	Satan	111662	1.659	3	3	0.855
1748	spend	37287	0.554	1	1	0.852
1749	disposed	37317	0.554	1	1	0.851
1750	Fat	37322	0.555	1	1	0.851
1751	Writ	74728	1.11	2	2	0.849
1752	Wilderness	37400	0.556	1	1	0.848
1753	gone	112323	1.669	3	3	0.846
1754	obligation	37610	0.559	1	1	0.84
1755	masters	75576	1.123	2	2	0.833
1756	John	415725	6.176	11	9	0.833
1757	Ecclesiastical	75702	1.125	2	2	0.831
1758	vile	37856	0.562	1	1	0.83
1759	Ages	75749	1.125	2	2	0.83
1760	Church	1175787	17.467	31	18	0.828
1761	Evening	37929	0.564	1	1	0.828
1762	Dan	38042	0.565	1	1	0.823
1763	brave	38044	0.565	1	1	0.823
1764	go	533648	7.928	14	12	0.82
1765	down	533657	7.928	14	11	0.82
1766	praying	38212	0.568	1	1	0.817
1767	wish	76763	1.14	2	2	0.81
1768	maintained	38390	0.57	1	1	0.81
1769	FINIS	38468	0.572	1	1	0.807
1770	Reign	115734	1.719	3	3	0.803
1771	rising	38647	0.574	1	1	0.801
1772	Chap	271060	4.027	7	3	0.798
1773	Qualities	38805	0.577	1	1	0.795
1774	hide	38812	0.577	1	1	0.794
1775	Senate	38824	0.577	1	1	0.794
1776	procure	38952	0.579	1	1	0.789
1777	George	39058	0.58	1	1	0.785
1778	making	195439	2.903	5	5	0.784
1779	supply	39154	0.582	1	1	0.782
1780	already	157133	2.334	4	3	0.777
1781	or	6140246	91.219	156	89	0.774
1782	Teeth	39404	0.585	1	1	0.773
1783	whereupon	78977	1.173	2	1	0.769
1784	Lo	39596	0.588	1	1	0.766
1785	attain	39646	0.589	1	1	0.764
1786	grave	79381	1.179	2	2	0.762
1787	wants	39855	0.592	1	1	0.756
1788	n.	79817	1.186	2	2	0.754
1789	thou	1398203	20.772	35	22	0.753
1790	keeps	40024	0.595	1	1	0.75
1791	Tongues	40030	0.595	1	1	0.75
1792	space	80076	1.19	2	2	0.75
1793	tried	40042	0.595	1	1	0.749
1794	seven	120863	1.796	3	3	0.741
1795	viz.	161354	2.397	4	2	0.739
1796	off	323311	4.803	8	7	0.736
1797	deceive	40456	0.601	1	1	0.735
1798	wonder	81268	1.207	2	2	0.728
1799	Natures	40702	0.605	1	1	0.726
1800	notable	40823	0.607	1	1	0.721
1801	Wine	164447	2.443	4	4	0.711
1802	Text	124188	1.845	3	3	0.701
1803	intention	41747	0.62	1	1	0.689
1804	evident	83651	1.243	2	1	0.687
1805	Manners	41947	0.623	1	1	0.682
1806	roots	42047	0.625	1	1	0.679
1807	Prejudice	42088	0.625	1	1	0.677
1808	Head	338290	5.026	8	7	0.671
1809	C.	296045	4.398	7	3	0.671
1810	mad	42332	0.629	1	1	0.669
1811	on	1948583	28.948	46	37	0.668
1812	whither	42388	0.63	1	1	0.667
1813	Milk	42416	0.63	1	1	0.666
1814	rose	42445	0.631	1	1	0.665
1815	Reformed	42488	0.631	1	1	0.664
1816	Infants	42501	0.631	1	1	0.663
1817	Fact	42577	0.633	1	1	0.661
1818	carried	127788	1.898	3	3	0.66
1819	utter	42614	0.633	1	1	0.659
1820	B.	127907	1.9	3	3	0.659
1821	distinction	42763	0.635	1	1	0.654
1822	Description	42949	0.638	1	1	0.648
1823	;	9536348	141.671	222	145	0.648
1824	while	300747	4.468	7	4	0.648
1825	benefits	42986	0.639	1	1	0.647
1826	Seed	130549	1.939	3	3	0.629
1827	Forms	43593	0.648	1	1	0.627
1828	you	3714542	55.183	85	62	0.623
1829	Mark	131282	1.95	3	2	0.621
1830	alleged	43807	0.651	1	1	0.62
1831	rise	87880	1.306	2	2	0.615
1832	Camp	43972	0.653	1	1	0.614
1833	yours	44031	0.654	1	1	0.612
1834	bringing	44028	0.654	1	1	0.612
1835	p.	440626	6.546	10	7	0.611
1836	Leave	264688	3.932	6	6	0.61
1837	meet	132574	1.97	3	3	0.607
1838	Dust	44440	0.66	1	1	0.599
1839	Reputation	44574	0.662	1	1	0.595
1840	little	624322	9.275	14	13	0.594
1841	17	133873	1.989	3	2	0.593
1842	fall	267911	3.98	6	5	0.592
1843	Neck	44710	0.664	1	1	0.59
1844	di	44811	0.666	1	1	0.587
1845	unjust	44820	0.666	1	1	0.587
1846	Defence	89679	1.332	2	2	0.586
1847	forced	89873	1.335	2	2	0.583
1848	Instrument	45056	0.669	1	1	0.579
1849	bid	45051	0.669	1	1	0.579
1850	highly	45059	0.669	1	1	0.579
1851	outward	135202	2.009	3	3	0.579
1852	Hill	45286	0.673	1	1	0.572
1853	Mine	181777	2.701	4	4	0.567
1854	main	45562	0.677	1	1	0.563
1855	Math	45572	0.677	1	1	0.563
1856	settled	45575	0.677	1	1	0.563
1857	strong	182777	2.715	4	4	0.559
1858	Affliction	45899	0.682	1	1	0.552
1859	belongs	45900	0.682	1	1	0.552
1860	expected	45982	0.683	1	1	0.55
1861	whom	782727	11.628	17	15	0.548
1862	Town	184940	2.748	4	4	0.542
1863	once	277740	4.126	6	6	0.54
1864	store	46312	0.688	1	1	0.54
1865	Freedom	46462	0.69	1	1	0.535
1866	attend	46658	0.693	1	1	0.529
1867	name	607418	9.024	13	12	0.527
1868	16.	93810	1.394	2	2	0.521
1869	eternity	47176	0.701	1	1	0.513
1870	hand	471988	7.012	10	7	0.512
1871	Who	2315377	34.397	49	42	0.51
1872	History	94546	1.405	2	1	0.51
1873	hot	94567	1.405	2	2	0.51
1874	rightly	47299	0.703	1	1	0.509
1875	though	1040761	15.462	22	21	0.509
1876	give	758276	11.265	16	11	0.506
1877	self	948089	14.085	20	16	0.506
1878	United	47414	0.704	1	1	0.506
1879	Devotion	47524	0.706	1	1	0.502
1880	lately	47691	0.709	1	1	0.497
1881	sat	47715	0.709	1	1	0.496
1882	beauty	95667	1.421	2	2	0.493
1883	lower	47845	0.711	1	1	0.492
1884	saw	191431	2.844	4	2	0.492
1885	Frame	48094	0.715	1	1	0.485
1886	Lies	96467	1.433	2	2	0.481
1887	fine	96522	1.434	2	2	0.48
1888	Philip	48328	0.718	1	1	0.478
1889	worst	48340	0.718	1	1	0.478
1890	J.	48447	0.72	1	1	0.475
1891	Portion	48529	0.721	1	1	0.472
1892	Enter	145726	2.165	3	3	0.471
1893	happen	48850	0.726	1	1	0.463
1894	with	6743369	100.179	138	92	0.462
1895	12	195478	2.904	4	4	0.462
1896	St.	195546	2.905	4	4	0.461
1897	noted	48905	0.727	1	1	0.461
1898	Heavens	49058	0.729	1	1	0.456
1899	pretence	49124	0.73	1	1	0.454
1900	withal	98276	1.46	2	2	0.454
1901	rather	393402	5.844	8	8	0.453
1902	Sacrifices	49194	0.731	1	1	0.452
1903	Col.	49217	0.731	1	1	0.452
1904	O	541781	8.049	11	11	0.451
1905	the	59190422	879.328	1200	322	0.449
1906	wicked	246712	3.665	5	5	0.448
1907	abundance	49441	0.735	1	1	0.445
1908	Id	49498	0.735	1	1	0.444
1909	shall	2624249	38.986	53	33	0.443
1910	alive	49526	0.736	1	1	0.443
1911	neighbour	49578	0.737	1	1	0.441
1912	naturally	49783	0.74	1	1	0.435
1913	Golden	49785	0.74	1	1	0.435
1914	Servants	149996	2.228	3	3	0.429
1915	Lamb	50063	0.744	1	1	0.427
1916	External	50280	0.747	1	1	0.421
1917	upon	2522161	37.469	50	37	0.416
1918	v.	202373	3.006	4	4	0.412
1919	short	151930	2.257	3	3	0.41
1920	Instruments	50653	0.753	1	1	0.41
1921	6	304045	4.517	6	6	0.41
1922	Posterity	50699	0.753	1	1	0.409
1923	Behold	152112	2.26	3	3	0.409
1924	express	101655	1.51	2	2	0.405
1925	me	1731164	25.718	34	23	0.403
1926	Revealed	50925	0.757	1	1	0.403
1927	r	50984	0.757	1	1	0.401
1928	thinking	51014	0.758	1	1	0.4
1929	punished	51064	0.759	1	1	0.399
1930	Confusion	51173	0.76	1	1	0.396
1931	Fellow	51208	0.761	1	1	0.395
1932	Seat	51212	0.761	1	1	0.394
1933	ye	825703	12.267	16	11	0.383
1934	Sister	51618	0.767	1	1	0.383
1935	imagine	51686	0.768	1	1	0.381
1936	aside	51692	0.768	1	1	0.381
1937	bring	310345	4.611	6	6	0.38
1938	Sweet	155475	2.31	3	3	0.377
1939	Thousand	207672	3.085	4	4	0.375
1940	possessed	51998	0.773	1	1	0.372
1941	supreme	52026	0.773	1	1	0.372
1942	an	2497908	37.109	48	42	0.371
1943	looks	52264	0.776	1	1	0.365
1944	another	682313	10.136	13	11	0.359
1945	esteemed	52613	0.782	1	1	0.355
1946	excuse	52632	0.782	1	1	0.355
1947	suddenly	53066	0.788	1	1	0.343
1948	Instance	53150	0.79	1	1	0.341
1949	your	2073026	30.797	39	23	0.341
1950	cause	585252	8.695	11	8	0.339
1951	spent	53460	0.794	1	1	0.332
1952	Count	53522	0.795	1	1	0.331
1953	wound	53525	0.795	1	1	0.331
1954	between	321208	4.772	6	5	0.33
1955	Heathen	53596	0.796	1	1	0.329
1956	Special	107206	1.593	2	1	0.329
1957	de	804522	11.952	15	8	0.328
1958	mouth	161086	2.393	3	3	0.326
1959	mighty	107406	1.596	2	2	0.326
1960	,	97296499	1445.429	1809	447	0.324
1961	sound	107925	1.603	2	2	0.319
1962	inferior	54087	0.804	1	1	0.316
1963	drawn	108352	1.61	2	2	0.313
1964	Israel	162651	2.416	3	3	0.312
1965	Glass	54513	0.81	1	1	0.304
1966	deceived	54539	0.81	1	1	0.304
1967	lusts	54617	0.811	1	1	0.302
1968	dear	109293	1.624	2	2	0.301
1969	none	383245	5.694	7	7	0.298
1970	brings	54834	0.815	1	1	0.296
1971	Walls	54925	0.816	1	1	0.293
1972	Talk	54978	0.817	1	1	0.292
1973	VI	55012	0.817	1	1	0.291
1974	Children	387096	5.751	7	5	0.284
1975	Henry	110662	1.644	2	1	0.283
1976	Ordinances	55387	0.823	1	1	0.281
1977	my	2492426	37.027	45	31	0.281
1978	better	443737	6.592	8	6	0.279
1979	room	55576	0.826	1	1	0.276
1980	does	222564	3.306	4	4	0.275
1981	Generation	55724	0.828	1	1	0.273
1982	love	838220	12.453	15	14	0.269
1983	no	2739631	40.7	49	38	0.268
1984	would	1733888	25.759	31	28	0.267
1985	away	504942	7.501	9	8	0.263
1986	Breast	56115	0.834	1	1	0.263
1987	Consciences	56276	0.836	1	1	0.258
1988	accounted	56307	0.837	1	1	0.258
1989	brought	394377	5.859	7	7	0.257
1990	render	56345	0.837	1	1	0.257
1991	luck	56354	0.837	1	1	0.256
1992	Mountains	56383	0.838	1	1	0.256
1993	Interest	112821	1.676	2	2	0.255
1994	Feast	56711	0.843	1	1	0.247
1995	wrath	113648	1.688	2	2	0.244
1996	clearly	57009	0.847	1	1	0.24
1997	is	12301699	182.753	215	115	0.234
1998	dark	57339	0.852	1	1	0.231
1999	often	229358	3.407	4	4	0.231
2000	cast	229673	3.412	4	3	0.229
2001	this	6548918	97.29	114	59	0.229
2002	distance	57644	0.856	1	1	0.224
2003	Arms	173309	2.575	3	3	0.221
2004	fallen	57829	0.859	1	1	0.219
2005	finding	57977	0.861	1	1	0.215
2006	title	115960	1.723	2	2	0.215
2007	sight	174034	2.585	3	3	0.215
2008	said	1514302	22.496	26	16	0.209
2009	wont	58350	0.867	1	1	0.206
2010	Commission	58345	0.867	1	1	0.206
2011	shut	58420	0.868	1	1	0.204
2012	Occasions	58514	0.869	1	1	0.202
2013	length	117029	1.739	2	2	0.202
2014	thy	1346327	20.001	23	17	0.202
2015	giving	117136	1.74	2	2	0.201
2016	taste	58748	0.873	1	1	0.196
2017	thought	352735	5.24	6	4	0.195
2018	Cardinal	58899	0.875	1	1	0.193
2019	I	6187300	91.918	105	65	0.192
2020	Ceremonies	59141	0.879	1	1	0.187
2021	wait	59233	0.88	1	1	0.184
2022	measure	118535	1.761	2	2	0.184
2023	How	1244740	18.492	21	17	0.184
2024	three	474878	7.055	8	7	0.181
2025	condemn	59378	0.882	1	1	0.181
2026	Term	59683	0.887	1	1	0.174
2027	Conscience	238823	3.548	4	4	0.173
2028	.	39047260	580.083	654	251	0.173
2029	and	37698224	560.042	630	265	0.17
2030	e.	119746	1.779	2	2	0.169
2031	Magistrates	59888	0.89	1	1	0.169
2032	sake	119831	1.78	2	2	0.168
2033	Names	120160	1.785	2	2	0.164
2034	send	120341	1.788	2	2	0.162
2035	Story	60177	0.894	1	1	0.162
2036	nor	1146191	17.028	19	16	0.158
2037	quiet	60323	0.896	1	1	0.158
2038	Face	181454	2.696	3	3	0.154
2039	breath	60807	0.903	1	1	0.147
2040	Confidence	60886	0.905	1	1	0.145
2041	ere	61209	0.909	1	1	0.137
2042	party	122702	1.823	2	2	0.134
2043	Land	307074	4.562	5	2	0.132
2044	join	61462	0.913	1	1	0.131
2045	began	184715	2.744	3	3	0.129
2046	killed	61673	0.916	1	1	0.126
2047	l.	308378	4.581	5	4	0.126
2048	along	61778	0.918	1	1	0.124
2049	England	309285	4.595	5	5	0.122
2050	Italy	62147	0.923	1	1	0.115
2051	every	1057014	15.703	17	16	0.115
2052	pleasure	186565	2.772	3	3	0.114
2053	scarce	62192	0.924	1	1	0.114
2054	changed	62232	0.925	1	1	0.113
2055	will	2993503	44.471	48	43	0.11
2056	pretended	62449	0.928	1	1	0.108
2057	prevent	62672	0.931	1	1	0.103
2058	inhabitants	62803	0.933	1	1	0.1
2059	II	125905	1.87	2	2	0.097
2060	Powers	63000	0.936	1	1	0.096
2061	Prison	63013	0.936	1	1	0.095
2062	had	2740575	40.714	43	35	0.079
2063	Carnal	63756	0.947	1	1	0.078
2064	of	39170514	581.914	614	269	0.077
2065	tell	255280	3.792	4	4	0.077
2066	Business	128020	1.902	2	2	0.073
2067	offence	64157	0.953	1	1	0.069
2068	difference	128593	1.91	2	2	0.066
2069	door	64326	0.956	1	1	0.066
2070	yea	321813	4.781	5	5	0.065
2071	known	257669	3.828	4	4	0.063
2072	Well	1096551	16.29	17	16	0.062
2073	let	968524	14.388	15	15	0.06
2074	many	1356675	20.155	21	19	0.059
2075	haste	258415	3.839	4	4	0.059
2076	pleased	129448	1.923	2	2	0.057
2077	Months	65020	0.966	1	1	0.05
2078	too	521045	7.741	8	8	0.048
2079	bear	196568	2.92	3	3	0.039
2080	Anger	65536	0.974	1	1	0.039
2081	judge	262867	3.905	4	4	0.035
2082	did	1515759	22.518	23	20	0.031
2083	State	329799	4.9	5	4	0.029
2084	Gentleman	66021	0.981	1	1	0.028
2085	higher	66116	0.982	1	1	0.026
2086	destroyed	66138	0.983	1	1	0.025
2087	thee	728077	10.816	11	9	0.024
2088	went	264770	3.933	4	3	0.024
2089	29	66407	0.987	1	1	0.02
2090	s	133183	1.979	2	1	0.016
2091	save	133689	1.986	2	2	0.01
2092	trial	66850	0.993	1	1	0.01
2093	Issue	66951	0.995	1	1	0.008
2094	lose	66954	0.995	1	1	0.008
2095	persuaded	67094	0.997	1	1	0.005
2096	was	5179337	76.944	77	55	0.001
2097	s.	403850	6	6	5	0
2098	Letter	134624	2	2	2	n/a
2099	Clergy	67422	1.002	1	1	-0.002
2100	draw	134904	2.004	2	2	-0.003
2101	private	134915	2.004	2	2	-0.003
2102	miserable	67471	1.002	1	1	-0.003
2103	hath	1823449	27.089	27	18	-0.005
2104	Month	67860	1.008	1	1	-0.012
2105	next	271507	4.034	4	2	-0.012
2106	where	1086411	16.14	16	13	-0.013
2107	dare	135920	2.019	2	2	-0.014
2108	Throne	68392	1.016	1	1	-0.023
2109	large	136943	2.034	2	2	-0.025
2110	Malice	68470	1.017	1	1	-0.025
2111	that	17465266	259.463	254	139	-0.031
2112	father	550491	8.178	8	7	-0.032
2113	answered	137849	2.048	2	2	-0.034
2114	lawful	138238	2.054	2	2	-0.038
2115	particularly	69414	1.031	1	1	-0.044
2116	bare	69451	1.032	1	1	-0.045
2117	strange	139257	2.069	2	1	-0.049
2118	Sons	139530	2.073	2	2	-0.052
2119	Ghost	139834	2.077	2	2	-0.055
2120	Denied	69953	1.039	1	1	-0.055
2121	divers	210634	3.129	3	3	-0.061
2122	cut	140466	2.087	2	2	-0.061
2123	high	281250	4.178	4	4	-0.063
2124	what	2320680	34.476	33	25	-0.063
2125	else	281410	4.181	4	4	-0.064
2126	account	211262	3.139	3	3	-0.065
2127	Saying	211699	3.145	3	3	-0.068
2128	follow	211834	3.147	3	3	-0.069
2129	almost	141302	2.099	2	2	-0.07
2130	at	3182175	47.274	45	40	-0.071
2131	can	1982819	29.457	28	26	-0.073
2132	praise	141937	2.109	2	2	-0.076
2133	)	3126749	46.451	44	29	-0.078
2134	Fathers	213875	3.177	3	3	-0.083
2135	long	571124	8.485	8	8	-0.085
2136	following	142882	2.123	2	1	-0.086
2137	utterly	71440	1.061	1	1	-0.086
2138	For	9369441	139.192	131	88	-0.088
2139	d	143450	2.131	2	2	-0.092
2140	Arguments	71833	1.067	1	1	-0.094
2141	wickedness	71915	1.068	1	1	-0.095
2142	Free	216340	3.214	3	3	-0.099
2143	Raise	72133	1.072	1	1	-0.1
2144	knows	144623	2.149	2	2	-0.103
2145	because	1157094	17.19	16	11	-0.103
2146	one	2538275	37.708	35	24	-0.108
2147	pleasant	72707	1.08	1	1	-0.111
2148	But	6983890	103.752	96	74	-0.112
2149	F.	73082	1.086	1	1	-0.119
2150	expect	73209	1.088	1	1	-0.121
2151	First	1465032	21.764	20	17	-0.122
2152	Kingdoms	73313	1.089	1	1	-0.123
2153	fail	73352	1.09	1	1	-0.124
2154	Noble	146938	2.183	2	2	-0.126
2155	be	9896153	147.016	134	95	-0.134
2156	red	74028	1.1	1	1	-0.137
2157	during	74035	1.1	1	1	-0.137
2158	there	2595192	38.554	35	28	-0.14
2159	Against	1339213	19.895	18	16	-0.144
2160	Court	223217	3.316	3	3	-0.145
2161	new	447014	6.641	6	6	-0.146
2162	if	3293480	48.928	44	38	-0.153
2163	Effects	75047	1.115	1	1	-0.157
2164	done	601055	8.929	8	3	-0.159
2165	forces	75262	1.118	1	1	-0.161
2166	Isa.	75282	1.118	1	1	-0.161
2167	seemed	75334	1.119	1	1	-0.162
2168	Latin	75364	1.12	1	1	-0.163
2169	agree	75479	1.121	1	1	-0.165
2170	Edward	75687	1.124	1	1	-0.169
2171	among	379416	5.637	5	5	-0.173
2172	wisdom	228022	3.388	3	1	-0.175
2173	always	304181	4.519	4	4	-0.176
2174	may	2661871	39.545	35	27	-0.176
2175	Popes	76677	1.139	1	1	-0.188
2176	Besides	231481	3.439	3	3	-0.197
2177	unless	154621	2.297	2	2	-0.2
2178	to	27864128	413.947	359	185	-0.205
2179	Gift	77682	1.154	1	1	-0.207
2180	27	77948	1.158	1	1	-0.212
2181	credit	77984	1.159	1	1	-0.212
2182	root	78309	1.163	1	1	-0.218
2183	Nay	158341	2.352	2	2	-0.234
2184	rest	396125	5.885	5	5	-0.235
2185	signifies	79472	1.181	1	1	-0.24
2186	lay	238823	3.548	3	3	-0.242
2187	spiritual	239256	3.554	3	3	-0.245
2188	abroad	80124	1.19	1	1	-0.251
2189	much	1448309	21.516	18	17	-0.257
2190	Lives	161569	2.4	2	2	-0.263
2191	further	242781	3.607	3	3	-0.266
2192	Enemy	162072	2.408	2	2	-0.268
2193	Victory	81232	1.207	1	1	-0.271
2194	profession	81244	1.207	1	1	-0.271
2195	should	1871070	27.797	23	22	-0.273
2196	Knight	81427	1.21	1	1	-0.275
2197	given	491070	7.295	6	5	-0.282
2198	13	164052	2.437	2	2	-0.285
2199	forth	410791	6.103	5	5	-0.288
2200	since	412107	6.122	5	4	-0.292
2201	(	3147389	46.757	38	24	-0.299
2202	un	83123	1.235	1	1	-0.304
2203	Come	1165618	17.316	14	13	-0.307
2204	lead	83367	1.239	1	1	-0.309
2205	acknowledge	83501	1.241	1	1	-0.311
2206	7	251211	3.732	3	2	-0.315
2207	his	9217642	136.937	110	68	-0.316
2208	cure	84022	1.248	1	1	-0.32
2209	grief	84127	1.25	1	1	-0.322
2210	less	337828	5.019	4	4	-0.327
2211	Tears	84461	1.255	1	1	-0.327
2212	ordained	84488	1.255	1	1	-0.328
2213	chosen	84591	1.257	1	1	-0.33
2214	verse	254782	3.785	3	2	-0.335
2215	piece	85080	1.264	1	1	-0.338
2216	comes	255457	3.795	3	3	-0.339
2217	precious	85205	1.266	1	1	-0.34
2218	found	426408	6.335	5	4	-0.341
2219	:	8018849	119.127	94	69	-0.342
2220	Author	170634	2.535	2	2	-0.342
2221	Patience	85500	1.27	1	1	-0.345
2222	Officers	85656	1.273	1	1	-0.348
2223	obey	85680	1.273	1	1	-0.348
2224	Wit	172149	2.557	2	2	-0.355
2225	joined	86338	1.283	1	1	-0.359
2226	never	778679	11.568	9	9	-0.362
2227	Table	86761	1.289	1	1	-0.366
2228	named	86879	1.291	1	1	-0.368
2229	ready	174387	2.591	2	1	-0.373
2230	show	349122	5.187	4	4	-0.375
2231	returned	87529	1.3	1	1	-0.379
2232	Thus	788750	11.718	9	8	-0.381
2233	as	9292085	138.043	106	69	-0.381
2234	knowing	87901	1.306	1	1	-0.385
2235	terms	88303	1.312	1	1	-0.392
2236	made	1503973	22.343	17	16	-0.394
2237	30	88541	1.315	1	1	-0.396
2238	out	1686345	25.052	19	18	-0.399
2239	ill	177562	2.638	2	2	-0.399
2240	Original	88923	1.321	1	1	-0.402
2241	seems	178155	2.647	2	2	-0.404
2242	Q.	89193	1.325	1	1	-0.406
2243	Joy	178769	2.656	2	2	-0.409
2244	conclude	89613	1.331	1	1	-0.413
2245	think	539870	8.02	6	5	-0.419
2246	acts	180390	2.68	2	2	-0.422
2247	Chief	180904	2.688	2	2	-0.426
2248	Empire	90491	1.344	1	1	-0.427
2249	deliver	90659	1.347	1	1	-0.43
2250	take	907131	13.476	10	10	-0.43
2251	remain	90767	1.348	1	1	-0.431
2252	black	90820	1.349	1	1	-0.432
2253	beginning	182083	2.705	2	2	-0.436
2254	easy	91240	1.356	1	1	-0.439
2255	Guilty	91473	1.359	1	1	-0.442
2256	judges	91633	1.361	1	1	-0.445
2257	25	91872	1.365	1	1	-0.449
2258	stay	91988	1.367	1	1	-0.451
2259	want	185706	2.759	2	2	-0.464
2260	being	1764433	26.212	19	18	-0.464
2261	used	278736	4.141	3	3	-0.465
2262	do	2417629	35.916	26	22	-0.466
2263	up	1119358	16.629	12	12	-0.471
2264	Saint	186918	2.777	2	2	-0.473
2265	Reader	93498	1.389	1	1	-0.474
2266	ask	93732	1.393	1	1	-0.478
2267	Riches	93796	1.393	1	1	-0.479
2268	Duke	187759	2.789	2	2	-0.48
2269	ones	94155	1.399	1	1	-0.484
2270	Shame	94222	1.4	1	1	-0.485
2271	Second	377815	5.613	4	3	-0.489
2272	Advantage	94526	1.404	1	1	-0.49
2273	Sacred	94725	1.407	1	1	-0.493
2274	die	284558	4.227	3	3	-0.495
2275	now	1519152	22.568	16	16	-0.496
2276	bad	95210	1.414	1	1	-0.5
2277	Sense	285637	4.243	3	3	-0.5
2278	15.	95551	1.42	1	1	-0.505
2279	suffer	191145	2.84	2	2	-0.506
2280	happiness	95587	1.42	1	1	-0.506
2281	from	3924250	58.298	41	34	-0.508
2282	he	9215356	136.903	96	70	-0.512
2283	offer	96063	1.427	1	1	-0.513
2284	taken	481305	7.15	5	5	-0.516
2285	Here	866663	12.875	9	9	-0.517
2286	are	5017099	74.534	52	37	-0.519
2287	Speaking	96859	1.439	1	1	-0.525
2288	liberty	193859	2.88	2	2	-0.526
2289	power	776557	11.537	8	8	-0.528
2290	begin	97196	1.444	1	1	-0.53
2291	required	97239	1.445	1	1	-0.531
2292	after	1272516	18.904	13	11	-0.54
2293	strength	196140	2.914	2	2	-0.543
2294	not	8929558	132.657	91	63	-0.544
2295	everlasting	98162	1.458	1	1	-0.544
2296	through	491298	7.299	5	5	-0.546
2297	People	885047	13.148	9	6	-0.547
2298	such	2262212	33.607	23	19	-0.547
2299	more	2262327	33.609	23	20	-0.547
2300	continued	98376	1.462	1	1	-0.547
2301	granted	98434	1.462	1	1	-0.548
2302	Affairs	98583	1.465	1	1	-0.55
2303	say	1089806	16.19	11	11	-0.558
2304	Image	99324	1.476	1	1	-0.561
2305	Beasts	99530	1.479	1	1	-0.564
2306	&c.	299097	4.443	3	3	-0.567
2307	by	7416468	110.178	74	53	-0.574
2308	greatest	200955	2.985	2	2	-0.578
2309	declare	100528	1.493	1	1	-0.579
2310	principal	100602	1.495	1	1	-0.58
2311	consideration	100610	1.495	1	1	-0.58
2312	could	808277	12.008	8	8	-0.586
2313	Royal	101049	1.501	1	1	-0.586
2314	Put	607656	9.027	6	6	-0.589
2315	says	304429	4.523	3	3	-0.592
2316	Catholic	101512	1.508	1	1	-0.593
2317	Religion	406309	6.036	4	4	-0.594
2318	content	101607	1.51	1	1	-0.594
2319	Communion	101932	1.514	1	1	-0.599
2320	sorts	102012	1.516	1	1	-0.6
2321	la	204980	3.045	2	2	-0.607
2322	Feet	102703	1.526	1	1	-0.609
2323	Testimony	102732	1.526	1	1	-0.61
2324	two	926661	13.766	9	9	-0.613
2325	Speech	103090	1.532	1	1	-0.615
2326	1	1451762	21.567	14	12	-0.623
2327	Man	1972758	29.307	19	17	-0.625
2328	pro	103839	1.543	1	1	-0.625
2329	sign	104160	1.547	1	1	-0.63
2330	H.	104565	1.553	1	1	-0.635
2331	Custom	105184	1.563	1	1	-0.644
2332	longer	105304	1.564	1	1	-0.646
2333	promised	105333	1.565	1	1	-0.646
2334	Pride	105444	1.567	1	1	-0.648
2335	sayeth	633645	9.413	6	6	-0.65
2336	When	2343068	34.808	22	20	-0.662
2337	Case	319514	4.747	3	3	-0.662
2338	motion	106536	1.583	1	1	-0.662
2339	him	4270811	63.447	40	35	-0.666
2340	13.	106799	1.587	1	1	-0.666
2341	minds	106848	1.587	1	1	-0.667
2342	Parliament	214227	3.183	2	2	-0.67
2343	Live	322774	4.795	3	3	-0.677
2344	public	215912	3.208	2	2	-0.681
2345	likewise	215998	3.209	2	1	-0.682
2346	then	2700348	40.116	25	23	-0.682
2347	somewhat	108061	1.605	1	1	-0.683
2348	Jerusalem	108264	1.608	1	1	-0.686
2349	grow	108376	1.61	1	1	-0.687
2350	in	20011385	297.288	184	116	-0.692
2351	hands	327530	4.866	3	3	-0.698
2352	So	5366625	79.726	49	38	-0.702
2353	help	220081	3.27	2	2	-0.709
2354	stone	110110	1.636	1	1	-0.71
2355	mentioned	110171	1.637	1	1	-0.711
2356	also	1433690	21.299	13	11	-0.712
2357	about	661900	9.833	6	5	-0.713
2358	design	110482	1.641	1	1	-0.715
2359	promises	110749	1.645	1	1	-0.718
2360	le	110821	1.646	1	1	-0.719
2361	walk	111166	1.652	1	1	-0.724
2362	together	444738	6.607	4	3	-0.724
2363	which	6940930	103.114	62	40	-0.734
2364	Note	111981	1.664	1	1	-0.734
2365	Creature	112250	1.668	1	1	-0.738
2366	meant	112513	1.672	1	1	-0.741
2367	last	450430	6.692	4	4	-0.742
2368	Earth	451529	6.708	4	4	-0.746
2369	5	338721	5.032	3	3	-0.746
2370	caused	113016	1.679	1	1	-0.748
2371	ordinary	113361	1.684	1	1	-0.752
2372	Fourth	113523	1.687	1	1	-0.754
2373	lived	113584	1.687	1	1	-0.755
2374	seen	227877	3.385	2	2	-0.759
2375	full	343239	5.099	3	2	-0.765
2376	Yet	1835928	27.274	16	13	-0.769
2377	11.	115752	1.72	1	1	-0.782
2378	Having	579260	8.605	5	5	-0.783
2379	Members	116122	1.725	1	1	-0.787
2380	near	232787	3.458	2	2	-0.79
2381	remember	116819	1.736	1	1	-0.795
2382	find	472931	7.026	4	3	-0.813
2383	proved	118293	1.757	1	1	-0.813
2384	only	1544540	22.946	13	11	-0.82
2385	heavenly	118984	1.768	1	1	-0.822
2386	Cold	119553	1.776	1	1	-0.829
2387	presently	119716	1.779	1	1	-0.831
2388	believe	363239	5.396	3	3	-0.847
2389	must	1333555	19.811	11	9	-0.849
2390	Third	242706	3.606	2	2	-0.85
2391	even	607522	9.025	5	4	-0.852
2392	2	973176	14.457	8	7	-0.854
2393	took	243304	3.615	2	2	-0.854
2394	War	243324	3.615	2	2	-0.854
2395	been	1095200	16.27	9	8	-0.854
2396	hold	243646	3.62	2	2	-0.856
2397	mean	244094	3.626	2	2	-0.858
2398	they	6960305	103.402	57	39	-0.859
2399	Bishop	244304	3.629	2	2	-0.86
2400	person	366738	5.448	3	3	-0.861
2401	past	123448	1.834	1	1	-0.875
2402	Except	124877	1.855	1	1	-0.892
2403	side	250068	3.715	2	2	-0.893
2404	understood	125485	1.864	1	1	-0.899
2405	each	252025	3.744	2	2	-0.905
2406	trust	126242	1.875	1	1	-0.907
2407	have	4691254	69.693	37	36	-0.913
2408	betwixt	127079	1.888	1	1	-0.917
2409	confess	127821	1.899	1	1	-0.925
2410	most	1280269	19.02	10	9	-0.927
2411	Sword	128215	1.905	1	1	-0.93
2412	words	643917	9.566	5	4	-0.936
2413	glorious	128843	1.914	1	1	-0.937
2414	Creatures	128964	1.916	1	1	-0.938
2415	Grace	516661	7.676	4	3	-0.94
2416	Kingdom	388117	5.766	3	2	-0.943
2417	doing	129395	1.922	1	1	-0.943
2418	18	129797	1.928	1	1	-0.947
2419	Truth	521766	7.751	4	4	-0.954
2420	ever	652700	9.697	5	4	-0.956
2421	former	261116	3.879	2	2	-0.956
2422	King	1308410	19.438	10	8	-0.959
2423	some	1845849	27.422	14	13	-0.97
2424	happy	132157	1.963	1	1	-0.973
2425	Thence	133035	1.976	1	1	-0.983
2426	World	932868	13.859	7	7	-0.985
2427	all	5908829	87.781	44	30	-0.996
2428	teach	134574	1.999	1	1	-0.999
2429	run	134767	2.002	1	1	-1.002
2430	cross	135455	2.012	1	1	-1.009
2431	life	948809	14.095	7	7	-1.01
2432	might	949632	14.108	7	6	-1.011
2433	mind	407887	6.06	3	3	-1.014
2434	Bound	138712	2.061	1	1	-1.043
2435	hence	139086	2.066	1	1	-1.047
2436	under	696455	10.347	5	5	-1.049
2437	received	280865	4.173	2	2	-1.061
2438	greater	281340	4.18	2	2	-1.063
2439	si	141064	2.096	1	1	-1.067
2440	these	1985969	29.503	14	10	-1.075
2441	Blood	426566	6.337	3	3	-1.079
2442	left	284479	4.226	2	2	-1.079
2443	Rich	142318	2.114	1	1	-1.08
2444	years	427133	6.346	3	3	-1.081
2445	actions	142378	2.115	1	1	-1.081
2446	3	571164	8.485	4	4	-1.085
2447	home	144093	2.141	1	1	-1.098
2448	4	434750	6.459	3	3	-1.106
2449	20	145215	2.157	1	1	-1.109
2450	gave	290757	4.32	2	2	-1.111
2451	Priests	145909	2.168	1	1	-1.116
2452	Fire	294315	4.372	2	2	-1.128
2453	Spirits	147223	2.187	1	1	-1.129
2454	set	595126	8.841	4	4	-1.144
2455	Hell	149518	2.221	1	1	-1.151
2456	D.	149564	2.222	1	1	-1.152
2457	Book	299396	4.448	2	2	-1.153
2458	whence	149816	2.226	1	1	-1.154
2459	Authority	299886	4.455	2	2	-1.155
2460	true	751380	11.162	5	5	-1.159
2461	word	751485	11.164	5	4	-1.159
2462	necessity	150548	2.237	1	1	-1.161
2463	indeed	301803	4.484	2	2	-1.165
2464	were	2871299	42.656	19	16	-1.167
2465	fell	151275	2.247	1	1	-1.168
2466	effect	151431	2.25	1	1	-1.17
2467	7.	151741	2.254	1	1	-1.173
2468	easily	151870	2.256	1	1	-1.174
2469	Nature	607747	9.029	4	4	-1.175
2470	Gold	152169	2.261	1	1	-1.177
2471	Moses	152440	2.265	1	1	-1.179
2472	several	304872	4.529	2	2	-1.179
2473	speaks	153099	2.274	1	1	-1.185
2474	plain	154580	2.296	1	1	-1.199
2475	Five	154870	2.301	1	1	-1.202
2476	kind	310094	4.607	2	2	-1.204
2477	excellent	155285	2.307	1	1	-1.206
2478	sufficient	156507	2.325	1	1	-1.217
2479	again	627628	9.324	4	4	-1.221
2480	Peter	156920	2.331	1	1	-1.221
2481	Bread	156950	2.332	1	1	-1.221
2482	into	1727535	25.664	11	11	-1.222
2483	own	1256418	18.665	8	8	-1.222
2484	Works	315242	4.683	2	2	-1.227
2485	Estate	157763	2.344	1	1	-1.229
2486	Vain	158202	2.35	1	1	-1.233
2487	until	158797	2.359	1	1	-1.238
2488	3.	318523	4.732	2	2	-1.242
2489	came	478712	7.112	3	3	-1.245
2490	Their	5435041	80.743	34	30	-1.248
2491	Secondly	160056	2.378	1	1	-1.25
2492	nothing	640275	9.512	4	4	-1.25
2493	See	961542	14.285	6	5	-1.251
2494	good	1608969	23.903	10	10	-1.257
2495	act	322490	4.791	2	2	-1.26
2496	right	484646	7.2	3	3	-1.263
2497	Scripture	324647	4.823	2	2	-1.27
2498	14	162434	2.413	1	1	-1.271
2499	knew	162531	2.415	1	1	-1.272
2500	late	162556	2.415	1	1	-1.272
2501	proper	163180	2.424	1	1	-1.278
2502	seek	163878	2.435	1	1	-1.284
2503	general	331599	4.926	2	2	-1.3
2504	seem	166761	2.477	1	1	-1.309
2505	very	1174247	17.445	7	7	-1.317
2506	doubt	169037	2.511	1	1	-1.328
2507	it	11231693	166.857	66	51	-1.338
2508	Whereas	170273	2.53	1	1	-1.339
2509	Brother	170744	2.537	1	1	-1.343
2510	unto	1880305	27.934	11	9	-1.345
2511	thereby	172833	2.568	1	1	-1.36
2512	day	864384	12.841	5	5	-1.361
2513	Holy	701649	10.424	4	4	-1.382
2514	Command	177468	2.637	1	1	-1.399
2515	before	1422340	21.13	8	7	-1.401
2516	11	177974	2.644	1	1	-1.403
2517	whole	534092	7.934	3	3	-1.403
2518	body	712249	10.581	4	4	-1.403
2519	time	1426900	21.198	8	8	-1.406
2520	Charge	178431	2.651	1	1	-1.406
2521	above	357391	5.309	2	2	-1.409
2522	neither	537051	7.978	3	3	-1.411
2523	Bishops	179221	2.663	1	1	-1.413
2524	th	180132	2.676	1	1	-1.42
2525	Mans	181090	2.69	1	1	-1.428
2526	without	1089706	16.189	6	4	-1.432
2527	promise	182124	2.706	1	1	-1.436
2528	Sin	729699	10.84	4	4	-1.438
2529	Wherefore	183911	2.732	1	1	-1.45
2530	know	736780	10.946	4	4	-1.452
2531	either	552589	8.209	3	2	-1.452
2532	certain	370843	5.509	2	2	-1.462
2533	we	4105074	60.985	22	18	-1.471
2534	t	186780	2.775	1	1	-1.472
2535	Honour	374182	5.559	2	2	-1.475
2536	Speak	374513	5.564	2	2	-1.476
2537	open	187653	2.788	1	1	-1.479
2538	any	2444028	36.308	13	13	-1.482
2539	Saviour	188665	2.803	1	1	-1.487
2540	way	756236	11.235	4	4	-1.49
2541	till	379902	5.644	2	2	-1.497
2542	Friends	189996	2.823	1	1	-1.497
2543	present	383135	5.692	2	2	-1.509
2544	gives	192161	2.855	1	1	-1.513
2545	Occasion	193025	2.868	1	1	-1.52
2546	Saints	194939	2.896	1	1	-1.534
2547	Condition	196366	2.917	1	1	-1.545
2548	quod	196567	2.92	1	1	-1.546
2549	days	393520	5.846	2	2	-1.547
2550	fit	197019	2.927	1	1	-1.549
2551	Jews	197436	2.933	1	1	-1.552
2552	sort	197789	2.938	1	1	-1.555
2553	means	397591	5.907	2	2	-1.562
2554	serve	198842	2.954	1	1	-1.563
2555	few	199429	2.963	1	1	-1.567
2556	use	603174	8.961	3	3	-1.579
2557	Age	202681	3.011	1	1	-1.59
2558	Fair	204535	3.039	1	1	-1.603
2559	Subject	206440	3.067	1	1	-1.617
2560	appear	209107	3.107	1	1	-1.635
2561	same	1256120	18.661	6	6	-1.637
2562	5.	210462	3.127	1	1	-1.645
2563	them	4855982	72.14	23	20	-1.649
2564	hundred	212307	3.154	1	1	-1.657
2565	work	425644	6.323	2	2	-1.661
2566	whether	435425	6.469	2	2	-1.693
2567	Spirit	654859	9.729	3	2	-1.697
2568	whereby	220196	3.271	1	1	-1.71
2569	especially	220705	3.279	1	1	-1.713
2570	service	222275	3.302	1	1	-1.723
2571	thing	892670	13.261	4	4	-1.729
2572	heard	225126	3.345	1	1	-1.742
2573	Lords	228223	3.391	1	1	-1.761
2574	thereof	458302	6.809	2	2	-1.767
2575	Seeing	231216	3.435	1	1	-1.78
2576	manner	467036	6.938	2	2	-1.795
2577	10	233570	3.47	1	1	-1.795
2578	Stand	235721	3.502	1	1	-1.808
2579	pass	235903	3.505	1	1	-1.809
2580	Hearts	239757	3.562	1	1	-1.833
2581	Pope	240165	3.568	1	1	-1.835
2582	Paul	240876	3.578	1	1	-1.839
2583	Virtue	240899	3.579	1	1	-1.839
2584	8	242055	3.596	1	1	-1.846
2585	pray	242183	3.598	1	1	-1.847
2586	both	976138	14.501	4	4	-1.858
2587	its	492268	7.313	2	2	-1.87
2588	4.	246979	3.669	1	1	-1.875
2589	Heaven	503504	7.48	2	2	-1.903
2590	Page	252043	3.744	1	1	-1.905
2591	four	252980	3.758	1	1	-1.91
2592	themselves	761621	11.315	3	3	-1.915
2593	Enemies	253975	3.773	1	1	-1.916
2594	Look	255208	3.791	1	1	-1.923
2595	concerning	262903	3.906	1	1	-1.966
2596	Number	269531	4.004	1	1	-2.001
2597	over	545201	8.1	2	1	-2.018
2598	hear	273421	4.062	1	1	-2.022
2599	Part	827721	12.297	3	2	-2.035
2600	soul	555660	8.255	2	2	-2.045
2601	those	1667771	24.776	6	6	-2.046
2602	Just	281045	4.175	1	1	-2.062
2603	Knowledge	282458	4.196	1	1	-2.069
2604	Eyes	285959	4.248	1	1	-2.087
2605	Lord	1459090	21.676	5	5	-2.116
2606	Doctrine	304623	4.526	1	1	-2.178
2607	Men	1835942	27.275	6	6	-2.185
2608	therefore	1231317	18.292	4	4	-2.193
2609	Christ	1858951	27.616	6	6	-2.202
2610	us	2216337	32.926	7	7	-2.234
2611	order	331304	4.922	1	1	-2.299
2612	others	665440	9.886	2	2	-2.305
2613	wherein	332751	4.943	1	1	-2.305
2614	other	2103223	31.245	6	6	-2.381
2615	year	352165	5.232	1	1	-2.387
2616	death	707920	10.517	2	2	-2.395
2617	within	355110	5.276	1	1	-2.399
2618	himself	1068396	15.872	3	3	-2.403
2619	2.	358494	5.326	1	1	-2.413
2620	sins	361871	5.376	1	1	-2.427
2621	Answer	362673	5.388	1	1	-2.43
2622	Peace	369451	5.489	1	1	-2.456
2623	God	4174430	62.015	11	11	-2.495
2624	Glory	384462	5.712	1	1	-2.514
2625	persons	384539	5.713	1	1	-2.514
2626	&	2737777	40.672	7	7	-2.539
2627	Light	399350	5.933	1	1	-2.569
2628	Jesus	399809	5.94	1	1	-2.57
2629	fear	406154	6.034	1	1	-2.593
2630	Ought	406522	6.039	1	1	-2.594
2631	innon-Latinalphabet	427513	6.351	1	1	-2.667
2632	Matter	427808	6.356	1	1	-2.668
2633	far	439291	6.526	1	1	-2.706
2634	according	502781	7.469	1	1	-2.901
2635	Heart	559805	8.316	1	1	-3.056
2636	end	571167	8.485	1	1	-3.085
2637	Reason	664880	9.877	1	1	-3.304
2638	our	3333885	49.528	5	5	-3.308
2639	things	1357990	20.174	2	2	-3.334
2640	Law	712338	10.582	1	1	-3.404
2641	Faith	762492	11.328	1	1	-3.502
2642	place	808630	12.013	1	1	-3.587
2643	doth	963309	14.311	1	1	-3.839
2644	murmuryou	1	0	1	1	n/a
2645	stipry	1	0	1	1	n/a
2646	Sanclius	1	0	1	1	n/a
2647	Sin-trimmed	1	0	1	1	n/a
2648	Men-Players	3	0	1	1	n/a
2649	Ratcliffe-Hill	2	0	2	2	n/a
2650	eterniie	1	0	1	1	n/a
2651	rletta	1	0	1	1	n/a
2652	Kedeshah	3	0	1	1	n/a
2653	verriest	3	0	1	1	n/a
2654	Heiressbut	2	0	1	1	n/a
2655	Eating-Pimps	1	0	1	1	n/a
2656	Polhore	1	0	2	1	n/a
2657	Ramumque	1	0	1	1	n/a
2658	seeThere	2	0	1	1	n/a
2659	lnclination	1	0	1	1	n/a
2660	Whimscy	1	0	1	1	n/a
2661	Harpers-town	1	0	1	1	n/a
2662	Tantums	1	0	1	1	n/a
2663	Lockrum-jaws	2	0	1	1	n/a
2664	Attainments.	3	0	1	1	n/a
2665	smoaky-coverlid	2	0	1	1	n/a
2666	Ratcliff-Hill	1	0	1	1	n/a
2667	Hoylin	3	0	1	1	n/a
2668	Sancyer	1	0	1	1	n/a
2669	Charldon	2	0	1	1	n/a
2670	un-vailed	3	0	1	1	n/a
2671	elseO	2	0	1	1	n/a
2672	Horeles	2	0	1	1	n/a
2673	risolve	1	0	1	1	n/a
2674	Kedeschah	1	0	1	1	n/a
2675	vinti-tre	2	0	2	2	n/a
2676	with-Fire	1	0	1	1	n/a
2677	herSirrahVillain	1	0	1	1	n/a
2678	hiswho	1	0	2	1	n/a
2679	by'er	1	0	1	1	n/a
2680	Church-parasite	3	0	2	2	n/a
2681	Bawdor	1	0	1	1	n/a
2682	'Prepar	1	0	1	1	n/a
2683	lightHave	1	0	1	1	n/a
2684	Bantums	2	0	1	1	n/a
2685	Reval.	2	0	1	1	n/a
2686	Salgador	1	0	1	1	n/a
2687	Pick-pockit	1	0	1	1	n/a
2688	Macfarlnd	1	0	1	1	n/a
2689	leuolev	2	0	1	1	n/a
2690	Guppey	3	0	3	3	n/a
2691	Choolate-house	1	0	1	1	n/a
2692	thouSlut	1	0	1	1	n/a
2693	Arlotha	3	0	1	1	n/a
2694	Mamzeres	2	0	1	1	n/a
2695	Midiantish	2	0	1	1	n/a
2696	Mitred-dress	1	0	1	1	n/a
2697	raecarry	1	0	1	1	n/a
2698	Termagent	1	0	1	1	n/a
2699	Pestsome	2	0	1	1	n/a
2700	Bagascia	2	0	1	1	n/a
2701	'Big	1	0	1	1	n/a
2702	rlotta	1	0	2	1	n/a
2703	Chaumout	2	0	1	1	n/a
2704	Jarni	3	0	1	1	n/a
2705	Signagogue	2	0	1	1	n/a
2706	Grabb	3	0	1	1	n/a
2707	standsguilty	1	0	1	1	n/a
2708	Caper-man	1	0	1	1	n/a
2709	teethor	1	0	1	1	n/a
2710	old-rotten	1	0	1	1	n/a
2711	girer	3	0	1	1	n/a
2712	Godsookes	2	0	1	1	n/a
2713	Splaysoot	1	0	1	1	n/a
2714	Collytus	3	0	1	1	n/a
2715	goggle-grey-ey	1	0	1	1	n/a
2716	Gumgal	1	0	2	1	n/a
2717	harra'st	2	0	1	1	n/a
