https://cqpweb.lancs.ac.uk/eebov3/concordance.php?pp=1&theData=%7Bwhore%2FN%7D&qmode=sq_nocase&del=begin%26t%3D-%7Cyear%7E1690%26t%3D-%7Cyear%7E1691%26t%3D-%7Cyear%7E1692%26t%3D-%7Cyear%7E1693%26t%3D-%7Cyear%7E1694%26t%3D-%7Cyear%7E1695%26t%3D-%7Cyear%7E1696%26t%3D-%7Cyear%7E1697%26t%3D-%7Cyear%7E1698%26t%3D-%7Cyear%7E1699&del=end&uT=yThere are 2,736 different words in your collocation database for "[lemma="(whore)_SUBST"%c]". (Your query "{whore/N}", restricted to texts meeting criteria "<em>year</em>: <em>1690</em> or <em>1691</em> or <em>1692</em> or <em>1693</em> or <em>1694</em> or <em>1695</em> or <em>1696</em> or <em>1697</em> or <em>1698</em> or <em>1699</em>",  returned 1,689 matches in 526 different texts)  
__________________

No.	Word	Total no. in whole corpus	Expected collocate frequency	Observed collocate frequency	In no. of texts	Mutual information value

1	Ci'el	4	0	1	1	13.288
2	everin	4	0	1	1	13.288
3	Cruiser	5	0	1	1	13.288
4	bilk't	7	0	1	1	13.288
5	Cheswell	4	0	1	1	13.288
6	meretricissima	4	0	1	1	13.288
7	nchast	8	0	1	1	13.288
8	Taghmon	4	0	1	1	13.288
9	Water-wag-tail	5	0	1	1	13.288
10	guttle	8	0	1	1	13.288
11	Haug	13	0	2	1	13.288
12	Chozbi	6	0	1	1	13.288
13	gawdy	8	0	1	1	13.288
14	Scariet	7	0	1	1	13.288
15	Iiltall	5	0	1	1	13.288
16	Postillian	10	0	1	1	13.288
17	Mcfarland	4	0	1	1	13.288
18	prononnce	9	0	1	1	13.288
19	Mevia	8	0	1	1	13.288
20	borr'wing	6	0	1	1	13.288
21	Hedge-Wine	4	0	1	1	13.288
22	chosing	6	0	1	1	13.288
23	Daggle-tayl	4	0	1	1	13.288
24	good-buy	4	0	1	1	13.288
25	Pledgers	6	0	1	1	13.288
26	Anchristian	8	0	1	1	13.288
27	Poltrones	6	0	1	1	13.288
28	VVheedling	5	0	1	1	13.288
29	xix.20	4	0	1	1	13.288
30	Ballinrobe	4	0	1	1	13.288
31	Verticillatae	6	0	1	1	13.288
32	Esquires.	21	0	2	1	12.703
33	Husking	17	0	1	1	12.288
34	t'undoe	13	0	1	1	12.288
35	thisI	17	0	1	1	12.288
36	Ham-like	12	0	1	1	12.288
37	Courti	13	0	1	1	12.288
38	Slattern	25	0	2	2	12.288
39	Adulterer.	16	0	1	1	12.288
40	genteelness	16	0	1	1	12.288
41	bylon	17	0	1	1	12.288
42	Temporizings	13	0	1	1	12.288
43	Babyln	16	0	1	1	12.288
44	Hark'ee	12	0	1	1	12.288
45	Bagonet	17	0	1	1	12.288
46	Play'rs	15	0	1	1	12.288
47	Deteriorated	16	0	1	1	12.288
48	Iohnny	11	0	1	1	12.288
49	Pockified	11	0	1	1	12.288
50	Volan	13	0	1	1	12.288
51	thumped	34	0.001	2	2	11.966
52	mezza	34	0.001	2	2	11.966
53	Intrigueing	19	0	1	1	11.703
54	Curtain-Lecture	18	0	1	1	11.703
55	strapping	45	0.001	2	2	11.703
56	Th'Emperiall	20	0	1	1	11.703
57	low-priz	21	0	1	1	11.703
58	Agosto	20	0	1	1	11.703
59	Eighteen-pence	23	0	1	1	11.703
60	kidnap	18	0	1	1	11.703
61	squanders	50	0.001	2	2	11.48
62	Bowling-greens	32	0	1	1	11.288
63	Lay-stall	28	0	1	1	11.288
64	heretoore	29	0	1	1	11.288
65	starv	25	0	1	1	11.288
66	self-admiring	32	0	1	1	11.288
67	Skrip	25	0	1	1	11.288
68	Granny	29	0	1	1	11.288
69	Pickpocket	59	0.001	2	1	11.288
70	Jdgment	31	0	1	1	11.288
71	Ch'al	39	0.001	1	1	10.966
72	poxt	38	0.001	1	1	10.966
73	o're-grown	37	0.001	1	1	10.966
74	Harlots.	38	0.001	1	1	10.966
75	flyting	39	0.001	1	1	10.966
76	Acro	35	0.001	1	1	10.966
77	Chits	38	0.001	1	1	10.966
78	jilting	142	0.002	4	4	10.966
79	dogbolt	39	0.001	1	1	10.966
80	quoif	38	0.001	1	1	10.966
81	Cloaths	35	0.001	1	1	10.966
82	sitteth	39	0.001	1	1	10.966
83	Kirkton	45	0.001	1	1	10.703
84	DURSLEY	40	0.001	1	1	10.703
85	gteat	46	0.001	1	1	10.703
86	Bandore	46	0.001	1	1	10.703
87	Pumpkin	42	0.001	1	1	10.703
88	Naps	84	0.001	2	2	10.703
89	drub	41	0.001	1	1	10.703
90	assinity	41	0.001	1	1	10.703
91	Mannish	82	0.001	2	2	10.703
92	flabby	44	0.001	1	1	10.703
93	Jilt	317	0.005	7	6	10.603
94	maquerelle	47	0.001	1	1	10.48
95	roba	99	0.001	2	1	10.48
96	Anthropos	48	0.001	1	1	10.48
97	harkee	52	0.001	1	1	10.48
98	57.3	53	0.001	1	1	10.48
99	Unvailed	98	0.001	2	2	10.48
100	Linsey-woolsey	98	0.001	2	2	10.48
101	Cuckoldly	51	0.001	1	1	10.48
102	Gold-lace	47	0.001	1	1	10.48
103	Cracker	52	0.001	1	1	10.48
104	sneering	52	0.001	1	1	10.48
105	Cla.	48	0.001	1	1	10.48
106	Snuff-Box	49	0.001	1	1	10.48
107	Seamstress	52	0.001	1	1	10.48
108	Dungarvan	103	0.001	2	1	10.48
109	Pockey	59	0.001	1	1	10.288
110	Whore-monger	60	0.001	1	1	10.288
111	chiely	60	0.001	1	1	10.288
112	CHARDON	55	0.001	1	1	10.288
113	of'	59	0.001	1	1	10.288
114	Pandors	62	0.001	1	1	10.118
115	profaneth	62	0.001	1	1	10.118
116	a-far	61	0.001	1	1	10.118
117	Slah	65	0.001	1	1	10.118
118	arrow-head	67	0.001	1	1	10.118
119	Jilted	67	0.001	1	1	10.118
120	Beged	65	0.001	1	1	10.118
121	Lowzy	72	0.001	1	1	9.966
122	nnatural	72	0.001	1	1	9.966
123	revelled	154	0.002	2	1	9.828
124	busks	76	0.001	1	1	9.828
125	Luscindo	77	0.001	1	1	9.828
126	Reserv'dness	81	0.001	1	1	9.828
127	Englis	76	0.001	1	1	9.828
128	Iilt	163	0.002	2	2	9.764
129	well-fed	88	0.001	1	1	9.703
130	incirca	86	0.001	1	1	9.703
131	Close-stool	170	0.002	2	2	9.703
132	a-clock	86	0.001	1	1	9.703
133	poc	85	0.001	1	1	9.703
134	slut	523	0.007	6	4	9.683
135	23.18	179	0.003	2	1	9.644
136	Postilion	179	0.003	2	2	9.644
137	Bastard-Son	91	0.001	1	1	9.587
138	Catamite	96	0.001	1	1	9.587
139	Horseleeches	95	0.001	1	1	9.587
140	Alison	94	0.001	1	1	9.587
141	Moorfields	89	0.001	1	1	9.587
142	Phryne	189	0.003	2	2	9.533
143	tease	202	0.003	2	2	9.48
144	Cunstable	99	0.001	1	1	9.48
145	redolet	106	0.002	1	1	9.381
146	Sligoe	104	0.002	1	1	9.381
147	Minx	106	0.002	1	1	9.381
148	bullies	330	0.005	3	2	9.349
149	Merr	224	0.003	2	1	9.334
150	Bawdy-house	334	0.005	3	3	9.318
151	Fire-ship	117	0.002	1	1	9.288
152	Punck	117	0.002	1	1	9.288
153	Culls	115	0.002	1	1	9.288
154	Marozia	115	0.002	1	1	9.288
155	Roebuck	114	0.002	1	1	9.288
156	preceeds	113	0.002	1	1	9.288
157	Carted	237	0.003	2	2	9.243
158	VVom	123	0.002	1	1	9.2
159	Pock	122	0.002	1	1	9.2
160	Siderfin	121	0.002	1	1	9.2
161	embarks	123	0.002	1	1	9.2
162	thoughtless	242	0.003	2	2	9.2
163	23.27	248	0.004	2	2	9.158
164	trucked	125	0.002	1	1	9.118
165	snips	130	0.002	1	1	9.118
166	Meand	125	0.002	1	1	9.118
167	Scarlet-coloured	125	0.002	1	1	9.118
168	alcune	129	0.002	1	1	9.118
169	Mavis	256	0.004	2	1	9.118
170	craftiest	137	0.002	1	1	9.04
171	well-favoured	135	0.002	1	1	9.04
172	Placket	135	0.002	1	1	9.04
173	Bans	132	0.002	1	1	9.04
174	carlet	152	0.002	1	1	8.895
175	Carnival	147	0.002	1	1	8.895
176	giorni	151	0.002	1	1	8.895
177	H'had	150	0.002	1	1	8.895
178	stivers	307	0.004	2	2	8.861
179	Weds	312	0.004	2	2	8.828
180	Astride	154	0.002	1	1	8.828
181	sollow	158	0.002	1	1	8.828
182	tawdry	156	0.002	1	1	8.828
183	Meretrix	474	0.007	3	3	8.807
184	mush	165	0.002	1	1	8.764
185	Dancing-Master	166	0.002	1	1	8.764
186	shaves	164	0.002	1	1	8.764
187	Fire-side	165	0.002	1	1	8.764
188	Amazonian	336	0.005	2	2	8.733
189	Bently	169	0.002	1	1	8.703
190	mensem	882	0.012	5	1	8.655
191	Whore-master	178	0.003	1	1	8.644
192	Half-pence	177	0.003	1	1	8.644
193	Foot-man	355	0.005	2	2	8.644
194	Bawd	2878	0.04	16	13	8.63
195	Cully	363	0.005	2	2	8.615
196	satiating	184	0.003	1	1	8.587
197	Hot-House	183	0.003	1	1	8.587
198	Cornus	185	0.003	1	1	8.587
199	Block-head	183	0.003	1	1	8.587
200	Salford	186	0.003	1	1	8.587
201	Debauchees	193	0.003	1	1	8.533
202	Untwisted	194	0.003	1	1	8.533
203	Ral	192	0.003	1	1	8.533
204	chas	189	0.003	1	1	8.533
205	disowns	391	0.006	2	2	8.506
206	Strutting	397	0.006	2	2	8.48
207	Elisian	196	0.003	1	1	8.48
208	Nokes	200	0.003	1	1	8.48
209	Topping	409	0.006	2	1	8.455
210	Pimp	1027	0.014	5	4	8.44
211	Peggy	203	0.003	1	1	8.43
212	Exhausts	203	0.003	1	1	8.43
213	Nell	628	0.009	3	2	8.413
214	Whiff	216	0.003	1	1	8.381
215	Big-bellied	211	0.003	1	1	8.381
216	Honoria	427	0.006	2	2	8.381
217	Forestalling	218	0.003	1	1	8.334
218	Slash	446	0.006	2	2	8.31
219	fia	225	0.003	1	1	8.288
220	I'Gad	229	0.003	1	1	8.288
221	arrand	229	0.003	1	1	8.288
222	Ten-Horned	225	0.003	1	1	8.288
223	17.1.	463	0.007	2	2	8.265
224	preferrs	236	0.003	1	1	8.243
225	Hobby-Horse	238	0.003	1	1	8.243
226	Jesuitism	238	0.003	1	1	8.243
227	hectoring	235	0.003	1	1	8.243
228	Scoundrel	241	0.003	1	1	8.2
229	bitch	1244	0.018	5	5	8.158
230	tick	502	0.007	2	1	8.138
231	Puritanical	259	0.004	1	1	8.118
232	Apocalipse	257	0.004	1	1	8.118
233	23.17	259	0.004	1	1	8.118
234	infamously	271	0.004	1	1	8.04
235	snore	281	0.004	1	1	8.002
236	Tricking	281	0.004	1	1	8.002
237	sweaty	286	0.004	1	1	7.966
238	m'a	566	0.008	2	2	7.966
239	Youngsters	282	0.004	1	1	7.966
240	Portsmouth	1769	0.025	6	2	7.913
241	19.2.	299	0.004	1	1	7.895
242	Twists	302	0.004	1	1	7.895
243	Gantlet	307	0.004	1	1	7.861
244	Buttock	609	0.009	2	1	7.861
245	Whore	20634	0.29	67	21	7.852
246	Thais	936	0.013	3	3	7.839
247	Daughter-in-law	310	0.004	1	1	7.828
248	Slashed	312	0.004	1	1	7.828
249	Elgin	313	0.004	1	1	7.828
250	Eugen	313	0.004	1	1	7.828
251	giorno	319	0.005	1	1	7.796
252	hempen	326	0.005	1	1	7.764
253	VVhore	326	0.005	1	1	7.764
254	Hipocrite	334	0.005	1	1	7.733
255	Tunbridge	666	0.009	2	2	7.733
256	consortium	337	0.005	1	1	7.733
257	Cuse	333	0.005	1	1	7.733
258	fece	332	0.005	1	1	7.733
259	18.3.	334	0.005	1	1	7.733
260	Bully	673	0.01	2	2	7.718
261	Monkery	339	0.005	1	1	7.703
262	Amanda	343	0.005	1	1	7.703
263	twit	342	0.005	1	1	7.703
264	ordinario	345	0.005	1	1	7.703
265	Calenture	350	0.005	1	1	7.673
266	Scarlet	9179	0.129	26	24	7.655
267	Deut.	356	0.005	1	1	7.644
268	Brat	1070	0.015	3	3	7.644
269	veriest	737	0.01	2	1	7.587
270	Rampant	2244	0.032	6	6	7.573
271	Antiquated	1123	0.016	3	3	7.569
272	Babylon	38888	0.546	103	68	7.559
273	wert	1143	0.016	3	3	7.542
274	Baud	767	0.011	2	2	7.533
275	ridding	383	0.005	1	1	7.533
276	prostitutes	382	0.005	1	1	7.533
277	boarding	382	0.005	1	1	7.533
278	Penny-Royal	398	0.006	1	1	7.48
279	Transubstantiate	400	0.006	1	1	7.48
280	Pander	805	0.011	2	2	7.468
281	Gis	801	0.011	2	1	7.468
282	Punk	404	0.006	1	1	7.455
283	353.	406	0.006	1	1	7.455
284	Cuff	413	0.006	1	1	7.43
285	Quean	412	0.006	1	1	7.43
286	Billingsgate	416	0.006	1	1	7.43
287	pilfering	410	0.006	1	1	7.43
288	Whimsy	421	0.006	1	1	7.405
289	prostituted	1269	0.018	3	3	7.397
290	Covent-Garden	854	0.012	2	1	7.381
291	flouted	441	0.006	1	1	7.334
292	638	440	0.006	1	1	7.334
293	Cuckold	2667	0.038	6	5	7.322
294	Trull	450	0.006	1	1	7.31
295	amisit	449	0.006	1	1	7.31
296	Wiat	453	0.006	1	1	7.288
297	17.16	459	0.006	1	1	7.288
298	Lawns	454	0.006	1	1	7.288
299	Bret	453	0.006	1	1	7.288
300	Rascally	463	0.007	1	1	7.265
301	Chambermaid	461	0.007	1	1	7.265
302	Babels	948	0.013	2	1	7.232
303	eithers	478	0.007	1	1	7.222
304	Humph	474	0.007	1	1	7.222
305	Miscellany	476	0.007	1	1	7.222
306	Babylonish	2911	0.041	6	5	7.197
307	securest	493	0.007	1	1	7.179
308	Dix	494	0.007	1	1	7.179
309	17.3.	508	0.007	1	1	7.138
310	Webster	506	0.007	1	1	7.138
311	errant	2050	0.029	4	3	7.118
312	cozens	511	0.007	1	1	7.118
313	snarle	523	0.007	1	1	7.098
314	Persepolis	519	0.007	1	1	7.098
315	Pad	519	0.007	1	1	7.098
316	Addle	519	0.007	1	1	7.098
317	Drab	524	0.007	1	1	7.078
318	Scribler	525	0.007	1	1	7.078
319	Squeeze	1592	0.022	3	1	7.065
320	intoxicate	532	0.008	1	1	7.059
321	Dillon	533	0.008	1	1	7.059
322	rogue	6990	0.098	13	12	7.049
323	Landlady	540	0.008	1	1	7.04
324	509	542	0.008	1	1	7.04
325	abed	541	0.008	1	1	7.04
326	Buzzard	541	0.008	1	1	7.04
327	369	1094	0.015	2	2	7.021
328	Mundifie	546	0.008	1	1	7.021
329	Weeded	547	0.008	1	1	7.021
330	Backbite	554	0.008	1	1	7.002
331	Womankind	560	0.008	1	1	6.984
332	nasty	2252	0.032	4	3	6.984
333	Lavishly	560	0.008	1	1	6.984
334	Armstrong	563	0.008	1	1	6.984
335	Pouch	567	0.008	1	1	6.966
336	Maudlin	567	0.008	1	1	6.966
337	Plies	566	0.008	1	1	6.966
338	Cobweb	570	0.008	1	1	6.966
339	well-wisher	566	0.008	1	1	6.966
340	Aunts	585	0.008	1	1	6.93
341	nelle	584	0.008	1	1	6.93
342	unfolded	2356	0.033	4	1	6.917
343	Pocky	594	0.008	1	1	6.913
344	Procurer	1187	0.017	2	2	6.904
345	528	598	0.008	1	1	6.895
346	undertaketh	595	0.008	1	1	6.895
347	weltering	601	0.008	1	1	6.895
348	Adulterer	4237	0.06	7	4	6.878
349	thou'st	605	0.009	1	1	6.878
350	Complainant	608	0.009	1	1	6.878
351	Artful	613	0.009	1	1	6.861
352	dell'	609	0.009	1	1	6.861
353	Brothel	610	0.009	1	1	6.861
354	489	615	0.009	1	1	6.861
355	Vails	611	0.009	1	1	6.861
356	Stallion	613	0.009	1	1	6.861
357	Bawds	1844	0.026	3	1	6.856
358	manages	620	0.009	1	1	6.845
359	Prostitute	2508	0.035	4	3	6.828
360	Cleveland	636	0.009	1	1	6.812
361	Williamson	632	0.009	1	1	6.812
362	Breviate	631	0.009	1	1	6.812
363	478	633	0.009	1	1	6.812
364	1679.	638	0.009	1	1	6.796
365	Bur	2579	0.036	4	1	6.788
366	entices	645	0.009	1	1	6.78
367	ridden	1300	0.018	2	1	6.772
368	Lye	653	0.009	1	1	6.764
369	mickle	653	0.009	1	1	6.764
370	Strumpet	3285	0.046	5	5	6.758
371	Cellier	663	0.009	1	1	6.749
372	Rigging	670	0.009	1	1	6.733
373	Smock	1342	0.019	2	2	6.725
374	Esquires	3379	0.048	5	1	6.718
375	filthily	677	0.01	1	1	6.718
376	Beau	2044	0.029	3	3	6.708
377	Theodora	1369	0.019	2	2	6.703
378	Temporizing	683	0.01	1	1	6.703
379	Service-Book	691	0.01	1	1	6.688
380	Huff	687	0.01	1	1	6.688
381	fawns	688	0.01	1	1	6.688
382	Strephon	699	0.01	1	1	6.673
383	wid	1439	0.02	2	1	6.63
384	defies	716	0.01	1	1	6.63
385	Fop	1448	0.02	2	2	6.622
386	sullied	725	0.01	1	1	6.615
387	swagger	729	0.01	1	1	6.615
388	spurious	2907	0.041	4	4	6.615
389	Fitz-Harris	724	0.01	1	1	6.615
390	Sorceries	1462	0.021	2	2	6.608
391	Comical	1457	0.021	2	2	6.608
392	piled	730	0.01	1	1	6.601
393	lamed	733	0.01	1	1	6.601
394	Napkins	742	0.01	1	1	6.587
395	shrieks	750	0.011	1	1	6.573
396	muffled	749	0.011	1	1	6.573
397	Trudge	753	0.011	1	1	6.56
398	hiring	760	0.011	1	1	6.546
399	Baby	761	0.011	1	1	6.546
400	vl	775	0.011	1	1	6.52
401	Cashier	785	0.011	1	1	6.506
402	hire	8785	0.123	11	9	6.478
403	inclusive	821	0.012	1	1	6.442
404	tacitly	1646	0.023	2	2	6.436
405	Jezebel	835	0.012	1	1	6.417
406	Tinker	835	0.012	1	1	6.417
407	Goldsmith	1679	0.024	2	2	6.405
408	Cass	864	0.012	1	1	6.369
409	fightings	864	0.012	1	1	6.369
410	Fornications	1721	0.024	2	2	6.369
411	Heiress	868	0.012	1	1	6.357
412	Self-will	876	0.012	1	1	6.345
413	Peddler	874	0.012	1	1	6.345
414	Cynic	874	0.012	1	1	6.345
415	4to.	874	0.012	1	1	6.345
416	smelt	1772	0.025	2	1	6.328
417	Modish	892	0.013	1	1	6.322
418	Gibeah	892	0.013	1	1	6.322
419	trappings	887	0.013	1	1	6.322
420	Babel	9790	0.138	11	8	6.322
421	railed	2685	0.038	3	3	6.314
422	fancying	898	0.013	1	1	6.31
423	Banes	907	0.013	1	1	6.299
424	448	907	0.013	1	1	6.299
425	teeming	907	0.013	1	1	6.299
426	Sion	902	0.013	1	1	6.299
427	Debauch	1818	0.026	2	2	6.293
428	Jester	911	0.013	1	1	6.288
429	Fortunatus	921	0.013	1	1	6.276
430	Gratuity	926	0.013	1	1	6.265
431	Impotence	933	0.013	1	1	6.254
432	Folowers	941	0.013	1	1	6.243
433	7.22	939	0.013	1	1	6.243
434	fighters	948	0.013	1	1	6.232
435	Iewry	945	0.013	1	1	6.232
436	Parasites	1901	0.027	2	2	6.227
437	wipes	954	0.013	1	1	6.222
438	Adulteress	1919	0.027	2	2	6.211
439	Taylors	1938	0.027	2	2	6.2
440	patched	1934	0.027	2	2	6.2
441	Ls	973	0.014	1	1	6.19
442	Proverbs	6913	0.097	7	6	6.172
443	sono	1988	0.028	2	2	6.164
444	16.2	997	0.014	1	1	6.158
445	fore-head	2008	0.028	2	2	6.148
446	grudges	1003	0.014	1	1	6.148
447	bonny	1002	0.014	1	1	6.148
448	Broome	1001	0.014	1	1	6.148
449	Enfeebled	1012	0.014	1	1	6.138
450	Petticoat	1011	0.014	1	1	6.138
451	Cull	1014	0.014	1	1	6.138
452	tempo	1024	0.014	1	1	6.118
453	played	11334	0.159	11	9	6.111
454	Tilt	1029	0.015	1	1	6.108
455	winking	1029	0.015	1	1	6.108
456	kneels	1035	0.015	1	1	6.108
457	Brats	1042	0.015	1	1	6.098
458	pawned	1042	0.015	1	1	6.098
459	17.1	1045	0.015	1	1	6.088
460	Platonic	2111	0.03	2	2	6.073
461	Wiping	1060	0.015	1	1	6.069
462	apostatised	1065	0.015	1	1	6.059
463	disoblige	1079	0.015	1	1	6.04
464	Jade	2169	0.031	2	2	6.035
465	Puny	1088	0.015	1	1	6.03
466	belch	1090	0.015	1	1	6.03
467	handed	2178	0.031	2	2	6.03
468	wile	1099	0.015	1	1	6.021
469	whores	5508	0.077	5	2	6.013
470	13.8	1102	0.016	1	1	6.012
471	skipping	1100	0.016	1	1	6.012
472	7.14.	1109	0.016	1	1	6.002
473	Serj	1109	0.016	1	1	6.002
474	Popedom	1121	0.016	1	1	5.993
475	Epi	1122	0.016	1	1	5.984
476	yore	1126	0.016	1	1	5.984
477	Frontispiece	1135	0.016	1	1	5.975
478	Play-house	1131	0.016	1	1	5.975
479	playing	10275	0.144	9	8	5.962
480	mingles	1147	0.016	1	1	5.957
481	Fornicator	1143	0.016	1	1	5.957
482	Baptists	2301	0.032	2	2	5.952
483	Rags	5772	0.081	5	4	5.946
484	gadding	1160	0.016	1	1	5.939
485	ditch	10469	0.147	9	8	5.935
486	Mercenary	4683	0.066	4	4	5.926
487	adulterated	1175	0.017	1	1	5.921
488	gild	1181	0.017	1	1	5.913
489	Unfaithfulness	2369	0.033	2	2	5.908
490	Parasite	1198	0.017	1	1	5.895
491	Purchaser	1196	0.017	1	1	5.895
492	Fences	1210	0.017	1	1	5.878
493	Fowls	8475	0.119	7	2	5.877
494	Carl	1219	0.017	1	1	5.87
495	Courtesans	1216	0.017	1	1	5.87
496	free-born	1219	0.017	1	1	5.87
497	Amour	1234	0.017	1	1	5.853
498	stumbles	1242	0.017	1	1	5.845
499	bragged	1243	0.018	1	1	5.837
500	Anti-christ	1261	0.018	1	1	5.82
501	1635	1268	0.018	1	1	5.812
502	`	2544	0.036	2	2	5.808
503	enticements	1271	0.018	1	1	5.804
504	N.B.	1293	0.018	1	1	5.78
505	simplest	1293	0.018	1	1	5.78
506	briskly	1313	0.018	1	1	5.764
507	L'Estrange	1311	0.018	1	1	5.764
508	illegitimate	1316	0.019	1	1	5.756
509	Commoner	1317	0.019	1	1	5.756
510	Goal	3948	0.056	3	3	5.756
511	Hackney	1328	0.019	1	1	5.741
512	Middlesex	4050	0.057	3	2	5.72
513	ply	2720	0.038	2	2	5.71
514	fetching	2721	0.038	2	2	5.71
515	Symbolical	1373	0.019	1	1	5.695
516	Noon-day	1376	0.019	1	1	5.695
517	rag	2762	0.039	2	2	5.688
518	Livy	2769	0.039	2	1	5.684
519	buckle	1390	0.02	1	1	5.68
520	Debased	1398	0.02	1	1	5.673
521	Anton	1392	0.02	1	1	5.673
522	194	2813	0.04	2	1	5.662
523	Daphne	1406	0.02	1	1	5.658
524	Jun.	1413	0.02	1	1	5.651
525	Fornication	14235	0.2	10	10	5.644
526	Broker	1425	0.02	1	1	5.644
527	Bottle	7144	0.1	5	5	5.638
528	Frigate	1431	0.02	1	1	5.637
529	conducts	1431	0.02	1	1	5.637
530	189	2872	0.04	2	1	5.633
531	Comp	1441	0.02	1	1	5.63
532	Rattling	1470	0.021	1	1	5.594
533	Brush	1472	0.021	1	1	5.594
534	Drunken	11882	0.167	8	7	5.583
535	430	1497	0.021	1	1	5.573
536	192	3013	0.042	2	1	5.563
537	Amours	1506	0.021	1	1	5.56
538	Beast	81566	1.146	54	24	5.558
539	impudent	12093	0.17	8	7	5.557
540	Gamesters	1523	0.021	1	1	5.546
541	Secus	1523	0.021	1	1	5.546
542	harlot	9167	0.129	6	5	5.542
543	Epigrams	1534	0.022	1	1	5.533
544	Genealogies	1536	0.022	1	1	5.533
545	nicely	1536	0.022	1	1	5.533
546	Matron	3083	0.043	2	2	5.529
547	unconscionable	1543	0.022	1	1	5.526
548	Bard	1556	0.022	1	1	5.513
549	counterfeits	1566	0.022	1	1	5.506
550	Y.	4725	0.066	3	2	5.498
551	signally	1588	0.022	1	1	5.487
552	separately	1585	0.022	1	1	5.487
553	appellations	1585	0.022	1	1	5.487
554	arrant	1596	0.022	1	1	5.48
555	lucky	3186	0.045	2	2	5.48
556	're	16048	0.226	10	8	5.471
557	costly	11277	0.158	7	4	5.466
558	Statesmen	1625	0.023	1	1	5.455
559	reel	1644	0.023	1	1	5.436
560	hale	3294	0.046	2	1	5.433
561	ugly	8331	0.117	5	4	5.417
562	Game	15105	0.212	9	9	5.406
563	Epicure	1691	0.024	1	1	5.393
564	courting	1698	0.024	1	1	5.387
565	Deborah	1704	0.024	1	1	5.387
566	Bride	12056	0.169	7	5	5.369
567	jovial	1736	0.024	1	1	5.357
568	Arraignment	1737	0.024	1	1	5.357
569	Cro.	1747	0.025	1	1	5.351
570	7.14	1746	0.025	1	1	5.351
571	Davis	1753	0.025	1	1	5.345
572	Harlots	5276	0.074	3	3	5.339
573	Dad	1763	0.025	1	1	5.334
574	Hag	1766	0.025	1	1	5.334
575	Bastard	12394	0.174	7	7	5.329
576	roving	1769	0.025	1	1	5.328
577	learns	1782	0.025	1	1	5.322
578	Charta	5347	0.075	3	3	5.32
579	demur	1786	0.025	1	1	5.316
580	Kite	1785	0.025	1	1	5.316
581	Whoremongers	1796	0.025	1	1	5.31
582	hunts	1820	0.026	1	1	5.288
583	fawn	1837	0.026	1	1	5.276
584	Hallelujah	1833	0.026	1	1	5.276
585	Godwin	1843	0.026	1	1	5.271
586	Carcass	5550	0.078	3	3	5.265
587	starving	1848	0.026	1	1	5.265
588	Particularities	1874	0.026	1	1	5.249
589	Aelian	1872	0.026	1	1	5.249
590	Fen	1875	0.026	1	1	5.249
591	277	1872	0.026	1	1	5.249
592	1260	1870	0.026	1	1	5.249
593	Pranks	1881	0.026	1	1	5.243
594	Gull	1888	0.027	1	1	5.238
595	Rascal	3785	0.053	2	2	5.232
596	holt	1896	0.027	1	1	5.232
597	Parricide	1938	0.027	1	1	5.2
598	Wag	1933	0.027	1	1	5.2
599	Spawn	1933	0.027	1	1	5.2
600	Spinola	1945	0.027	1	1	5.195
601	Midwives	1960	0.028	1	1	5.184
602	Rev.	51328	0.721	26	13	5.172
603	Apocalypse	3947	0.056	2	1	5.171
604	Sweats	1977	0.028	1	1	5.169
605	Whoredoms	1981	0.028	1	1	5.169
606	Incestuous	3954	0.056	2	2	5.169
607	bastards	3979	0.056	2	2	5.161
608	Mills	1993	0.028	1	1	5.158
609	obtrude	1997	0.028	1	1	5.153
610	plaid	4003	0.056	2	2	5.153
611	Dragon	18054	0.254	9	6	5.149
612	Mammon	4040	0.057	2	2	5.138
613	Forehead	12159	0.171	6	5	5.135
614	Huguenot	2030	0.029	1	1	5.133
615	rime	2035	0.029	1	1	5.128
616	dirty	4102	0.058	2	2	5.118
617	Andronicus	2047	0.029	1	1	5.118
618	indefatigable	2059	0.029	1	1	5.113
619	stint	2060	0.029	1	1	5.113
620	furiously	6196	0.087	3	3	5.108
621	Faggot	2069	0.029	1	1	5.103
622	Unfaithful	6230	0.088	3	3	5.1
623	leprous	2075	0.029	1	1	5.098
624	Raillery	2085	0.029	1	1	5.093
625	Clamorous	2094	0.029	1	1	5.088
626	1665	2099	0.03	1	1	5.083
627	Mystery	54678	0.768	26	17	5.081
628	marrying	6327	0.089	3	3	5.077
629	frolic	2119	0.03	1	1	5.069
630	fawning	2152	0.03	1	1	5.049
631	crack	4315	0.061	2	2	5.045
632	Hah	2157	0.03	1	1	5.045
633	Sci	2175	0.031	1	1	5.03
634	falsified	2188	0.031	1	1	5.026
635	slit	2183	0.031	1	1	5.026
636	brisk	4421	0.062	2	2	5.009
637	Shepherdess	2215	0.031	1	1	5.007
638	Boston	2219	0.031	1	1	5.002
639	Epig.	2233	0.031	1	1	4.993
640	Prov	2234	0.031	1	1	4.993
641	Horse-back	2255	0.032	1	1	4.979
642	purchases	2257	0.032	1	1	4.979
643	Ivy	4513	0.063	2	1	4.979
644	recommends	2262	0.032	1	1	4.975
645	Iuno	4530	0.064	2	2	4.975
646	236	2264	0.032	1	1	4.975
647	hate	65701	0.923	29	20	4.974
648	Generate	2276	0.032	1	1	4.966
649	seizes	2283	0.032	1	1	4.961
650	Spark	9150	0.129	4	3	4.96
651	Scot	6898	0.097	3	3	4.952
652	sits	23190	0.326	10	8	4.94
653	Coach	9292	0.131	4	3	4.938
654	singly	4646	0.065	2	2	4.937
655	Swearer	2324	0.033	1	1	4.935
656	ascribes	2336	0.033	1	1	4.93
657	dote	4744	0.067	2	1	4.908
658	XVII	9484	0.133	4	4	4.908
659	Groom	2374	0.033	1	1	4.904
660	1678	2378	0.033	1	1	4.904
661	hymns	7142	0.1	3	3	4.903
662	Gomorrah	2388	0.034	1	1	4.9
663	Lieu	9547	0.134	4	1	4.899
664	rolling	4789	0.067	2	2	4.893
665	222	2412	0.034	1	1	4.883
666	shaven	2410	0.034	1	1	4.883
667	Wizard	2415	0.034	1	1	4.883
668	Mask	4856	0.068	2	2	4.874
669	Sot	2425	0.034	1	1	4.874
670	7th	4877	0.069	2	1	4.868
671	Trot	2441	0.034	1	1	4.866
672	Starts	2440	0.034	1	1	4.866
673	Dido	2463	0.035	1	1	4.853
674	Critic	2468	0.035	1	1	4.849
675	Gad	4956	0.07	2	2	4.845
676	Hound	2485	0.035	1	1	4.841
677	Rogues	5001	0.07	2	2	4.83
678	208	2514	0.035	1	1	4.824
679	trimmed	2517	0.035	1	1	4.82
680	Switzer	2536	0.036	1	1	4.812
681	Clar	2539	0.036	1	1	4.808
682	Itch	5094	0.072	2	2	4.804
683	209	2545	0.036	1	1	4.804
684	Steal	17906	0.252	7	7	4.798
685	Thief	23047	0.324	9	7	4.797
686	99.	2569	0.036	1	1	4.792
687	Dishonesty	2571	0.036	1	1	4.792
688	impudence	10304	0.145	4	4	4.788
689	Gloves	2576	0.036	1	1	4.788
690	desolate	12933	0.182	5	5	4.782
691	112.	2592	0.036	1	1	4.78
692	Alice	2589	0.036	1	1	4.78
693	boasted	5195	0.073	2	2	4.776
694	Epigram	2632	0.037	1	1	4.756
695	89	7913	0.111	3	1	4.754
696	Plaints	2663	0.037	1	1	4.741
697	lewd	15983	0.225	6	6	4.74
698	Scotch	5363	0.075	2	2	4.731
699	entailed	2682	0.038	1	1	4.729
700	stagger	2689	0.038	1	1	4.725
701	61	10846	0.152	4	3	4.714
702	flew	8160	0.115	3	2	4.71
703	Pont	2730	0.038	1	1	4.703
704	piously	2750	0.039	1	1	4.695
705	encourages	2748	0.039	1	1	4.695
706	Harry	2761	0.039	1	1	4.688
707	Rake	2789	0.039	1	1	4.673
708	Intrigues	2809	0.04	1	1	4.662
709	Landlord	2810	0.04	1	1	4.662
710	Conceited	5628	0.079	2	2	4.66
711	bequeath	2835	0.04	1	1	4.651
712	inscribed	2843	0.04	1	1	4.647
713	hug	2849	0.04	1	1	4.644
714	insinuations	2867	0.04	1	1	4.633
715	Cloths	2867	0.04	1	1	4.633
716	skirts	2878	0.04	1	1	4.63
717	Blaspheme	8684	0.122	3	3	4.62
718	ODE	2901	0.041	1	1	4.615
719	counterfeited	2903	0.041	1	1	4.615
720	drunk	35533	0.499	12	10	4.587
721	Carcase	2978	0.042	1	1	4.58
722	186	2978	0.042	1	1	4.58
723	Gallus	2983	0.042	1	1	4.577
724	Rendezvous	2979	0.042	1	1	4.577
725	whet	2994	0.042	1	1	4.57
726	Bona	12019	0.169	4	3	4.566
727	quondam	3022	0.043	1	1	4.556
728	Gore	3029	0.043	1	1	4.553
729	Enchantments	3037	0.043	1	1	4.55
730	styled	6081	0.085	2	2	4.55
731	engages	3046	0.043	1	1	4.546
732	Entertainments	3056	0.043	1	1	4.543
733	Polluted	12233	0.172	4	3	4.54
734	Partner	3067	0.043	1	1	4.536
735	unmerciful	3065	0.043	1	1	4.536
736	Covent	3102	0.044	1	1	4.52
737	damned	34243	0.481	11	11	4.515
738	dos	3133	0.044	1	1	4.506
739	Baggage	6358	0.089	2	2	4.485
740	weeps	3186	0.045	1	1	4.48
741	File	6400	0.09	2	1	4.476
742	Unchaste	3200	0.045	1	1	4.474
743	Builder	3209	0.045	1	1	4.471
744	Smiled	3217	0.045	1	1	4.468
745	tore	3223	0.045	1	1	4.464
746	gaudy	3241	0.046	1	1	4.458
747	plotted	3245	0.046	1	1	4.455
748	convoy	3249	0.046	1	1	4.455
749	downfall	3283	0.046	1	1	4.439
750	adhered	3305	0.046	1	1	4.43
751	begone	3314	0.047	1	1	4.424
752	98	6652	0.094	2	2	4.419
753	Revelations	13397	0.188	4	4	4.41
754	softer	3351	0.047	1	1	4.408
755	Spy	6749	0.095	2	2	4.399
756	Comparatively	3374	0.047	1	1	4.399
757	HYMN	6751	0.095	2	2	4.399
758	battered	3389	0.048	1	1	4.393
759	Concubine	3397	0.048	1	1	4.39
760	play	61168	0.859	18	17	4.389
761	Cork	3400	0.048	1	1	4.387
762	Phillis	3423	0.048	1	1	4.378
763	sailing	6884	0.097	2	1	4.37
764	lusty	10354	0.146	3	3	4.366
765	Worshippers	6918	0.097	2	2	4.363
766	brittle	3457	0.049	1	1	4.363
767	unmarried	3459	0.049	1	1	4.363
768	Epitome	3468	0.049	1	1	4.36
769	Mrs.	13889	0.195	4	3	4.358
770	confounded	17397	0.244	5	5	4.355
771	Swain	3484	0.049	1	1	4.354
772	pinch	3491	0.049	1	1	4.351
773	Cage	3498	0.049	1	1	4.348
774	ne'er	20984	0.295	6	6	4.347
775	Kick	3504	0.049	1	1	4.345
776	158	3534	0.05	1	1	4.334
777	Cheat	10600	0.149	3	3	4.333
778	Tertul.	3539	0.05	1	1	4.331
779	convict	3561	0.05	1	1	4.322
780	chained	3565	0.05	1	1	4.319
781	Offspring	3577	0.05	1	1	4.313
782	Levity	3586	0.05	1	1	4.31
783	Stings	3588	0.05	1	1	4.31
784	crushed	3588	0.05	1	1	4.31
785	Doting	3584	0.05	1	1	4.31
786	Humphrey	7225	0.102	2	1	4.3
787	interval	3633	0.051	1	1	4.293
788	166	3639	0.051	1	1	4.291
789	wipe	7298	0.103	2	2	4.286
790	Damn	7322	0.103	2	2	4.281
791	infamous	11020	0.155	3	3	4.276
792	stole	7345	0.103	2	2	4.276
793	XXXI	3682	0.052	1	1	4.274
794	hora	3697	0.052	1	1	4.268
795	impudently	3698	0.052	1	1	4.265
796	Lee	3724	0.052	1	1	4.257
797	notorious	22363	0.314	6	6	4.255
798	Couple	7466	0.105	2	2	4.253
799	Church-men	3738	0.053	1	1	4.252
800	Whoredom	7526	0.106	2	2	4.242
801	attack	3768	0.053	1	1	4.241
802	Paganism	3764	0.053	1	1	4.241
803	commits	7541	0.106	2	1	4.239
804	trading	7537	0.106	2	2	4.239
805	Helena	3775	0.053	1	1	4.238
806	cheated	3803	0.053	1	1	4.227
807	Roma	3816	0.054	1	1	4.222
808	Stratagems	3824	0.054	1	1	4.219
809	Boot	3835	0.054	1	1	4.214
810	Prologue	3863	0.054	1	1	4.203
811	rolls	7736	0.109	2	1	4.202
812	Yorkshire	3876	0.055	1	1	4.198
813	119	7780	0.109	2	2	4.194
814	supports	3891	0.055	1	1	4.192
815	Livelihood	3901	0.055	1	1	4.19
816	'm	31244	0.439	8	7	4.188
817	Ep	27473	0.386	7	3	4.181
818	Mas	3928	0.055	1	1	4.179
819	entitle	3969	0.056	1	1	4.164
820	Sharper	3987	0.056	1	1	4.158
821	Deponent	3995	0.056	1	1	4.156
822	Aunt	4036	0.057	1	1	4.141
823	matchless	4042	0.057	1	1	4.138
824	Mundo	4046	0.057	1	1	4.138
825	thereabout	4047	0.057	1	1	4.135
826	wiped	4053	0.057	1	1	4.135
827	Swear	56939	0.8	14	14	4.129
828	Camel	4072	0.057	1	1	4.128
829	rider	4104	0.058	1	1	4.115
830	lustful	4133	0.058	1	1	4.105
831	inseparable	8314	0.117	2	2	4.098
832	Deportment	4156	0.058	1	1	4.098
833	Apol.	4166	0.059	1	1	4.095
834	pi	4201	0.059	1	1	4.083
835	Revel	21061	0.296	5	5	4.079
836	Roger	12679	0.178	3	2	4.074
837	mystical	21135	0.297	5	4	4.074
838	Shakes	4227	0.059	1	1	4.073
839	Reproachful	4237	0.06	1	1	4.071
840	Politic	21242	0.298	5	4	4.067
841	entice	4278	0.06	1	1	4.056
842	Retinue	4290	0.06	1	1	4.052
843	rides	4321	0.061	1	1	4.042
844	Jailer	4336	0.061	1	1	4.037
845	drowsy	4344	0.061	1	1	4.035
846	Apostate	8710	0.122	2	1	4.03
847	Sirrah	4365	0.061	1	1	4.028
848	Incest	4370	0.061	1	1	4.026
849	17.	83120	1.168	19	13	4.024
850	6th	4378	0.062	1	1	4.023
851	Reverse	4385	0.062	1	1	4.021
852	forge	4385	0.062	1	1	4.021
853	147	4392	0.062	1	1	4.019
854	Gay	8805	0.124	2	2	4.015
855	persecuting	8817	0.124	2	1	4.013
856	price	57392	0.806	13	13	4.011
857	Phi	4425	0.062	1	1	4.007
858	Cat	8876	0.125	2	2	4.003
859	Horns	22193	0.312	5	5	4.003
860	Magna	13335	0.187	3	3	4.002
861	peevish	4508	0.063	1	1	3.982
862	decked	4505	0.063	1	1	3.982
863	dissuade	4505	0.063	1	1	3.982
864	Nun	4515	0.063	1	1	3.979
865	Revile	4565	0.064	1	1	3.964
866	Usurpation	9177	0.129	2	1	3.956
867	Bailiffs	4612	0.065	1	1	3.948
868	Blunt	4726	0.066	1	1	3.913
869	dunghill	4743	0.067	1	1	3.908
870	Athenian	4760	0.067	1	1	3.902
871	debauched	4771	0.067	1	1	3.9
872	tainted	4789	0.067	1	1	3.893
873	Trim	4802	0.068	1	1	3.889
874	124	4812	0.068	1	1	3.887
875	Vial	4819	0.068	1	1	3.885
876	perfidious	4828	0.068	1	1	3.883
877	Pension	4843	0.068	1	1	3.878
878	Idolatrous	14523	0.204	3	1	3.878
879	4o	4844	0.068	1	1	3.876
880	whit	14561	0.205	3	2	3.874
881	132	4863	0.068	1	1	3.872
882	Funerals	4870	0.068	1	1	3.87
883	whale	4866	0.068	1	1	3.87
884	contributed	4892	0.069	1	1	3.864
885	'Till	4919	0.069	1	1	3.855
886	122	4938	0.069	1	1	3.849
887	perjured	4993	0.07	1	1	3.834
888	Villains	5013	0.07	1	1	3.828
889	Wedlock	5013	0.07	1	1	3.828
890	dis	5030	0.071	1	1	3.822
891	160	5050	0.071	1	1	3.818
892	1.	5044	0.071	1	1	3.818
893	Antichrist	50530	0.71	10	7	3.816
894	Nag	5057	0.071	1	1	3.816
895	Vermin	5068	0.071	1	1	3.812
896	Burn	40670	0.571	8	6	3.807
897	Tragedy	10196	0.143	2	2	3.804
898	sows	5094	0.072	1	1	3.804
899	repeating	5125	0.072	1	1	3.796
900	prediction	5133	0.072	1	1	3.794
901	spotted	5160	0.073	1	1	3.786
902	Excise	5174	0.073	1	1	3.782
903	Helm	5216	0.073	1	1	3.77
904	honest	83801	1.177	16	12	3.765
905	'twixt	5238	0.074	1	1	3.764
906	Wife	214853	3.019	41	34	3.764
907	finest	5244	0.074	1	1	3.762
908	Rape	5268	0.074	1	1	3.756
909	Walter	10593	0.149	2	1	3.749
910	Pol	5309	0.075	1	1	3.745
911	Ape	5317	0.075	1	1	3.743
912	Babilon	5325	0.075	1	1	3.741
913	hateful	10655	0.15	2	2	3.74
914	Abominations	10678	0.15	2	2	3.737
915	Richard	53481	0.751	10	2	3.734
916	Jane	5355	0.075	1	1	3.733
917	Clap	5368	0.075	1	1	3.729
918	Cup	48330	0.679	9	8	3.728
919	Venus	26929	0.378	5	5	3.724
920	Wed	5405	0.076	1	1	3.72
921	Drink	140890	1.979	26	23	3.715
922	Blowing	5425	0.076	1	1	3.714
923	pox	10902	0.153	2	2	3.707
924	grind	5454	0.077	1	1	3.707
925	seconded	5474	0.077	1	1	3.701
926	lascivious	5471	0.077	1	1	3.701
927	entertaining	5479	0.077	1	1	3.699
928	pawn	5492	0.077	1	1	3.695
929	beauteous	5494	0.077	1	1	3.695
930	vie	5504	0.077	1	1	3.693
931	Alderman	5500	0.077	1	1	3.693
932	Coal	5526	0.078	1	1	3.688
933	marry	38694	0.544	7	6	3.687
934	Triple	5531	0.078	1	1	3.686
935	steer	5540	0.078	1	1	3.684
936	Niece	5575	0.078	1	1	3.675
937	Flatterers	5582	0.078	1	1	3.673
938	Girl	5585	0.079	1	1	3.671
939	flourished	11210	0.158	2	2	3.667
940	asserts	5641	0.079	1	1	3.657
941	Pulpit	11294	0.159	2	2	3.656
942	Ned	5651	0.079	1	1	3.655
943	riding	11318	0.159	2	2	3.653
944	offends	5663	0.08	1	1	3.651
945	Flux	11364	0.16	2	2	3.647
946	Mer	5689	0.08	1	1	3.646
947	watched	5724	0.08	1	1	3.637
948	Lucifer	5730	0.081	1	1	3.635
949	Magus	5737	0.081	1	1	3.633
950	upheld	5752	0.081	1	1	3.63
951	denote	5763	0.081	1	1	3.626
952	committing	11606	0.163	2	2	3.616
953	Confederacy	5832	0.082	1	1	3.61
954	Andrews	5828	0.082	1	1	3.61
955	Sustenance	5837	0.082	1	1	3.608
956	Eunuch	5852	0.082	1	1	3.605
957	l'	5856	0.082	1	1	3.603
958	Plays	17593	0.247	3	3	3.601
959	hypocritical	5868	0.082	1	1	3.601
960	reside	5891	0.083	1	1	3.594
961	airy	5893	0.083	1	1	3.594
962	disposal	5923	0.083	1	1	3.587
963	noting	5928	0.083	1	1	3.586
964	Conspirators	5940	0.084	1	1	3.582
965	Hark	5947	0.084	1	1	3.582
966	treble	5950	0.084	1	1	3.58
967	Revelation	41988	0.59	7	2	3.569
968	dishonest	6002	0.084	1	1	3.568
969	artifice	6013	0.085	1	1	3.565
970	Amor	6013	0.085	1	1	3.565
971	Calumny	6022	0.085	1	1	3.563
972	Nymphs	6022	0.085	1	1	3.563
973	Ptolomy	6038	0.085	1	1	3.56
974	Mistress	42310	0.594	7	5	3.558
975	brand	6073	0.085	1	1	3.551
976	Ann	12147	0.171	2	2	3.55
977	Exeunt	12174	0.171	2	2	3.548
978	stink	6090	0.086	1	1	3.546
979	Worships	6121	0.086	1	1	3.54
980	dozen	6144	0.086	1	1	3.534
981	Odds	6159	0.087	1	1	3.531
982	Dog	30988	0.435	5	4	3.522
983	joint	18677	0.262	3	3	3.515
984	Dice	6226	0.088	1	1	3.515
985	stoned	6236	0.088	1	1	3.513
986	judging	18760	0.264	3	3	3.509
987	103	6296	0.089	1	1	3.498
988	Poems	6305	0.089	1	1	3.497
989	basely	6310	0.089	1	1	3.497
990	Dregs	6317	0.089	1	1	3.495
991	revolted	6316	0.089	1	1	3.495
992	Bull	18950	0.266	3	1	3.494
993	stark	6325	0.089	1	1	3.492
994	whip	6373	0.09	1	1	3.482
995	bargain	12971	0.182	2	2	3.456
996	Bon	6489	0.091	1	1	3.455
997	Drunkard	6511	0.092	1	1	3.45
998	Oppress	13025	0.183	2	2	3.45
999	producing	6538	0.092	1	1	3.444
1000	syllable	6553	0.092	1	1	3.441
1001	Specious	6599	0.093	1	1	3.431
1002	Bud	6607	0.093	1	1	3.43
1003	Disorderly	6607	0.093	1	1	3.43
1004	Starve	6627	0.093	1	1	3.425
1005	Madam	46920	0.659	7	6	3.409
1006	shameless	6711	0.094	1	1	3.407
1007	allure	6732	0.095	1	1	3.402
1008	hopeful	6741	0.095	1	1	3.4
1009	wench	6793	0.095	1	1	3.39
1010	Partial	6793	0.095	1	1	3.39
1011	Hey	6793	0.095	1	1	3.39
1012	gaining	6791	0.095	1	1	3.39
1013	Limb	6792	0.095	1	1	3.39
1014	laborious	6787	0.095	1	1	3.39
1015	Woman	183598	2.579	27	22	3.388
1016	Kindred	20409	0.287	3	3	3.387
1017	indicted	6808	0.096	1	1	3.387
1018	Apostolick	6841	0.096	1	1	3.379
1019	Antichristian	13777	0.194	2	2	3.369
1020	n't	34507	0.485	5	4	3.366
1021	locked	6933	0.097	1	1	3.36
1022	Hereditary	6934	0.097	1	1	3.36
1023	Accuser	6942	0.098	1	1	3.358
1024	Annual	6938	0.098	1	1	3.358
1025	License	6976	0.098	1	1	3.351
1026	Lily	6986	0.098	1	1	3.35
1027	opposes	6981	0.098	1	1	3.35
1028	Roar	6989	0.098	1	1	3.348
1029	Liquors	6994	0.098	1	1	3.347
1030	!	371996	5.226	53	31	3.342
1031	Pin	7026	0.099	1	1	3.341
1032	Fist	7028	0.099	1	1	3.341
1033	91	7022	0.099	1	1	3.341
1034	fathom	7065	0.099	1	1	3.332
1035	conspire	7065	0.099	1	1	3.332
1036	Lane	7088	0.1	1	1	3.328
1037	betimes	7115	0.1	1	1	3.322
1038	FAB	7117	0.1	1	1	3.322
1039	Cell	7136	0.1	1	1	3.318
1040	Horseback	7160	0.101	1	1	3.313
1041	gets	14332	0.201	2	2	3.312
1042	Miss	14341	0.202	2	1	3.311
1043	rail	7220	0.101	1	1	3.302
1044	Ruth	7305	0.103	1	1	3.285
1045	Simon	29226	0.411	4	2	3.284
1046	Robert	51164	0.719	7	2	3.284
1047	Rotten	14651	0.206	2	2	3.281
1048	disguised	7330	0.103	1	1	3.279
1049	Bait	7360	0.103	1	1	3.274
1050	kneel	7364	0.104	1	1	3.272
1051	Mar	14814	0.208	2	2	3.265
1052	buying	7410	0.104	1	1	3.264
1053	Scorned	7420	0.104	1	1	3.263
1054	treats	7496	0.105	1	1	3.247
1055	Sirs	7500	0.105	1	1	3.246
1056	Keepers	7518	0.106	1	1	3.243
1057	trusty	7517	0.106	1	1	3.243
1058	calling	105619	1.484	14	8	3.238
1059	Card	7542	0.106	1	1	3.238
1060	Scandal	22639	0.318	3	3	3.237
1061	Bowing	7570	0.106	1	1	3.232
1062	82	7639	0.107	1	1	3.22
1063	abusing	7672	0.108	1	1	3.214
1064	Jude	7690	0.108	1	1	3.211
1065	Son	570683	8.018	74	49	3.206
1066	Plutarch	15426	0.217	2	1	3.206
1067	successively	7724	0.109	1	1	3.204
1068	managing	7739	0.109	1	1	3.202
1069	false	224466	3.154	29	14	3.201
1070	Merchandise	15488	0.218	2	2	3.2
1071	tear	15500	0.218	2	2	3.199
1072	casts	15527	0.218	2	2	3.197
1073	fright	7773	0.109	1	1	3.195
1074	Val	7789	0.109	1	1	3.192
1075	83	7828	0.11	1	1	3.184
1076	painted	23662	0.332	3	3	3.174
1077	malicious	23689	0.333	3	3	3.172
1078	expects	7910	0.111	1	1	3.17
1079	inconsiderable	7918	0.111	1	1	3.169
1080	Esq	23764	0.334	3	2	3.167
1081	'll	158479	2.227	20	15	3.167
1082	Wretch	15921	0.224	2	1	3.16
1083	Daughters	40010	0.562	5	5	3.153
1084	Epist	8012	0.113	1	1	3.151
1085	pick	8026	0.113	1	1	3.148
1086	Ox	16129	0.227	2	2	3.142
1087	tantum	16252	0.228	2	1	3.131
1088	lain	8129	0.114	1	1	3.13
1089	silly	16358	0.23	2	2	3.122
1090	frivolous	8202	0.115	1	1	3.118
1091	wide	24766	0.348	3	2	3.108
1092	fits	16510	0.232	2	2	3.108
1093	Telling	24804	0.349	3	3	3.106
1094	Taylor	8326	0.117	1	1	3.095
1095	Popular	16668	0.234	2	2	3.094
1096	Mother	150593	2.116	18	16	3.089
1097	frailty	8418	0.118	1	1	3.079
1098	address	16870	0.237	2	2	3.077
1099	Prophetical	8443	0.119	1	1	3.076
1100	dull	25362	0.356	3	3	3.074
1101	cheap	8467	0.119	1	1	3.071
1102	termed	25438	0.357	3	3	3.069
1103	Giant	8482	0.119	1	1	3.069
1104	Dross	8493	0.119	1	1	3.067
1105	admits	8553	0.12	1	1	3.056
1106	Pregnant	8560	0.12	1	1	3.055
1107	repute	8562	0.12	1	1	3.055
1108	String	8570	0.12	1	1	3.054
1109	xxx	8612	0.121	1	1	3.047
1110	Imperial	25835	0.363	3	3	3.047
1111	versus	8614	0.121	1	1	3.047
1112	common	346098	4.862	40	34	3.04
1113	120	8654	0.122	1	1	3.04
1114	Maria	8668	0.122	1	1	3.037
1115	Luxury	8713	0.122	1	1	3.03
1116	needed	17481	0.246	2	2	3.026
1117	Eliz	8745	0.123	1	1	3.024
1118	Literal	8761	0.123	1	1	3.022
1119	bells	8768	0.123	1	1	3.021
1120	covet	8785	0.123	1	1	3.019
1121	Papist	17633	0.248	2	1	3.013
1122	Continent	8853	0.124	1	1	3.007
1123	Knave	8870	0.125	1	1	3.005
1124	kissed	8900	0.125	1	1	3
1125	wore	8942	0.126	1	1	2.993
1126	Villain	8957	0.126	1	1	2.991
1127	lovers	26913	0.378	3	3	2.988
1128	Gallant	17961	0.252	2	2	2.987
1129	pleads	8993	0.126	1	1	2.985
1130	paint	8989	0.126	1	1	2.985
1131	Betrayed	18001	0.253	2	2	2.983
1132	prick	9007	0.127	1	1	2.983
1133	enrich	9011	0.127	1	1	2.982
1134	Talent	9018	0.127	1	1	2.981
1135	defiled	18090	0.254	2	2	2.977
1136	Restless	9094	0.128	1	1	2.968
1137	71	9104	0.128	1	1	2.967
1138	Purple	18224	0.256	2	2	2.966
1139	Misfortunes	9138	0.128	1	1	2.961
1140	vindicate	9176	0.129	1	1	2.956
1141	resolve	36730	0.516	4	4	2.955
1142	Dublin	9213	0.129	1	1	2.95
1143	modest	18444	0.259	2	2	2.948
1144	Van	9222	0.13	1	1	2.948
1145	Witch	9245	0.13	1	1	2.945
1146	Demetrius	9307	0.131	1	1	2.935
1147	enriched	9319	0.131	1	1	2.933
1148	impure	9368	0.132	1	1	2.926
1149	CUPID	9383	0.132	1	1	2.924
1150	embracing	9401	0.132	1	1	2.92
1151	hired	9416	0.132	1	1	2.918
1152	Gentlewoman	9432	0.133	1	1	2.916
1153	deep	75511	1.061	8	8	2.915
1154	Blot	9499	0.134	1	1	2.905
1155	outwardly	19010	0.267	2	2	2.905
1156	Pair	19031	0.267	2	2	2.903
1157	Indictment	9527	0.134	1	1	2.902
1158	dissemble	9543	0.134	1	1	2.899
1159	Countess	9549	0.134	1	1	2.898
1160	cunning	28670	0.403	3	3	2.897
1161	Prophet	133904	1.881	14	9	2.896
1162	Dedicated	19135	0.269	2	2	2.895
1163	Imitation	19146	0.269	2	1	2.894
1164	Robe	9576	0.135	1	1	2.894
1165	Eighteen	9589	0.135	1	1	2.892
1166	Pulse	9594	0.135	1	1	2.891
1167	Breeding	9604	0.135	1	1	2.89
1168	crowned	28810	0.405	3	3	2.89
1169	Bell	19417	0.273	2	2	2.874
1170	69	9722	0.137	1	1	2.872
1171	Papal	9725	0.137	1	1	2.872
1172	fasten	9759	0.137	1	1	2.867
1173	flattering	9757	0.137	1	1	2.867
1174	cry	87922	1.235	9	7	2.865
1175	signal	9775	0.137	1	1	2.865
1176	Devilish	9817	0.138	1	1	2.858
1177	gratify	9854	0.138	1	1	2.853
1178	got	88984	1.25	9	7	2.848
1179	Tumults	9898	0.139	1	1	2.846
1180	Lawyer	9909	0.139	1	1	2.845
1181	drives	9907	0.139	1	1	2.845
1182	selling	9917	0.139	1	1	2.844
1183	claim	29873	0.42	3	3	2.838
1184	Rank	29920	0.42	3	2	2.835
1185	Omnipotent	9996	0.14	1	1	2.832
1186	Courtiers	9997	0.14	1	1	2.832
1187	gentile	10008	0.141	1	1	2.83
1188	merry	30040	0.422	3	1	2.83
1189	burnt	50113	0.704	5	5	2.828
1190	abandoned	10042	0.141	1	1	2.825
1191	she	1006738	14.144	100	75	2.822
1192	threatens	10096	0.142	1	1	2.818
1193	Counterfeit	20191	0.284	2	2	2.818
1194	Interpreter	10101	0.142	1	1	2.817
1195	Wanton	20242	0.284	2	2	2.814
1196	strikes	10128	0.142	1	1	2.813
1197	quarto	10132	0.142	1	1	2.813
1198	Car	20342	0.286	2	2	2.807
1199	aloud	10233	0.144	1	1	2.798
1200	wear	20558	0.289	2	2	2.792
1201	travelled	10293	0.145	1	1	2.79
1202	Tail	30912	0.434	3	3	2.788
1203	Marquess	10309	0.145	1	1	2.788
1204	Applause	10326	0.145	1	1	2.785
1205	coloured	10332	0.145	1	1	2.784
1206	Lease	20724	0.291	2	1	2.78
1207	Spear	10397	0.146	1	1	2.775
1208	experienced	10403	0.146	1	1	2.774
1209	herself	10419	0.146	1	1	2.772
1210	fetched	10432	0.147	1	1	2.77
1211	Matrimony	10446	0.147	1	1	2.768
1212	Wares	10458	0.147	1	1	2.767
1213	burns	10466	0.147	1	1	2.766
1214	offending	10488	0.147	1	1	2.763
1215	instead	52525	0.738	5	5	2.76
1216	asks	10519	0.148	1	1	2.758
1217	barren	21073	0.296	2	1	2.756
1218	consecrate	10547	0.148	1	1	2.754
1219	Modern	21190	0.298	2	1	2.748
1220	Slave	21201	0.298	2	2	2.747
1221	Titus	21285	0.299	2	1	2.742
1222	opposite	31956	0.449	3	1	2.74
1223	plague	42909	0.603	4	3	2.73
1224	Talents	10810	0.152	1	1	2.719
1225	Reverend	32495	0.457	3	3	2.716
1226	destroys	10886	0.153	1	1	2.709
1227	Impatient	10884	0.153	1	1	2.709
1228	daring	11022	0.155	1	1	2.692
1229	Maid	33079	0.465	3	3	2.691
1230	stiled	11034	0.155	1	1	2.69
1231	Walks	11050	0.155	1	1	2.688
1232	Perjury	11072	0.156	1	1	2.684
1233	swore	11085	0.156	1	1	2.683
1234	Married	66560	0.935	6	6	2.682
1235	restoring	11097	0.156	1	1	2.681
1236	Standard	11129	0.156	1	1	2.677
1237	opposition	44888	0.631	4	2	2.665
1238	Fortune	101130	1.421	9	8	2.663
1239	alias	11238	0.158	1	1	2.663
1240	Nails	11259	0.158	1	1	2.66
1241	Convenience	11314	0.159	1	1	2.653
1242	her	1811491	25.45	160	111	2.652
1243	Esquire	11359	0.16	1	1	2.647
1244	Gulf	11408	0.16	1	1	2.641
1245	Prodigal	11427	0.161	1	1	2.639
1246	curses	11438	0.161	1	1	2.638
1247	vowed	11454	0.161	1	1	2.636
1248	64	11464	0.161	1	1	2.634
1249	Levit.	11468	0.161	1	1	2.634
1250	cried	45966	0.646	4	4	2.631
1251	handsome	11498	0.162	1	1	2.63
1252	Box	11499	0.162	1	1	2.63
1253	Vote	11551	0.162	1	1	2.623
1254	defeated	11621	0.163	1	1	2.614
1255	infallibly	11634	0.163	1	1	2.614
1256	Speaker	11638	0.164	1	1	2.613
1257	Marriages	11637	0.164	1	1	2.613
1258	Compounded	11645	0.164	1	1	2.612
1259	Brimstone	11671	0.164	1	1	2.608
1260	wrapped	11696	0.164	1	1	2.606
1261	seasonable	11704	0.164	1	1	2.605
1262	46	23507	0.33	2	1	2.598
1263	sitting	35270	0.496	3	3	2.598
1264	abomination	11757	0.165	1	1	2.598
1265	Evidences	11886	0.167	1	1	2.582
1266	has	321926	4.523	27	23	2.578
1267	represents	11929	0.168	1	1	2.577
1268	signify	59908	0.842	5	5	2.571
1269	wishes	12019	0.169	1	1	2.566
1270	'd	144543	2.031	12	10	2.563
1271	carries	24147	0.339	2	2	2.56
1272	fires	12152	0.171	1	1	2.55
1273	pull	24362	0.342	2	2	2.547
1274	Vows	24417	0.343	2	2	2.544
1275	fortunate	12252	0.172	1	1	2.539
1276	Leo	24606	0.346	2	1	2.532
1277	mounted	12305	0.173	1	1	2.532
1278	Rome	271183	3.81	22	20	2.53
1279	weaker	12343	0.173	1	1	2.528
1280	fetch	24696	0.347	2	2	2.527
1281	Adultery	24714	0.347	2	2	2.526
1282	desolation	12402	0.174	1	1	2.521
1283	Mock	12430	0.175	1	1	2.518
1284	descending	12509	0.176	1	1	2.509
1285	Prov.	50161	0.705	4	3	2.505
1286	dealt	25109	0.353	2	2	2.503
1287	Ae	12569	0.177	1	1	2.501
1288	pity	62915	0.884	5	2	2.5
1289	slander	12613	0.177	1	1	2.497
1290	loves	76043	1.068	6	6	2.49
1291	Q.	89193	1.253	7	3	2.482
1292	waited	12759	0.179	1	1	2.48
1293	mourn	12769	0.179	1	1	2.479
1294	Virgil	12778	0.18	1	1	2.478
1295	abides	12792	0.18	1	1	2.476
1296	Clothed	25607	0.36	2	2	2.475
1297	pursuit	12818	0.18	1	1	2.473
1298	crafty	12823	0.18	1	1	2.472
1299	Character	38558	0.542	3	3	2.469
1300	C.	296045	4.159	23	4	2.467
1301	odd	12894	0.181	1	1	2.465
1302	murder	51605	0.725	4	4	2.464
1303	Protestant	51645	0.726	4	4	2.463
1304	Hebr.	12923	0.182	1	1	2.461
1305	gent	12956	0.182	1	1	2.458
1306	Hypocrite	13012	0.183	1	1	2.452
1307	Raging	13043	0.183	1	1	2.449
1308	turns	39404	0.554	3	3	2.438
1309	Lev	13206	0.186	1	1	2.431
1310	Foolish	52888	0.743	4	3	2.429
1311	Pipe	13225	0.186	1	1	2.428
1312	offerings	13224	0.186	1	1	2.428
1313	presumed	13241	0.186	1	1	2.427
1314	prophesied	13251	0.186	1	1	2.425
1315	early	26548	0.373	2	2	2.423
1316	Cur	13329	0.187	1	1	2.417
1317	stretched	13372	0.188	1	1	2.412
1318	replied	40276	0.566	3	3	2.407
1319	stolen	13436	0.189	1	1	2.405
1320	tract	13512	0.19	1	1	2.397
1321	Virgin	54072	0.76	4	4	2.396
1322	Globe	13523	0.19	1	1	2.396
1323	calls	121932	1.713	9	8	2.393
1324	asking	13581	0.191	1	1	2.39
1325	endeavouring	13628	0.192	1	1	2.385
1326	Jo	13681	0.192	1	1	2.379
1327	henceforth	13747	0.193	1	1	2.373
1328	Solomon	41245	0.58	3	3	2.372
1329	dares	13753	0.193	1	1	2.372
1330	Fool	41266	0.58	3	3	2.372
1331	"	41388	0.582	3	3	2.367
1332	proves	41434	0.582	3	3	2.366
1333	Tune	13862	0.195	1	1	2.361
1334	waiting	13872	0.195	1	1	2.359
1335	wonderfully	13915	0.196	1	1	2.355
1336	Resemblance	13923	0.196	1	1	2.354
1337	[	280684	3.943	20	9	2.342
1338	Lady	112639	1.583	8	8	2.338
1339	Charms	14109	0.198	1	1	2.335
1340	Methinks	14132	0.199	1	1	2.333
1341	spleen	14135	0.199	1	1	2.332
1342	Conferred	14170	0.199	1	1	2.328
1343	sensual	14173	0.199	1	1	2.328
1344	cursed	42622	0.599	3	3	2.325
1345	Virtuous	42661	0.599	3	3	2.324
1346	Martin	14281	0.201	1	1	2.318
1347	sue	14301	0.201	1	1	2.315
1348	invade	14360	0.202	1	1	2.31
1349	Trade	71989	1.011	5	4	2.306
1350	surprise	14398	0.202	1	1	2.305
1351	Thomas	100867	1.417	7	3	2.304
1352	double	72073	1.013	5	3	2.304
1353	Lame	14461	0.203	1	1	2.299
1354	IX	28939	0.407	2	1	2.298
1355	Ranks	14516	0.204	1	1	2.294
1356	reflect	14530	0.204	1	1	2.293
1357	Reference	29409	0.413	2	2	2.275
1358	Bed	73593	1.034	5	5	2.274
1359	excused	14733	0.207	1	1	2.272
1360	devils	59091	0.83	4	4	2.268
1361	great	1790493	25.155	121	52	2.266
1362	Monster	14836	0.208	1	1	2.263
1363	Arbitrary	14838	0.209	1	1	2.262
1364	hunting	14846	0.209	1	1	2.261
1365	il	44690	0.628	3	3	2.256
1366	doors	29993	0.421	2	2	2.247
1367	institution	45069	0.633	3	3	2.244
1368	Isaiah	15113	0.212	1	1	2.236
1369	strait	15139	0.213	1	1	2.233
1370	filthy	30299	0.426	2	2	2.232
1371	's	1833403	25.758	121	92	2.232
1372	concerned	45475	0.639	3	3	2.231
1373	Liquor	30328	0.426	2	2	2.231
1374	reveal	15245	0.214	1	1	2.223
1375	old	414305	5.821	27	24	2.214
1376	fix	15345	0.216	1	1	2.214
1377	Ruins	15379	0.216	1	1	2.21
1378	Brown	15384	0.216	1	1	2.21
1379	Northern	15398	0.216	1	1	2.209
1380	base	61654	0.866	4	4	2.207
1381	70	15439	0.217	1	1	2.205
1382	hist	15438	0.217	1	1	2.205
1383	Popery	30936	0.435	2	2	2.202
1384	mightily	15485	0.218	1	1	2.201
1385	naked	46459	0.653	3	3	2.2
1386	fro	31025	0.436	2	1	2.198
1387	Rode	15543	0.218	1	1	2.195
1388	blind	77737	1.092	5	5	2.195
1389	58	15554	0.219	1	1	2.194
1390	mentions	15583	0.219	1	1	2.192
1391	young	171502	2.409	11	10	2.191
1392	sworn	31396	0.441	2	2	2.181
1393	Drinks	15747	0.221	1	1	2.177
1394	abused	31590	0.444	2	2	2.172
1395	Persecute	15918	0.224	1	1	2.161
1396	Seldom	47805	0.672	3	3	2.159
1397	illustrious	15935	0.224	1	1	2.159
1398	warrant	48147	0.676	3	2	2.149
1399	expectation	32361	0.455	2	2	2.137
1400	safe	64842	0.911	4	4	2.134
1401	remaining	32552	0.457	2	2	2.129
1402	Purse	16277	0.229	1	1	2.128
1403	a	14471665	203.314	881	298	2.115
1404	Sanctify	16453	0.231	1	1	2.113
1405	Penny	16458	0.231	1	1	2.113
1406	executed	33017	0.464	2	2	2.108
1407	Waters	83222	1.169	5	5	2.096
1408	Eloquence	16652	0.234	1	1	2.096
1409	Cousin	16703	0.235	1	1	2.091
1410	wandering	16735	0.235	1	1	2.089
1411	Race	33650	0.473	2	2	2.081
1412	foretold	16838	0.237	1	1	2.079
1413	caught	16892	0.237	1	1	2.075
1414	F	50955	0.716	3	2	2.067
1415	admired	17008	0.239	1	1	2.066
1416	Judgments	34069	0.479	2	2	2.063
1417	Fellow	51208	0.719	3	2	2.06
1418	Contented	34235	0.481	2	1	2.056
1419	G.	51419	0.722	3	2	2.054
1420	57	17142	0.241	1	1	2.054
1421	Ornaments	17222	0.242	1	1	2.047
1422	infected	17325	0.243	1	1	2.039
1423	broad	35012	0.492	2	2	2.024
1424	whenever	17549	0.247	1	1	2.02
1425	shift	17549	0.247	1	1	2.02
1426	forgot	17706	0.249	1	1	2.007
1427	conceived	53148	0.747	3	3	2.006
1428	usually	53352	0.75	3	2	2.001
1429	37	35612	0.5	2	2	1.999
1430	Butter	17830	0.251	1	1	1.997
1431	awake	17876	0.251	1	1	1.994
1432	Bloody	53730	0.755	3	3	1.991
1433	Encounter	17935	0.252	1	1	1.989
1434	Reap	18059	0.254	1	1	1.979
1435	corrupted	36122	0.508	2	2	1.979
1436	Daughter	108707	1.527	6	6	1.974
1437	comprehended	18167	0.255	1	1	1.97
1438	continuing	18162	0.255	1	1	1.97
1439	spite	18225	0.256	1	1	1.966
1440	behind	73039	1.026	4	4	1.963
1441	call	328774	4.619	18	16	1.962
1442	meaning	110075	1.547	6	6	1.956
1443	quit	18392	0.258	1	1	1.952
1444	Proud	73660	1.035	4	3	1.951
1445	Monarch	18420	0.259	1	1	1.95
1446	Courtesy	18515	0.26	1	1	1.943
1447	refuge	18535	0.26	1	1	1.941
1448	turn	167524	2.354	9	7	1.935
1449	French	130315	1.831	7	5	1.935
1450	Lodging	18632	0.262	1	1	1.933
1451	kill	74750	1.05	4	4	1.929
1452	definition	18738	0.263	1	1	1.925
1453	fifty	37601	0.528	2	2	1.921
1454	painful	18867	0.265	1	1	1.915
1455	Quality	75538	1.061	4	3	1.914
1456	attributed	18934	0.266	1	1	1.911
1457	Debt	38106	0.535	2	1	1.901
1458	Devil	190658	2.679	10	10	1.9
1459	Women	152987	2.149	8	8	1.896
1460	November	19152	0.269	1	1	1.894
1461	committed	115180	1.618	6	5	1.891
1462	encouraged	19234	0.27	1	1	1.888
1463	readiness	19245	0.27	1	1	1.887
1464	Dukes	19254	0.271	1	1	1.886
1465	Sink	19378	0.272	1	1	1.877
1466	hide	38812	0.545	2	2	1.875
1467	abhor	19419	0.273	1	1	1.874
1468	Exit	19436	0.273	1	1	1.872
1469	denies	19481	0.274	1	1	1.869
1470	Breasts	19504	0.274	1	1	1.868
1471	habitation	19587	0.275	1	1	1.861
1472	favourable	19618	0.276	1	1	1.859
1473	tells	98449	1.383	5	5	1.854
1474	why	394748	5.546	20	10	1.851
1475	Complaints	19851	0.279	1	1	1.842
1476	Term	59683	0.839	3	3	1.839
1477	reputed	19893	0.28	1	1	1.839
1478	designed	39808	0.559	2	2	1.838
1479	hit	19976	0.281	1	1	1.833
1480	profane	40020	0.562	2	2	1.831
1481	tried	40042	0.563	2	2	1.83
1482	kept	180349	2.534	9	9	1.829
1483	runs	40288	0.566	2	2	1.821
1484	Arts	40476	0.569	2	2	1.814
1485	ride	20257	0.285	1	1	1.813
1486	Converted	40728	0.572	2	2	1.805
1487	praised	20375	0.286	1	1	1.805
1488	arose	20382	0.286	1	1	1.804
1489	adore	20395	0.287	1	1	1.803
1490	crave	20437	0.287	1	1	1.8
1491	35	41018	0.576	2	2	1.795
1492	printed	82066	1.153	4	3	1.795
1493	Wild	61696	0.867	3	3	1.791
1494	Chaste	20646	0.29	1	1	1.785
1495	Colonel	20655	0.29	1	1	1.785
1496	Corner	20657	0.29	1	1	1.785
1497	liberal	20665	0.29	1	1	1.784
1498	interests	20667	0.29	1	1	1.784
1499	Hebrew	41553	0.584	2	1	1.776
1500	Swearing	20821	0.293	1	1	1.773
1501	reckon	20905	0.294	1	1	1.768
1502	Education	20944	0.294	1	1	1.765
1503	embrace	41941	0.589	2	2	1.763
1504	Lewis	20972	0.295	1	1	1.763
1505	becomes	41957	0.59	2	2	1.762
1506	London	146866	2.063	7	5	1.762
1507	persecuted	21044	0.296	1	1	1.758
1508	running	42083	0.591	2	2	1.758
1509	Oh	126299	1.774	6	4	1.758
1510	Rare	42119	0.592	2	2	1.757
1511	inwardly	21063	0.296	1	1	1.757
1512	Husband	105631	1.484	5	2	1.752
1513	event	21225	0.298	1	1	1.746
1514	nine	42485	0.597	2	2	1.744
1515	pronounced	21268	0.299	1	1	1.743
1516	q	21289	0.299	1	1	1.741
1517	Priesthood	21290	0.299	1	1	1.741
1518	Progress	21299	0.299	1	1	1.741
1519	Proverb	21331	0.3	1	1	1.738
1520	IV	42765	0.601	2	2	1.735
1521	final	21409	0.301	1	1	1.733
1522	venture	21408	0.301	1	1	1.733
1523	strain	21461	0.302	1	1	1.73
1524	destroy	86113	1.21	4	4	1.725
1525	Widow	21540	0.303	1	1	1.725
1526	carry	108052	1.518	5	4	1.72
1527	Doctors	43227	0.607	2	1	1.72
1528	Lake	21647	0.304	1	1	1.717
1529	formal	21650	0.304	1	1	1.717
1530	meeting	43320	0.609	2	2	1.716
1531	Swords	21748	0.306	1	1	1.711
1532	ca	21771	0.306	1	1	1.709
1533	troublesome	21852	0.307	1	1	1.704
1534	A.	153020	2.15	7	1	1.703
1535	lying	65748	0.924	3	3	1.699
1536	generous	21938	0.308	1	1	1.698
1537	Jealousy	21960	0.309	1	1	1.697
1538	turned	109846	1.543	5	5	1.696
1539	Recovery	21997	0.309	1	1	1.694
1540	prove	220093	3.092	10	10	1.693
1541	fancy	44141	0.62	2	2	1.689
1542	Irish	22076	0.31	1	1	1.689
1543	Poison	44407	0.624	2	2	1.681
1544	Virgins	22219	0.312	1	1	1.679
1545	bent	22285	0.313	1	1	1.675
1546	Thieves	22285	0.313	1	1	1.675
1547	destruction	89423	1.256	4	3	1.671
1548	sweat	22452	0.315	1	1	1.665
1549	Ruled	22509	0.316	1	1	1.661
1550	60	22504	0.316	1	1	1.661
1551	Spouse	22595	0.317	1	1	1.656
1552	]	429805	6.038	19	7	1.654
1553	Guard	45684	0.642	2	2	1.64
1554	Abominable	22990	0.323	1	1	1.63
1555	odious	23239	0.327	1	1	1.615
1556	shows	70001	0.983	3	3	1.609
1557	Opportunity	46909	0.659	2	2	1.602
1558	thrown	23518	0.33	1	1	1.598
1559	Marriage	94195	1.323	4	3	1.596
1560	Judgment	235552	3.309	10	6	1.595
1561	W.	47212	0.663	2	2	1.592
1562	Wall	47250	0.664	2	1	1.591
1563	History	94546	1.328	4	2	1.59
1564	Protestants	71207	1	3	3	1.584
1565	hears	23785	0.334	1	1	1.581
1566	lately	47691	0.67	2	2	1.578
1567	Rob	23959	0.337	1	1	1.571
1568	Sorry	23995	0.337	1	1	1.569
1569	fox	24216	0.34	1	1	1.556
1570	Constancy	24222	0.34	1	1	1.555
1571	Preacher	24230	0.34	1	1	1.555
1572	engage	24227	0.34	1	1	1.555
1573	19.	72769	1.022	3	3	1.553
1574	Burning	48634	0.683	2	2	1.549
1575	Coat	24384	0.343	1	1	1.545
1576	procured	24521	0.345	1	1	1.537
1577	Garment	24609	0.346	1	1	1.532
1578	Child	148012	2.079	6	5	1.529
1579	oblige	24703	0.347	1	1	1.527
1580	Mr.	271819	3.819	11	9	1.526
1581	Lights	24751	0.348	1	1	1.524
1582	faithfully	24842	0.349	1	1	1.519
1583	j	24919	0.35	1	1	1.514
1584	Companions	24999	0.351	1	1	1.51
1585	goes	100413	1.411	4	4	1.504
1586	smell	25352	0.356	1	1	1.489
1587	r	50984	0.716	2	2	1.481
1588	Sex	25550	0.359	1	1	1.478
1589	whilst	127767	1.795	5	5	1.478
1590	accident	25658	0.361	1	1	1.472
1591	18.	77389	1.087	3	3	1.464
1592	Crying	25811	0.363	1	1	1.464
1593	imagine	51686	0.726	2	2	1.462
1594	aside	51692	0.726	2	2	1.462
1595	half	181109	2.544	7	6	1.46
1596	Chamber	51849	0.728	2	2	1.457
1597	opening	25968	0.365	1	1	1.455
1598	Gain	78199	1.099	3	3	1.449
1599	keep	313074	4.398	12	11	1.448
1600	loved	78391	1.101	3	3	1.446
1601	Maintain	78757	1.107	3	3	1.439
1602	Sinner	52649	0.74	2	2	1.435
1603	Disgrace	26379	0.371	1	1	1.432
1604	Advice	52773	0.741	2	2	1.432
1605	entertained	26459	0.372	1	1	1.428
1606	wanted	26501	0.372	1	1	1.425
1607	attended	26513	0.373	1	1	1.425
1608	meats	26568	0.373	1	1	1.422
1609	pay	106691	1.499	4	4	1.416
1610	please	133516	1.876	5	5	1.414
1611	spent	53460	0.751	2	2	1.413
1612	falling	53567	0.753	2	2	1.41
1613	Money	188212	2.644	7	7	1.405
1614	Distress	26900	0.378	1	1	1.404
1615	Conversation	53957	0.758	2	2	1.4
1616	white	134914	1.895	5	4	1.399
1617	gained	27095	0.381	1	1	1.393
1618	Poets	27112	0.381	1	1	1.393
1619	Faction	27201	0.382	1	1	1.388
1620	served	54417	0.765	2	2	1.387
1621	Night	217853	3.061	8	8	1.386
1622	Industry	27242	0.383	1	1	1.386
1623	Per	190947	2.683	7	3	1.384
1624	e	136544	1.918	5	3	1.382
1625	told	164509	2.311	6	6	1.376
1626	Lust	54865	0.771	2	2	1.376
1627	renewed	27500	0.386	1	1	1.372
1628	enjoyed	27636	0.388	1	1	1.365
1629	suitable	27681	0.389	1	1	1.363
1630	freed	27694	0.389	1	1	1.362
1631	Friend	138523	1.946	5	5	1.361
1632	weep	27707	0.389	1	1	1.361
1633	Professors	27778	0.39	1	1	1.357
1634	despised	27877	0.392	1	1	1.353
1635	Prophets	111696	1.569	4	3	1.35
1636	melancholy	27965	0.393	1	1	1.348
1637	Lie	168129	2.362	6	6	1.345
1638	acted	28050	0.394	1	1	1.343
1639	persuasion	28067	0.394	1	1	1.343
1640	gone	112323	1.578	4	4	1.342
1641	Judged	56237	0.79	2	1	1.34
1642	appeal	28134	0.395	1	1	1.339
1643	Joh.	56601	0.795	2	2	1.331
1644	stands	85073	1.195	3	3	1.328
1645	imagination	28389	0.399	1	1	1.326
1646	Services	28473	0.4	1	1	1.322
1647	deal	85541	1.202	3	2	1.32
1648	Sir	371184	5.215	13	10	1.318
1649	torment	28570	0.401	1	1	1.317
1650	Yoke	28576	0.402	1	1	1.317
1651	Wives	57399	0.806	2	2	1.31
1652	preferred	28699	0.403	1	1	1.31
1653	Challenge	28699	0.403	1	1	1.31
1654	exactly	28776	0.404	1	1	1.307
1655	Crimes	28899	0.406	1	1	1.3
1656	overcome	57959	0.814	2	2	1.296
1657	Horses	58059	0.816	2	2	1.294
1658	Ah	29075	0.409	1	1	1.292
1659	Queen	174640	2.454	6	3	1.29
1660	keeping	58223	0.818	2	2	1.29
1661	hour	87383	1.228	3	3	1.289
1662	pour	29172	0.41	1	1	1.287
1663	Titles	29194	0.41	1	1	1.286
1664	plot	29203	0.41	1	1	1.285
1665	Commonwealth	29279	0.411	1	1	1.282
1666	zealous	29282	0.411	1	1	1.281
1667	Leave	264688	3.719	9	9	1.275
1668	called	768363	10.795	26	25	1.268
1669	follows	118360	1.663	4	4	1.266
1670	famous	88824	1.248	3	3	1.265
1671	fruitful	29679	0.417	1	1	1.262
1672	pretty	29773	0.418	1	1	1.257
1673	publicly	29824	0.419	1	1	1.255
1674	allowed	59743	0.839	2	2	1.253
1675	permit	29877	0.42	1	1	1.253
1676	'	59808	0.84	2	2	1.251
1677	Purity	29926	0.42	1	1	1.25
1678	get	149760	2.104	5	5	1.249
1679	Entertain	30000	0.422	1	1	1.246
1680	contains	30140	0.423	1	1	1.24
1681	Seven	120863	1.698	4	4	1.236
1682	ordinarily	30303	0.426	1	1	1.232
1683	figures	30387	0.427	1	1	1.228
1684	guilty	91473	1.285	3	3	1.223
1685	asked	61036	0.858	2	2	1.222
1686	commend	30571	0.43	1	1	1.219
1687	like	1070087	15.034	35	28	1.219
1688	founded	30617	0.43	1	1	1.217
1689	Anointed	30642	0.431	1	1	1.216
1690	Star	30709	0.431	1	1	1.213
1691	unclean	30723	0.432	1	1	1.212
1692	takes	123079	1.729	4	4	1.21
1693	Husbands	30992	0.435	1	1	1.2
1694	material	30995	0.436	1	1	1.199
1695	represent	31012	0.436	1	1	1.199
1696	Flesh	279311	3.924	9	7	1.198
1697	still	373001	5.24	12	11	1.195
1698	endeavoured	31247	0.439	1	1	1.188
1699	beautiful	31363	0.441	1	1	1.182
1700	?	2527462	35.509	80	46	1.172
1701	corrupt	63197	0.888	2	2	1.172
1702	Fr	63238	0.888	2	2	1.171
1703	Draws	31643	0.445	1	1	1.169
1704	Desert	31779	0.447	1	1	1.163
1705	desperate	31789	0.447	1	1	1.163
1706	Operation	31914	0.448	1	1	1.157
1707	fields	31970	0.449	1	1	1.155
1708	cries	32046	0.45	1	1	1.151
1709	exercised	32045	0.45	1	1	1.151
1710	Damnation	32064	0.451	1	1	1.15
1711	Dogs	32101	0.451	1	1	1.149
1712	Treat	32126	0.451	1	1	1.148
1713	Deuteronomy	64271	0.903	2	1	1.147
1714	enough	225014	3.161	7	5	1.147
1715	Lies	96467	1.355	3	3	1.146
1716	fine	96522	1.356	3	3	1.146
1717	off	323311	4.542	10	9	1.139
1718	constant	64819	0.911	2	2	1.135
1719	Sometimes	226924	3.188	7	3	1.135
1720	Bond	32545	0.457	1	1	1.129
1721	accused	32564	0.458	1	1	1.128
1722	Ten	130362	1.832	4	3	1.127
1723	Master	228418	3.209	7	7	1.125
1724	Worshipped	32660	0.459	1	1	1.124
1725	thin	32659	0.459	1	1	1.124
1726	makes	359288	5.048	11	10	1.124
1727	fought	32796	0.461	1	1	1.118
1728	Quarrel	32992	0.464	1	1	1.109
1729	endure	66031	0.928	2	2	1.108
1730	accepted	33046	0.464	1	1	1.107
1731	Ibid	66183	0.93	2	2	1.105
1732	record	33094	0.465	1	1	1.105
1733	Nations	132713	1.865	4	3	1.101
1734	afford	33330	0.468	1	1	1.094
1735	Trinity	33437	0.47	1	1	1.09
1736	James	100348	1.41	3	3	1.089
1737	Issue	66951	0.941	2	2	1.088
1738	Shore	33521	0.471	1	1	1.087
1739	colour	100836	1.417	3	3	1.082
1740	sees	33635	0.473	1	1	1.082
1741	Extraordinary	67414	0.947	2	2	1.078
1742	miserable	67471	0.948	2	2	1.077
1743	obliged	67494	0.948	2	2	1.077
1744	Hen	33893	0.476	1	1	1.07
1745	Alas	67915	0.954	2	2	1.068
1746	VII	34063	0.479	1	1	1.063
1747	Physicians	34162	0.48	1	1	1.059
1748	support	34167	0.48	1	1	1.059
1749	Poet	34204	0.481	1	1	1.057
1750	Injury	34234	0.481	1	1	1.056
1751	professed	34256	0.481	1	1	1.055
1752	Worship	206782	2.905	6	4	1.046
1753	become	172873	2.429	5	5	1.042
1754	uncertain	34586	0.486	1	1	1.041
1755	finds	34792	0.489	1	1	1.033
1756	Expressions	34805	0.489	1	1	1.032
1757	poor	313465	4.404	9	9	1.031
1758	Born	104623	1.47	3	3	1.029
1759	demanded	34888	0.49	1	1	1.029
1760	Serious	35051	0.492	1	1	1.022
1761	Forbear	35085	0.493	1	1	1.021
1762	going	105462	1.482	3	3	1.018
1763	fools	35223	0.495	1	1	1.015
1764	Monsieur	35326	0.496	1	1	1.011
1765	Roman	141472	1.988	4	4	1.009
1766	habit	35431	0.498	1	1	1.006
1767	shortly	35459	0.498	1	1	1.005
1768	make	1313915	18.459	37	31	1.003
1769	restore	35689	0.501	1	1	0.996
1770	Poverty	35712	0.502	1	1	0.995
1771	bounds	35744	0.502	1	1	0.994
1772	mighty	107406	1.509	3	3	0.991
1773	Verses	35860	0.504	1	1	0.989
1774	Breach	35926	0.505	1	1	0.987
1775	dumb	36044	0.506	1	1	0.982
1776	Courage	72091	1.013	2	2	0.982
1777	sure	217623	3.057	6	6	0.973
1778	complain	36342	0.511	1	1	0.97
1779	mistake	36342	0.511	1	1	0.97
1780	Jer.	36352	0.511	1	1	0.969
1781	pleasant	72707	1.022	2	2	0.969
1782	thrust	36372	0.511	1	1	0.969
1783	Citizens	36524	0.513	1	1	0.963
1784	Garden	36538	0.513	1	1	0.962
1785	expect	73209	1.029	2	2	0.959
1786	possess	36617	0.514	1	1	0.959
1787	became	73544	1.033	2	2	0.953
1788	Clothes	36950	0.519	1	1	0.946
1789	House	407406	5.724	11	10	0.942
1790	sincere	37054	0.521	1	1	0.942
1791	Palace	37162	0.522	1	1	0.938
1792	turning	37211	0.523	1	1	0.936
1793	Satan	111662	1.569	3	3	0.935
1794	spend	37287	0.524	1	1	0.933
1795	Fat	37322	0.524	1	1	0.932
1796	obligation	37610	0.528	1	1	0.92
1797	Than	940786	13.217	25	21	0.92
1798	bow	37729	0.53	1	1	0.916
1799	masters	75576	1.062	2	2	0.913
1800	vile	37856	0.532	1	1	0.911
1801	Ages	75749	1.064	2	2	0.91
1802	Evening	37929	0.533	1	1	0.908
1803	brave	38044	0.535	1	1	0.904
1804	go	533648	7.497	14	12	0.901
1805	praying	38212	0.537	1	1	0.898
1806	i.	191916	2.696	5	3	0.891
1807	maintained	38390	0.539	1	1	0.891
1808	rising	38647	0.543	1	1	0.881
1809	Chap	271060	3.808	7	3	0.878
1810	Qualities	38805	0.545	1	1	0.875
1811	Forgive	38909	0.547	1	1	0.871
1812	procure	38952	0.547	1	1	0.87
1813	credit	77984	1.096	2	2	0.868
1814	George	39058	0.549	1	1	0.866
1815	St.	195546	2.747	5	5	0.864
1816	supply	39154	0.55	1	1	0.862
1817	Lordship	39217	0.551	1	1	0.86
1818	whereupon	78977	1.11	2	1	0.85
1819	Lo	39596	0.556	1	1	0.846
1820	attain	39646	0.557	1	1	0.844
1821	grave	79381	1.115	2	2	0.843
1822	consent	119423	1.678	3	3	0.838
1823	36	39832	0.56	1	1	0.838
1824	n.	79817	1.121	2	2	0.835
1825	&c	479189	6.732	12	10	0.834
1826	sake	119831	1.684	3	3	0.833
1827	keeps	40024	0.562	1	1	0.831
1828	Tongues	40030	0.562	1	1	0.83
1829	space	80076	1.125	2	2	0.83
1830	cover	40190	0.565	1	1	0.825
1831	deceive	40456	0.568	1	1	0.815
1832	Profession	81244	1.141	2	2	0.809
1833	wonder	81268	1.142	2	2	0.809
1834	lastly	81334	1.143	2	2	0.808
1835	Natures	40702	0.572	1	1	0.806
1836	Pounds	40756	0.573	1	1	0.804
1837	notable	40823	0.574	1	1	0.802
1838	Text	124188	1.745	3	3	0.782
1839	intention	41747	0.587	1	1	0.77
1840	Manners	41947	0.589	1	1	0.763
1841	Church	1175787	16.519	28	17	0.761
1842	roots	42047	0.591	1	1	0.76
1843	Prejudice	42088	0.591	1	1	0.758
1844	mad	42332	0.595	1	1	0.75
1845	rose	42445	0.596	1	1	0.746
1846	Reformed	42488	0.597	1	1	0.744
1847	carried	127788	1.795	3	3	0.741
1848	utter	42614	0.599	1	1	0.74
1849	Whose	468798	6.586	11	7	0.74
1850	B.	127907	1.797	3	3	0.739
1851	Grand	42729	0.6	1	1	0.736
1852	described	42932	0.603	1	1	0.729
1853	while	300747	4.225	7	4	0.728
1854	frequent	43207	0.607	1	1	0.72
1855	Arms	173309	2.435	4	4	0.716
1856	whom	782727	10.997	18	15	0.711
1857	Seed	130549	1.834	3	3	0.71
1858	Mark	131282	1.844	3	2	0.702
1859	alleged	43807	0.615	1	1	0.7
1860	sit	131502	1.848	3	3	0.699
1861	rise	87880	1.235	2	2	0.696
1862	;	9536348	133.977	217	141	0.696
1863	Camp	43972	0.618	1	1	0.695
1864	bringing	44028	0.619	1	1	0.693
1865	yours	44031	0.619	1	1	0.693
1866	p.	440626	6.19	10	7	0.692
1867	Womb	44083	0.619	1	1	0.691
1868	meet	132574	1.863	3	3	0.688
1869	who	2315377	32.529	52	48	0.677
1870	Reputation	44574	0.626	1	1	0.675
1871	17	133873	1.881	3	2	0.674
1872	Yes	44644	0.627	1	1	0.673
1873	Neck	44710	0.628	1	1	0.671
1874	you	3714542	52.186	83	60	0.669
1875	di	44811	0.63	1	1	0.667
1876	unjust	44820	0.63	1	1	0.667
1877	Defence	89679	1.26	2	2	0.667
1878	usual	44893	0.631	1	1	0.665
1879	forced	89873	1.263	2	2	0.664
1880	bid	45051	0.633	1	1	0.66
1881	highly	45059	0.633	1	1	0.66
1882	Instrument	45056	0.633	1	1	0.66
1883	outward	135202	1.9	3	3	0.659
1884	art	315875	4.438	7	7	0.658
1885	34	45179	0.635	1	1	0.656
1886	Hill	45286	0.636	1	1	0.652
1887	on	1948583	27.376	43	35	0.651
1888	face	181454	2.549	4	4	0.65
1889	Thirdly	90751	1.275	2	1	0.65
1890	Kings	363629	5.109	8	8	0.647
1891	begins	45496	0.639	1	1	0.646
1892	main	45562	0.64	1	1	0.644
1893	Math	45572	0.64	1	1	0.643
1894	settled	45575	0.64	1	1	0.643
1895	judges	91633	1.287	2	2	0.636
1896	honourable	91740	1.289	2	2	0.634
1897	Affliction	45899	0.645	1	1	0.633
1898	belongs	45900	0.645	1	1	0.633
1899	grown	45966	0.646	1	1	0.631
1900	or	6140246	86.265	133	88	0.625
1901	laid	184949	2.598	4	4	0.622
1902	store	46312	0.651	1	1	0.62
1903	Vice	46611	0.655	1	1	0.611
1904	attend	46658	0.656	1	1	0.609
1905	Name	607418	8.534	13	12	0.607
1906	Crown	140652	1.976	3	3	0.602
1907	Shame	94222	1.324	2	2	0.595
1908	eternity	47176	0.663	1	1	0.593
1909	advantage	94526	1.328	2	2	0.591
1910	hot	94567	1.329	2	2	0.59
1911	rightly	47299	0.665	1	1	0.59
1912	United	47414	0.666	1	1	0.586
1913	three	474878	6.672	10	9	0.584
1914	Devotion	47524	0.668	1	1	0.583
1915	bad	95210	1.338	2	2	0.58
1916	sat	47715	0.67	1	1	0.577
1917	beauty	95667	1.344	2	2	0.573
1918	none	383245	5.384	8	8	0.571
1919	little	624322	8.771	13	12	0.568
1920	an	2497908	35.093	52	43	0.567
1921	Frame	48094	0.676	1	1	0.566
1922	head	338290	4.753	7	6	0.559
1923	Philip	48328	0.679	1	1	0.559
1924	J.	48447	0.681	1	1	0.555
1925	Portion	48529	0.682	1	1	0.553
1926	Enter	145726	2.047	3	3	0.551
1927	happen	48850	0.686	1	1	0.543
1928	making	195439	2.746	4	4	0.543
1929	12	195478	2.746	4	4	0.543
1930	commonly	97748	1.373	2	2	0.542
1931	noted	48905	0.687	1	1	0.541
1932	afterwards	146805	2.063	3	3	0.541
1933	spoken	147126	2.067	3	3	0.537
1934	States	49055	0.689	1	1	0.537
1935	Heavens	49058	0.689	1	1	0.537
1936	pretence	49124	0.69	1	1	0.535
1937	withal	98276	1.381	2	2	0.535
1938	rather	393402	5.527	8	8	0.534
1939	Sacrifices	49194	0.691	1	1	0.533
1940	Col.	49217	0.692	1	1	0.532
1941	love	838220	11.776	17	15	0.53
1942	wicked	246712	3.466	5	5	0.529
1943	abundance	49441	0.695	1	1	0.526
1944	me	1731164	24.321	35	24	0.525
1945	Id	49498	0.695	1	1	0.524
1946	alive	49526	0.696	1	1	0.523
1947	neighbour	49578	0.697	1	1	0.522
1948	Golden	49785	0.699	1	1	0.516
1949	naturally	49783	0.699	1	1	0.516
1950	thou	1398203	19.644	28	20	0.511
1951	Servants	149996	2.107	3	3	0.51
1952	Lamb	50063	0.703	1	1	0.508
1953	greatest	200955	2.823	4	4	0.503
1954	External	50280	0.706	1	1	0.501
1955	away	504942	7.094	10	9	0.495
1956	short	151930	2.135	3	3	0.491
1957	Instruments	50653	0.712	1	1	0.491
1958	Posterity	50699	0.712	1	1	0.489
1959	Behold	152112	2.137	3	3	0.489
1960	Gold	152169	2.138	3	3	0.489
1961	thinking	51014	0.717	1	1	0.481
1962	punished	51064	0.717	1	1	0.479
1963	commit	51155	0.719	1	1	0.477
1964	Seat	51212	0.72	1	1	0.475
1965	with	6743369	94.738	131	91	0.468
1966	known	257669	3.62	5	5	0.466
1967	unless	154621	2.172	3	3	0.466
1968	no	2739631	38.489	53	44	0.462
1969	bring	310345	4.36	6	6	0.461
1970	sweet	155475	2.184	3	3	0.458
1971	thousand	207672	2.918	4	4	0.455
1972	John	415725	5.841	8	6	0.454
1973	possessed	51998	0.731	1	1	0.453
1974	supreme	52026	0.731	1	1	0.452
1975	top	52060	0.731	1	1	0.451
1976	looks	52264	0.734	1	1	0.446
1977	already	157133	2.208	3	2	0.442
1978	upon	2522161	35.434	48	40	0.438
1979	Estate	157763	2.216	3	3	0.437
1980	excuse	52632	0.739	1	1	0.436
1981	Account	211262	2.968	4	4	0.431
1982	Saying	211699	2.974	4	4	0.427
1983	Instance	53150	0.747	1	1	0.421
1984	Count	53522	0.752	1	1	0.411
1985	wound	53525	0.752	1	1	0.411
1986	Special	107206	1.506	2	1	0.409
1987	yea	321813	4.521	6	6	0.408
1988	viz.	161354	2.267	3	3	0.404
1989	City	377406	5.302	7	4	0.401
1990	inferior	54087	0.76	1	1	0.396
1991	drawn	108352	1.522	2	2	0.394
1992	O	541781	7.612	10	10	0.394
1993	would	1733888	24.36	32	28	0.394
1994	Israel	162651	2.285	3	3	0.393
1995	Glass	54513	0.766	1	1	0.385
1996	deceived	54539	0.766	1	1	0.384
1997	consequence	54571	0.767	1	1	0.383
1998	dear	109293	1.536	2	2	0.381
1999	though	1040761	14.622	19	18	0.378
2000	Wine	164447	2.31	3	3	0.377
2001	brings	54834	0.77	1	1	0.376
2002	Walls	54925	0.772	1	1	0.374
2003	bold	54959	0.772	1	1	0.373
2004	the	59190422	831.571	1073	321	0.368
2005	gather	55266	0.776	1	1	0.365
2006	Children	387096	5.438	7	5	0.364
2007	Henry	110662	1.555	2	1	0.363
2008	Ordinances	55387	0.778	1	1	0.362
2009	once	277740	3.902	5	5	0.358
2010	leaving	55555	0.781	1	1	0.358
2011	room	55576	0.781	1	1	0.357
2012	your	2073026	29.124	37	22	0.345
2013	Breast	56115	0.788	1	1	0.343
2014	Creature	112250	1.577	2	2	0.343
2015	else	281410	3.954	5	5	0.339
2016	Iniquity	56296	0.791	1	1	0.338
2017	accounted	56307	0.791	1	1	0.338
2018	brought	394377	5.541	7	7	0.337
2019	luck	56354	0.792	1	1	0.337
2020	Mountains	56383	0.792	1	1	0.336
2021	Interest	112821	1.585	2	2	0.336
2022	Feast	56711	0.797	1	1	0.328
2023	another	682313	9.586	12	10	0.324
2024	Idolatry	57073	0.802	1	1	0.319
2025	Assistance	57244	0.804	1	1	0.314
2026	dark	57339	0.806	1	1	0.312
2027	Wit	172149	2.419	3	3	0.311
2028	cast	229673	3.227	4	3	0.31
2029	Reformation	57778	0.812	1	1	0.301
2030	Reign	115734	1.626	2	2	0.299
2031	too	521045	7.32	9	9	0.298
2032	finding	57977	0.815	1	1	0.296
2033	title	115960	1.629	2	2	0.296
2034	,	97296499	1366.926	1671	433	0.29
2035	Give	758276	10.653	13	8	0.287
2036	Commission	58345	0.82	1	1	0.287
2037	shut	58420	0.821	1	1	0.285
2038	length	117029	1.644	2	2	0.283
2039	Occasions	58514	0.822	1	1	0.283
2040	Diseases	58776	0.826	1	1	0.276
2041	thought	352735	4.956	6	4	0.276
2042	Hart	58913	0.828	1	1	0.273
2043	Ceremonies	59141	0.831	1	1	0.267
2044	wait	59233	0.832	1	1	0.265
2045	my	2492426	35.016	42	29	0.262
2046	condemn	59378	0.834	1	1	0.262
2047	seems	178155	2.503	3	3	0.261
2048	.	39047260	548.578	655	244	0.256
2049	e.	119746	1.682	2	2	0.25
2050	height	59996	0.843	1	1	0.247
2051	Supper	60000	0.843	1	1	0.247
2052	Story	60177	0.845	1	1	0.242
2053	quiet	60323	0.848	1	1	0.239
2054	mine	181777	2.554	3	3	0.232
2055	spring	60792	0.854	1	1	0.228
2056	breath	60807	0.854	1	1	0.227
2057	against	1339213	18.815	22	20	0.226
2058	says	304429	4.277	5	5	0.225
2059	Confidence	60886	0.855	1	1	0.225
2060	had	2740575	38.503	45	36	0.225
2061	strong	182777	2.568	3	3	0.224
2062	shall	2624249	36.868	43	31	0.222
2063	First	1465032	20.582	24	20	0.222
2064	ere	61209	0.86	1	1	0.218
2065	Land	307074	4.314	5	2	0.213
2066	join	61462	0.864	1	1	0.212
2067	began	184715	2.595	3	3	0.209
2068	Town	184940	2.598	3	3	0.207
2069	killed	61673	0.866	1	1	0.207
2070	l.	308378	4.332	5	4	0.207
2071	along	61778	0.868	1	1	0.204
2072	Priest	123560	1.736	2	2	0.204
2073	England	309285	4.345	5	5	0.203
2074	curse	61992	0.871	1	1	0.199
2075	Italy	62147	0.873	1	1	0.196
2076	scarce	62192	0.874	1	1	0.195
2077	pleasure	186565	2.621	3	3	0.195
2078	changed	62232	0.874	1	1	0.194
2079	pretended	62449	0.877	1	1	0.189
2080	inhabitants	62803	0.882	1	1	0.181
2081	second	377815	5.308	6	5	0.177
2082	Prison	63013	0.885	1	1	0.176
2083	self	948089	13.32	15	14	0.171
2084	is	12301699	172.828	194	113	0.167
2085	ye	825703	11.6	13	9	0.164
2086	Youth	63555	0.893	1	1	0.163
2087	nor	1146191	16.103	18	15	0.161
2088	Carnal	63756	0.896	1	1	0.159
2089	and	37698224	529.625	589	266	0.153
2090	Business	128020	1.799	2	2	0.153
2091	offence	64157	0.901	1	1	0.15
2092	difference	128593	1.807	2	2	0.147
2093	door	64326	0.904	1	1	0.146
2094	glorious	128843	1.81	2	2	0.144
2095	many	1356675	19.06	21	19	0.14
2096	pleased	129448	1.819	2	2	0.137
2097	Months	65020	0.914	1	1	0.131
2098	cause	585252	8.222	9	6	0.13
2099	I	6187300	86.926	95	62	0.128
2100	bear	196568	2.762	3	3	0.119
2101	Anger	65536	0.921	1	1	0.119
2102	innocent	65570	0.921	1	1	0.118
2103	Gentleman	66021	0.928	1	1	0.109
2104	higher	66116	0.929	1	1	0.106
2105	went	264770	3.72	4	3	0.105
2106	29	66407	0.933	1	1	0.1
2107	few	199429	2.802	3	2	0.099
2108	s	133183	1.871	2	1	0.096
2109	down	533657	7.497	8	8	0.094
2110	trial	66850	0.939	1	1	0.09
2111	lose	66954	0.941	1	1	0.088
2112	Fall	267911	3.764	4	4	0.088
2113	persuaded	67094	0.943	1	1	0.085
2114	was	5179337	72.765	77	54	0.082
2115	s.	403850	5.674	6	5	0.081
2116	Letter	134624	1.891	2	2	0.081
2117	v.	202373	2.843	3	3	0.077
2118	Month	67860	0.953	1	1	0.069
2119	dare	135920	1.91	2	2	0.067
2120	because	1157094	16.256	17	12	0.065
2121	Throne	68392	0.961	1	1	0.058
2122	forth	410791	5.771	6	6	0.056
2123	Malice	68470	0.962	1	1	0.056
2124	large	136943	1.924	2	2	0.056
2125	one	2538275	35.66	37	27	0.053
2126	Father	550491	7.734	8	7	0.049
2127	Answered	137849	1.937	2	2	0.046
2128	lawful	138238	1.942	2	2	0.042
2129	particularly	69414	0.975	1	1	0.036
2130	strange	139257	1.956	2	1	0.032
2131	Sons	139530	1.96	2	2	0.029
2132	Denied	69953	0.983	1	1	0.025
2133	divers	210634	2.959	3	3	0.02
2134	high	281250	3.951	4	4	0.018
2135	every	1057014	14.85	15	14	0.014
2136	follow	211834	2.976	3	3	0.012
2137	can	1982819	27.857	28	27	0.007
2138	praise	141937	1.994	2	2	0.004
2139	actions	142378	2	2	2	-0
2140	will	2993503	42.056	42	38	-0.002
2141	following	142882	2.007	2	1	-0.005
2142	D	143450	2.015	2	2	-0.011
2143	Arguments	71833	1.009	1	1	-0.013
2144	home	144093	2.024	2	2	-0.017
2145	Free	216340	3.039	3	3	-0.019
2146	Raise	72133	1.013	1	1	-0.019
2147	eat	145185	2.04	2	2	-0.028
2148	)	3126749	43.928	43	30	-0.031
2149	of	39170514	550.309	538	263	-0.033
2150	F.	73082	1.027	1	1	-0.038
2151	Well	1096551	15.406	15	14	-0.038
2152	de	804522	11.303	11	6	-0.039
2153	how	1244740	17.487	17	13	-0.041
2154	Kingdoms	73313	1.03	1	1	-0.043
2155	fail	73352	1.031	1	1	-0.043
2156	Help	220081	3.092	3	3	-0.044
2157	Better	443737	6.234	6	4	-0.055
2158	at	3182175	44.707	43	40	-0.056
2159	does	222564	3.127	3	3	-0.06
2160	be	9896153	139.032	133	91	-0.064
2161	Ruin	74606	1.048	1	1	-0.068
2162	midst	74832	1.051	1	1	-0.072
2163	Effects	75047	1.054	1	1	-0.076
2164	but	6983890	98.117	93	75	-0.077
2165	Done	601055	8.444	8	3	-0.078
2166	forces	75262	1.057	1	1	-0.081
2167	Isa.	75282	1.058	1	1	-0.081
2168	seemed	75334	1.058	1	1	-0.082
2169	agree	75479	1.06	1	1	-0.085
2170	Edward	75687	1.063	1	1	-0.089
2171	Ecclesiastical	75702	1.064	1	1	-0.089
2172	Zeal	75709	1.064	1	1	-0.089
2173	said	1514302	21.275	20	15	-0.089
2174	among	379416	5.33	5	5	-0.092
2175	hath	1823449	25.618	24	19	-0.094
2176	6	304045	4.272	4	4	-0.095
2177	always	304181	4.274	4	4	-0.095
2178	his	9217642	129.499	121	72	-0.098
2179	there	2595192	36.46	34	28	-0.101
2180	often	229358	3.222	3	3	-0.103
2181	Popes	76677	1.077	1	1	-0.107
2182	wish	76763	1.078	1	1	-0.109
2183	(	3147389	44.218	41	27	-0.109
2184	this	6548918	92.006	85	58	-0.114
2185	Besides	231481	3.252	3	2	-0.116
2186	Gift	77682	1.091	1	1	-0.126
2187	justly	77751	1.092	1	1	-0.127
2188	27	77948	1.095	1	1	-0.131
2189	for	9369441	131.632	120	80	-0.133
2190	sufficient	156507	2.199	2	2	-0.137
2191	root	78309	1.1	1	1	-0.138
2192	Egypt	78714	1.106	1	1	-0.145
2193	signifies	79472	1.117	1	1	-0.159
2194	Conscience	238823	3.355	3	3	-0.161
2195	lay	238823	3.355	3	3	-0.161
2196	Case	319514	4.489	4	4	-0.166
2197	abroad	80124	1.126	1	1	-0.171
2198	ends	80149	1.126	1	1	-0.171
2199	being	1764433	24.789	22	20	-0.172
2200	to	27864128	391.465	347	180	-0.174
2201	mouth	161086	2.263	2	2	-0.178
2202	live	322774	4.535	4	4	-0.181
2203	Let	968524	13.607	12	12	-0.181
2204	Lives	161569	2.27	2	2	-0.183
2205	thee	728077	10.229	9	8	-0.185
2206	third	242706	3.41	3	3	-0.185
2207	Enemy	162072	2.277	2	2	-0.187
2208	Victory	81232	1.141	1	1	-0.191
2209	Knight	81427	1.144	1	1	-0.194
2210	sick	81507	1.145	1	1	-0.195
2211	conceive	81841	1.15	1	1	-0.201
2212	13	164052	2.305	2	2	-0.205
2213	If	3293480	46.27	40	36	-0.21
2214	that	17465266	245.371	212	125	-0.211
2215	since	412107	5.79	5	4	-0.212
2216	State	329799	4.633	4	3	-0.212
2217	Health	83023	1.166	1	1	-0.222
2218	un	83123	1.168	1	1	-0.224
2219	may	2661871	37.397	32	26	-0.225
2220	lead	83367	1.171	1	1	-0.228
2221	do	2417629	33.965	29	21	-0.228
2222	acknowledge	83501	1.173	1	1	-0.23
2223	7	251211	3.529	3	2	-0.234
2224	cure	84022	1.18	1	1	-0.239
2225	grief	84127	1.182	1	1	-0.241
2226	thy	1346327	18.915	16	13	-0.241
2227	now	1519152	21.343	18	18	-0.246
2228	Tears	84461	1.187	1	1	-0.247
2229	ordained	84488	1.187	1	1	-0.247
2230	chosen	84591	1.188	1	1	-0.249
2231	humble	84679	1.19	1	1	-0.251
2232	World	932868	13.106	11	11	-0.253
2233	piece	85080	1.195	1	1	-0.257
2234	tell	255280	3.586	3	3	-0.258
2235	comes	255457	3.589	3	3	-0.259
2236	Author	170634	2.397	2	2	-0.261
2237	Patience	85500	1.201	1	1	-0.264
2238	Officers	85656	1.203	1	1	-0.267
2239	what	2320680	32.603	27	21	-0.272
2240	haste	258415	3.631	3	3	-0.275
2241	Family	86324	1.213	1	1	-0.278
2242	joined	86338	1.213	1	1	-0.279
2243	here	866663	12.176	10	10	-0.284
2244	Table	86761	1.219	1	1	-0.286
2245	named	86879	1.221	1	1	-0.288
2246	sight	174034	2.445	2	2	-0.29
2247	ready	174387	2.45	2	1	-0.293
2248	show	349122	4.905	4	4	-0.294
2249	returned	87529	1.23	1	1	-0.298
2250	Judge	262867	3.693	3	3	-0.3
2251	Thus	788750	11.081	9	8	-0.3
2252	knowing	87901	1.235	1	1	-0.304
2253	terms	88303	1.241	1	1	-0.311
2254	made	1503973	21.129	17	16	-0.314
2255	30	88541	1.244	1	1	-0.315
2256	ill	177562	2.495	2	2	-0.319
2257	notice	88877	1.249	1	1	-0.32
2258	Original	88923	1.249	1	1	-0.321
2259	should	1871070	26.287	21	20	-0.324
2260	did	1515759	21.295	17	14	-0.325
2261	above	357391	5.021	4	4	-0.328
2262	new	447014	6.28	5	5	-0.329
2263	conclude	89613	1.259	1	1	-0.332
2264	Man	1972758	27.715	22	20	-0.333
2265	profit	90042	1.265	1	1	-0.339
2266	acts	180390	2.534	2	2	-0.342
2267	chief	180904	2.542	2	2	-0.346
2268	Empire	90491	1.271	1	1	-0.346
2269	where	1086411	15.263	12	11	-0.347
2270	deliver	90659	1.274	1	1	-0.349
2271	remain	90767	1.275	1	1	-0.351
2272	easy	91240	1.282	1	1	-0.358
2273	Person	366738	5.152	4	4	-0.365
2274	25	91872	1.291	1	1	-0.368
2275	want	185706	2.609	2	2	-0.383
2276	he	9215356	129.467	99	74	-0.387
2277	Written	186305	2.617	2	2	-0.388
2278	Saint	186918	2.626	2	2	-0.393
2279	Reader	93498	1.314	1	1	-0.394
2280	out	1686345	23.692	18	17	-0.396
2281	ask	93732	1.317	1	1	-0.397
2282	Riches	93796	1.318	1	1	-0.398
2283	16.	93810	1.318	1	1	-0.398
2284	Duke	187759	2.638	2	2	-0.399
2285	ones	94155	1.323	1	1	-0.404
2286	Hand	471988	6.631	5	4	-0.407
2287	about	661900	9.299	7	6	-0.41
2288	long	571124	8.024	6	6	-0.419
2289	Sense	285637	4.013	3	3	-0.42
2290	15.	95551	1.342	1	1	-0.425
2291	also	1433690	20.142	15	9	-0.425
2292	happiness	95587	1.343	1	1	-0.425
2293	saw	191431	2.689	2	2	-0.427
2294	offer	96063	1.35	1	1	-0.433
2295	taken	481305	6.762	5	5	-0.436
2296	Speaking	96859	1.361	1	1	-0.444
2297	come	1165618	16.376	12	11	-0.449
2298	begin	97196	1.366	1	1	-0.449
2299	required	97239	1.366	1	1	-0.45
2300	:	8018849	112.657	82	65	-0.458
2301	as	9292085	130.545	95	64	-0.459
2302	Strength	196140	2.756	2	2	-0.462
2303	Fire	294315	4.135	3	2	-0.463
2304	beyond	98141	1.379	1	1	-0.463
2305	everlasting	98162	1.379	1	1	-0.464
2306	continued	98376	1.382	1	1	-0.467
2307	granted	98434	1.383	1	1	-0.468
2308	Affairs	98583	1.385	1	1	-0.47
2309	rest	396125	5.565	4	4	-0.476
2310	say	1089806	15.311	11	11	-0.477
2311	him	4270811	60.001	43	36	-0.481
2312	Image	99324	1.395	1	1	-0.481
2313	&c.	299097	4.202	3	3	-0.486
2314	Book	299396	4.206	3	3	-0.488
2315	Perhaps	99958	1.404	1	1	-0.49
2316	declare	100528	1.412	1	1	-0.498
2317	principal	100602	1.413	1	1	-0.499
2318	from	3924250	55.132	39	35	-0.499
2319	take	907131	12.744	9	9	-0.502
2320	Royal	101049	1.42	1	1	-0.505
2321	put	607656	8.537	6	6	-0.509
2322	Catholic	101512	1.426	1	1	-0.512
2323	Religion	406309	5.708	4	4	-0.513
2324	content	101607	1.428	1	1	-0.513
2325	express	101655	1.428	1	1	-0.514
2326	am	509469	7.158	5	4	-0.518
2327	Communion	101932	1.432	1	1	-0.518
2328	have	4691254	65.908	46	43	-0.519
2329	Fair	204535	2.874	2	1	-0.523
2330	are	5017099	70.486	49	40	-0.525
2331	la	204980	2.88	2	2	-0.526
2332	Feet	102703	1.443	1	1	-0.529
2333	Testimony	102732	1.443	1	1	-0.529
2334	Two	926661	13.019	9	9	-0.533
2335	Speech	103090	1.448	1	1	-0.534
2336	much	1448309	20.347	14	13	-0.539
2337	not	8929558	125.452	86	63	-0.545
2338	pro	103839	1.459	1	1	-0.545
2339	sign	104160	1.463	1	1	-0.549
2340	H.	104565	1.469	1	1	-0.555
2341	Custom	105184	1.478	1	1	-0.563
2342	longer	105304	1.479	1	1	-0.565
2343	weak	105310	1.48	1	1	-0.565
2344	promised	105333	1.48	1	1	-0.565
2345	Pride	105444	1.481	1	1	-0.567
2346	sayeth	633645	8.902	6	6	-0.569
2347	by	7416468	104.195	70	55	-0.574
2348	B	106037	1.49	1	1	-0.575
2349	hundred	212307	2.983	2	2	-0.577
2350	when	2343068	32.918	22	20	-0.581
2351	motion	106536	1.497	1	1	-0.582
2352	13.	106799	1.5	1	1	-0.585
2353	whole	534092	7.504	5	5	-0.586
2354	minds	106848	1.501	1	1	-0.586
2355	Fathers	213875	3.005	2	2	-0.587
2356	between	321208	4.513	3	3	-0.589
2357	words	643917	9.046	6	5	-0.592
2358	break	107397	1.509	1	1	-0.593
2359	act	322490	4.531	3	3	-0.595
2360	sound	107925	1.516	1	1	-0.6
2361	yet	1835928	25.793	17	15	-0.601
2362	likewise	215998	3.035	2	1	-0.602
2363	then	2700348	37.937	25	23	-0.602
2364	somewhat	108061	1.518	1	1	-0.602
2365	Jerusalem	108264	1.521	1	1	-0.605
2366	grow	108376	1.523	1	1	-0.607
2367	been	1095200	15.387	10	9	-0.622
2368	stone	110110	1.547	1	1	-0.629
2369	mentioned	110171	1.548	1	1	-0.63
2370	promises	110749	1.556	1	1	-0.638
2371	le	110821	1.557	1	1	-0.639
2372	must	1333555	18.735	12	11	-0.643
2373	together	444738	6.248	4	4	-0.643
2374	never	778679	10.94	7	7	-0.644
2375	Court	223217	3.136	2	2	-0.649
2376	Note	111981	1.573	1	1	-0.654
2377	last	450430	6.328	4	4	-0.662
2378	less	337828	4.746	3	3	-0.662
2379	Earth	451529	6.344	4	4	-0.665
2380	caused	113016	1.588	1	1	-0.667
2381	ordinary	113361	1.593	1	1	-0.671
2382	Punishment	113533	1.595	1	1	-0.674
2383	lived	113584	1.596	1	1	-0.674
2384	seen	227877	3.202	2	2	-0.679
2385	full	343239	4.822	3	2	-0.685
2386	having	579260	8.138	5	5	-0.703
2387	Members	116122	1.631	1	1	-0.706
2388	most	1280269	17.987	11	10	-0.709
2389	near	232787	3.27	2	2	-0.709
2390	remember	116819	1.641	1	1	-0.715
2391	in	20011385	281.141	171	110	-0.717
2392	giving	117136	1.646	1	1	-0.719
2393	measure	118535	1.665	1	1	-0.736
2394	Cold	119553	1.68	1	1	-0.748
2395	spiritual	239256	3.361	2	2	-0.749
2396	presently	119716	1.682	1	1	-0.75
2397	Names	120160	1.688	1	1	-0.755
2398	send	120341	1.691	1	1	-0.758
2399	Virtue	240899	3.384	2	2	-0.759
2400	1	1451762	20.396	12	11	-0.765
2401	believe	363239	5.103	3	3	-0.766
2402	further	242781	3.411	2	2	-0.77
2403	even	607522	8.535	5	4	-0.771
2404	hold	243646	3.423	2	2	-0.775
2405	Civil	121918	1.713	1	1	-0.776
2406	mean	244094	3.429	2	2	-0.778
2407	through	491298	6.902	4	4	-0.787
2408	some	1845849	25.933	15	15	-0.79
2409	past	123448	1.734	1	1	-0.794
2410	up	1119358	15.726	9	9	-0.805
2411	Honour	374182	5.257	3	3	-0.809
2412	Except	124877	1.754	1	1	-0.811
2413	side	250068	3.513	2	2	-0.813
2414	word	751485	10.558	6	5	-0.815
2415	understood	125485	1.763	1	1	-0.818
2416	more	2262327	31.784	18	17	-0.82
2417	each	252025	3.541	2	2	-0.824
2418	trust	126242	1.774	1	1	-0.827
2419	betwixt	127079	1.785	1	1	-0.836
2420	after	1272516	17.878	10	8	-0.838
2421	so	5366625	75.396	42	33	-0.844
2422	confess	127821	1.796	1	1	-0.845
2423	Sword	128215	1.801	1	1	-0.849
2424	Creatures	128964	1.812	1	1	-0.857
2425	doing	129395	1.818	1	1	-0.862
2426	power	776557	10.91	6	6	-0.863
2427	18	129797	1.824	1	1	-0.867
2428	Truth	521766	7.33	4	4	-0.874
2429	former	261116	3.668	2	2	-0.875
2430	Thence	133035	1.869	1	1	-0.902
2431	such	2262212	31.782	17	15	-0.903
2432	others	665440	9.349	5	4	-0.903
2433	which	6940930	97.514	52	35	-0.907
2434	save	133689	1.878	1	1	-0.909
2435	teach	134574	1.891	1	1	-0.919
2436	run	134767	1.893	1	1	-0.921
2437	draw	134904	1.895	1	1	-0.922
2438	private	134915	1.895	1	1	-0.923
2439	cross	135455	1.903	1	1	-0.928
2440	next	271507	3.814	2	1	-0.931
2441	mind	407887	5.73	3	3	-0.934
2442	without	1089706	15.309	8	5	-0.936
2443	Bound	138712	1.949	1	1	-0.963
2444	hence	139086	1.954	1	1	-0.966
2445	used	278736	3.916	2	2	-0.969
2446	Ghost	139834	1.965	1	1	-0.974
2447	cut	140466	1.973	1	1	-0.981
2448	just	281045	3.948	2	2	-0.981
2449	greater	281340	3.953	2	2	-0.983
2450	si	141064	1.982	1	1	-0.987
2451	almost	141302	1.985	1	1	-0.989
2452	found	426408	5.991	3	3	-0.998
2453	blood	426566	5.993	3	3	-0.998
2454	left	284479	3.997	2	2	-0.999
2455	rich	142318	1.999	1	1	-1
2456	Years	427133	6.001	3	3	-1
2457	3	571164	8.024	4	4	-1.004
2458	were	2871299	40.339	20	18	-1.012
2459	into	1727535	24.27	12	12	-1.016
2460	knows	144623	2.032	1	1	-1.023
2461	they	6960305	97.786	48	38	-1.027
2462	20	145215	2.04	1	1	-1.029
2463	gave	290757	4.085	2	2	-1.03
2464	Sin	729699	10.252	5	5	-1.036
2465	Noble	146938	2.064	1	1	-1.046
2466	Spirits	147223	2.068	1	1	-1.048
2467	Hell	149518	2.101	1	1	-1.071
2468	D.	149564	2.101	1	1	-1.071
2469	whence	149816	2.105	1	1	-1.074
2470	true	751380	10.556	5	5	-1.078
2471	necessity	150548	2.115	1	1	-1.081
2472	use	603174	8.474	4	4	-1.083
2473	indeed	301803	4.24	2	2	-1.084
2474	effect	151431	2.128	1	1	-1.089
2475	7.	151741	2.132	1	1	-1.092
2476	easily	151870	2.134	1	1	-1.093
2477	themselves	761621	10.7	5	5	-1.098
2478	Moses	152440	2.142	1	1	-1.099
2479	speaks	153099	2.151	1	1	-1.105
2480	Five	154870	2.176	1	1	-1.122
2481	kind	310094	4.357	2	2	-1.123
2482	excellent	155285	2.182	1	1	-1.125
2483	all	5908829	83.014	38	29	-1.127
2484	again	627628	8.818	4	4	-1.14
2485	Peter	156920	2.205	1	1	-1.141
2486	Bread	156950	2.205	1	1	-1.141
2487	own	1256418	17.652	8	8	-1.142
2488	Company	157530	2.213	1	1	-1.146
2489	Works	315242	4.429	2	2	-1.147
2490	find	472931	6.644	3	3	-1.147
2491	Vain	158202	2.223	1	1	-1.152
2492	might	949632	13.341	6	6	-1.153
2493	nay	158341	2.225	1	1	-1.153
2494	until	158797	2.231	1	1	-1.158
2495	3.	318523	4.475	2	2	-1.162
2496	came	478712	6.726	3	3	-1.165
2497	Secondly	160056	2.249	1	1	-1.169
2498	good	1608969	22.605	10	10	-1.177
2499	could	808277	11.356	5	5	-1.183
2500	2	973176	13.672	6	5	-1.188
2501	Scripture	324647	4.561	2	2	-1.189
2502	14	162434	2.282	1	1	-1.19
2503	knew	162531	2.283	1	1	-1.191
2504	late	162556	2.284	1	1	-1.191
2505	ever	652700	9.17	4	3	-1.197
2506	proper	163180	2.293	1	1	-1.197
2507	King	1308410	18.382	8	6	-1.2
2508	given	491070	6.899	3	3	-1.201
2509	seek	163878	2.302	1	1	-1.203
2510	Part	827721	11.629	5	3	-1.218
2511	seem	166761	2.343	1	1	-1.228
2512	very	1174247	16.497	7	7	-1.237
2513	worthy	168026	2.361	1	1	-1.239
2514	Example	169196	2.377	1	1	-1.249
2515	Whereas	170273	2.392	1	1	-1.258
2516	Brother	170744	2.399	1	1	-1.262
2517	thereby	172833	2.428	1	1	-1.28
2518	under	696455	9.785	4	4	-1.29
2519	Holy	701649	9.858	4	4	-1.301
2520	Command	177468	2.493	1	1	-1.318
2521	before	1422340	19.983	8	7	-1.321
2522	11	177974	2.5	1	1	-1.322
2523	body	712249	10.006	4	4	-1.323
2524	it	11231693	157.795	63	52	-1.325
2525	Charge	178431	2.507	1	1	-1.326
2526	Joy	178769	2.512	1	1	-1.329
2527	Bishops	179221	2.518	1	1	-1.332
2528	think	539870	7.585	3	2	-1.338
2529	th	180132	2.531	1	1	-1.34
2530	over	545201	7.66	3	2	-1.352
2531	beginning	182083	2.558	1	1	-1.355
2532	Wherefore	183911	2.584	1	1	-1.369
2533	either	552589	7.763	3	2	-1.372
2534	Speak	374513	5.262	2	2	-1.396
2535	Saviour	188665	2.651	1	1	-1.406
2536	way	756236	10.624	4	4	-1.409
2537	Life	948809	13.33	5	5	-1.415
2538	Friends	189996	2.669	1	1	-1.416
2539	suffer	191145	2.685	1	1	-1.425
2540	gives	192161	2.7	1	1	-1.433
2541	Occasion	193025	2.712	1	1	-1.439
2542	only	1544540	21.699	8	8	-1.44
2543	M.	193517	2.719	1	1	-1.443
2544	ancient	193683	2.721	1	1	-1.444
2545	liberty	193859	2.724	1	1	-1.445
2546	Saints	194939	2.739	1	1	-1.453
2547	both	976138	13.714	5	5	-1.456
2548	Condition	196366	2.759	1	1	-1.464
2549	quod	196567	2.762	1	1	-1.466
2550	days	393520	5.529	2	2	-1.467
2551	fit	197019	2.768	1	1	-1.469
2552	Jews	197436	2.774	1	1	-1.472
2553	sort	197789	2.779	1	1	-1.474
2554	set	595126	8.361	3	3	-1.479
2555	Means	397591	5.586	2	2	-1.482
2556	serve	198842	2.794	1	1	-1.482
2557	their	5435041	76.357	27	24	-1.5
2558	Nature	607747	8.538	3	3	-1.509
2559	Age	202681	2.848	1	1	-1.51
2560	time	1426900	20.047	7	7	-1.518
2561	we	4105074	57.673	20	18	-1.528
2562	Subject	206440	2.9	1	1	-1.536
2563	same	1256120	17.647	6	6	-1.556
2564	them	4855982	68.222	23	20	-1.569
2565	innon-Latinalphabet	427513	6.006	2	1	-1.586
2566	Parliament	214227	3.01	1	1	-1.59
2567	public	215912	3.033	1	1	-1.601
2568	day	864384	12.144	4	4	-1.602
2569	4	434750	6.108	2	2	-1.611
2570	whether	435425	6.117	2	2	-1.613
2571	whereby	220196	3.094	1	1	-1.629
2572	these	1985969	27.901	9	9	-1.632
2573	especially	220705	3.101	1	1	-1.633
2574	People	885047	12.434	4	4	-1.636
2575	Reason	664880	9.341	3	3	-1.639
2576	any	2444028	34.336	11	11	-1.642
2577	heard	225126	3.163	1	1	-1.661
2578	thereof	458302	6.439	2	2	-1.687
2579	Seeing	231216	3.248	1	1	-1.7
2580	manner	467036	6.561	2	2	-1.714
2581	10	233570	3.281	1	1	-1.714
2582	other	2103223	29.548	9	8	-1.715
2583	sea	233892	3.286	1	1	-1.716
2584	unto	1880305	26.417	8	6	-1.723
2585	Stand	235721	3.312	1	1	-1.728
2586	pass	235903	3.314	1	1	-1.729
2587	Pope	240165	3.374	1	1	-1.755
2588	8	242055	3.401	1	1	-1.766
2589	Justice	242072	3.401	1	1	-1.766
2590	pray	242183	3.402	1	1	-1.767
2591	took	243304	3.418	1	1	-1.773
2592	War	243324	3.419	1	1	-1.773
2593	Bishop	244304	3.432	1	1	-1.779
2594	know	736780	10.351	3	3	-1.787
2595	natural	246892	3.469	1	1	-1.794
2596	4.	246979	3.47	1	1	-1.795
2597	Heaven	503504	7.074	2	2	-1.822
2598	amongst	251926	3.539	1	1	-1.823
2599	Page	252043	3.541	1	1	-1.824
2600	four	252980	3.554	1	1	-1.829
2601	Enemies	253975	3.568	1	1	-1.835
2602	receive	254239	3.572	1	1	-1.837
2603	Verse	254782	3.58	1	1	-1.84
2604	Look	255208	3.585	1	1	-1.842
2605	Grace	516661	7.259	2	2	-1.86
2606	Men	1835942	25.793	7	7	-1.882
2607	concerning	262903	3.694	1	1	-1.885
2608	neither	537051	7.545	2	2	-1.916
2609	Number	269531	3.787	1	1	-1.921
2610	read	271950	3.821	1	1	-1.934
2611	hear	273421	3.841	1	1	-1.942
2612	received	280865	3.946	1	1	-1.98
2613	Knowledge	282458	3.968	1	1	-1.989
2614	die	284558	3.998	1	1	-1.999
2615	Eyes	285959	4.018	1	1	-2.006
2616	Authority	299886	4.213	1	1	-2.075
2617	Doctrine	304623	4.28	1	1	-2.098
2618	several	304872	4.283	1	1	-2.099
2619	therefore	1231317	17.299	4	4	-2.113
2620	Christ	1858951	26.117	6	6	-2.122
2621	nothing	640275	8.995	2	2	-2.169
2622	See	961542	13.509	3	3	-2.171
2623	hands	327530	4.602	1	1	-2.202
2624	order	331304	4.655	1	1	-2.219
2625	wherein	332751	4.675	1	1	-2.225
2626	those	1667771	23.431	5	4	-2.228
2627	5	338721	4.759	1	1	-2.251
2628	year	352165	4.948	1	1	-2.307
2629	death	707920	9.946	2	2	-2.314
2630	within	355110	4.989	1	1	-2.319
2631	himself	1068396	15.01	3	3	-2.323
2632	2.	358494	5.037	1	1	-2.332
2633	Non	359411	5.049	1	1	-2.336
2634	sins	361871	5.084	1	1	-2.346
2635	Lord	1459090	20.499	4	4	-2.357
2636	Peace	369451	5.19	1	1	-2.376
2637	certain	370843	5.21	1	1	-2.381
2638	till	379902	5.337	1	1	-2.416
2639	present	383135	5.383	1	1	-2.428
2640	Glory	384462	5.401	1	1	-2.433
2641	persons	384539	5.402	1	1	-2.434
2642	Light	399350	5.611	1	1	-2.488
2643	Jesus	399809	5.617	1	1	-2.49
2644	fear	406154	5.706	1	1	-2.513
2645	work	425644	5.98	1	1	-2.58
2646	Matter	427808	6.01	1	1	-2.587
2647	far	439291	6.172	1	1	-2.626
2648	us	2216337	31.138	5	5	-2.639
2649	thing	892670	12.541	2	2	-2.649
2650	things	1357990	19.079	3	3	-2.669
2651	&	2737777	38.463	6	6	-2.68
2652	God	4174430	58.647	9	9	-2.704
2653	right	484646	6.809	1	1	-2.767
2654	its	492268	6.916	1	1	-2.79
2655	soul	555660	7.807	1	1	-2.965
2656	Heart	559805	7.865	1	1	-2.975
2657	end	571167	8.024	1	1	-3.004
2658	Spirit	654859	9.2	1	1	-3.202
2659	Our	3333885	46.838	5	5	-3.228
2660	Law	712338	10.008	1	1	-3.323
2661	Faith	762492	10.712	1	1	-3.421
2662	doth	963309	13.534	1	1	-3.758
2663	Sanclius	1	0	1	1	n/a
2664	Arlotha	3	0	1	1	n/a
2665	Crack'	1	0	1	1	n/a
2666	Sin-trimmed	1	0	1	1	n/a
2667	girer	3	0	1	1	n/a
2668	Buttock-broker	1	0	1	1	n/a
2669	Harpers-town	1	0	1	1	n/a
2670	Hoylin	3	0	1	1	n/a
2671	Pick-pockit	1	0	1	1	n/a
2672	Caper-man	1	0	1	1	n/a
2673	elseO	2	0	1	1	n/a
2674	rlotta	1	0	2	1	n/a
2675	verriest	3	0	1	1	n/a
2676	Choolate-house	1	0	1	1	n/a
2677	Pestsome	2	0	1	1	n/a
2678	thouSlut	1	0	1	1	n/a
2679	Jarni	3	0	1	1	n/a
2680	Kedeschah	1	0	1	1	n/a
2681	Men-Players	3	0	1	1	n/a
2682	Midiantish	2	0	1	1	n/a
2683	Tantums	1	0	1	1	n/a
2684	Termagent	1	0	1	1	n/a
2685	Chaumout	2	0	1	1	n/a
2686	husfing	2	0	1	1	n/a
2687	un-vailed	3	0	1	1	n/a
2688	Whimscy	1	0	1	1	n/a
2689	Godsookes	2	0	1	1	n/a
2690	Sancyer	1	0	1	1	n/a
2691	leuolev	2	0	1	1	n/a
2692	goggle-grey-ey	1	0	1	1	n/a
2693	rletta	1	0	1	1	n/a
2694	Collytus	3	0	1	1	n/a
2695	P-t-ls	1	0	1	1	n/a
2696	vinti-tre	2	0	2	2	n/a
2697	Bawdor	1	0	1	1	n/a
2698	with-Fire	1	0	1	1	n/a
2699	153,158	1	0	1	1	n/a
2700	Guppey	3	0	1	1	n/a
2701	teethor	1	0	1	1	n/a
2702	Eating-Pimps	1	0	1	1	n/a
2703	Bantums	2	0	1	1	n/a
2704	Splaysoot	1	0	1	1	n/a
2705	stipry	1	0	1	1	n/a
2706	raecarry	1	0	1	1	n/a
2707	sweet-humour	1	0	1	1	n/a
2708	Effigic	1	0	1	1	n/a
2709	Attainments.	3	0	1	1	n/a
2710	murmuryou	1	0	1	1	n/a
2711	Reval.	2	0	1	1	n/a
2712	Heiressbut	2	0	1	1	n/a
2713	Salgador	1	0	1	1	n/a
2714	Polhore	1	0	2	1	n/a
2715	Macfarlnd	1	0	1	1	n/a
2716	Mamzeres	2	0	1	1	n/a
2717	smoaky-coverlid	2	0	1	1	n/a
2718	Grabb	3	0	1	1	n/a
2719	Mitred-dress	1	0	1	1	n/a
2720	Lockrum-jaws	2	0	1	1	n/a
2721	harra'st	2	0	1	1	n/a
2722	risolve	1	0	1	1	n/a
2723	old-rotten	1	0	1	1	n/a
2724	Rank-rider	3	0	1	1	n/a
2725	Gumgal	1	0	2	1	n/a
2726	by'er	1	0	1	1	n/a
2727	Catch-fart	1	0	1	1	n/a
2728	Horeles	2	0	1	1	n/a
2729	Signagogue	2	0	1	1	n/a
2730	117,129	1	0	1	1	n/a
2731	herSirrahVillain	1	0	1	1	n/a
2732	Charldon	2	0	1	1	n/a
2733	hiswho	1	0	2	1	n/a
2734	Ratcliffe-Hill	2	0	1	1	n/a
2735	Kedeshah	3	0	1	1	n/a
2736	Westminster-Wedding	2	0	1	1	n/a
