https://example.com/collocation-analysis There are 10675960 different words in your collocation database for "fact". (Your query returned 3263 matches in 2763 different texts)
__________________

No.	Word	Total no. in whole corpus	Expected collocate frequency	Observed collocate frequency	In no. of texts	Mutual information value

1	fiction	29	0.01	8	12	9.33
2	stylized	32	0.01	8	20	9.19
3	compounded	65	0.03	8	57	8.17
4	spite	296	0.13	18	180	7.15
5	despite	2607	1.12	137	1234	6.94
6	derives	163	0.07	8	127	6.84
7	reflects	914	0.39	34	595	6.44
8	virtue	165	0.07	5	111	6.14
9	complicated	676	0.29	20	417	6.11
10	attributable	209	0.09	6	153	6.07
11	justified	180	0.08	5	112	6.02
12	relies	469	0.20	13	357	6.01
13	explained	1413	0.61	37	754	5.93
14	exploit	560	0.24	14	293	5.87
15	reflecting	574	0.25	14	393	5.83
16	motivated	452	0.19	8	307	5.37
17	lie	1152	0.49	20	324	5.34
18	due	6209	2.66	106	1627	5.32
19	aware	352	0.15	6	245	5.31
20	highlight	1320	0.57	22	544	5.28
21	reflect	1488	0.64	24	771	5.23
22	highlighted	706	0.30	11	430	5.18
23	refers	589	0.25	9	385	5.16
24	virtually	337	0.14	5	248	5.11
25	arises	722	0.31	10	479	5.01
26	matter	2687	1.15	34	720	4.88
27	remarkable	720	0.31	9	428	4.87
28	striking	655	0.28	8	404	4.83
29	reflected	737	0.32	9	492	4.83
30	emphasize	496	0.21	6	355	4.82
31	exploited	445	0.19	5	260	4.71
32	owing	3504	1.50	38	1199	4.66
33	attributed	787	0.34	8	442	4.57
34	account	4301	1.84	42	1317	4.51
35	shall	570	0.24	5	233	4.36
36	obvious	1027	0.44	9	616	4.35
37	supported	2783	1.19	18	1481	3.92
38	arise	1272	0.55	8	705	3.88
39	come	2548	1.09	16	796	3.87
40	opinion	806	0.35	5	251	3.86
41	follows	2010	0.86	12	622	3.80
42	illustrated	1178	0.50	7	648	3.79
43	implies	1249	0.54	7	600	3.71
44	together	3756	1.61	21	1363	3.71
45	sheet	1813	0.78	10	180	3.69
46	quite	1647	0.71	9	878	3.67
47	many	13765	5.90	72	2342	3.61
48	advantage	2300	0.99	12	766	3.61
49	consistent	3747	1.61	19	1260	3.56
50	majority	1481	0.63	7	833	3.46
51	certain	2612	1.12	12	1187	3.42
52	consequence	3838	1.65	17	710	3.37
53	proof	1140	0.49	5	213	3.36
54	actual	1293	0.55	5	664	3.17
55	find	2919	1.25	11	1161	3.14
56	equivalent	1872	0.80	7	748	3.12
57	stem	3514	1.51	13	362	3.11
58	simply	1915	0.82	7	966	3.09
59	heating	1650	0.71	6	197	3.08
60	basic	2511	1.08	9	1111	3.06
61	recognition	1682	0.72	6	558	3.06
62	exist	1692	0.73	6	796	3.05
63	related	5973	2.56	21	1804	3.04
64	scientific	3214	1.38	11	1002	3.00
65	every	2136	0.92	7	964	2.93
66	simple	4752	2.04	15	1460	2.88
67	interesting	1906	0.82	6	957	2.88
68	existence	1608	0.69	5	721	2.86
69	considering	1642	0.70	5	862	2.83
70	established	2034	0.87	6	949	2.78
71	widely	1709	0.73	5	978	2.77
72	even	9704	4.16	27	2134	2.70
73	latter	2181	0.93	6	1043	2.68
74	empirical	2195	0.94	6	685	2.67
75	empirical	2195	0.94	6	685	2.67
76	recently	3772	1.62	10	1285	2.63
77	already	2675	1.15	7	1228	2.61
78	combined	2307	0.99	6	1080	2.60
79	view	4399	1.89	11	1177	2.54
80	true	2001	0.86	5	878	2.54
81	necessary	2828	1.21	7	1211	2.53
82	based	10988	4.71	27	2199	2.52
83	appears	2544	1.09	6	1103	2.46
84	usually	2173	0.93	5	977	2.42
85	coupled	2618	1.12	6	861	2.42
86	called	2207	0.95	5	919	2.40
87	definition	2212	0.95	5	623	2.40
88	patient	3989	1.71	9	212	2.40
89	almost	2272	0.97	5	1154	2.36
90	course	2344	1.00	5	738	2.32
91	real	2344	1.00	5	917	2.32
92	experimental	7160	3.07	15	1530	2.29
93	probably	2399	1.03	5	1021	2.28
94	final	2410	1.03	5	1141	2.28
95	people	3404	1.46	7	666	2.26
96	classical	2435	1.04	5	618	2.26
97	hypothesis	4452	1.91	9	832	2.24
98	finding	3968	1.70	8	872	2.23
99	discussed	3474	1.49	7	1266	2.23
100	led	2495	1.07	5	1136	2.23
101	seen	4055	1.74	8	1411	2.20
102	nonlinear	4157	1.78	8	628	2.17
103	despite	2607	1.12	5	1234	2.16
104	organism	3676	1.58	7	298	2.15
105	cause	4255	1.82	8	1066	2.13
106	highly	4800	2.06	9	1668	2.13
107	theoretical	3252	1.39	6	1071	2.11
108	fundamental	2730	1.17	5	1102	2.10
109	several	7286	3.12	13	2010	2.06
110	prior	2827	1.21	5	933	2.04
111	previous	3417	1.46	6	1373	2.03
112	experience	3019	1.29	5	727	1.95
113	given	10297	4.41	17	2071	1.95
114	make	6086	2.61	10	1600	1.94
115	must	4980	2.13	8	1544	1.91
116	may	25766	11.04	41	2394	1.89
117	good	3787	1.62	6	1255	1.89
118	found	10122	4.34	16	2014	1.88
119	far	3181	1.36	5	1308	1.87
120	defined	4575	1.96	7	1425	1.84
121	might	7423	3.18	11	1671	1.79
122	complexity	3507	1.50	5	840	1.73
123	uncertainty	4962	2.13	7	545	1.72
124	limited	3570	1.53	5	1411	1.71
125	following	6476	2.78	9	1830	1.70
126	place	3601	1.54	5	1071	1.70
127	least	4372	1.87	6	1584	1.68
128	use	15309	6.56	21	2204	1.68
129	however	17499	7.50	24	276	1.68
130	clear	3681	1.58	5	1484	1.66
131	others	3681	1.58	5	1023	1.66
132	known	5928	2.54	8	1845	1.65
133	concept	3734	1.60	5	871	1.64
134	framework	3782	1.62	5	1031	1.62
135	bird	3797	1.63	5	252	1.62
136	much	7597	3.26	10	2066	1.62
137	important	10822	4.64	14	2259	1.59
138	specific	6982	2.99	9	1772	1.59
139	task	5445	2.33	7	571	1.58
140	benefit	3903	1.67	5	643	1.58
141	often	6353	2.72	8	1755	1.55
142	object	3975	1.70	5	360	1.55
143	performance	4017	1.72	5	835	1.54
144	uncertainty	4962	2.13	6	545	1.50
145	involved	4150	1.78	5	1276	1.49
146	quantum	5825	2.50	7	317	1.49
147	multiple	5915	2.54	7	1625	1.47
148	point	10147	4.35	12	1671	1.46
149	significant	6800	2.91	8	1750	1.46
150	shape	4328	1.86	5	888	1.43
151	along	5228	2.24	6	1480	1.42
152	cost	5299	2.27	6	635	1.40
153	whether	6202	2.66	7	1733	1.40
154	genetic	7105	3.05	8	918	1.39
155	addition	5345	2.29	6	1254	1.39
156	loss	5377	2.30	6	1091	1.38
157	small	9040	3.87	10	2011	1.37
158	lead	6395	2.74	7	1470	1.35
159	present	8382	3.59	9	2014	1.32
160	note	4673	2.00	5	1281	1.32
161	since	4674	2.00	5	1534	1.32
162	since	4674	2.00	5	1534	1.32
163	given	10297	4.41	11	2071	1.32
164	prediction	4703	2.02	5	658	1.31
165	result	20763	8.90	22	1874	1.31
166	case	16057	6.88	17	1921	1.30
167	key	5676	2.43	6	1703	1.30
168	key	5676	2.43	6	1703	1.30
169	power	4860	2.08	5	976	1.26
170	light	6806	2.92	7	1186	1.26
171	light	6806	2.92	7	1186	1.26
172	component	7782	3.34	8	1042	1.26
173	technique	4892	2.10	5	545	1.25
174	total	5887	2.52	6	1355	1.25
175	known	5928	2.54	6	1845	1.24
176	figure	41599	17.83	42	2074	1.24
177	different	22188	9.51	22	2442	1.21
178	obtained	5062	2.17	5	1340	1.20
179	context	5167	2.21	5	1164	1.17
180	due	6209	2.66	6	1627	1.17
181	infection	5207	2.23	5	281	1.16
182	tree	5245	2.25	5	404	1.15
183	event	6400	2.74	6	601	1.13
184	addition	5345	2.29	5	1254	1.13
185	animal	9692	4.15	9	929	1.12
186	large	11936	5.12	11	2148	1.10
187	result	20763	8.90	19	1874	1.09
188	body	6560	2.81	6	954	1.09
189	made	5528	2.37	5	1790	1.08
190	first	15483	6.64	14	2417	1.08
191	number	16714	7.16	15	2226	1.07
192	theory	11171	4.79	10	1356	1.06
193	natural	6777	2.90	6	1579	1.05
194	shown	11350	4.86	10	2032	1.04
195	property	7957	3.41	7	540	1.04
196	without	5766	2.47	5	1853	1.02
197	specie	22104	9.47	19	5	1.00
198	state	16552	7.09	14	1631	0.98
199	important	10822	4.64	9	2259	0.96
200	complex	11027	4.73	9	1818	0.93
201	might	7423	3.18	6	1671	0.92
202	equation	10035	4.30	8	728	0.90
203	range	10256	4.40	8	1915	0.86
204	well	11647	4.99	9	2356	0.85
205	way	7795	3.34	6	1641	0.84
206	information	11703	5.02	9	1739	0.84
207	recent	7811	3.35	6	2030	0.84
208	relative	6641	2.85	5	1521	0.81
209	world	6675	2.86	5	1095	0.81
210	space	6682	2.86	5	1145	0.80
211	case	16057	6.88	12	1921	0.80
212	term	9445	4.05	7	1051	0.79
213	table	8236	3.53	6	1063	0.77
214	based	10988	4.71	8	2199	0.76
215	among	6896	2.96	5	1662	0.76
216	observed	9679	4.15	7	1795	0.75
217	using	22134	9.49	16	2396	0.75
218	although	8333	3.57	6	1956	0.75
219	size	11231	4.81	8	1467	0.73
220	set	8545	3.66	6	1736	0.71
221	social	11439	4.90	8	743	0.71
222	thus	11449	4.91	8	1720	0.71
223	equation	10035	4.30	7	728	0.70
224	expression	8632	3.70	6	975	0.70
225	show	12980	5.56	9	1927	0.69
226	point	10147	4.35	7	1671	0.69
227	evidence	10163	4.36	7	1719	0.68
228	could	13112	5.62	9	2199	0.68
229	possible	8892	3.81	6	2115	0.65
230	single	7443	3.19	5	1840	0.65
231	individual	13462	5.77	9	1572	0.64
232	used	19511	8.36	13	2369	0.64
233	problem	9017	3.86	6	1232	0.63
234	time	28753	12.32	19	2270	0.62
235	energy	12244	5.25	8	1147	0.61
236	experiment	10751	4.61	7	729	0.60
237	measurement	7685	3.29	5	679	0.60
238	high	12407	5.32	8	2084	0.59
239	selection	7783	3.34	5	996	0.58
240	variation	7790	3.34	5	1145	0.58
241	way	7795	3.34	5	1641	0.58
242	human	23429	10.04	15	1563	0.58
243	mean	11249	4.82	7	1279	0.54
244	group	14597	6.26	9	1400	0.52
245	region	12991	5.57	8	1247	0.52
246	could	13112	5.62	8	2199	0.51
247	well	11647	4.99	7	2356	0.49
248	early	8445	3.62	5	1615	0.47
249	neuron	10313	4.42	6	353	0.44
250	approach	13936	5.97	8	1781	0.42
251	process	17502	7.50	10	1726	0.41
252	model	42418	18.18	24	2053	0.40
253	experiment	10751	4.61	6	729	0.38
254	field	14465	6.20	8	1634	0.37
255	interaction	12735	5.46	7	1230	0.36
256	difference	10978	4.71	6	1324	0.35
257	difference	10978	4.71	6	1324	0.35
258	may	25766	11.04	14	2394	0.34
259	evolution	16690	7.15	9	1395	0.33
260	associated	9377	4.02	5	1932	0.32
261	term	9445	4.05	5	1051	0.30
262	signal	9556	4.10	5	944	0.29
263	value	15315	6.56	8	1464	0.29
264	pattern	11855	5.08	6	1165	0.24
265	analysis	19946	8.55	10	2120	0.23
266	example	15985	6.85	8	1500	0.22
267	also	32653	14.00	16	2604	0.19
268	would	14368	6.16	7	2228	0.18
269	would	14368	6.16	7	2228	0.18
270	impact	10291	4.41	5	1369	0.18
271	issue	10358	4.44	5	2657	0.17
272	change	29133	12.49	14	1830	0.16
273	group	14597	6.26	7	1400	0.16
274	cell	41857	17.94	20	1081	0.16
275	material	12695	5.44	6	1263	0.14
276	interaction	12735	5.46	6	1230	0.14
277	data	25669	11.00	12	2080	0.13
278	form	10727	4.60	5	1832	0.12
279	mechanism	12989	5.57	6	1275	0.11
280	disease	10879	4.66	5	611	0.10
281	use	15309	6.56	7	2204	0.09
282	process	17502	7.50	8	1726	0.09
283	control	13145	5.63	6	1676	0.09
284	temperature	13154	5.64	6	886	0.09
285	specie	22104	9.47	10	5	0.08
286	rate	15577	6.68	7	1477	0.07
287	theory	11171	4.79	5	1356	0.06
288	brain	15645	6.71	7	734	0.06
289	individual	13462	5.77	6	1572	0.06
290	system	33884	14.52	15	1992	0.05
291	method	13594	5.83	6	1229	0.04
292	method	13594	5.83	6	1229	0.04
293	development	13607	5.83	6	1800	0.04
294	example	15985	6.85	7	1500	0.03
295	type	11422	4.90	5	1478	0.03
296	level	16323	7.00	7	1698	0.00
297	also	32653	14.00	14	2604	0.00
298	pattern	11855	5.08	5	1165	-0.02
299	activity	11933	5.11	5	1152	-0.03
300	population	14347	6.15	6	1092	-0.04
301	population	14347	6.15	6	1092	-0.04
302	science	14433	6.19	6	2125	-0.04
303	structure	16866	7.23	7	1762	-0.05
304	new	19306	8.28	8	2495	-0.05
305	new	19306	8.28	8	2495	-0.05
306	gene	17043	7.31	7	748	-0.06
307	model	42418	18.18	17	2053	-0.10
308	however	17499	7.50	7	276	-0.10
309	see	12525	5.37	5	1834	-0.10
310	material	12695	5.44	5	1263	-0.12
311	effect	25740	11.03	10	1832	-0.14
312	brain	15645	6.71	6	734	-0.16
313	dynamic	13225	5.67	5	1087	-0.18
314	study	30210	12.95	11	2158	-0.24
315	used	19511	8.36	7	2369	-0.26
316	function	16870	7.23	6	1834	-0.27
317	change	29133	12.49	10	1830	-0.32
318	system	33884	14.52	11	1992	-0.40
319	first	15483	6.64	5	2417	-0.41
320	time	28753	12.32	9	2270	-0.45
321	figure	41599	17.83	13	2074	-0.46
322	structure	16866	7.23	5	1762	-0.53
323	gene	17043	7.31	5	748	-0.55
324	data	25669	11.00	7	2080	-0.65
325	effect	25740	11.03	7	1832	-0.66
326	study	30210	12.95	7	2158	-0.89
327	human	23429	10.04	5	1563	-1.01
328	cell	41857	17.94	7	1081	-1.36
