https://example.com/collocation-analysis There are 1677321 different words in your collocation database for "fact". (Your query returned 1431 matches in 233 different texts)
__________________

No.	Word	Total no. in whole corpus	Expected collocate frequency	Observed collocate frequency	In no. of texts	Mutual information value

1	emphasised	31	0.04	6	18	7.22
2	significant	54	0.07	7	27	6.64
3	curious	120	0.16	13	62	6.38
4	spite	125	0.16	13	63	6.32
5	revealed	60	0.08	5	35	6.00
6	matter	693	0.90	47	137	5.71
7	owing	691	0.90	41	165	5.51
8	establish	86	0.11	5	42	5.48
9	attention	342	0.44	18	139	5.34
10	remarkable	381	0.49	20	121	5.34
11	accounted	122	0.16	6	72	5.24
12	supported	209	0.27	10	88	5.20
13	concerning	108	0.14	5	48	5.16
14	complicated	134	0.17	6	68	5.11
15	explain	181	0.24	8	79	5.09
16	arises	228	0.30	9	79	4.93
17	explained	359	0.47	13	123	4.80
18	due	2447	3.18	82	210	4.69
19	harmony	153	0.20	5	15	4.65
20	brought	490	0.64	13	141	4.35
21	accordance	191	0.25	5	82	4.33
22	interesting	467	0.61	12	148	4.31
23	recorded	507	0.66	12	113	4.19
24	account	1208	1.57	27	182	4.11
25	bearing	296	0.38	6	92	3.96
26	bearing	296	0.38	6	92	3.96
27	lie	1049	1.36	21	128	3.95
28	indicated	601	0.78	12	154	3.94
29	extremely	305	0.40	6	121	3.92
30	view	1518	1.97	29	177	3.88
31	experimental	540	0.70	10	102	3.83
32	support	379	0.49	7	106	3.83
33	agreement	493	0.64	9	122	3.81
34	established	275	0.36	5	82	3.81
35	established	275	0.36	5	82	3.81
36	depends	288	0.37	5	118	3.74
37	important	764	0.99	13	170	3.71
38	pointed	426	0.55	7	150	3.66
39	apart	319	0.41	5	99	3.59
40	partly	384	0.50	6	112	3.59
41	expected	340	0.44	5	108	3.50
42	explanation	476	0.62	7	143	3.50
43	indicate	440	0.57	6	133	3.39
44	actual	678	0.88	9	156	3.35
45	support	379	0.49	5	106	3.34
46	called	382	0.50	5	126	3.33
47	beyond	416	0.54	5	125	3.21
48	together	892	1.16	10	176	3.11
49	seems	1085	1.41	11	169	2.96
50	probable	700	0.91	7	152	2.95
51	already	1410	1.83	14	204	2.93
52	stated	514	0.67	5	127	2.91
53	young	632	0.82	6	59	2.87
54	known	1201	1.56	10	190	2.68
55	following	1901	2.47	15	218	2.60
56	important	764	0.99	6	170	2.60
57	follows	1024	1.33	8	190	2.59
58	regard	1041	1.35	8	144	2.57
59	note	652	0.85	5	127	2.56
60	observed	2204	2.86	16	186	2.48
61	drawn	690	0.90	5	159	2.48
62	many	1623	2.11	11	200	2.38
63	low	916	1.19	6	139	2.33
64	hand	774	1.01	5	98	2.31
65	new	1255	1.63	8	176	2.30
66	observed	2204	2.86	14	186	2.29
67	shown	3209	4.17	20	219	2.26
68	latter	1624	2.11	10	196	2.25
69	appears	1301	1.69	8	194	2.24
70	organ	882	1.15	5	37	2.13
71	true	1059	1.38	6	178	2.13
72	together	892	1.16	5	176	2.11
73	appears	1301	1.69	7	194	2.05
74	considerable	1140	1.48	6	185	2.02
75	possible	1718	2.23	9	213	2.01
76	connection	956	1.24	5	154	2.01
77	conclusion	959	1.25	5	151	2.01
78	great	2023	2.63	10	210	1.93
79	however	2904	3.77	14	74	1.89
80	negative	1271	1.65	6	111	1.86
81	must	2348	3.05	11	216	1.85
82	certain	1523	1.98	7	207	1.82
83	even	1858	2.41	8	197	1.73
84	described	1942	2.52	8	184	1.67
85	though	1458	1.89	6	158	1.66
86	almost	1234	1.60	5	191	1.64
87	appear	1256	1.63	5	187	1.62
88	upon	2011	2.61	8	171	1.62
89	certain	1523	1.98	6	207	1.60
90	hydrogen	1542	2.00	6	60	1.58
91	first	4631	6.01	18	228	1.58
92	maximum	1331	1.73	5	142	1.53
93	period	1655	2.15	6	121	1.48
94	structure	1996	2.59	7	101	1.43
95	also	4895	6.36	17	228	1.42
96	case	6918	8.98	24	224	1.42
97	plant	1455	1.89	5	37	1.40
98	though	1458	1.89	5	158	1.40
99	theory	1465	1.90	5	133	1.39
100	point	5035	6.54	17	214	1.38
101	well	1810	2.35	6	210	1.35
102	rate	1533	1.99	5	137	1.33
103	shown	3209	4.17	10	219	1.26
104	may	7382	9.59	22	228	1.20
105	figure	1877	2.44	5	119	1.04
106	much	2631	3.42	7	210	1.03
107	stage	1885	2.45	5	106	1.03
108	light	2798	3.63	7	152	0.95
109	general	2008	2.61	5	204	0.94
110	general	2008	2.61	5	204	0.94
111	number	4138	5.37	10	220	0.90
112	series	3353	4.35	8	208	0.88
113	water	3370	4.38	8	139	0.87
114	method	2180	2.83	5	193	0.82
115	leaf	2620	3.40	6	32	0.82
116	value	7989	10.37	18	164	0.80
117	change	2759	3.58	6	181	0.74
118	would	3790	4.92	8	220	0.70
119	order	2410	3.13	5	205	0.68
120	large	2964	3.85	6	213	0.64
121	point	5035	6.54	10	214	0.61
122	leaf	2620	3.40	5	32	0.56
123	less	2682	3.48	5	218	0.52
124	obtained	3250	4.22	6	216	0.51
125	second	2728	3.54	5	212	0.50
126	found	4676	6.07	8	227	0.40
127	number	4138	5.37	7	220	0.38
128	condition	2994	3.89	5	156	0.36
129	function	3077	4.00	5	122	0.32
130	line	5152	6.69	8	175	0.26
131	given	3880	5.04	6	225	0.25
132	section	3938	5.11	6	143	0.23
133	small	4008	5.20	6	216	0.21
134	cell	5360	6.96	8	64	0.20
135	seen	3417	4.44	5	218	0.17
136	seen	3417	4.44	5	218	0.17
137	made	3447	4.48	5	227	0.16
138	temperature	7318	9.50	10	129	0.07
139	line	5152	6.69	7	175	0.07
140	may	7382	9.59	10	228	0.06
141	part	5304	6.89	7	222	0.02
142	time	4605	5.98	6	212	0.00
143	small	4008	5.20	5	216	-0.06
144	also	4895	6.36	6	228	-0.08
145	mean	4178	5.43	5	137	-0.12
146	cell	5360	6.96	6	64	-0.21
147	fig	9955	12.93	11	32	-0.23
148	form	4597	5.97	5	212	-0.26
149	form	4597	5.97	5	212	-0.26
150	found	4676	6.07	5	227	-0.28
151	pressure	5022	6.52	5	135	-0.38
152	temperature	7318	9.50	7	129	-0.44
153	result	5231	6.79	5	194	-0.44
154	experiment	5255	6.82	5	118	-0.45
155	case	6918	8.98	6	224	-0.58
156	value	7989	10.37	6	164	-0.79
