https://example.com/collocation-analysis
There are 2730354 different words in your collocation database for "fact". (Your query returned 4485 matches in 239 different texts)
__________________

No.	Word	Total no. in whole corpus	Expected collocate frequency	Observed collocate frequency	In no. of texts	Mutual information value

1	that	22835	9.30	375	238	3.33
2	in	69215	28.19	538	238	2.25
3	this	16065	6.54	113	238	2.11
4	if	4788	1.95	27	238	1.79
5	only	4154	1.69	22	238	1.70
6	being	5036	2.05	22	238	1.42
7	is	40884	16.65	158	238	1.25
8	from	18214	7.42	69	238	1.22
9	been	6070	2.47	21	238	1.09
10	we	8739	3.56	30	238	1.08
11	has	6165	2.51	20	238	0.99
12	these	7922	3.23	25	238	0.95
13	not	9205	3.75	29	238	0.95
14	be	19340	7.88	57	238	0.86
15	by	24926	10.15	63	238	0.63
16	is	40884	16.65	100	238	0.59
17	we	8739	3.56	21	238	0.56
18	but	9344	3.81	22	238	0.53
19	for	13728	5.59	32	238	0.52
20	have	10174	4.14	23	238	0.47
21	the	272285	110.89	606	238	0.45
22	it	21135	8.61	47	238	0.45
23	was	11792	4.80	24	238	0.32
24	the	272285	110.89	547	238	0.30
25	be	19340	7.88	38	238	0.27
26	to	52468	21.37	102	238	0.25
27	it	21135	8.61	41	238	0.25
28	was	11792	4.80	22	238	0.20
29	are	16020	6.52	28	238	0.10
30	a	54546	22.22	95	238	0.10
31	as	22420	9.13	38	238	0.06
32	by	24926	10.15	42	238	0.05
33	which	22688	9.24	38	238	0.04
34	in	69215	28.19	113	238	0.00
35	a	54546	22.22	89	238	0.00
36	for	13728	5.59	22	238	-0.02
37	to	52468	21.37	82	238	-0.06
38	as	22420	9.13	35	238	-0.06
39	that	22835	9.30	35	238	-0.09
40	of	163086	66.42	240	238	-0.15
41	on	17930	7.30	26	238	-0.17
42	and	70933	28.89	101	238	-0.19
43	from	18214	7.42	25	238	-0.25
44	with	20414	8.31	28	238	-0.25
45	this	16065	6.54	21	238	-0.32
46	which	22688	9.24	28	238	-0.40
47	with	20414	8.31	20	238	-0.73
48	of	163086	66.42	134	238	-0.99
49	and	70933	28.89	51	238	-1.18
