https://example.com/collocation-analysis
There are 1320663 different words in your collocation database for "fact". (Your query returned 972 matches in 224 different texts)
__________________

No.	Word	Total no. in whole corpus	Expected collocate frequency	Observed collocate frequency	In no. of texts	Mutual information value

1	this	9426	1.98	38	224	2.26
2	in	28652	6.03	94	224	1.96
3	is	15332	3.23	50	224	1.95
4	very	3576	0.75	11	224	1.87
5	but	5990	1.26	18	224	1.84
6	that	14882	3.13	44	224	1.81
7	i	9426	1.98	22	224	1.47
8	is	15332	3.23	32	224	1.31
9	as	10480	2.21	17	224	0.95
10	are	6333	1.33	10	224	0.91
11	a	26727	5.63	42	224	0.90
12	was	10262	2.16	14	224	0.70
13	as	10480	2.21	14	224	0.67
14	be	13518	2.85	18	224	0.66
15	to	31123	6.55	41	224	0.65
16	it	15013	3.16	18	224	0.51
17	it	15013	3.16	17	224	0.43
18	that	14882	3.13	16	224	0.35
19	this	9426	1.98	10	224	0.33
20	be	13518	2.85	14	224	0.30
21	by	12907	2.72	13	224	0.26
22	the	116692	24.56	107	224	0.12
23	to	31123	6.55	27	224	0.04
24	which	13927	2.93	12	224	0.03
25	a	26727	5.63	23	224	0.03
26	the	116692	24.56	93	224	-0.08
27	which	13927	2.93	11	224	-0.09
28	in	28652	6.03	20	224	-0.27
29	and	32659	6.87	22	224	-0.32
30	of	72706	15.30	46	224	-0.41
31	of	72706	15.30	45	224	-0.44
32	and	32659	6.87	13	224	-1.08
