Wet. Date. |" Face of inetrument | maar | or dip. Fact, | Wet, | Eat. | Wet.
4 | —

146 45 F| 72. 115 | april. [73 947 [53 267 [73 47 [7316 |78 87 51172 0 21|72 49 18
45 29 34\-73 42 97 | April 19.77 12 |78 28 |78 58 |76 36-4 |78 43 00|76 54 12|77 697
"50 36 49] 96 21 25 | June 10, |78 56:25] 79 46-25| 80 78 24-4 |79 59 35|78 40 19/78 58 87
83 78 27-5 |82 53 37|78 43 45 |79 29 59

New York... Montreal .. Fort Alexander,
Cumberland Houze | 53 57 33 102 21 46 |July6. 79 600 [82
Isle a 1 Croxe...., |55 25 25| 107 54 36 | July 17. |79 45 |82 |82 77 535 |82 21 28[78 49 15179 8 24
Fort Chipewyan ...\58 42 32 111 19 00 |July3l. {80 27 [82 80 655 |83 26 30180 16 45|81 00 39
Fort Resolution ...\61 10 26 113 45 00 Aug. 9. 81 385 |85 11'S | 80 7:5 |85 20 30180 533 00|82 3 9
Oct. 9, |84 17 |$86 42 {86 35'5 |81 2155 [86 38 45|82 49 15/84 3 19
anv00d 62 46 29/109 0 39 1834, [
May 21.
64 40 51/108 8 10 | July?.
5 54 18| 98 10 7 July 23.
67 41 24| 95 216 | July 31.
6747 27] $5 18 15 | Aug. 2.
68 13 57| 94 58 1 | Aug, 12.