Depreflions below 0 in the S.W, quarter,
—_— —_— e648 9 | 10 | 17t' | 12 |Radii.
1 | 165| 165 160| 155 [150 |140|130|120|110| go | 50 | 10 | 333?

2 | 400 390 | 380 | 370 | 350 | 330] 300 [270| 249 | 210] 160| bo | 1000
3 [600 | 580 | 560 | 530| 520 | 570| 540|400| 370 | 349 | 280 | 100| 1667

5 | 800 800 | 800 | 770 | 740 | 710 | bbo 610|570|510|440|239| 3000

6 1780 | 790 | 780 779 [780 |800|790| 700 |650| 590 | 519 | 320 | 3667

7 [100|710[720|730|750|759[759 [759739 | 679|6c0| 400 | 4335

8 | 580 | 590 | 600[610|649 | bbo 700|720|739|739|760| 520 | 5000
9 | a90| 490 | 490 | 480 | 499 | 510 | boo 650 | 660 | 690 | 580 | 450 | 5667
To | 470| 460 | 420| 400 420 | 420| 440 | 499 | 580 FED 430 | 6333

711 [340 [340 | 340| 340| 340 [330[350| 399 [450] 489 | 380 | 370| 7000
12 |210|220|230|250|250 250 | 280| 310| 349| 370 | 250 | 200 | 7667

713 | 160|150|140[120| 130 150 | 200230 |280 [290 [230|110| 8335
i4 [170] 90 | 6o | 20 | 20 | 20 | 70 | 150|230|240|150| 90 | g00p
25[$o[20] | |

15 [50 [ [40 [1401180] go | 50 | 9667

8. Deprefſions below o in the S.E. quarter. Rings] 1 | 2 | 31 41] 51 6] 7] 8] 9| 19 | 17 | 12 |Rady,
1 | 165 | 165|160|155| 150 140| 130 120|110| 100 95 | 40 | 333!
2 | 400 | 400| 400 | 400 4c0| 390| 380 | 360| 330 | 350|250| 110] 100c
3 [600 |610|610|610|610|6c0|600| 580 |559| 590 | 440| 200 | 1667

4 [760] 750|740|740[740[730|720[710|b80 |640| 5b0| 400 | 2333
5 | 800 | 800 | 800 | 800 | 800 | 800 = 790 | 740|660| 400| 3000
6 [780] 780| 780| 780 | 780 | 790 | 800] 840|880|850|750| 470 | 3667
7 [700 [690 | 80 | 670 [670 | 680 [620] 720|820|900| 570 | 520| 4333

8 | 580] 570|570|570|570| 580 | 590 | boo | bvo | 800 | Boo boo | 5000
9 |490| 450 | 490 | 490 | 490 | 490 | 490 | 500 | 520 | 705-| B8o | boo | 5667
10 PEE 450 [440]430[420]410]430[470| 539 [880 | 60 | 6333
11 [340 |330| 320320] 320|320| 330| 350 | 420 | 500 | 780| 780 7000
12 |210|200|200|200|210|220|240|280| 390| 480 | 680 | 900 | 5667
"13 |120[120]130|130|140|150| 180|230| 309 |450|boo | 990 | 8333
14 [110110] 110|120|130 [150] 160|200|280|440| 580 |980| 9900

15|70]70 [70 | 70 | go [120[140[170[240|420| 570 | 990 | gb?
16 | 10 | 20 | 30 | 40 | 50 | 80 | 140] 160] 220|400| 550 [100010333
17 10 | 40 | 90 |140|200| 340 | 540| 950 |11000
18 | Fact be: | 40 | 110|170| 300 | $00 | 850 [11667
19 150 [150280 [470 | 780 [12333
20 20 |150|250| 400 | 700 |13000]

Vol, LXVIII. *5B



762 Mr. guTTON's Calculations to aſcertain

9g. Altitudes above P in the N.W. quarter.

10. Altitudes above ? in the N.E. quarter.

1 | 10 | 3333
2 | | 10 | 10009]-
3 0 OTE ORIEL 026 GE p6e 10s EE RE
4 | | bo | 2333
FH | 40 | 3000]
6 5 | 366

11.