| 500 | 780| 780 7000
12 |210|200|200|200|210|220|240|280| 390| 480 | 680 | 900 | 5667
"13 |120[120]130|130|140|150| 180|230| 309 |450|boo | 990 | 8333
14 [110110] 110|120|130 [150] 160|200|280|440| 580 |980| 9900

15|70]70 [70 | 70 | go [120[140[170[240|420| 570 | 990 | gb?
16 | 10 | 20 | 30 | 40 | 50 | 80 | 140] 160] 220|400| 550 [100010333
17 10 | 40 | 90 |140|200| 340 | 540| 950 |11000
18 | Fact be: | 40 | 110|170| 300 | $00 | 850 [11667
19 150 [150280 [470 | 780 [12333
20 20 |150|250| 400 | 700 |13000]

Vol, LXVIII. *5B



762 Mr. guTTON's Calculations to aſcertain

9g. Altitudes above P in the N.W. quarter.

10.